345105013.5855018497 57248.8908880963
346697043.0545284748 95126.9361268878
357561390.2055898309 215858.8054746859
358392429.6948060393 222205.0020751975
359365531.1225684285 230464.6475678084
383050031.9987745881 326813.5130615234
384036038.6755446792 327830.7760009766
384975013.9622767568 328193.9061279297
396030832.8434343934 334414.2202148438
346766429.0883952379 95836.5032971501
346856069.1431772709 96810.1225524545
346909713.3366109133 97014.5438406803
346594900.4217239618 94774.5903866887
359420264.9442566037 230745.2104116080
373827944.5119184256 302731.6979064941
375259678.5862847567 308472.9926986694
360972108.5658060908 240404.5036904886
360473007.8552317023 237024.0808694437
371250280.1944779754 292435.2630615234
377390583.1953223944 317625.3932189941
382925156.2381547093 326639.2229003906
350678454.5133123994 151392.2288065488
350855752.7685118318 154675.1481754119
375237500.2405622005 308313.4624557495
350936702.3157388568 155840.5073580081
361213911.4400797486 240611.9255461316
359439377.9775941968 231372.6609354613
345135729.7211636305 59546.1764283455
377840718.7465089560 319283.7207031250
401242951.0338991880 335206.7156982422
383187158.5381290317 327124.3767089844
378156608.3616723418 320054.3507080078
383285263.2036358714 327276.5810546875
393685408.7188482881 333643.5676269531
345380892.9231249094 67053.3295852593
361082507.0019986033 240565.0351643019
378831080.1795532107 321000.6954345703
360857297.2038624287 239988.4114358500
345066619.6368656754 57144.4910458340
351053715.9610041976 156873.9984403187
384365130.5186449885 328085.1306152344
345202444.7466880679 59734.7091727532
360490878.3275473714 237792.7761073858
384085291.0209062696 327832.2894287109
346326827.8189095259 89849.0689018518
346474610.3787544966 92692.4037235379
351180896.5578772426 157949.3971039625
372790847.4280012846 299784.5299682617
375834756.3845924735 312870.3697433472
382717913.0752839446 326249.5334472656
393244243.5479922891 333352.7679443359
371076568.2450762391 292103.5826866627
379002342.6563944221 321156.2611083984
357419732.9795256257 215701.3132483236
383914442.6897976995 327796.9370117188
396175498.2218320370 334484.3018798828
346573650.5057518482 93625.9195302129
373165311.9941428304 301105.6659774780
393193671.4948745370 332778.4281005859
376286681.6939856410 314636.0202026367
376580000.1256361604 315307.0365600586
346542969.1941077709 93301.9161959291
377142169.7702285051 317418.3352355957
378251221.7040784955 320062.7005615234
346574308.9326796532 93836.2062744200
377668529.1188739538 319048.5757446289
378675188.9678626657 320850.1302490234
396349647.0941316485 334484.4307861328
378740955.9173923135 320929.9114990234
393636405.6546233296 333493.4157714844
376634297.1794722676 315937.3023071289
357227610.1036875844 215164.2310117952
371818533.6032499671 294802.6122385859
378600686.8913651109 320654.5286865234
377480823.8807322979 318451.1450805664
394576647.8844512701 334065.0046386719
357213952.4620681405 215110.2669004671
357306287.5256114602 215374.8321686968
345377604.0623458624 66992.6210085801
346561629.5518566370 93438.7891789675
345682773.1232676506 69241.4833143107
358533783.7588008046 225138.4545168830
383423586.2255929112 327322.9476318359
346422350.7153942585 91592.7776845098
395538052.1643068790 334322.6363525391
371252282.3297318816 292816.9187876582
378527588.9350854754 320494.6490478516
345488365.7671933174 69106.8206450394
346321180.2745741606 89634.5990956426
401055560.0260527730 335155.6448974609
350296838.3295239210 146050.3459693873
357154581.5484446883 213911.8828062288
383553928.4042020440 327396.2625732422
400495106.5592479706 334960.6354980469
345528949.2499641180 69227.6869742326
347612866.0421963334 107814.7326110650
379198146.9884717464 321265.6553955078
345457819.6625610590 67250.3112026504
356863856.9288827777 211617.3411077730
372981422.5595414639 300140.8152847290
376416849.6266799569 314964.0271835327
376983201.8677577376 316821.5509643555
356885711.7298904061 211825.3827146761
395001847.2856702805 334155.1256103516
395254020.0290938020 334278.6796875000
394855258.9413214326 334080.0050048828
371134141.7508595586 292271.8944346309
359856398.6272129416 233829.7686402956
373018926.6087366343 300570.8666076660
394239887.1128469110 333941.4505615234
359814795.8096119761 233817.3104858992
376145121.0195105672 313606.6574401855
376190548.7179099917 313702.6134490967
347504565.2469659448 106945.3126539041
357367427.0886111856 215456.0597471468
384219402.5691386461 328000.1890869141
345328653.4960253835 63432.4576361266
351652878.0595991015 161186.4466355775
350653018.3698642254 150904.7111007655
395037618.2619315982 334196.6467285156
351587199.2691492438 161014.1799439272
345237054.8312186003 61520.7836701360
351368424.0254804492 159036.3471592745
376906366.2655317187 316498.1678161621
346218032.1308516264 86657.0475294068
373487440.2570933104 302444.3205795288
393898993.5667496920 333694.1317138672
400238128.2748782635 334617.7330322266
359676612.8413726687 232118.9307187262
377315583.3432620168 317564.4663085938
359498939.1341310143 231728.9046939078
373260695.7789581418 301548.4519119263
370941392.4690799117 291152.8896934986
347346779.1080130339 104061.8708528329
359643714.9750828147 232109.7367758071
347362958.3312723041 104649.9163546835
400348647.2741276622 334671.8321533203
400260681.2761725783 334667.7099609375
350197822.7730432749 144113.4234230006
345300241.1475592852 63417.7188627806
356843667.9161197543 211459.2434100382
356953146.6467022300 212406.2705625765
346132101.8289083242 84623.9056837037
371161837.5658157468 292360.1342849731
345292329.7678259611 63352.2145378045
350410322.3125003576 148096.2403642619
359161710.0157001615 229262.3746190096
359261865.3909727931 230142.2488204043
350731018.5278227329 151508.5476123178
400463155.9816855788 334745.7211914062
350299165.3702778816 146509.0172187770
377132972.1715164781 317003.3758544922
370831338.5482023954 290840.2432104349
377259298.6873604655 317437.8031005859
357304864.7302169204 215359.4539121859
358637373.2956982255 225982.2354041276
400365326.3106555343 334724.8870849609
357105645.3139277101 213649.1782852210
383792601.2635596395 327748.4216308594
384373728.6461828947 328093.1103515625
347627329.5310999155 107905.9957346665
347553742.6848554611 107715.2298744966
350734211.5137144327 152113.3113354005
350527316.4452652931 149622.7341949428
358465524.8172894120 224101.3425475297
358967468.7441291213 228021.5688887773
358822875.1871150136 227090.3078719316
358911314.9961507916 227274.4179180734
350239788.4458938837 145661.8760394538
358497789.4709617496 225125.2051192460
370981443.8825688958 291659.7003020048
346103544.5444489717 83511.0149366334
372703508.7965682745 299095.2705087662
350328012.4900815487 146992.7373116696
382664141.9977318048 325942.9434814453
382520974.4941222668 325600.7843017578
373301549.4180208445 302010.7745590210
373341243.0827990770 302252.3617172241
357990696.0175438523 220237.3600569902
373021968.8271635771 300921.7517395020
372567914.6991304159 298076.3223686218
350093875.1449136734 142235.2438510600
346155245.3742628098 84977.2060987428
347418026.6758802533 105781.5907653619
350231116.9313590527 145659.2295143092
350143952.1020637751 142614.8397908295
358141530.4836929440 221988.2525023011
371538865.1750325561 293907.5505015254
345990181.6906859875 81272.2892595022
393066564.8166367412 332369.2930908203
345965298.8501188755 80996.7032449767
371347832.2829234004 293464.5557505488
357762009.6951411366 218054.9088242030
350146974.9611612558 143003.3594898665
350250516.0408104658 145805.5995513881
356746749.7462711930 210042.0159093303
357919401.0301982760 219664.3912176875
393175365.5384482741 332623.8168945312
345916194.0729625225 75771.6886842733
382406120.8454319239 324758.6861572266
345811261.7865172625 73614.5708378663
350399022.4728883505 147698.9691802943
345916060.0356062651 75628.5364629662
371029997.2332227826 291741.5117638111
345916503.0900319815 77182.4576977417
370666034.4211009145 289848.6905281544
347217909.3080242276 99133.3513098855
345856107.4858725071 75362.0383394247
347237106.9007007480 99239.0953565326
370352380.7050732970 288483.3262245655
347162574.1534925103 98958.0139094491
370387045.2941630483 288486.8966362476
347252523.6867826581 100149.6712132592
374126781.4225863814 304505.8738250732
347137498.0883360505 98116.5293675665
381361574.4185483456 322054.9656372070
381426791.4259865284 322181.1916809082
381242418.0035234690 321771.6607055664
381534206.8085644245 323278.8156738281
381564125.3100328445 323577.5881347656
381299634.4145050049 321984.8854522705
381629291.3330339193 323658.8259277344
381931438.9537796974 323980.9047851562
356560515.6096069217 204899.0761071847
356606670.2055193186 205330.3115313158
356345752.5621880293 203128.4230425463
356558549.4932194352 204175.9370195971
374405375.4469186068 305205.2495574951
375088607.1150872707 306891.6429443359
363668549.0045515895 244766.8013256374
363478397.3432148099 244326.1653489652
363393082.9611228108 243641.9226656597
355909573.4409534335 195586.3247960936
356096800.0199006796 196628.7501806151
355861815.8608261943 194208.1086706053
355970522.0134960413 195786.2510047089
355753922.0142726302 193662.2184867188
355683108.2460407615 192313.0874119643
349781459.9400463104 133447.4732400738
355386790.4513840675 188893.6965488661
349676654.3734074831 131723.3582258029
349923085.1407610178 134056.3164685844
355353339.0937387943 188785.9769901503
350000787.8765236139 135614.1162117599
349941540.1840974092 134431.9881776450
349625226.6929415464 131518.4126013471
354801980.6699990034 183450.2862616051
355427782.0524124503 189028.5548561979
355182549.6647312045 186605.6449778546
355196239.9398083687 186933.3698967863
354973779.0644561052 184967.2876821030
349718466.4871550798 131986.7048260942
348270218.8404222727 111960.2394769666
348118145.3626981974 109870.7426673947
372496644.4098260999 297074.2727205493
349133571.3655132055 123104.2303650714
349008119.1623761654 122358.5023351228
348976482.0751329064 120673.1110671973
349166155.1968206167 124087.9981565787
349203812.6895439625 124597.0265527284
349044364.2100349069 122525.9674706971
348760443.1650190949 118533.5000796830
348574428.9359150529 115210.8664418375
348583639.9346827865 115494.2755995905
354443456.5736185312 176065.3314196812
354308960.1866793633 174568.1759021031
354745385.8735952377 178096.4253078448
354305647.5719770789 174341.0441431748
354012612.0701082349 169534.7908324348
354146526.5844025016 172784.8507108437
354231934.9576735497 173003.1438569771
354290790.6262034178 174163.0003146874
363998586.9894290566 245184.9865056458
354117732.7411369681 169545.9910248934
353989050.9405356646 167367.2775713957
354006908.2756900191 169012.3075701749
364513464.4843755960 247124.7718575771
364414624.4833357930 246355.4110578038
364841665.6876415014 248853.7088646442
365024847.9341073632 249801.6997973323
353931695.0539771914 164280.9246314026
364950513.6286375523 249120.4550953358
364395137.3601305485 246348.3736955374
364628306.6591407657 247765.4541187733
353772324.8725409508 163049.1578080289
369559369.1544474959 266735.4700904489
369311159.9620817900 265471.8005943894
369194507.2390262485 264818.5140977278
368206698.1070628762 258974.7548867241
368359215.0480188131 260132.0726052299
368347300.1224648356 259735.8629494682
367985308.3464700580 257983.1246033683
368073257.9568541646 258598.2903748527
367176649.1339837909 251369.6373438500
367266066.8945893645 252016.0823893212
367513865.5525235534 252947.1826776301
367064812.3770245910 250994.4837565087
366912789.8715230227 250106.9678873681
367202462.0270154476 251719.3764567040
367246418.6596674919 251799.4634766690
