521842792.3910353184 967543.7375488281
521767649.7506468892 967208.8005371094
472805665.6088198423 255215.1595889215
475643786.7827154398 402706.3766963296
475488722.3824602365 402296.7733058743
475338997.1582005620 398410.2962997556
489597146.0457786322 692840.8424850716
489457321.4488475919 691583.8477161913
489687990.2710881829 693183.0823856606
475330506.2894471884 398260.7888927869
482819314.1754320264 584832.6099762321
489056030.8172879219 689250.5458542123
529296134.6282915473 973814.5299072266
475356583.6897210479 399033.6356112771
482596727.5847062469 581327.3284592032
488041664.8973692060 673729.3787713647
487674785.9950129986 668931.4730487466
499456057.6492628455 810892.3017035326
508200277.0622634292 907406.9240722656
508404536.7590194345 909418.2946777344
508676055.9366232753 912657.0020141602
510578994.0793133974 926297.4476318359
510906046.4723765850 930092.3609619141
511268083.8631033301 931115.2384033203
475464675.1408732533 402282.9323940091
488813996.8044525385 686147.1503282799
475260410.0993817449 398160.6213588528
482230128.4302811623 573491.2066857219
488897765.6358946562 686762.0026232018
489199425.3945364356 689742.3697553887
499093831.9384633303 807602.1203680834
489123502.6859016418 689421.3515440240
510338323.5813105702 926237.5037841797
475225949.0157398582 394850.8286955766
482296487.8890427351 575805.4832970500
488820822.3828933239 686338.2949033990
488447819.2470297813 680221.7102934136
510654443.9340859056 928371.5443115234
474160463.7158874273 353284.2054627660
482306065.3036648035 576334.3131582141
482234787.8968608379 573692.2406212687
482515135.8165373206 580786.5550598502
488744094.8348318338 684767.3479948044
475176305.8850784898 394020.7182708196
475065037.5069836974 390705.3109953813
475132527.0545291305 394018.0583098345
488881568.6812923551 686434.2602430596
521938564.8543483019 967711.1875000000
522602933.5236813426 968107.2504882812
474160123.3519287109 348863.0620089342
488600557.0211789012 683080.5668592467
482104262.9181354046 571694.4231103063
499445402.1860874295 809964.8306341966
482095272.4330683947 571444.5686268676
472882688.9463556409 262474.4477867518
472921529.5528531671 265422.2491357942
482161622.1164567471 572469.0460411906
499076567.1013662219 807360.3264622614
482255264.6974731684 575757.5608116984
512932028.0969477296 939210.8239746094
521378579.4406623840 966773.4448242188
474085316.2482652068 345774.4547310510
487887018.3447654247 672414.9378756806
499499737.3969371319 812605.7691107591
487806150.0403305292 670624.9116540551
488758609.4956089258 684985.3085609688
514171943.0615360737 943251.7030029297
521816986.1621434093 967210.8212890625
532496244.1035956144 976368.5346679688
488928107.1610202193 687157.0313627736
508033516.8929949999 905823.1039123535
514120556.1981002688 942983.3171386719
531447032.3101028204 976333.2753906250
508001222.8073093891 903580.2587280273
474344532.2342396975 358520.7869883903
513091673.9887227416 939267.1403808594
521449640.0863939524 967092.8911132812
529396641.4882306457 975303.9785156250
474698825.6890325546 369347.5194443293
513429122.8009802103 940874.4116210938
513728610.1276053190 942306.2102050781
521193542.0393118262 966673.2541503906
531842579.2704640031 976360.2932128906
521148033.7046481371 966561.3962402344
529684940.7293478251 975702.9953613281
482881000.0768540502 585791.1702433750
510302015.9976024032 924780.4946289062
473039966.4853438139 269767.1101491285
472964876.8170697093 267138.9737946821
508280111.9421997666 907824.5941162109
510868570.4827725291 928689.6362304688
522192439.7551316619 967934.9440917969
530550331.7707120776 975938.3081054688
530579002.4741461277 975982.3713378906
474520736.0569555759 366040.0702538617
482918107.6650242209 585875.8090854809
531366572.9278398752 976296.6765136719
499520844.8983089328 812640.2857203496
499283083.5156206489 809848.4569159349
520548549.9872130156 964865.4909667969
529947450.8457584977 975807.9064941406
474484490.8800061345 363920.8369246848
474398418.5273368359 361832.2231303580
499173138.6938521862 809502.1666327318
513458079.8696394563 941535.5881347656
474642293.6938367486 369306.7661999293
498968526.4196880460 806426.1731634935
508282368.5060132146 908403.9346923828
522114165.8102704883 967860.3903808594
508259487.6066784263 907709.5373535156
474987612.0064592957 382534.4626963070
474978266.8224275112 378920.4452103308
474886139.2106741071 378611.2255747250
521831848.6478448510 967349.6779785156
530608828.4444905519 975982.3747558594
530160105.1907268763 975887.6186523438
474891640.1391542554 378919.9226267269
473313513.0445351601 272007.1365618628
530918915.6200350523 976204.8378906250
481976929.0187768936 563104.6019653007
508998046.7444567680 914784.5689086914
520509717.8212056160 964391.8591308594
498399864.8176121712 800120.2231304249
508609241.6294750571 911504.7980346680
510182120.2347580791 923922.8665771484
482003802.5874729156 564927.8797123358
508125755.2995269895 906750.8684082031
509152146.0955904722 916052.8419799805
520922336.7988609076 965884.9350585938
474859773.9043295979 376028.6640846661
474726359.0048229098 372171.2478835812
474722342.1031646729 371814.5580651589
474798312.9613257647 372761.4409863778
487486053.9247655869 664095.4091254193
474593719.0896160007 368082.0564038582
487489650.0537603498 664384.6625433881
498533704.5621044636 801675.2064449390
498638409.2998130322 803066.3747799000
520221250.3340862989 960885.9399414062
512739846.1390736699 937671.5300292969
520593948.1818996072 964940.5000000000
530322524.6486350298 975887.7863769531
508815161.6409360766 913809.6211547852
487591045.5918148756 665615.2732001264
521705808.7109427452 967169.0312500000
481797782.1147508621 560617.3839477226
520234577.7315966487 963509.6501464844
510058349.2310116887 922652.8953857422
520723112.8701982498 965446.5427246094
498537163.9306785464 802155.8789302906
487871348.3855420351 670951.0698163909
512252320.1707575917 933995.5455322266
481673536.7200930119 556536.6349958107
487654810.1070554852 667704.1229315717
509912078.9559892416 921377.7333984375
512430740.6715884805 935746.4632568359
498954553.0863929987 806280.8392574390
481549300.8720185757 550713.5669572148
487630335.7356355190 666891.4343826789
487439829.4283727407 663980.5481650932
481204207.6137274504 541457.5681243334
487624869.1968205571 666875.1477897270
487494084.5680770278 664867.0081412895
512321659.2879272699 935176.9772949219
498762953.2114729881 803705.5039302906
481487826.4367572069 550520.3793423492
498771133.0070140362 804550.2137691578
481234529.5633708239 544663.8937468920
498472640.2243350148 800813.4419796070
481368649.7322388887 548425.1009803209
481620349.2625963688 555204.4399812985
481333596.1623777151 547749.2974424157
481389918.9488433599 549677.1389861498
481737921.9429408312 557598.5893378649
481285657.4263958931 547521.1332488451
486978117.4803921580 654803.7538664658
509549359.4092246294 916729.0614624023
509725374.5551331043 919774.0502929688
481387031.3995730877 549517.7937713061
484534597.9192162156 609813.4365602601
498118998.7475913167 795498.7300402945
498292844.5168996453 798495.6661059683
487135724.4065126181 656808.8021118604
484742444.2978810668 613070.8696909714
498389928.3116164207 799293.5340258902
473644221.1203089952 280447.9367631524
486494080.3105320930 644664.2326060943
511672001.7795988321 931444.2835693359
473494190.8819724321 276993.4551956205
473477565.7494975328 276291.6039993315
486417486.7242516279 644264.8875285797
473439094.4654530883 272637.8975021391
473439716.0884187818 272671.4226400404
486316826.8276972175 640404.9717272930
486341972.0026170611 640892.9229244404
486401807.5685603619 642093.8967081718
520151468.8393563032 960691.3134765625
498017658.7944218516 790229.8920118486
486413421.0507098436 642778.5668741874
512137655.3489841819 933964.2717285156
486193197.7183572054 636686.8073538952
511964456.7315561175 933488.1326904297
486305295.6055417657 639789.7550856285
486273910.7121614814 639681.2378889732
498228190.4212816954 796740.1841413652
511753123.2297280431 931883.4749755859
473895389.6061609983 293329.7851644369
498104212.8557114601 794880.3795877969
498027563.2038729191 793711.1337076699
473782316.7754516602 285611.3391670430
485747351.2500401139 629145.2806932591
473934892.2688592076 295767.6729207250
473806215.5926868916 289207.4741292807
485630094.3099519014 628647.6277696751
485610457.4171681404 627549.3716955595
473867445.1669927239 289591.6376899990
473794046.9484589100 286178.6709701548
511607461.0268010497 931430.6456298828
485400407.5028654337 623622.0866590999
485508885.8570029736 623719.9490103833
484993650.5334006548 616978.1357698161
485336518.0587723851 622701.4504752271
485529850.6010066271 624417.5505836867
473892648.5068423152 290422.8320708814
484845692.8635923266 615196.0324458797
485242176.5688303709 621224.3396360986
485082931.8151432276 618429.0063600354
484439738.9084957838 606550.6524449904
497744858.2722161412 789790.8111135041
484406697.7137544155 601356.5142495610
484297962.4214314222 599603.3776528813
477486857.5824598670 422105.6517491913
484016875.6237060428 590441.5078539476
477473929.4024356008 421454.6051183319
477394644.9413450956 418650.4793747044
477129629.4924801588 408100.3919822448
477167716.3934344649 408719.8427689248
477212983.8825264573 410547.4482633346
477183546.6782695651 409437.1538095050
477168103.1636106372 409243.2464377456
477085840.7500231862 405355.2703024917
497227491.0609090924 778507.7298833405
497223055.7435219884 777758.0898610180
497092303.4817893505 774063.5975883285
496578490.5288215876 768354.1565482895
496638051.0345340371 768432.5112846176
496791246.0475177169 770876.8333366195
496821663.5331933498 772029.4274223129
496871316.3636295795 772203.1684100906
497027757.2702686191 774052.0035941879
478306201.9690181017 435329.6674818090
481155860.3129222393 520945.9542723532
481048624.4140821695 518082.1067090865
480971017.3651594520 515528.6270337935
496733923.7557839751 770864.0218436996
480878346.4221460223 507794.7781121065
478260767.6557714343 432262.3113330893
478446582.4836530089 439711.3147615484
480575027.6324669123 500144.5544671491
480395718.2636772394 496037.3529290631
480171621.3272806406 489471.3186855763
480125063.3937340975 489426.3874385431
480508893.1038351655 496483.6374110244
480332556.9146427512 493215.5331460461
480257054.9864146709 492385.9897052869
480094079.0002667904 488377.6701390222
478300866.4993120432 434806.1580738119
479767254.7193081975 473548.8018625408
478295256.5720937848 434302.0623204067
479698393.0683921576 472354.5515726238
479529874.1410718560 467204.7287610203
479523889.8048223257 466807.7168753046
479209751.5150662661 457337.3464527625
478991797.7270442843 453369.5430012245
478877458.2729456425 450070.6874723930
479312901.0622959137 460224.3354784400
479239545.6656360626 459358.1351492304
478830720.9676146507 447034.1979644373
479261970.4745881557 459784.2501394648
479099828.6153509617 455764.6171591181
478829335.0271854997 446794.2923995128
528827298.7693656087 970679.5805664062
528266244.4211841226 969459.9387207031
528118217.6137076020 968552.5854492188
507401997.9479398727 859660.0609169006
507529017.5632683039 860498.0484046936
507839387.1461656094 863409.1596717834
507423093.4667692780 859724.8272743225
507017586.5294592381 855696.1654243469
506882248.6015516520 852060.8595018387
506424664.8597041368 847388.8007402420
506027949.0288622379 841806.9307146072
505686803.7456696033 838776.9254999161
505176907.0126918554 832949.8578271866
505201398.8190667033 833706.5305565596
505251071.0783364773 834332.2064794302
505352712.5061897039 835839.2293634415
504949898.5804616213 828612.8158749342
504884190.1408434510 828059.0592831373
504713208.9464429021 824998.0056537688
