170087649.5740526319 2307814.2626953125
170481968.4874837995 2335624.2177734375
168828330.2067867815 2116033.9951171875
170839179.6051070094 2349843.0947265625
167872514.6826224625 1754770.2402343750
168613200.7112596035 2070767.7548828125
170551056.9336994886 2343313.9931640625
168914023.0016728640 2122369.9082031250
169938377.8645305037 2294653.0429687500
170663064.5373989046 2348390.4443359375
171322573.0902884305 2350634.3808593750
171020093.1037026644 2350116.6230468750
167591142.3390114605 1469069.1235351562
167915021.7084766328 1784288.9228515625
168917676.6055542231 2122878.2216796875
168924032.1236429811 2122942.1552734375
170533362.5994883180 2339548.6904296875
170879368.8619425893 2349893.9404296875
167898389.3333899081 1770350.4462890625
170267727.2985572517 2321685.4550781250
170661725.3587810695 2348109.2529296875
170966518.5600807369 2350058.5908203125
167937179.6159643531 1795192.8789062500
170575779.5072079897 2343914.2744140625
169434997.3084864020 2232565.8154296875
167871618.9872867167 1751770.2968750000
170550928.3224296868 2342413.4814453125
170640637.3649716675 2348095.6220703125
167923223.8611560166 1789043.3725585938
167888702.5394371748 1770237.6083984375
168870483.0326595008 2120886.6542968750
167911036.8617053926 1777704.8105468750
167935396.5587609708 1791389.2705078125
168748707.3879957795 2104958.0683593750
168798019.7182577848 2115112.5625000000
169293699.6273362339 2220018.4658203125
167954970.2299802601 1795895.0615234375
167602404.4125006497 1482720.5019531250
167906170.9112738967 1776821.4257812500
168736692.5023473799 2104516.2207031250
169491973.7054010928 2239572.9707031250
169969167.7321009934 2299367.9541015625
170151754.9784211218 2315940.9765625000
168791746.9638536870 2111484.2353515625
168740739.7643333972 2104869.9101562500
167581115.9025862217 1453504.6923828125
168524801.4500184059 2034690.5498046875
167563636.0856072903 1437487.2773437500
167567971.3702640831 1447470.9785156250
170888336.1525340676 2349976.1191406250
167584490.3282891512 1462219.1718750000
167596467.5423866510 1476509.0034179688
169503246.2654876113 2243633.5771484375
170957424.2121597230 2350041.3681640625
167576546.4313338101 1452123.2958984375
169175995.0436088443 2197952.2968750000
169250720.2893127501 2212168.9804687500
170798512.8444606960 2348925.3242187500
169158652.3271455765 2190660.9707031250
170469602.8738151193 2335592.9150390625
170458720.3005124629 2333435.1582031250
170880011.4181367159 2349928.3779296875
171178107.1192957461 2350567.3320312500
167592298.4184350371 1474682.4199218750
167618881.7306746542 1491211.2402343750
169218672.7711378932 2208036.3525390625
168584636.7725173533 2059844.4296875000
169200990.5068961978 2203521.2470703125
169374605.1708585620 2226473.6630859375
170782567.2518316805 2348925.2656250000
169183248.2130602300 2200534.5390625000
170735148.6742833555 2348753.2812500000
171419265.7209832668 2350743.6787109375
168604193.4835697711 2063802.2060546875
168560532.2641231418 2053136.2412109375
168577471.7100121975 2059268.2480468750
169163779.4766760468 2194956.2158203125
169633923.7817082405 2243819.8164062500
170586700.3407328725 2344156.5166015625
170300194.9669273496 2322633.0957031250
170260406.9071577191 2318358.4492187500
169175349.3234181106 2195047.5449218750
168120015.2834173739 1840627.6254882812
169153914.6497145891 2188148.5234375000
170029133.3809331656 2304657.6171875000
170718077.2700863481 2348420.8691406250
169459064.2691975832 2238765.4296875000
170139987.2522111237 2314797.4169921875
170248401.8759016097 2318155.3300781250
171448396.0079078078 2350744.0527343750
169272672.7227072418 2215925.5869140625
170576877.6392984688 2344139.8466796875
170824431.2206155658 2349068.6962890625
168059703.4604066908 1821423.1684570312
168064973.4117286205 1823908.3198242188
169238367.5191874206 2208748.5410156250
169203863.6015245616 2205697.4394531250
169961074.1478355229 2297727.3623046875
169996953.4596666694 2300914.6406250000
168069188.6816481650 1827546.4497070312
170167276.4526532590 2316645.3203125000
168003734.7695683837 1819546.8872070312
169397722.6479643881 2231310.5214843750
167977588.0943834484 1806753.9790039062
171175195.8177438080 2350564.5273437500
167625604.2938816547 1499905.3349609375
168091527.2055564523 1836262.7700195312
170041972.1408609450 2307563.8212890625
167647070.8129085004 1509108.6103515625
169356051.9835124314 2223735.8710937500
170612590.9036376476 2344372.2773437500
168645469.9933404624 2074879.3779296875
170103558.0314997137 2308022.6240234375
167668054.4964857101 1509195.1279296875
168667526.2712496519 2085994.5029296875
170054130.1627490819 2307572.8583984375
168088044.1687159240 1835761.4379882812
167703299.4490629435 1509549.8750000000
167726135.8188422322 1511566.4262695312
168005484.6998676658 1820359.1684570312
169357487.4804088473 2223774.8857421875
169905443.4670215249 2287668.1845703125
170970440.6821030378 2350103.8916015625
171202018.0740083754 2350602.9316406250
169381029.4577117562 2230946.4707031250
171028579.5330775976 2350307.6660156250
167995084.4139606059 1812084.3295898438
167726114.0300945044 1509607.2509765625
170015868.9988411963 2303047.0351562500
167606013.1210591793 1487383.7685546875
170590444.5898463726 2344302.8046875000
168640648.6535163224 2073704.0390625000
169300785.6316259801 2220569.2978515625
169888260.4000442624 2286098.9492187500
170520489.1581604779 2338651.2558593750
167836944.0228876173 1704089.2680664062
168696256.3983465135 2090753.9619140625
169369363.1564044654 2225345.5087890625
171245973.9424682260 2350622.4013671875
171078044.8147076964 2350467.8359375000
168785898.6084607840 2109549.7382812500
171071207.4726779163 2350455.9648437500
169949887.7910944223 2296215.1162109375
167802237.8724665344 1685115.2270507812
169276676.5983040035 2217520.6376953125
170429975.7062754333 2331684.1767578125
170008378.0071533918 2301013.5068359375
170102916.9963966608 2307968.3154296875
168686394.8648443520 2088449.6123046875
170057239.5632049739 2307717.8740234375
170339038.4051988721 2322867.8398437500
171586629.7809584737 2350873.3837890625
167974437.2125010192 1804640.6386718750
168055890.2346168458 1821408.9506835938
168676018.0339828730 2087869.7412109375
169362867.7307121456 2224317.5283203125
171015319.1667995751 2350111.9375000000
168650976.6249370277 2077412.2968750000
169323455.8291141093 2220989.6259765625
168626966.8946315646 2073481.7480468750
170494317.7692498267 2337914.7939453125
170375773.2413188517 2323597.6601562500
168663793.5345412493 2085325.2822265625
171390280.4675460756 2350716.1328125000
167962387.8906157315 1797554.8154296875
167818680.1360172927 1687902.6860351562
167973388.1077541411 1802014.6020507812
167965160.2032019794 1801861.4272460938
169870432.1896613836 2285341.5859375000
169941055.4596629441 2294857.4501953125
170378671.3761196434 2326372.2460937500
169911344.1732794046 2289318.5664062500
172735113.0919425488 2351763.0898437500
169268128.2884856462 2214509.3398437500
167958828.7133286297 1796538.7924804688
172526582.1892925799 2351622.0380859375
167824111.2212575972 1689344.7265625000
170108914.1764561534 2308595.9931640625
168785908.8228220344 2110928.3867187500
169488561.4952186942 2238772.2890625000
172336491.4351835549 2351479.5205078125
169135499.6253964007 2185946.3857421875
168735001.7774606943 2101161.9892578125
168296477.8708605766 1928008.6181640625
172514498.7588366568 2351485.5273437500
169816453.2242743671 2279002.4960937500
169834866.8625378907 2279555.5556640625
169914467.8071747422 2290705.5068359375
168703366.2582605779 2092491.7128906250
170728656.2150564790 2348565.7597656250
168708474.1545618474 2096218.7041015625
169455651.7939705551 2236416.2880859375
168305067.5081981122 1930111.8515625000
169266464.0088001192 2214470.0693359375
169262220.3705618083 2213507.0156250000
169454852.4878041744 2235984.6943359375
169892069.5172924697 2286287.4912109375
172116543.6267274022 2351248.5976562500
169375590.2934488356 2226674.5732421875
170761367.4479345679 2348757.3457031250
170621223.1413613558 2344405.4667968750
169327193.6453564465 2221550.5136718750
170623211.0154677331 2344418.1806640625
172137382.5260907412 2351312.9755859375
169679179.1062884033 2260163.0537109375
168316152.3545161784 1933825.4960937500
168297265.5390286148 1929148.4941406250
168398753.5915054083 1955928.1777343750
169810492.2141773105 2276366.9648437500
171919181.4267090261 2351082.5791015625
168496305.7205281556 1959662.6884765625
169270400.3709072173 2214848.1171875000
169801303.8203303516 2273616.9169921875
171949877.7868523598 2351119.5449218750
169121882.7257573009 2181064.8320312500
169115616.4130508602 2175581.3906250000
167831410.7806040347 1695492.0751953125
168446586.5376870930 1959089.6083984375
169121831.8220695257 2179900.4990234375
169768693.4385167658 2273240.9169921875
168845325.6155128479 2119405.2246093750
169764322.1387586296 2270021.7021484375
169740868.4747956991 2266217.0009765625
168358528.0583852232 1947528.9755859375
169729063.8694646358 2262931.1992187500
169154949.0970621109 2189890.7480468750
167867286.0462972820 1712881.6748046875
167852676.7828691006 1704767.8398437500
169750747.7991315126 2267525.8017578125
169735307.8834962845 2263451.6074218750
169855040.7060430050 2281132.1328125000
169782364.5928495526 2273591.4072265625
169863018.6426532567 2282805.1308593750
172312067.1585581899 2351426.5605468750
168331453.1084161699 1936825.7529296875
168376123.7099314928 1954025.2705078125
167854057.7265070379 1709019.8579101562
167868243.8961071968 1719960.3134765625
168295473.8939056695 1923541.5234375000
168401461.3819983304 1956739.5166015625
170423093.1115674078 2327452.9785156250
167744698.8206401467 1523029.5600585938
167743728.8986129761 1518589.3803710938
167866663.7607345581 1710077.8964843750
169109519.9305938482 2171548.3369140625
167753155.0202146173 1543923.0161132812
169101795.3618496656 2168444.9218750000
168409153.6568760276 1959078.5937500000
168387599.0032065511 1955487.1845703125
168353320.4944544137 1945061.8330078125
167758074.3196977377 1558952.7631835938
167765149.4333505034 1559905.9028320312
168336605.6775546372 1941187.6738281250
167791828.2655525804 1603940.1899414062
168888282.7043676674 2121011.5273437500
168333037.8067197204 1938062.2841796875
167769623.8360036910 1577483.5122070312
168329305.0700113177 1935805.2597656250
168280831.2203143835 1908154.3242187500
167773081.4791252613 1577668.2670898438
169097468.6221031845 2162666.6708984375
167785712.9820560813 1603674.5717773438
172250774.0980623066 2351313.3554687500
168294137.7031000853 1918724.3154296875
168290334.6811203659 1913095.1845703125
168283229.7976991832 1912824.1826171875
169013382.9265626371 2147500.9384765625
168994459.1065362692 2145152.6542968750
168281053.6453685164 1911811.2285156250
168992820.5215758681 2144851.2695312500
169039350.2142753303 2155368.8623046875
168950327.4321756661 2134157.7207031250
168274864.6531567872 1902831.5048828125
169006680.4445451796 2145423.0800781250
168905721.5055332482 2122091.2324218750
168934713.9517037272 2130309.4863281250
168965550.3869348168 2139116.4482421875
169087142.6990724504 2159392.2421875000
169007878.2708900571 2146093.2958984375
168293498.9139343798 1916181.5517578125
169094925.5410602391 2161675.8613281250
167780134.5680672526 1595064.8286132812
169074154.6967672110 2156512.6982421875
167800620.6748458445 1615369.7983398438
169038782.0806382895 2154605.5410156250
168988387.7705253959 2143464.6923828125
168985290.5371644795 2141105.7558593750
169022757.2882865071 2151435.6503906250
167796204.3635486364 1610991.4501953125
167795102.6553786993 1609511.5688476562
168279770.5513760746 1907907.6860351562
168292023.2918561995 1916159.7729492188
168239363.5778410733 1881818.4814453125
168255579.9558175802 1890522.9277343750
168233659.0080890954 1880982.8447265625
168223871.5455489755 1867480.6708984375
168240522.9360027015 1885945.8603515625
168217034.9757668376 1867435.7060546875
168206121.3082900047 1860190.9667968750
168192249.0208877325 1844374.3408203125
