574955505.8223096132 86610.2149429321
575306407.2235685587 86632.9368286133
574919052.9666410685 86590.7166824341
541118888.3440465927 56935.7287915143
530871837.7428194284 23933.7091731136
530872213.9296099544 24147.6212547608
530916206.2933912873 24433.2791696079
531018863.3644432425 24768.5788606889
535415630.4990927577 44773.4461236843
536757531.5008025765 48993.7686743506
536587425.6215434670 48285.6270049685
540801146.3502179384 56695.0150327599
574995926.8799084425 86614.4821777344
531009135.1711278558 24634.3223455138
530907085.2316556573 24395.9206948764
530799534.9044180512 23807.4198311157
538125198.3292757273 51360.5251511184
537860383.9979603291 51126.1388290969
537884656.7160806656 51201.3780411331
537633844.3365339041 51015.2557724563
549586719.8126637936 68805.2723978051
570449398.9648269415 85518.3205871582
530764484.4720608592 23401.0536182709
535423597.9757226110 44893.4102213323
552647684.4925233126 72005.8805543780
567969388.4357818365 84525.4231109619
570527553.2188212872 85533.3645706177
549325052.3021942377 68542.0959243552
549418895.7851359844 68659.7512643823
530782944.9661467671 23437.6313223876
530788752.0739279389 23776.1682518311
549145389.0732884407 68471.0695779809
567642270.1301671267 84324.3137207031
535458849.1899132133 44999.0936595597
551801449.1563349962 71086.4103560349
575294428.2454696894 86625.5043334961
535481111.4033430219 45161.7906142869
536499451.4907154441 48204.1337369555
536620927.7523579001 48568.8031704021
574927800.5748883486 86608.3929138184
532559497.6047219634 32471.8069083904
536744517.1609790921 48820.5619643801
536941967.5449155569 49454.2572172923
569881751.6737886667 85303.7989501953
569048373.4820371866 84877.4380416870
569177753.4778612852 85024.0637359619
532620638.5853209496 32491.3387148035
536558917.9716152549 48269.0561774844
574687383.7635840178 86506.5286254883
530754595.3220772147 22025.0963272951
532516173.2917628884 32160.1077095878
540321894.0434669256 55675.7549115960
540549657.6503751278 56125.9944288079
532257164.6330284476 31097.3959544263
537134527.8541651964 49684.0465577138
567556667.1669330597 84305.1032409668
567887861.0212613344 84480.7805633545
532521150.4664102197 32177.4247066592
549015399.4714936018 68299.1896074304
548889576.4163365364 68095.9640787133
537741991.1803710461 51049.6189027166
568036146.9090157747 84549.5149078369
569473725.3635364771 85170.2868194580
579890536.4823677540 87014.9285964966
532547642.4936879277 32193.0885513043
540372045.9315046072 55940.9164258782
569770046.3152848482 85281.0309448242
570553532.7283937931 85537.0067443848
581183500.5649217367 87103.1235733032
535741344.9631386399 45662.3443708243
537239750.8751432896 49930.0304768277
537463189.4524580240 50666.1660818716
540470908.0007957220 56097.0500470940
540557119.1434428692 56187.5576459710
548770356.5496956110 68022.9989336022
567838862.4483619928 84420.4595184326
580206127.7464473248 87063.0863418579
580297510.7983150482 87069.8282852173
579728784.4541157484 87014.8058242798
535652135.4197818637 45641.3758823546
540473047.0951285362 56097.1999036614
569115368.2539765835 84938.3899688721
570367976.1216591597 85495.8017578125
570273265.5436136723 85432.0537872314
532620976.8533276916 32509.2292916989
537303316.5421388149 50249.6858725210
565165789.0511142015 82609.6913681030
570582323.3701558113 85540.6449279785
570624348.1186493635 85557.0922241211
581144947.6000136137 87102.7477798462
537375485.4528726339 50363.4497207098
537854211.0360763073 51084.5115386655
567787149.0166836977 84416.0228347778
581186000.2885898352 87104.6218032837
569231410.8849078417 85051.8069305420
540729948.4398607016 56459.4839908616
569368108.8024643660 85145.9245452881
540338165.5354037285 55806.0546580795
580075809.8409677744 87043.3092727661
568134670.7699016333 84570.5721893311
570134086.9185274839 85391.8515319824
581087869.0139057636 87086.4477310181
532144021.4733616710 30466.4861213751
532277351.0599295497 31161.8933336325
541263514.9058594704 57072.8829552496
532274860.4376382232 31133.3269405104
532454301.6691127419 31854.4777136063
537107452.4352219105 49660.5977070523
537037879.2090132236 49592.7662126092
540221841.4228227139 55642.2913756287
541473128.0119735003 57503.6756249072
532408320.8003761172 31825.1399269318
532388893.1706698537 31559.8737813746
541369912.4823114872 57343.7609536017
570469885.4568971395 85519.2409057617
537149279.8867391348 49872.9526570035
564742325.7615778446 82404.2255783081
535934151.0838837028 46351.0072005810
535926530.5821227431 46348.0876819761
537311097.4681656361 50288.7515768667
537247365.6313704252 50081.8543281273
537080009.0096274614 49638.6046542840
552113807.7854859829 71515.6300640628
548222642.8714501858 67129.4025891313
564888138.2948160172 82499.8140945435
536983580.9841239452 49556.6654713345
540117461.0448925495 55293.9969719262
569529216.9433783293 85189.4959411621
568394366.7011567354 84658.7337646484
540095907.4779003859 55276.1328853308
540201679.1791523695 55636.9101382736
541277997.6863150597 57198.1724034313
570315989.4836723804 85467.3608093262
535784272.9999255538 45934.9220096739
536002333.7577816844 46390.3101627501
537027314.2718627453 49570.3257127223
568262486.5071200132 84581.5044250488
574586431.2317696810 86485.1736755371
574775925.7355283499 86548.0410766602
564592667.4107058048 82295.3397445679
551855277.3880658150 71233.6423649690
551953221.2218327522 71353.6327214143
536837553.8682002425 49194.3535445803
535895658.0104064345 46165.5455145882
540184010.2542756796 55590.4986476130
548191306.9037584066 67118.0579770097
535956770.0778415799 46388.3564121397
535812110.4690064788 46016.9034092100
553590305.1712342501 72812.5863553341
580930433.6847090721 87085.2827529907
532263321.3899672627 31131.9243156500
532215783.9228894114 30791.6747459955
532208369.1718378663 30773.6486477470
536753054.2081899047 48948.6875213259
569680795.2977830172 85238.0943908691
539882009.1020026207 55030.7532099909
540117476.5497251749 55404.5866798586
570231235.6826794147 85399.2938842773
532330406.7992343307 31470.4867879664
573980169.3093312979 86280.2091217041
553933277.6707601547 72813.9316517171
553420755.4867470264 72675.9466248807
570075846.8695966005 85379.6789550781
574744290.1591631174 86525.1883392334
569590967.8039344549 85213.5877380371
574759156.1707738638 86528.6666259766
574212185.8861724138 86378.7864074707
540159450.4510810375 55480.1545008845
553325740.6979266405 72593.8167697247
564720001.1277197599 82396.5019760132
532376623.0666529536 31517.6738291296
532173693.2768248916 30760.4713127203
532386775.7297158837 31544.5098583884
539854698.9478442669 54841.9118403620
548630789.9485263824 67777.6119783410
532278889.6686043143 31174.2326961122
541384491.5576097965 57379.8705385784
539978914.9541759491 55217.4246882624
565169752.0730664730 82613.3911895752
574358644.5172401667 86443.6251678467
552976971.7418113947 72231.7269359263
532366209.3631234169 31502.1098608775
553284763.6830804348 72441.8377223643
535833824.5445918441 46021.3505074540
565663175.2780430317 82878.8892974854
551702113.0922846794 71010.1228642365
565807373.8190364838 82888.7999725342
531324822.1319479346 25005.5710994766
553059235.3160829544 72293.0897714937
541013663.9510623217 56861.2282685500
553017926.7901974916 72247.8744655284
565465399.1597381830 82806.8730621338
553137706.2411475182 72338.3223733240
565657965.7545669079 82847.7150421143
553197713.1429092884 72426.7829204234
565397082.3126226664 82803.3947753906
536472260.6805952191 48040.6136971829
536397514.3543353677 47717.6057435391
540965319.3615264893 56794.7984093886
536202457.9192714095 47054.0454141018
536311033.0617153049 47307.9891702053
536385425.7372722030 47412.3205071804
538946615.7743268013 53071.2319713952
574243585.0185300112 86394.7472000122
551492439.8207579851 70661.2302652499
565090353.6491756439 82573.0631103516
531744340.5867657065 27117.4900817892
531718124.3108345866 26783.2907393856
565329799.8285120726 82672.7370605469
539164214.7197794914 53507.2737451820
532760951.4536911845 32667.5155204823
536390924.5075740218 47415.0270100948
532755791.3064123988 32595.9783605625
568673355.6597782373 84709.7611160278
532836381.1742338538 32672.6246055653
568579464.0888768435 84689.8225479126
551509062.5742802620 70728.8123575351
568831395.5821980238 84771.2832794189
568747718.5725053549 84746.7766265869
568965146.4359542131 84857.3373565674
579597261.7824138403 86894.0365982056
548582644.9898114204 67644.7513135304
531609067.8209268451 26487.5174920990
531593931.5068957210 26350.8671140207
551629203.7895417213 70897.0540491244
539776904.8752545118 54388.5838453975
551616157.0430483818 70890.5595956942
531586671.6691514850 25748.1640672126
539600198.0038183928 54269.1018757662
551754527.9625322819 71039.4037195346
539624397.2374303341 54286.9516903562
539408736.5047343969 53949.5405850252
539300419.7874929905 53748.3261761507
579345880.3298088312 86804.5738449097
539182841.6920647621 53562.2599111861
551595409.7913278341 70855.1004968783
549666608.3392031193 68835.0764757898
573852477.7385588884 86235.3155975342
538873767.8938820362 52791.3865816994
573234464.8438323736 85698.4760360718
579571486.0865913630 86869.4949722290
531569924.4252139926 25296.9040857537
531529265.2029075027 25243.0226758702
538911640.5691995621 52872.6978032542
573236332.7701774836 86054.3529815674
550901067.6423990726 70060.7907242919
550821626.8409155607 69897.2209639121
550671608.4531116486 69839.6760191489
550616712.4367418289 69781.8235373069
550285608.0433005095 69456.1363882590
550313933.7340459824 69460.7857046461
550218983.2893502712 69395.9839682151
550442813.1196297407 69580.8989195395
550453935.3802458048 69607.0638479758
538563693.8844403028 52033.2345946236
538387012.6075934172 51668.7288854523
531923022.5457042456 27374.2129592406
532007721.3838769794 27706.9914604724
532079502.5194891095 27767.9046523162
531995233.8773803115 27615.2402455398
531980691.4910362363 27392.5072223130
566903102.6493570805 83120.1255798340
566438966.7066303492 82995.0722198486
566402004.5710353851 82974.5179901123
566637447.9673694372 83076.0291213989
566862385.2995382547 83096.9579849243
573030425.5512008667 85688.7140159607
566563976.8190181255 83051.1002883911
547450046.8922804594 65156.8556002628
547752615.0316277742 65764.2502948295
547725542.4168219566 65760.7444089153
547770604.6241586208 65848.4507941257
547616604.5780211687 65626.4163054477
547584960.7583400011 65516.2418059360
547541059.9561235905 65511.8828276645
547465543.4358116388 65168.4406413089
547625287.7801362276 65628.1639775287
547483942.5487822294 65376.6044806491
545621345.2730216980 61431.1110045646
545548190.2356832027 61253.5192303606
545574853.1652523279 61255.8220353075
545510908.7905942202 61238.8235707231
545649169.3336938620 61547.5958447405
545833233.3019886017 61807.5663495012
546139214.2772303820 62301.6589509793
546181209.6212183237 62377.2916414090
546700664.6798186302 63196.3188402037
546695677.2655578852 63194.4771653990
545207813.8689061403 59705.0727489419
546685695.6898783445 63149.9780722241
546642669.1652790308 63032.0954649429
545176822.6699749231 59508.0377252526
546846271.2930686474 63250.7030341606
547109312.0925803185 63567.1652991752
547161538.0115296841 63628.7412184057
547161057.7980035543 63576.5635306816
545251063.7546067238 60009.0480401941
563795714.1543211937 72889.7527973503
563880341.2064553499 72965.7391731590
564028613.4446417093 73110.6547539085
