143943.36592005522 108438.55290271647 0.0 4 4
143186.31573170499 107213.61412370794 0.0 4 4
142429.26554335479 105988.67534469941 0.0 4 4
141672.21535500459 104763.73656569088 0.0 4 4
140915.16516665439 103538.79778668235 0.0 4 4
140158.11497830416 102313.85900767380 0.0 4 4
139401.06478995396 101088.92022866527 0.0 4 4
138644.01460160376 99863.98144965674 0.0 4 4
137886.96441325356 98639.04267064821 0.0 4 4
137129.91422490333 97414.10389163968 0.0 4 4
136372.86403655313 96189.16511263115 0.0 4 4
135615.81384820293 94964.22633362262 0.0 4 4
134858.76365985273 93739.28755461409 0.0 4 4
134101.71347150250 92514.34877560555 0.0 4 4
133344.66328315230 91289.40999659701 0.0 4 4
132587.61309480210 90064.47121758849 0.0 4 4
131830.56290645187 88839.53243857995 0.0 4 4
131073.51271810167 87614.59365957142 0.0 4 4
130316.46252975147 86389.65488056288 0.0 4 4
129559.41234140126 85164.71610155435 0.0 4 4
128802.36215305106 83939.77732254582 0.0 4 4
128045.31196470084 82714.83854353729 0.0 4 4
127288.26177635064 81489.89976452876 0.0 4 4
126531.21158800043 80264.96098552023 0.0 4 4
125774.16139965023 79040.02220651170 0.0 4 4
125017.11121130001 77815.08342750315 0.0 4 4
124260.06102294981 76590.14464849464 0.0 4 4
145168.30469906377 107681.50271436626 0.0 4 4
144411.25451071354 106456.56393535773 0.0 4 4
143654.20432236334 105231.62515634920 0.0 4 4
142897.15413401314 104006.68637734067 0.0 4 4
142140.10394566294 102781.74759833212 0.0 4 4
141383.05375731271 101556.80881932359 0.0 4 4
140626.00356896251 100331.87004031506 0.0 4 4
139868.95338061231 99106.93126130653 0.0 4 4
139111.90319226211 97881.99248229800 0.0 4 4
138354.85300391188 96657.05370328946 0.0 4 4
137597.80281556168 95432.11492428093 0.0 4 4
136840.75262721148 94207.17614527240 0.0 4 4
136083.70243886128 92982.23736626387 0.0 4 4
135326.65225051105 91757.29858725534 0.0 4 4
134569.60206216085 90532.35980824681 0.0 4 4
133812.55187381065 89307.42102923826 0.0 4 4
133055.50168546045 88082.48225022975 0.0 4 4
132298.45149711022 86857.54347122120 0.0 4 4
131541.40130876002 85632.60469221267 0.0 4 4
130784.35112040980 84407.66591320414 0.0 4 4
130027.30093205960 83182.72713419561 0.0 4 4
129270.25074370939 81957.78835518708 0.0 4 4
128513.20055535919 80732.84957617855 0.0 4 4
127756.15036700897 79507.91079717001 0.0 4 4
126999.10017865877 78282.97201816148 0.0 4 4
126242.04999030856 77058.03323915295 0.0 4 4
125484.99980195836 75833.09446014441 0.0 4 4
