307029445.7751215100 69492.7078860260
308324922.5386649966 78201.9075841132
310326151.7915118933 87826.9764602751
311140388.1076403260 92647.6934356045
312793947.2675015330 98932.2661705539
317568837.4930428267 113506.6640577093
335905308.3500469923 154099.7250779588
336532117.3273445368 155391.1370500047
318024777.6833588481 114846.6091761803
308695327.3725616336 79642.0392955896
317914774.9761722684 114598.9325869596
345982607.2872498631 170472.1294097900
306903539.2153889537 67800.3884168116
308732527.3495311141 80304.4473946217
312766125.8883619905 98268.5935946926
312668251.8415708542 98193.3532374427
351076372.0866526961 175556.1895751953
312579624.6496598721 98000.3436232731
336181832.8713300228 154594.0583299119
353086205.3496676087 175878.9768066406
306929141.3661721349 68502.1456553254
322113518.3782554865 125201.2893949237
308792593.0745441914 80503.2367012624
308533412.5487667322 79591.3071358327
318003402.9572554231 114707.1550288415
336662844.7524971962 155661.5580895860
312191850.4598373771 96454.8823702857
346057471.6209895015 170820.1833648682
312421679.5842891335 97484.9029696509
306954670.5877169371 68502.1618968479
310464351.5210793614 89472.4950731069
312309772.5179856420 97256.7319338843
312171690.4872524142 95588.6454241797
336261936.7288649678 154940.2816033363
336830525.8591120243 155700.7910810728
336526621.1301828027 155219.4421494920
312171993.7367358208 95702.9985074230
311883080.6180620790 94503.5470736548
322582247.5615465045 126372.9880888250
322805545.3337126374 126811.0245725897
336199625.4771551490 154891.0103143174
318260095.5671126246 115376.2480521416
321810054.2868782878 124465.4485746112
353481621.2839403749 175938.5960693359
308423713.5719162226 78684.4703333501
311132213.5325050354 92533.5470838275
317885606.9331454039 114443.4674630081
308301248.3413292766 77881.4161648251
347057851.0510989428 172002.0955505371
322435986.6383620501 126084.8452970770
322027769.7113220096 125159.5893766668
350404906.0038511157 175286.4953002930
350697181.9640428424 175482.9692382812
317779714.2445955873 114004.2945132470
310743542.6313953996 90801.1964322597
317819505.1764929891 114397.1997676110
317738256.2626214027 113978.6005549645
310887407.5367091894 91735.7638701748
350597046.1519060731 175476.0050659180
323106009.4983529449 127409.6923401740
345337429.1408330798 168993.2999382019
310209270.5724948049 87756.0567249328
311701388.2884495258 94485.9441760108
317504292.3735096455 113326.0232920861
346824466.2585729957 171684.1998901367
340866119.2494133115 162252.2392237186
308482819.7251988053 79054.0768451813
310539586.4070366621 90165.8762418300
335803403.6641607881 154009.1068352479
335370332.8712955117 152672.4774206895
340995548.5083965659 162457.4862010479
345620280.8576628566 169984.3311309814
352721246.5293530822 175843.3721313477
334302889.8715627789 150265.4342260379
340885226.4234814048 162290.0726306438
346956667.0072113276 171850.9644165039
347129289.3553875685 172101.7097473145
350470170.1836524010 175356.9349975586
310810583.6154336333 91210.5435020950
311159769.6473529935 92692.3483636905
311606836.4760348201 94414.5351868644
322652576.6393991113 126487.6289856818
334653454.3247124553 151438.9946737308
308359135.9156912565 78357.5929777149
311542250.4091255665 93924.9205979183
333929978.2692733407 150063.8732862491
356068959.2766929269 176047.1217041016
308566115.8097289801 79591.6781217579
322286661.4372683167 125605.3747182575
347197416.8815652132 172330.3622741699
347485563.0234355927 172564.5020904541
308616756.7553517818 79613.3788113121
346853704.3198114038 171734.8519134521
311060938.2201214433 92069.5688942745
353402259.9492279887 175929.8070678711
311531233.2555150986 93754.4570053890
311207729.1736369133 92840.2494248226
308386268.8144872785 78679.7485563282
310995713.4491829276 91920.0365952328
322395289.7578949332 125777.3987050739
347863124.3199334145 172877.3957824707
308343272.0551032424 78338.4341320518
317633564.4284445047 113774.0425410485
347624841.1865113974 172794.0290222168
317472898.3205978274 113195.8343653893
317112058.1103448868 111984.6614836669
317384806.7727668285 112908.2649382567
308245040.7083137035 77767.8189908985
321256079.1181962490 123263.5536161151
310371668.5268720388 89048.5928512484
310504010.4957894087 89761.2201007873
310366005.1572688818 89044.2653976351
317160405.0374730229 112135.3055466628
320771778.8424680233 121613.3163849202
310082848.8991301060 87269.0765624911
350260136.2077493072 175201.6325683594
321036541.4782383442 122647.5750671711
308167657.7727023959 76965.4224312428
319305812.1560245752 117918.9049900323
345994553.6770315766 170515.6099700928
319031499.6060979366 117266.6577566117
317035636.1005565524 111506.8029165380
334049266.4724952579 150103.2725286502
310064391.0852395296 87215.3907638460
310049377.2069829702 87111.1325122957
319187931.8538864255 117411.7795559876
340808763.4480640292 162147.1700084209
340750946.2680500150 162117.3510234356
310120729.1190112829 87352.7713937555
307938895.3173846602 75199.9390096106
352450101.7326100469 175741.4329833984
320972270.6590988636 122371.2282348957
349956587.6197579503 174951.6343994141
348650245.2422622442 173750.1186218262
320841091.2661046386 121937.2272151497
320642450.7826407552 121529.2166534748
355551741.5973392129 176035.7092895508
346350398.5926246047 171160.2712554932
310089429.1695415974 87295.1258632262
348153486.2245554924 173336.2685546875
307312299.6645056605 70072.0173698695
307835486.4312371612 74422.6817729875
309796785.6436231136 85795.1388874073
308150167.9925951362 76877.5538041994
309950462.6678858399 86545.4121109985
309806209.3503327370 85997.0029956941
319079639.0961903930 117331.4260691134
334582415.1268522739 151113.6218099613
308029087.1239245534 75965.6242387697
307791056.1268849373 72621.5189760134
307794092.0827472806 74295.0141466066
334310963.4735028744 150884.8182210941
334502886.5255759954 151007.4350423831
348422187.4843611717 173633.7947998047
348916202.7263963223 173961.8555908203
355425534.0031111836 175945.8548583984
309811296.9534522295 86289.4296924714
349695503.6947609782 174605.5656433105
355452254.9598885179 175952.0036010742
309663084.7125595212 85560.9839191456
335485982.5247589350 153097.7983130235
335511287.7844817638 153229.2023352403
335140020.9637413025 152386.0958348531
355513069.4675653577 175990.7394409180
318851114.6895963550 116546.5110390931
346649004.8039527535 171455.3294219971
348041116.3820965290 173025.0016784668
334739055.6707152724 151705.2623739261
353328895.5582881570 175929.7011108398
341344756.5193538070 163046.6633708477
309636883.1910758615 85349.7182933931
309497859.5872008801 83791.6189231824
347910362.7271023989 172982.5655822754
355566771.9227014184 176045.9317626953
346983469.2555182576 171898.0000000000
352543302.9839835763 175819.0242309570
340649753.3042680621 161973.7120921612
351955348.9174368382 175669.8659057617
352222041.0967800021 175732.1281127930
355563020.9434178472 176039.1287231445
307494042.0661700368 70651.0419671602
334830880.8141265512 151766.3773794193
316931267.8757624626 111217.2261913791
334948434.0323066115 151916.7117605228
335251219.5680367351 152627.3648824710
320282267.7643352747 120419.2059804946
319980905.3096236587 119727.7229251687
352476441.1943629384 175800.1249389648
316353388.8475236893 109354.9125646427
316478344.8138953447 109708.7175878361
316443443.5533216000 109631.6326268986
320028055.0474013090 119866.3001217667
309301826.0838478208 82636.6364590775
340596645.0323776603 161733.7912452221
307596321.1006315947 71844.2145854656
352131916.8890390992 175726.8321533203
347780566.7865664959 172802.6154174805
307670757.5149281025 72580.4978227496
309378554.3999149799 83415.8168394517
309274638.7780376077 82477.0394420203
349686393.8496999741 174274.8320007324
320945839.5463323593 122047.0540241126
334952902.4879832864 151970.0037193317
307674885.3913080096 72589.8460933391
307643956.5410894156 72552.7802581463
316158693.4009617567 108675.6530584171
349247661.2512418032 174091.0743408203
307520024.6596292257 71640.8506927166
316789447.2028993368 110278.4410680607
349435880.5837707520 174228.6372985840
347878568.9971703291 172906.0641326904
316120337.4172461629 108607.1612418965
340836770.8426812291 162149.5050456524
341145713.0211198926 162817.0720164776
309192165.8641451001 81771.7403701022
309176109.3267614245 81649.4477623057
320566126.6185130477 121116.4371804122
320284575.9512048960 120445.7799223785
319616727.4387384057 118356.7422923595
319526487.3617410660 118346.5064779967
319091154.2222610712 117353.3212004453
341854933.8970347047 163689.3670299053
341630841.2357646823 163540.9503123760
319290120.9594625831 117633.7217436582
342422644.0153855085 164307.5267474651
342175795.7062762380 163966.8306579590
342226404.8243438005 164283.7337329388
318808986.7792058587 116494.2943449765
341925314.1530918479 163829.5330684185
342864014.2813206911 164813.2095763683
342469110.8528798819 164582.6916186810
331565167.3929846883 144286.5374492825
331643621.0880659819 144623.9135183514
331575903.7494120598 144382.4579900921
331630597.3054997325 144543.8339666546
331975523.4303409457 145231.9525579632
331734660.5861872435 144740.9522074879
331539931.9241328239 144275.8392740476
332154983.5118789077 145699.8669256390
333746970.6619942188 148860.4223400024
314520881.2482900023 101949.5025304215
332257075.5298537612 145972.6136993588
339636138.2800126076 159099.6451908797
340119560.1757118702 159839.2900781333
339687048.9528847933 159248.9993290752
339547026.8097876310 158982.3965031356
339764944.6961654425 159498.0267369002
333830548.5407690406 149153.5003996864
339415061.1354986429 158741.7002293319
339537558.6464930773 158748.0534321517
332402636.7784714103 146134.2600901694
339578677.0132534504 159037.9217564315
339373183.7695268393 158592.8729526103
338981088.4991377592 157919.7028450221
313779307.7722617388 99334.4398538555
313760488.5751445293 99154.6965915794
313857136.9010052681 99514.1788072372
315359477.1391773820 104511.6952738055
315352432.3218771815 104281.1245621825
314975965.4067963362 102701.8098038817
315064660.1949107051 103605.2081803466
313767079.8390837312 99279.6897670264
338382031.5663809776 156477.0262897313
338110208.4956097007 156319.5277393162
315262666.6510838866 103955.6770576621
338208498.6112115979 156335.2697759200
314980742.2740806341 102841.4172895048
337959601.3260741234 156079.1717930138
314884556.8495738506 102615.9054524685
333679881.1850718856 148367.4926168236
337910638.9520515203 155779.4271253794
333737217.8641306162 148669.5363198079
313987412.1051576138 99748.7187012518
333262226.6353150606 147320.8480882255
333108532.9729723334 147074.2302429143
333310305.0615277886 147623.3381060750
333334767.6219666004 147838.8076812688
331387431.3672804236 138948.3233385906
331170606.8309054971 138713.3614635617
330404441.7463031411 136214.8623093814
330146500.7580271363 135677.6392747611
329726350.6932266355 134444.6397756785
330143761.5827088952 135273.5518762320
329597512.7427356243 134306.8948237449
330065410.3654462695 135254.6753865778
329707090.1023654342 134442.5387536734
329870476.5258507133 135083.2956659049
330304295.7718279958 135796.6636279672
330267395.4933796525 135699.5920957178
329495279.9201897979 133475.4973820299
329308135.9836496711 131237.6900806874
329082280.6209539771 130872.5501575940
329131002.0876596570 131059.5127735585
328776568.7258097529 130066.3890588135
328749739.9870434403 130012.4404570907
329064067.0562164187 130573.0571801513
328792737.3868040442 130114.5987145752
