384780538.3546246290 1937791.0409851074
394817721.4402432442 2929762.1468505859
394534740.6589453816 2916589.7987060547
394841890.8522006273 2933475.5711669922
395074852.0469040871 2939867.3294677734
395111334.3815544248 2941735.8195800781
403819382.4950379133 3385286.0056152344
384831189.4314642549 1948397.2732849121
384785072.1783479452 1947580.1556701660
387261018.8304350376 2282774.6952514648
387051781.4526515603 2258139.4131469727
394442701.9755799770 2906319.6508789062
394689859.3055585027 2927334.3177490234
394677860.5953763127 2921432.4228515625
394689789.3877754211 2921745.5378417969
403614445.6048008800 3371900.8532714844
403987933.6595482826 3392921.1257324219
403874009.2260035276 3392727.5261230469
403990646.5146645308 3394827.3410644531
412776790.5128535032 3628648.1728515625
413061196.3820679784 3635990.9511718750
413615963.7519853711 3642828.5097656250
413092479.2877271771 3636416.8984375000
413171059.3784076571 3638752.9013671875
404640703.7041319609 3421117.9306640625
406240823.8865693808 3466413.3876953125
412313081.0794993043 3612461.8984375000
427850090.7102144361 3684115.2353515625
416469485.5917698145 3664431.5937500000
415613473.2116031051 3662797.1552734375
384630013.4619629979 1921863.6097717285
404568834.0170443058 3414107.8403320312
406210706.1365436912 3466074.2280273438
412527536.9072386026 3622614.8740234375
415161673.9392266273 3659632.4326171875
415020708.7033501863 3657265.4541015625
415012374.0716690421 3656538.8818359375
414711528.2104374170 3651949.5537109375
416454398.3643296957 3664040.2646484375
415786681.6295877099 3663574.9257812500
384781727.1516774893 1940618.5672302246
394615302.8485887051 2920229.8576660156
384662669.6807934046 1932107.1618957520
384848141.9570321441 1951054.9033508301
387347307.3772051930 2294396.2914733887
394463823.7360230088 2912705.1127929688
407234358.7321426868 3494519.9062500000
404452323.3607668877 3413910.5639648438
412554603.1340757608 3623004.3115234375
412368554.6138353944 3619872.5078125000
415207961.1079218984 3660434.2050781250
430736361.1531544328 3685179.1923828125
384978770.6747553349 1959405.1477355957
415483203.4445288181 3660763.4775390625
415727455.2307292819 3662976.0468750000
427612407.0699723959 3684048.7656250000
412521583.0165231824 3620732.8300781250
387209070.2178705931 2280100.1735534668
412607762.0302184820 3627431.0410156250
412648313.3972716928 3628068.7421875000
404055440.0666053295 3399028.6257324219
407388947.2896507978 3497303.7158203125
387186347.4074289203 2279977.4323425293
404616243.6737973690 3419513.1899414062
407442667.8462076187 3501135.1201171875
407106826.4130717516 3494068.4531250000
415368259.6360360384 3660745.3496093750
387826049.7441426516 2338396.7596740723
407032647.9932190180 3488118.9716796875
413493404.5217220783 3641176.5449218750
413125035.9651463032 3637649.5732421875
387937548.1674796343 2346763.5729675293
394143848.2743659616 2885860.8347167969
394414944.8453612328 2906023.8334960938
413110252.9039728642 3637610.6650390625
412787791.8250373602 3630833.8691406250
416266702.9681615829 3663953.4228515625
388076502.1632795930 2348684.7957153320
394186988.3664839268 2888396.0222167969
387757957.3582946062 2333320.4258728027
387850413.7851626873 2342885.2616577148
394275146.0214370489 2897198.2941894531
394232025.6124062538 2893343.2612304688
405816658.6207889318 3456950.7685546875
412845457.4407647252 3631196.3125000000
427244329.8031129241 3683474.8583984375
394385381.6061248183 2905173.7524414062
406083453.3889683485 3463944.5000000000
406254658.5718076229 3469766.9921875000
426752341.0105168819 3682348.2802734375
387906843.3024626374 2346737.2000122070
387704680.2100334167 2331620.1054077148
393885384.9969088435 2863285.6475830078
412910376.7538661361 3633977.6748046875
387308722.7762213349 2290911.3932495117
387592956.0411158204 2317097.0674438477
404114309.5141663551 3400227.7089843750
387634454.2707358003 2320362.3721313477
387374077.2910514474 2297135.1868286133
387554752.9159245491 2316455.4834594727
387419665.7855446935 2302555.4981079102
406009960.8000485897 3462991.5507812500
385027826.1460495591 1962231.4584655762
387335518.2146124840 2292922.2272338867
395114758.4450230002 2942695.8997802734
404265217.1754114628 3407472.8652343750
395179260.5697390437 2942903.6055908203
404239808.7490705252 3404048.0991210938
430382448.3150572181 3685133.8671875000
404377745.3971505165 3411836.3315429688
412973025.9339583516 3635220.8857421875
429727264.8512849808 3684985.4824218750
405951595.8973988295 3462745.7304687500
414837644.5506455302 3655844.7060546875
387256898.6868075728 2280530.1830444336
395008530.6418035030 2937515.3946533203
394993977.5951369405 2933497.4049072266
385736894.2094759345 2064364.3630676270
417304833.8885486722 3664639.2714843750
405837407.1787245274 3457153.7597656250
394089826.7023152709 2877054.7103271484
395401444.4426433444 2955684.6906738281
407736345.8588670492 3503286.1791992188
407499436.8726614714 3502569.8701171875
393844544.3975738883 2855591.6749267578
406970121.6143863797 3487493.9238281250
386984461.0212860107 2229425.7978515625
411630029.4024490118 3592549.8369140625
417583808.7824512124 3665233.4208984375
417335319.7920204401 3665114.8359375000
414395548.6213102937 3651753.4785156250
417085918.3905861378 3664613.8974609375
405912938.4183406830 3459992.3320312500
414042517.2782218456 3645109.3818359375
413412113.0264204144 3640433.9638671875
385590163.5441766977 2041631.4491882324
394005155.5058198571 2872397.0181884766
385685114.3760583401 2055044.3921203613
385605847.1225413680 2047982.3318786621
385542062.9296780229 2024660.4447937012
385542236.8317852020 2037036.8604431152
411718597.3293644786 3596286.0952148438
426889958.5914514661 3682902.8417968750
417830098.0575386286 3665428.6162109375
427509665.8437778950 3683843.3271484375
391362585.4980654120 2632886.8655395508
427435828.9559847116 3683771.5830078125
391455690.5523213148 2634310.9655761719
391333501.9918731451 2623492.8038330078
391107164.2278872728 2607816.6550292969
391168290.9220352769 2617676.8544921875
404569415.5501021147 3418510.1635742188
407780161.5499906540 3505472.4853515625
404620007.5237212777 3419979.4565429688
386109978.5784621835 2066194.6325378418
385797044.8981540203 2065266.5901794434
385709657.6535664797 2056301.4933776855
385725599.6440524459 2057413.0703430176
386278689.7746077776 2066794.4389343262
385913237.6716119051 2065522.8513793945
385918052.7670726776 2065905.2549743652
414733326.3529109359 3653943.0498046875
400424202.9476472139 3169816.2932128906
404343079.3146830201 3409169.8149414062
393790587.8061922193 2839058.9752197266
391057196.1894102693 2605371.9645996094
399698210.9062576890 3160294.3000488281
407638937.9941589832 3502645.4052734375
429398149.8950092793 3684742.4150390625
414309136.6888561845 3649929.1162109375
429562797.9481734633 3684882.3125000000
414227545.2362564206 3648462.4658203125
391247560.0015051961 2620826.8085937500
391009441.8818352818 2602006.3068847656
396169347.3429926634 2970902.1163330078
393689174.1636275053 2834729.6470947266
393613938.3276541829 2826638.7808837891
393584585.1218065619 2825375.1212158203
426365939.0710976124 3679457.0703125000
395965300.9587037563 2967805.3575439453
393477540.8906141520 2819336.5869140625
413712793.6116486788 3643104.7666015625
393634853.8489522338 2834215.1109619141
396056627.5318251848 2969240.5029296875
426782841.0100790858 3682636.1708984375
396020204.6183764935 2968562.2912597656
406564720.6435351968 3476582.2167968750
396080642.7702635527 2970757.4560546875
396231989.1025575399 2971046.5059814453
391092921.3615765572 2606547.7727661133
405269087.5240887403 3440546.2187500000
404676409.9042702913 3421754.8500976562
405494739.3170451522 3447050.8164062500
429007005.4829483628 3684606.8330078125
385469272.3339465261 2010204.7419738770
405093468.6260561943 3435796.0507812500
405197825.3280102015 3437555.5605468750
426477676.2146549821 3681621.5302734375
386943128.7193680406 2186512.0136718750
390990851.4653179049 2600052.0319824219
429144393.7092586160 3684634.8115234375
428996598.9711019397 3684280.6425781250
399250108.6986032724 3139318.7490234375
399397217.4735696316 3150625.4111328125
385402283.1455761790 1979515.0608520508
385378978.4567252398 1972446.4776000977
385395540.9119603634 1974275.2726440430
399234906.0371952057 3137366.0234375000
428792129.9583776593 3684196.2031250000
385434399.1213127971 1984973.3357849121
386956462.2547487020 2195551.6024780273
386815079.5794885755 2173540.3612670898
386897076.5534451008 2186339.6405639648
399140898.1715084314 3126461.3242187500
399147010.7826472521 3133243.2402343750
399170592.3659960032 3133558.6884765625
386497181.5997146964 2123758.7604675293
386434766.5915019512 2117612.7358093262
386757914.4227178693 2161739.1437683105
386649546.1695756912 2146415.1619567871
386689576.8824501038 2147053.3755798340
386608288.5729049444 2137592.3785095215
386362539.9303408265 2104783.5219421387
398817051.0402170420 3111532.4855957031
398918873.2865802646 3112971.1752929688
398953171.5638326406 3119156.8686523438
399054119.0410702229 3125432.0122070312
386547259.4707384109 2125165.0827941895
410795024.2938541174 3554434.4462890625
386391221.4192925692 2108991.5912780762
393392004.4431566596 2790102.4276123047
393385126.0332100987 2783492.8441772461
393450840.8198672533 2793644.3137207031
390924965.5381553173 2566582.0625000000
393358209.0029873252 2774473.7160644531
393266816.5029931664 2769460.4342651367
393029831.6965200305 2755074.5916748047
392330867.8271386027 2696973.7322998047
409628920.2585791945 3534492.1132812500
392190386.7492398024 2689332.3367919922
392662016.1135022044 2728530.9019775391
409501948.4961234927 3529362.1562500000
392870557.6900433302 2742908.5440673828
392587873.6693001390 2722233.1798095703
392674870.7760928273 2729381.8673095703
392586658.6497247815 2719875.3551025391
409265534.1109963655 3521920.4248046875
392584605.5636734962 2718299.4575195312
392511715.9636801481 2711289.1822509766
409102383.1398343444 3515922.0605468750
409253631.9078164697 3521378.1464843750
392001877.6918436289 2667495.3731079102
408948430.7807083130 3506309.2416992188
391998637.9587143660 2666702.0364990234
409276138.2614255548 3523083.9912109375
409500840.8466160893 3528536.5781250000
391989605.9378676414 2666561.3823242188
409166808.5585737228 3520018.1513671875
391901855.5888645053 2653982.0766601562
400956485.2948617935 3187857.0109863281
400798751.7084329128 3182527.4562988281
401031701.7795162797 3191593.7609863281
400762431.5405338407 3179130.0720214844
401704532.8321977854 3207673.4064941406
401635315.6166619062 3202742.6594238281
402172110.7798096538 3223356.1623535156
402092259.2216954231 3219961.4396972656
402289444.1889809370 3229622.9978027344
402497495.6507637501 3239299.2719726562
402492538.6779745221 3234956.2197265625
402657028.5879443288 3242043.4399414062
389953704.3694298267 2355419.7072143555
390121784.4839556217 2378969.1995239258
390067755.5675888062 2371451.6018676758
390323462.6808304787 2392730.2619018555
390285166.5209149122 2390779.7108764648
390369197.7301288843 2399772.7584838867
390440100.9520919919 2407719.2277221680
390477161.0703724623 2417994.4652709961
390568352.5088095665 2426767.7968139648
390810921.3928639293 2441327.5802612305
390838526.3226674199 2447160.9829101562
390739862.4569141865 2440608.7243041992
390876302.4765096903 2450861.5563354492
390644848.2250393033 2431918.5392456055
426004594.7720318437 3674233.2607421875
425772567.1150670052 3671613.3466796875
426089252.4480440617 3674983.1162109375
425095198.9806995392 3669670.6523437500
424615963.5574675202 3667549.7109375000
424748293.1937482357 3668867.3203125000
424981829.0770209432 3669050.3300781250
425287691.8985608220 3669682.3261718750
425546065.7127065659 3670080.2578125000
403515826.2715574503 3264261.7558593750
403439705.8721745014 3259763.6411132812
403362931.5878619552 3253924.9672851562
403513347.5443527102 3263407.1835937500
403422090.6696881056 3255491.2075195312
403387193.8984221816 3254454.0004882812
