109843293.3550735861 500743.6166992188
109738425.5257416070 481235.6837768555
116532476.1077910662 986451.6704101562
117227529.8551423997 1009802.1684570312
117760584.0822518468 1021216.5195312500
111587547.9191178679 707645.1887207031
112266743.2253138423 767224.3049316406
114429515.2075506896 898516.3432617188
114560769.4054544866 906361.1147460938
115792427.9175771028 957947.3852539062
116603952.5499469787 988188.6684570312
110143182.1478357017 548394.0874023438
111657230.7022159398 713718.7023925781
116647952.6366700381 990279.6069335938
116657419.3107476383 990532.1567382812
123208697.4459308237 1089026.1562500000
118615979.7396495044 1039274.6669921875
110065293.2977464050 533560.4874877930
113016411.9900015295 818166.4780273438
118230643.8843657523 1033555.3125000000
119851515.4082954079 1061554.2919921875
120060714.8219300807 1067180.7333984375
120389098.2644931376 1071250.3447265625
128026949.9944403470 1091279.5849609375
110163278.5936519504 549076.7910156250
110208787.7498864532 559525.0408325195
114399298.5154491663 898035.7329101562
114666557.0724781901 909853.8740234375
117942699.2286938131 1026464.8867187500
120142748.3861021698 1068656.0546875000
120417166.8868879378 1071998.0683593750
121451601.1769630611 1080854.8447265625
120004050.0683668256 1065182.8837890625
109995267.0496353209 526693.1037597656
114249117.5394018143 891622.1000976562
114200960.3108495623 888974.0952148438
119071205.2347792834 1049620.3681640625
112205952.0277058631 758287.0490722656
114241576.7088336051 889220.1430664062
114046474.9874329567 880431.1616210938
117930003.5271482170 1025824.4404296875
120046641.9575758874 1066918.2089843750
111416772.2716016769 696751.3098144531
110124753.3602733761 546054.0494995117
110999730.2605506927 647386.0006103516
120433926.3119470477 1072350.6513671875
113141532.7945089340 825853.2504882812
113923280.1478604823 876323.7832031250
109690342.1725777686 464066.4342651367
113875936.7976112366 873880.5776367188
120185239.3913107067 1068669.8994140625
111063154.3031738847 651327.6494140625
111656695.9852077663 710744.0114746094
116576784.4277369231 987937.8735351562
121646568.3163448572 1082646.8388671875
122357157.5454961360 1085975.6279296875
120327894.3068207353 1071133.3154296875
109669495.0668130368 460660.4133605957
109651671.6170139909 453596.6084899902
110029712.2073114961 526946.9920043945
111392233.3034056574 689536.0314941406
123328495.9271064997 1089100.9287109375
110802985.5042498857 626345.2075195312
114394012.8478771895 897714.9155273438
119487942.9689941406 1056140.5136718750
119972981.8173288554 1064149.6416015625
120732650.9978639334 1074185.1357421875
119785559.7993955612 1061051.5205078125
111562207.4530061334 706517.0388183594
122339762.5259636939 1085852.3193359375
109637338.9246234298 453148.3163146973
113570819.3771862239 851341.9741210938
120672021.4780307114 1073642.1513671875
117510846.1972109377 1016406.2622070312
120643606.4098750502 1073632.1064453125
114175026.2500408590 888118.9843750000
121897887.2108366191 1084150.5937500000
122446602.9348632693 1085998.9892578125
109994634.1347661912 525677.4003906250
112239977.5295596421 761662.0864257812
120412165.7515859902 1071355.3505859375
110091902.4387427717 543097.6072998047
111342751.1817915440 684641.0305175781
116064145.4181654006 969295.3193359375
121873275.5340693891 1083857.7519531250
112300795.0746718347 767560.4504394531
121970899.7177169919 1084604.2617187500
121430577.4549443424 1080582.9541015625
121461955.1138288081 1081624.9052734375
109927677.6061072201 515956.9074707031
112258903.6389533579 764328.7727050781
119344963.4234657437 1055194.5595703125
120282417.1321666539 1070305.6914062500
120336806.6738283038 1071199.0859375000
111100769.2693601996 652699.7672119141
111703082.5416573137 718544.0759277344
119493745.4465241134 1056144.3134765625
120076629.3521286547 1067402.0068359375
121786817.0783281922 1083223.0009765625
110176210.7202981412 551641.9849243164
113817609.8634469062 868351.7607421875
117566721.0933751166 1018981.8037109375
112575556.7678150833 788032.4526367188
117221187.9222177714 1007290.7690429688
113156104.2799866945 827580.8510742188
113611326.5999155492 858163.9379882812
114248822.0323006362 890613.2856445312
110865728.1980627626 634153.7438354492
110810328.1295253187 629393.7414550781
110876251.3665329963 635728.9619140625
113596427.6876296997 857356.4985351562
121149514.1469964981 1079021.4248046875
109805815.4594559073 495793.3789062500
114081393.1979103535 884120.3559570312
116307257.8209168762 981552.0444335938
119239964.6795107275 1052758.0498046875
113730308.6533938497 864766.6269531250
111673737.4648063779 715535.5190429688
116573160.1866018921 987303.9399414062
112952223.8243002892 814174.7368164062
113106748.2503888607 824189.3090820312
113083480.1976884454 821644.2949218750
121507866.8909100592 1082325.0312500000
116500765.9372350723 985987.9946289062
109832916.0269877464 498840.8713378906
117388619.0593684912 1013224.3564453125
121383571.4966849983 1080429.9892578125
127860126.6573048383 1091189.6621093750
116287064.7233572602 979268.3383789062
109701049.7087199986 466106.7590637207
110693341.4805288166 612440.0814819336
112952293.9850342721 816185.0932617188
116129015.2659043074 973264.9628906250
115996159.2977977693 968707.8310546875
116294077.5456286371 980572.7797851562
116039096.6289066523 969004.4877929688
117630240.5912592113 1020741.5390625000
109628489.3753396571 445771.4610290527
110283413.4019840956 561721.1962890625
111052258.6856011897 649139.3872070312
113678423.0809865296 861436.5727539062
122982602.1018845290 1088630.7656250000
111342870.6778367460 685839.6169433594
115769792.8540168852 957574.5688476562
115966159.3611492068 965995.8618164062
119193314.4732097685 1052058.1015625000
112612561.7599056065 788356.9306640625
116204868.1544202417 976701.2861328125
113784918.8393800557 868344.3178710938
122572073.0976291448 1086695.1220703125
127724289.3191555291 1091131.5234375000
122913612.1370434314 1088067.1699218750
109983801.0163884461 525420.9365234375
117876405.5403506905 1025782.1542968750
111282659.9702769518 679300.8852539062
113573991.1556517035 855268.5629882812
121931525.7436582148 1084282.0302734375
109802126.2712359428 495495.6076049805
110715347.2780277282 617529.3198242188
112234421.8762861937 760061.9645996094
115757800.8351169825 952408.3710937500
112322571.3797954321 768867.7248535156
117256396.7102669030 1010702.4174804688
117821964.1955168843 1024060.3906250000
119311460.4624943882 1053872.2119140625
122165393.3461951613 1084771.4863281250
115879787.5512185246 963076.3359375000
112526497.1288473606 784788.3771972656
118136647.7023831010 1030663.4765625000
122664642.6766276211 1086946.8974609375
110783184.8592957854 624121.9948120117
109761288.6200784296 482069.5628662109
122793052.7276360244 1087800.9472656250
112569460.6426080167 786383.9787597656
115847796.3236008435 960375.0097656250
112925692.6690933257 811959.4248046875
115974782.1660638899 967583.8662109375
119153568.5613747239 1051853.4042968750
117339824.7212233990 1012076.6816406250
110717720.7286953777 618857.6981811523
112315492.2193725556 768682.8923339844
111371808.3857810944 688125.8395996094
118584157.1555142850 1037165.4033203125
119122010.3950813413 1051134.2001953125
113498535.0227184743 847791.7045898438
113516606.0301712006 849608.8969726562
118443584.5124616325 1036827.9511718750
113443071.1418240964 846917.1987304688
109786427.4678238630 483503.6703491211
114068187.8990274072 881167.0903320312
119120862.7496707737 1050907.3720703125
113290088.4181034118 835090.9165039062
110735199.2363861650 621478.0264892578
117236868.0237008780 1009844.5209960938
112458867.7822674811 778788.7951660156
120731838.4657602161 1073679.1523437500
112344689.7530852854 772567.9475097656
122748641.2309824973 1087171.0146484375
127223944.0652939230 1090890.2763671875
113101111.4073576033 822148.3613281250
111216490.7639981806 670550.4526367188
111240404.4091270864 673418.5375976562
114782747.4464247674 912660.4008789062
111114240.4641631693 660735.9179687500
111263032.8807721287 678968.3125000000
113396939.5141099542 844195.4902343750
114760454.3918484896 912254.4633789062
116821784.2402965128 994859.3662109375
123194568.8438662738 1088742.6748046875
116699436.6912799329 991004.6064453125
118891193.3521998674 1045385.0166015625
113539548.0587149560 851069.8261718750
111167149.9745263159 665390.0505371094
118926845.3614790589 1045600.5507812500
114764804.5277349949 912654.1938476562
117119678.0547611713 1004722.6665039062
112513233.3566152453 782482.8994140625
112410380.5446004868 776786.9101562500
117370799.4426299930 1012962.1684570312
113654361.1925900131 858781.6328125000
112478227.8876412064 780754.3857421875
117157125.1666700244 1005765.6918945312
109717771.2485287637 469770.5378417969
113006370.2715307027 817719.1044921875
118973298.6809314638 1047231.1210937500
110240717.9835368991 560016.4280395508
109967263.0019948632 523693.3605346680
111378220.9298166037 688526.2255859375
110207146.5422134697 557705.7124633789
116708195.3795146048 991571.1918945312
109699559.4907277822 465773.9211425781
110307778.3977259398 569260.9271240234
120796955.1488318145 1074346.5439453125
109717634.4187027663 469224.7604980469
112745067.9444550574 797434.6835937500
118752408.0333275497 1042877.1455078125
117005168.4332885444 1002347.5981445312
118647440.4488492757 1039863.0000000000
118769200.2489862740 1043996.5097656250
110776564.7575697154 622819.9215698242
121024216.5628798902 1075827.4140625000
120981441.2388054132 1075620.4072265625
110647304.2625223696 609909.1132202148
110246400.3922740221 561323.8422851562
116932840.4401243925 999480.4604492188
112773366.9135967344 802665.5649414062
115356538.5804421008 934153.5205078125
127074919.7613832355 1090119.7294921875
109797393.0264433324 491041.3676757812
127479376.2393448502 1090930.7353515625
115246234.8539246321 931816.3872070312
119763792.2425048351 1058805.8437500000
114968779.7202234864 920160.1835937500
115191512.3773984313 929802.2016601562
115624383.9242092222 944794.8920898438
117198874.5038682073 1006824.5112304688
115225186.1305485666 931611.8823242188
110341838.2227891982 572659.8052978516
109872894.9942175448 504261.4161376953
113196063.2591318935 828338.2158203125
115684429.8304651827 949305.8876953125
110943444.3111977279 640603.7432250977
115625403.2073043883 948546.0649414062
112985210.9769649655 816768.4643554688
112757764.8979318887 801545.1772460938
127210863.7017365992 1090530.4003906250
112653080.6407640278 793607.1210937500
127143020.7946521640 1090324.6523437500
112841675.3594691902 807124.0590820312
126927605.2777930498 1090112.0107421875
112847181.8072414398 808082.3256835938
113369679.6261215657 840058.0600585938
115441372.7967215031 937610.2958984375
110525212.4267989397 594844.8675537109
119687026.1982520223 1057317.0546875000
109869831.2655648738 503589.2883300781
110553186.7297553420 596725.5456542969
113239763.0024666935 830520.0878906250
112069882.8455882967 727815.2026367188
110467433.2399611771 587203.9733886719
111939403.3633697182 727301.8063964844
109950713.6820556372 518438.7606201172
126659441.2064015269 1089616.8398437500
110640694.8040471971 608244.3613281250
111917998.6142027080 726783.3427734375
111838979.0091054887 721852.2661132812
126621394.7491167039 1089557.3613281250
126609267.0217634290 1089413.5390625000
110385058.7311533988 575478.2697143555
110557266.0932027996 599018.9874877930
110325551.5533279628 570085.9245605469
110519183.7430433035 590275.1329345703
110485251.4801751375 589952.1950073242
109886709.8847535104 506555.4219970703
110262090.5404800475 561571.6291503906
110305648.8323776424 567474.8538818359
110406224.0718597770 576176.5750122070
115302169.1222703010 933082.6435546875
115055517.4919286668 923568.7041015625
110194402.3392961919 552078.3338623047
