797781708.9428449869 11552042.2734375000
798646429.6900383234 11554235.5996093750
798522853.7521309853 11553192.1191406250
797410088.6696016788 11550915.8339843750
797222980.9821418524 11547876.8437500000
797397558.2331098318 11550543.6093750000
797210790.9694365263 11547841.6191406250
797115320.7436940670 11547586.3730468750
796829095.0114110708 11546567.2714843750
796731713.4513800144 11546262.6152343750
720776686.6117575169 8666569.7558593750
720766315.7861567736 8657207.0312500000
790963059.3978953362 11499088.5234375000
790605053.5516207218 11494845.1953125000
720749048.6459048986 8655833.3066406250
722719802.3485587835 8954265.9472656250
723028314.4749208689 8956522.5234375000
722678871.1134428978 8949983.1562500000
722666583.8664247990 8947296.4160156250
759127280.7504100800 10929609.2949218750
758840891.8921651840 10918267.4199218750
758720078.3183680773 10909386.1523437500
758921764.3625088930 10920406.2968750000
759409484.6602333784 10939577.9375000000
790453611.9026581049 11494409.4804687500
791189179.4790054560 11501401.1542968750
791037274.7657790184 11500218.5605468750
721990253.1853959560 8897976.8457031250
722397251.9301471710 8931410.4091796875
722418571.4421548843 8937992.7832031250
722175543.5407934189 8917595.7558593750
728246902.9066841602 9381868.9873046875
728085821.4389762878 9378698.5449218750
734521069.7711675167 9799267.5185546875
758933162.3944665194 10924479.7109375000
759831578.6378872395 10948588.1269531250
759264164.1060837507 10934860.1464843750
759529356.0650110245 10942144.3730468750
790094198.6177239418 11489088.5937500000
790150657.5568280220 11490661.3027343750
794332562.5571491718 11527797.3593750000
794127786.8384746313 11526311.3925781250
722099966.0855399370 8911024.7617187500
734439270.2217396498 9796591.1269531250
734209225.4378119707 9781277.6787109375
721980792.9933143854 8886754.9707031250
722271956.9381496906 8925535.9287109375
722136976.6870914698 8914887.4648437500
721958248.7734664679 8881135.6640625000
731685302.5225759745 9629527.5126953125
731150494.2019169331 9600232.8642578125
731242014.6640713215 9601297.4462890625
734247952.0728739500 9788689.4169921875
734406108.5021485090 9794415.4541015625
733885010.9018099308 9765454.1982421875
733897015.8979419470 9766459.8994140625
733969685.8103425503 9766533.8369140625
731434842.6104481220 9616279.5673828125
790310448.9335604906 11491856.2578125000
758690184.1978987455 10902960.7832031250
758751421.1774812937 10912438.0410156250
789596327.0337542295 11481321.2285156250
789844716.2504920959 11485443.6718750000
790362109.8917838335 11492020.2871093750
789804656.9800221920 11483854.5761718750
789891559.6730041504 11486300.9140625000
794031820.3189231157 11525206.1503906250
794004493.6594741344 11523819.2402343750
794150923.9118685722 11526502.5253906250
794272357.2312856913 11526595.8417968750
794269340.5836752653 11526543.0449218750
813495423.3876477480 11575960.3320312500
732910422.0589324236 9707706.4755859375
732801169.7771569490 9702811.8017578125
733647147.9718666077 9748066.9287109375
758703098.2101471424 10908020.3203125000
794105421.5490320921 11526266.4472656250
813652394.6432183981 11576028.3496093750
813694596.2330015898 11576449.3046875000
767908409.0407516956 11141236.7656250000
767966294.9614779949 11144223.8300781250
767910416.0932410955 11143862.5488281250
767624415.8540904522 11131945.3144531250
767766241.1753673553 11138879.5410156250
767822004.8140870333 11139488.6289062500
767499086.7307102680 11130839.4179687500
767413663.6585500240 11130328.4316406250
733301790.6625478268 9726363.2197265625
733398523.7215391397 9731060.9833984375
733113087.4361115694 9717594.0576171875
767627140.7931066751 11135185.8925781250
791829962.1666183472 11503631.5546875000
792324347.8759990931 11509074.8183593750
728547465.9301885366 9392853.2099609375
732731495.2433966398 9693372.4521484375
732710965.6513925791 9692757.1347656250
732431697.7816547155 9672734.0185546875
792165348.5249743462 11503884.7656250000
813286017.2619463205 11575062.6582031250
728461149.0503743887 9390006.4179687500
728733614.0321340561 9408022.9248046875
766848694.4932020903 11114299.2226562500
813147943.1318756342 11574724.3378906250
812901623.2717660666 11573760.9296875000
721078953.6157695055 8713070.3828125000
720992385.9929164648 8698969.6406250000
721735678.0285509825 8818016.5087890625
760070924.0795793533 10950960.8164062500
721708690.8421765566 8812648.9218750000
721701915.4241691828 8811357.6025390625
721647664.9161196947 8808044.2480468750
728333238.1090501547 9382832.4882812500
766571256.1694558859 11099134.4003906250
788755910.1315153837 11463899.2011718750
788334790.4005426168 11452191.1582031250
787780983.8304333687 11446125.0000000000
787930642.0451712608 11449980.7968750000
721561304.3191157579 8764989.3154296875
721427924.7951169014 8758608.3750000000
725238687.5011446476 9085712.0664062500
731944871.9726835489 9631979.9804687500
731883528.9850705862 9630635.1562500000
731652192.9365388155 9621231.3632812500
731632859.1071934700 9616289.5703125000
721296726.6839849949 8738498.6201171875
787141457.7718296051 11433920.8808593750
787128446.1521528959 11432559.0410156250
721267711.0950493813 8732012.3789062500
721219486.4153743982 8723575.2822265625
721406705.3154450655 8747452.8759765625
730376309.7488436699 9515913.2685546875
730384554.3956059217 9527552.9101562500
730334784.9385561943 9514549.6220703125
730212668.1558296680 9512910.1689453125
730087490.3451621532 9509236.8408203125
730032313.6289530993 9497641.0292968750
764980033.6128284931 11057257.9667968750
730074507.7186970711 9498221.9726562500
729795139.5757844448 9485899.4628906250
764665003.8250416517 11050682.3125000000
764900297.4239866734 11053568.9042968750
764912773.1130577326 11055496.0820312500
764831175.4321594238 11053430.3476562500
764492181.9052972794 11047538.5195312500
764571939.5361233950 11047595.8046875000
729690023.8422484398 9478452.2363281250
729444030.8879879713 9461308.6708984375
729645734.4834280014 9470907.7949218750
729578461.5833568573 9469049.4228515625
808883123.8897109032 11560813.1328125000
808880079.0130379200 11560703.4902343750
729512523.2454851866 9461442.0761718750
729607733.4780057669 9469611.6914062500
729418497.8692815304 9454102.0732421875
784078224.0669107437 11383982.6992187500
784374650.5519068241 11387339.5078125000
783959691.0911434889 11373881.1054687500
784049954.6047643423 11380487.0312500000
784207763.3818222284 11387080.8945312500
808544535.0397562981 11560555.0312500000
761873928.6033226252 10983475.0859375000
761676407.9955257177 10979660.8847656250
761769391.2494299412 10981006.2929687500
761264782.6737443209 10967939.7656250000
761502613.0534967184 10974382.0820312500
761330979.1796295643 10970354.4960937500
761373210.9733082056 10972985.5957031250
728836563.9813852310 9420178.5361328125
728393072.2273564339 9385358.7714843750
784680598.9615095854 11393461.2363281250
785101668.4348218441 11396372.7636718750
728302240.7344324589 9382497.7910156250
728450754.3054473400 9388001.5449218750
784639303.8216533661 11391318.2539062500
785877520.4671958685 11406468.3066406250
811960512.3108297586 11568167.7949218750
785719299.7089171410 11404760.8671875000
785965788.5078122616 11408738.9121093750
785800017.8483523130 11404888.8730468750
811568060.1573617458 11566469.0703125000
810703799.5381228924 11564666.9394531250
810352432.3051469326 11563669.7148437500
725047784.9076819420 9084568.0234375000
810164109.4298530817 11562895.7617187500
810512838.9706115723 11563926.7832031250
810425488.1314797401 11563899.4355468750
758144328.6584813595 10831597.6757812500
757683829.9611330032 10815907.0175781250
757486149.9916146994 10806975.0390625000
757858329.8751064539 10824652.4453125000
757568983.9592564106 10811634.8984375000
757225991.4240068197 10801893.0527343750
756842144.2834511995 10789292.4062500000
724004349.3873903751 8961217.8212890625
756454579.4045618773 10757695.3144531250
756433862.4013280869 10755097.4433593750
724074624.7473636866 8967936.6982421875
724347590.8455284834 8991985.5488281250
724286160.7064887285 8985341.0878906250
724245157.7733439207 8979707.4414062500
724484595.9889121056 8998540.5214843750
724530142.3771537542 9001798.0673828125
724552232.2790368795 9007943.7177734375
724533748.0116643906 9003605.6054687500
754921180.9254776239 10660623.6054687500
726309052.1211009026 9163435.3779296875
755561513.7059547901 10682769.5429687500
755148573.7534865141 10674342.0839843750
781118432.6857881546 11317134.5234375000
781591588.3658933640 11325818.1953125000
781406156.8524622917 11325143.7089843750
780919767.0581808090 11313295.3281250000
781702316.3267410994 11328362.7597656250
781138262.8603088856 11318216.9003906250
781361784.1227686405 11324804.1289062500
727743612.7447693348 9292721.1376953125
780070930.8165683746 11298237.5839843750
780279732.7413083315 11303486.6875000000
779677099.3229820728 11279849.4042968750
727003553.3819336891 9227556.4257812500
727124091.2377872467 9233291.0478515625
727225216.0006989241 9242974.6748046875
727162675.7177350521 9235374.8173828125
726948432.5071519613 9221069.0244140625
726846695.9145215750 9207373.1865234375
726805506.5019378662 9202324.8994140625
726540580.6048567295 9184788.0605468750
726500158.4591871500 9182838.8525390625
726263204.8333652020 9133645.3427734375
726258413.4581521749 9123018.3671875000
725960300.4111016989 9112034.1484375000
726030195.0853931904 9114004.7871093750
755895158.7372335196 10692761.6015625000
755716374.7521395683 10690993.2871093750
779633615.8071984053 11268150.3613281250
755811362.6534489393 10691368.5390625000
755710653.9248690605 10683060.8105468750
779310944.2763329744 11267062.8710937500
779647311.0114332438 11271520.4863281250
754861429.9088045359 10656223.2460937500
754768372.9100599289 10646506.7167968750
778855450.7409559488 11228702.3593750000
779108031.2524639368 11235745.8867187500
754726430.7368216515 10577727.2773437500
754473863.0985274315 10564643.3496093750
754579175.2574054003 10571530.4902343750
754402532.9181886911 10552388.2695312500
754281859.1391040087 10550830.6718750000
754444107.1790866852 10560453.0097656250
754142977.6500383615 10492033.5097656250
754159548.0989121199 10502256.0273437500
753946723.9376221895 10486358.0410156250
753862368.0748146772 10485047.5820312500
753626610.3491582870 10455114.5859375000
753782366.2175357342 10461858.8496093750
753477564.2039135695 10387432.4863281250
752896090.0992426872 10354602.3281250000
752579413.7830208540 10337967.7304687500
752534397.2727744579 10337257.6777343750
752066400.2409280539 10318058.9453125000
752338516.9991805553 10324929.3164062500
743507599.0958774090 9840259.7890625000
752004795.1903578043 10301925.0800781250
751936908.0401737690 10288788.3466796875
751935248.6971076727 10288191.5888671875
744454917.1234812737 9844265.8212890625
745327895.1757425070 9881554.7177734375
745635501.0940009356 9891099.7851562500
745704979.0536632538 9897028.8339843750
751725920.4130860567 10250087.6767578125
751617716.9555715322 10246561.1513671875
751727907.8769875765 10251649.7353515625
746904726.9894582033 9951759.1884765625
746778819.8109743595 9947576.2285156250
746654404.1798706055 9926512.8955078125
746666040.7949542999 9936927.9814453125
746698752.9682264328 9937066.5595703125
747501876.0511430502 9985287.6025390625
747255782.6898728609 9973825.1728515625
751247507.4384502172 10211907.1943359375
748297325.8835369349 10001385.4130859375
748823565.7710487843 10021417.4912109375
748863012.5130703449 10028774.1240234375
749277584.1284805536 10045150.0156250000
749310846.6250416040 10045313.9609375000
749311331.4992083311 10052342.0312500000
749592328.8034681082 10077970.6953125000
749425359.3660987616 10061257.2324218750
749538092.4728482962 10068604.1035156250
750092726.1629890203 10096004.8652343750
749893265.8903610706 10088660.4511718750
750863116.0342227221 10160285.4638671875
751030853.1947493553 10172708.5146484375
750741483.1621704102 10156061.1513671875
750957808.1679942608 10169504.2460937500
750875387.8906135559 10161586.6591796875
750882061.4570530653 10163933.4306640625
750586563.1452227831 10122842.2792968750
750610701.9257082939 10124109.9921875000
750504284.8276662827 10121687.1250000000
