188926074.8189679086 1789684.7968750000
192927725.4865255058 1880644.9970703125
192565470.7172277272 1873403.2441406250
193668109.7776746750 1889427.7607421875
197321514.8697955608 1927507.5048828125
197664724.4268069565 1929952.7373046875
197799165.2296795845 1931267.1298828125
197573729.3492781818 1928704.3408203125
200861520.4572897851 1936649.5400390625
189043457.8559374809 1794819.3339843750
188948657.0665357411 1791996.1464843750
178441235.7674417794 1007980.7276611328
178476920.3866223395 1011345.9912109375
178536742.1447128356 1011838.7464599609
179428790.5642824471 1165670.9797363281
179462632.6740014851 1169941.6198730469
181028074.6262373924 1327998.3027343750
186324794.0189832747 1693777.1513671875
186325507.9763132632 1696240.6708984375
188061607.4578672349 1768870.0615234375
188612052.1222522855 1787489.8505859375
192670415.7306819260 1876505.8447265625
197309208.9634038508 1927162.4267578125
200865396.8165985048 1936656.5498046875
201035582.9209447801 1937755.1943359375
188469559.1594468355 1781465.3310546875
188572340.6930875480 1782434.0107421875
179209296.7958411276 1141679.1406250000
179158040.0931748450 1135757.5366210938
179133332.7100156844 1131228.8195800781
179579740.0370512307 1183734.5070800781
183383113.6678267419 1517186.4921875000
188258799.5645543933 1776695.8447265625
188438732.1372899711 1779887.6044921875
190962068.9812432826 1841488.4140625000
196134701.6544792354 1917306.5058593750
197602348.5651767552 1929671.4140625000
178562098.4396374524 1013504.9528808594
179445667.1088110507 1169155.9230957031
179547284.0630621016 1183083.8127441406
178299492.1397030056 992302.3682861328
179543387.3013629019 1181346.8613281250
179632941.9880613387 1184215.1369628906
179356843.3978579938 1163630.1027832031
182109796.1124460697 1422917.5449218750
182185989.8738284409 1424478.9667968750
183887699.7579512894 1549635.0576171875
188057805.2335465848 1766996.5683593750
188209283.7391819060 1772910.1298828125
198033083.5736342967 1931505.8134765625
198286065.3054072261 1932051.8593750000
200719172.2765224278 1936140.2119140625
179263150.6015270650 1146943.0202636719
188251513.6414256096 1774555.9257812500
188155384.7983954549 1771555.3525390625
178104635.7908050120 931891.8304443359
180946668.5699097514 1324520.9135742188
183919181.9924137294 1549874.8271484375
186633565.8190287054 1712742.6337890625
188252599.9439584613 1775429.7783203125
188359135.8880370557 1777849.0087890625
188491120.9166523814 1781616.9755859375
188206476.4639376998 1772895.9833984375
188241975.4344430566 1773537.7685546875
178404713.1900226772 1001556.8687744141
190769027.0339398682 1838097.9912109375
197713892.4965836406 1930888.1083984375
198710828.6920290589 1932333.7910156250
178390199.7097890079 992619.1229248047
178286732.5035041273 982508.8770751953
179183873.3022404015 1140893.8437500000
182173202.1169544756 1423295.7060546875
183882904.8194172084 1548382.5937500000
190716526.0484196842 1836777.4667968750
193151049.7592177987 1883856.2880859375
195442819.6736143231 1909085.0810546875
179310424.2774428427 1151393.7612304688
197093506.4605471790 1924832.5859375000
178071491.9581379592 920938.7987060547
180608041.8721949160 1288980.5097656250
195405988.5574842095 1907583.2226562500
197407661.2069312632 1928539.5634765625
178068005.7745613158 916565.9017333984
178234227.3950370252 965420.3568115234
181073078.9431825280 1337960.0356445312
180812554.9027517140 1312348.6367187500
184120373.9270500839 1557456.0698242188
193410813.3392626941 1884370.1972656250
193465983.6458164155 1886559.8544921875
179256139.8459320962 1145111.5488281250
180914169.2954874337 1320897.8950195312
182200078.2879181504 1425586.8813476562
187616959.2162935138 1751271.5058593750
189831342.9258062243 1813495.6005859375
178050649.8288973868 905180.1029052734
180467211.7839354873 1278518.8269042969
180921337.3694431484 1324291.7250976562
192704295.9987059534 1878312.7050781250
200080287.3255064785 1935105.0546875000
183648264.6048083007 1536223.8608398438
196609952.1819564700 1921372.5869140625
183584744.8494099677 1530561.0322265625
197054087.5430150926 1924470.4980468750
178214458.7910113037 963368.2067871094
180917076.0515944064 1323537.2099609375
193170137.3382373750 1883952.2353515625
178992793.6887722909 1110826.5173339844
180876609.1220471859 1320843.1909179688
190115685.3127052188 1825190.2441406250
192409484.9525398910 1872623.4042968750
197045605.0785767138 1923103.1044921875
183779681.8208443820 1545703.9877929688
187739783.2478255332 1757618.7958984375
190449249.1063029468 1832311.8750000000
195277457.3839201629 1904830.5908203125
179010926.9131159484 1113838.2346191406
187494141.0446253419 1747656.0556640625
197175614.2540096641 1925820.3320312500
183675220.4315027297 1536524.1103515625
186603451.5542051494 1708279.8769531250
194373313.8941043019 1896393.2099609375
178922458.4367428124 1104540.6789550781
182008921.8328946531 1415660.8178710938
189964959.0894927979 1821258.7197265625
192849308.0453688502 1879650.8515625000
187434129.6483243704 1744291.5957031250
192568901.6128450036 1875852.7529296875
178857139.4484196603 1090520.0710449219
186472232.4398330152 1703605.8447265625
192511493.2611854970 1873183.7998046875
195519464.9083732367 1909733.1542968750
200376046.7076562941 1935876.8808593750
183694829.0513316095 1538841.2119140625
183587440.8967813551 1533177.5336914062
186990214.8865810037 1726843.3847656250
192240492.3363055885 1867431.7734375000
192313862.0102232397 1869526.5673828125
187243880.5519756973 1736701.7382812500
187329950.3752641678 1741165.8427734375
190356981.4267795980 1831503.2646484375
192239050.7375606596 1867406.0771484375
178132613.8225585520 942084.8118896484
181259621.5377292037 1351741.2214355469
183910190.2006652653 1549653.8535156250
192442976.1662651300 1872924.1455078125
178969087.0310908258 1109299.0629882812
187449987.9315527976 1744484.2958984375
187413291.0188364387 1743916.2187500000
190819072.8370583951 1840144.5839843750
199364066.5128530860 1932994.1660156250
178909098.3043049872 1096704.6494140625
178935790.5079745352 1107221.0187988281
183675950.2304483354 1536852.2734375000
195667637.9904958606 1912719.5673828125
178126875.8117575943 937692.4278564453
182235514.2205434144 1430338.4028320312
186868423.0366071463 1718828.2207031250
187122654.1236194670 1733466.2978515625
190548209.9604367018 1835604.7089843750
182042791.4568255544 1415882.1879882812
183866786.1087113321 1548361.0649414062
184428781.7241040766 1577291.9101562500
186617541.3752787411 1711393.8007812500
187103298.9778149128 1731684.0527343750
190234064.8982246220 1828649.2060546875
190333735.6346037686 1829545.4179687500
190183055.9895935953 1826536.5742187500
194108740.9458174109 1895067.4599609375
178196712.7359205782 954743.9014892578
178190256.0046568811 953822.7801513672
192358021.1791764200 1869814.6425781250
181915529.0633781552 1408352.0766601562
181994189.1235602796 1414086.0112304688
189465574.2066750228 1805691.2001953125
189595283.4370171428 1809361.0996093750
191417478.6155278683 1851984.2177734375
186695945.2934667766 1713723.7041015625
195580956.1570878923 1911611.5263671875
200016243.8896445036 1934941.4707031250
178162377.4625467360 943850.8845214844
181867771.0110943615 1400479.8012695312
194581242.6972370744 1899280.5751953125
195791429.9370722771 1914401.3837890625
181635106.2427056134 1384480.6967773438
186433963.8701165020 1699680.3613281250
186158569.8643922806 1681008.8681640625
192615447.0510414839 1876252.9814453125
196124054.3720534146 1916406.5166015625
181890989.9079952836 1405840.7773437500
178075730.8095220029 923543.3077392578
181690095.0309045017 1390984.9829101562
199754176.4547082186 1934714.6699218750
179029793.9754067957 1121776.9899902344
181247317.8515709639 1345224.4863281250
183318361.8524609804 1505578.3823242188
180428047.2130374908 1275637.2436523438
180303380.7390576899 1258629.2531738281
180224953.9123110771 1255479.1293945312
181287821.2618100047 1355939.7128906250
183433410.1953124404 1518754.8481445312
194523107.4076233804 1896944.4150390625
199526933.1909155548 1933818.5781250000
190981227.1068053544 1841885.4267578125
198972417.5913553834 1932962.4208984375
191586954.7146277726 1855198.6894531250
198601624.0460791588 1932111.2333984375
178965551.1743473113 1109129.4804687500
184299176.2396466434 1574334.6059570312
194071477.0918596983 1894611.7783203125
184565299.8728875220 1585155.7172851562
195974564.8790195584 1916209.7763671875
184536689.2499379814 1583396.6586914062
184385936.1916778386 1577086.4458007812
196233956.9865344763 1917882.4472656250
181342164.9207642376 1359547.9824218750
184442365.3407631516 1581960.8125000000
181471399.4376275837 1367577.7563476562
189476493.9360697269 1806076.4892578125
178614543.9539368749 1024244.6015625000
180517028.6438781917 1286213.9128417969
184629110.6740008891 1586333.1718750000
196422072.9012126923 1920096.2773437500
181437750.0521281958 1364412.3247070312
181487962.1874446869 1372394.4672851562
181333557.5797174275 1359341.2929687500
180494536.0416396558 1284536.8117675781
191116439.9099838734 1845133.0332031250
180665985.7176329494 1298348.8002929688
180624120.5837017596 1295906.6513671875
189419697.5984849930 1805658.7050781250
191239007.8859105408 1848891.5078125000
181462829.4468261898 1365980.9433593750
184222247.4121330082 1567343.1484375000
191009219.3724297285 1842606.8300781250
196565827.5390725136 1920311.2548828125
184128691.6179868281 1562914.7822265625
178674536.4182916880 1039412.1867675781
190890228.1486985087 1841296.5888671875
180219057.1868851781 1253617.9948730469
178570729.4070692658 1021994.7680664062
189910262.9369276166 1818890.7041015625
191710131.0718203187 1857662.9228515625
180384173.7888071239 1270602.3171386719
189846925.9326695502 1816791.2216796875
180480164.0015272498 1280988.4184570312
181188282.1258904636 1344225.2568359375
181061012.4634920061 1334083.2998046875
193966310.4048823714 1891902.5214843750
178754436.1063131094 1045961.2243652344
178823578.5957719088 1046434.9418945312
191330844.1210693419 1850869.2792968750
178720920.8926121593 1043371.2331542969
178847167.2648994327 1052953.1420898438
178651237.5383912325 1033917.1188964844
180316357.9922310114 1266178.1965332031
180131267.5178755224 1239749.9531250000
193847264.4465267658 1891405.2402343750
180158432.1120139062 1247145.2885742188
195151144.8957829475 1903024.2607421875
195193442.6648226082 1903846.7988281250
195076713.7379436195 1902932.8193359375
194863344.7884261012 1901660.8652343750
180151732.9448147416 1245480.3862304688
179987627.1192592382 1228145.2756347656
179791168.7861697674 1203671.9184570312
189376207.9227323830 1802445.4189453125
179815648.3241017461 1204894.8081054688
179847890.5447538495 1209676.8618164062
179767708.4206018448 1203163.1977539062
179972020.5130417347 1222495.0231933594
194834440.6687097549 1901244.6425781250
194310089.3505111337 1896005.7685546875
179927518.5735916495 1218408.3513183594
179861184.3465512991 1213213.4233398438
179684578.4284973145 1190414.1857910156
179699900.0368323326 1191491.0695800781
179645970.4329683781 1185335.0747070312
189398783.3596875966 1802538.0488281250
184863596.6371346414 1597061.5229492188
185028899.3800281584 1599460.7973632812
193414546.4545479715 1885109.4257812500
184818491.8607382476 1593711.2124023438
185106595.1278940141 1601261.3129882812
192156360.2674638927 1863088.2031250000
183085272.2689619362 1468766.9360351562
183045431.7876869142 1466615.7001953125
183022789.4661988914 1466308.8681640625
182931169.6900438368 1455278.8881835938
185772613.2199195027 1628316.6694335938
185779588.2006731033 1629199.9926757812
185861265.3107495904 1635004.9208984375
185816270.2689772546 1634006.6381835938
182981052.0629290640 1459213.7089843750
182994588.5799967349 1460434.1542968750
182968615.0504885614 1457864.5117187500
185880117.3331912458 1635543.9155273438
186050861.6354806423 1646782.3403320312
186137384.3808582127 1648964.9931640625
182751979.5060375631 1434406.1225585938
182842689.5335210860 1437452.0791015625
