706831615.2107131481 3892641.7631835938
706815861.0991570950 3892533.6108398438
643673288.3728445768 1393558.8532246538
648911872.7352199554 1968786.4373145532
652920261.9205276966 2239454.1059996188
653848818.9994183779 2292829.8100998625
669446372.1253060102 2984736.6309768856
683525510.9686951637 3432131.4831514359
689791481.3012694120 3604539.8762512207
701207920.6915231943 3818998.5541992188
701275791.8737372160 3821449.5756835938
701740198.5234936476 3831376.1733398438
706144777.8022174835 3885667.3891601562
706916600.3707677126 3895248.9643554688
717884778.3422659636 3929003.0029296875
722239324.0783165693 3933653.8574218750
643741798.8028287888 1394617.1275624223
643460916.7736744881 1381770.1755207963
643581264.7333123684 1386894.8705742545
643406157.7383679152 1374090.9655598588
652857586.8721203804 2237587.2930710539
662898569.2845530510 2709114.1360452343
663174324.8097083569 2717652.4936328102
683505604.4943941832 3429593.5427579880
706173593.8507887125 3887552.7832031250
706895052.7585233450 3893543.3652343750
652642053.5626618862 2222779.4794266447
669516257.7625888586 2994479.0294143856
689172976.4203141928 3591615.7516174316
701391357.9615097046 3824350.1801757812
723209973.8748946190 3934272.3398437500
668899257.6144088507 2960628.9673416317
668923888.4073810577 2961243.5654861629
643364546.4645861387 1349376.0023949482
648986999.9162691832 1977798.9535325747
654054366.2123212814 2297552.3667769739
662986422.9673864841 2713178.2993753124
662680704.1895407438 2696282.4717385937
689020146.1813582182 3587878.5743713379
689414121.5942133665 3597599.7252502441
707764501.9016191959 3897327.6987304688
717690669.2229149342 3927478.3491210938
652587594.8072181940 2219064.9428971037
662780415.7946084738 2704941.7102639843
663663514.2674028873 2724073.9206534699
691194599.6592739820 3626034.2996215820
720589434.3735519648 3933044.8144531250
652779025.3208611012 2233874.2203171477
663283133.8873711824 2722631.4610717678
669450658.6551228762 2988281.0884964168
689076612.9769226313 3591574.8238830566
690752645.1895326376 3624011.0769653320
690369227.5941734314 3618678.5530395508
690623098.7391158342 3623697.6931762695
690265708.0314527750 3612689.0020141602
707266470.4494488239 3895802.7709960938
707004274.2700172663 3895618.6997070312
720171863.8866008520 3931840.6533203125
643890344.0211097002 1398084.6302272473
653905356.5846846104 2293148.1392014250
653567633.2752776146 2273556.8848679289
669182300.8560076952 2975148.3303787410
643373386.2037109137 1357318.4419449754
653706826.2616968155 2284201.3408005461
669059538.5314424038 2974891.9407303035
670937540.3257918358 3034979.9167126417
690580939.4222964048 3619326.2549438477
690066167.9929634333 3610195.2192993164
720374698.9436222315 3932866.1181640625
653683433.5285782814 2278470.1493637785
653397560.3415999413 2263177.3875229582
653458568.9149881601 2269738.1913559660
653234785.3930406570 2257572.2478745207
668776957.8227453232 2952686.2608887851
670395944.7833291292 3010972.1201664507
670936455.3377823830 3034879.7712048292
690813001.4911556244 3624446.7960205078
690290784.7999060154 3617188.0078735352
689898506.3487957716 3608450.9179077148
706459176.3017113209 3891197.6518554688
671008196.9423429966 3037219.5230358839
670909347.7255839109 3034868.7206677198
648658791.2888333797 1944257.5739927720
653321476.7596749067 2259039.7898361906
652926391.3232880831 2239775.7390854582
689640237.9507864714 3601701.6058959961
653122191.2533957958 2251533.6397507414
671308429.6809084415 3045599.7075029612
703351980.6887760162 3854537.5541992188
653009534.0945634842 2246433.5155747160
652706608.3491036892 2230055.8194382414
652969806.3692638874 2244412.4693405852
652325370.6744260788 2204616.8365433440
652862974.7037857771 2238359.3617966399
652658191.3152608871 2227411.2122605070
652467066.8377922773 2214617.5470535979
644580833.9563108683 1456679.8990446294
671178728.3114739656 3040149.9748181105
671083184.6622148752 3039203.4533337355
671208417.0798627138 3043656.4652355909
644463762.6259719133 1444854.7891622747
662984032.4712456465 2709224.1573913479
648831286.6521364450 1962441.8877439927
722164410.2751519680 3933452.9345703125
722327928.4961252213 3933733.7519531250
683791606.2147006989 3440467.0436124802
670787784.3820385933 3028034.8634899855
683678002.6517407894 3435976.8780851364
688575494.4574650526 3573307.0167083740
649080000.6009533405 1981939.3028440904
663172077.2529584169 2714099.6206882382
721802821.4866788387 3933160.0810546875
683740237.7725484371 3437413.4444913864
683552899.4428759813 3433634.2618741989
688011498.1740814447 3555857.5831146240
720196725.5507901907 3932319.4545898438
721391355.1532446146 3933154.2373046875
721278284.0123893023 3933125.9306640625
718610757.5562326908 3929738.4140625000
648557870.2546113729 1921969.7639952134
703156505.5005717278 3849513.4291992188
648527705.5026714802 1919995.1670332383
668780452.2543624640 2955032.4598633945
644641317.9328703880 1458253.3999525274
687610798.4636828899 3545002.5286712646
687477883.0492824316 3540667.9149017334
644564799.9699574709 1449989.7336221898
668976063.9003165960 2965637.6168458164
687295440.6461967230 3533912.0511322021
668816863.2726236582 2959083.0411622226
683755543.3779115677 3440025.4772062302
687335848.0302097797 3534147.9876556396
703602144.9878747463 3857731.0268554688
687346256.2737541199 3537768.2405853271
648634709.8170657158 1931527.7143736314
687425786.2329864502 3539745.4315032959
687096413.7495776415 3530906.1657791138
686970970.5018862486 3527935.1208572388
721215740.7263803482 3933074.9062500000
719743424.8518095016 3931438.5966796875
703000771.5021603107 3848479.0092773438
702743415.0537769794 3842579.9345703125
703065564.6036803722 3849496.0512695312
703187984.3479455709 3850851.4980468750
644696103.4767756462 1464694.8973546685
668646933.0806061029 2947084.5625312850
703295405.2412523031 3852222.8525390625
668582165.0415281057 2941275.2961738631
667463915.9300973415 2897418.0281985104
668395426.0235615969 2936460.2955309232
717177818.2478740215 3924843.5097656250
703895759.2785248756 3861270.9409179688
703865194.0376601219 3861256.2231445312
667585389.7379746437 2902811.1596682370
667488110.5911828279 2901795.7221682370
685655303.5399717093 3492092.5261631012
685601267.3190606833 3486263.0654697418
648416231.8799066544 1894073.3062277269
685273787.5386630297 3479622.0069980621
685522462.5273882151 3484116.3811435699
651680498.1639257669 2144360.7347321045
685452607.0650533438 3481854.8258457184
644767914.3505871296 1466072.9191804589
651277807.2763719559 2117599.9807823957
651335833.4240021706 2119120.9674619497
651468782.9948747158 2130287.3420957387
684923887.5402127504 3470677.4595060349
684414565.8921775818 3457916.6160001755
684173632.4907075167 3449319.5173673630
667537354.0293407440 2901830.2823489010
684218154.3232508898 3452313.1799650192
651039026.0301473141 2105362.0833519758
648449499.0563318729 1900893.2877340745
651356899.9061884880 2123564.6506671668
668053183.5674357414 2919681.4906008542
667748700.6996120214 2910258.7971860562
699740015.1144607067 3767066.3591308594
644798739.9727796316 1467828.4704878649
648497813.1125881672 1905723.0990133714
683211104.7273414135 3418763.7709379196
650814535.1450570822 2086274.2933129133
650900662.4784183502 2091494.4069603742
650974890.2722458839 2095757.5693138898
719144277.6323777437 3930033.5937500000
648513200.2432551384 1906295.8267965745
650848969.1059874296 2089912.7345970930
699661714.4710201025 3766421.6652832031
699745625.9046614170 3767242.1284179688
699410457.4868171215 3755648.7822265625
699480608.3976655006 3766062.2231445312
699430377.4584538937 3761329.1152343750
719742874.0327148438 3930272.0776367188
699455954.8978033066 3763074.1879882812
699995526.7178308964 3774869.1367187500
700072347.1001867056 3775631.3984375000
705306192.9200544357 3871686.9799804688
705102208.1411859989 3870949.8906250000
704964744.1328734159 3870313.2187500000
668295741.2403194904 2929508.8346725106
700078589.2887413502 3777386.9296875000
705010778.0554924011 3870885.0830078125
667902682.9102702141 2916659.1832278073
705306739.7660021782 3873772.1933593750
700338403.7422418594 3783650.8808593750
649908326.4100164175 2001850.9950947673
644462423.3184870481 1413708.0400480351
649886295.8177279234 1998153.1421894939
666133965.6857789755 2826550.3549561640
682867816.7563351393 3395453.2621935606
666680108.5885751247 2854491.8835415319
666318774.7750668526 2841282.5683350703
666407917.2914272547 2843438.4853272578
666151199.5490185022 2830915.0453858515
666303937.9380723238 2838534.6840577265
666269709.8582053185 2837303.2172608515
650695119.8389348984 2046915.6907321070
650697827.7884292603 2047869.1624117945
682715583.9809242487 3394289.9138048887
650487738.4483793974 2033549.6617404078
666199192.6071413755 2832783.6313233515
650687308.5209310055 2045161.2984591578
682490038.7251362801 3387202.1906603575
682467304.9638226032 3386137.4438341856
682245549.3103893995 3376592.5832384825
682311177.1116740704 3381802.0485705137
682453755.6463897228 3384995.4164904356
682422689.9950733185 3384494.4389513731
650230511.2755092382 2010137.7609278918
679899900.3351038694 3293391.7684016675
645703407.9440608025 1482726.1604880760
665085528.2654786110 2780455.0365338121
664759652.9263392687 2766660.4187969957
664920119.7135143280 2773062.9234356675
664805245.6742408276 2768781.4012188707
664717623.3028318882 2761964.9190411363
664547551.6344407797 2758475.6924786363
716969881.8295404911 3916070.0961914062
664533781.6110042334 2754737.2328069592
664222952.0208584070 2745162.5218243394
679300829.7821305990 3274775.4362562895
680817269.5715739727 3321852.0525187254
680389304.9770375490 3307784.8889445066
680317350.1343955994 3306632.0954874754
680547722.7505879402 3314698.0422648191
680808694.3514676094 3320741.2101057768
680532162.4305012226 3311117.4748762846
680493010.8221399784 3311051.9709700346
680183609.1244108677 3302218.2766340971
646255793.7846956253 1508023.8617046254
679129793.6120914221 3265908.2546156645
678730056.3384366035 3249866.6601332426
678597094.0098778009 3243530.4779928923
646125917.7666465044 1490675.6270542906
648296691.9077672958 1722450.3508775611
648259789.4875135422 1714384.2212541481
678321446.6975717545 3232134.9761656523
678557176.4640268087 3241443.5393980742
648340695.5623253584 1734419.4031858426
648138673.5864856243 1708563.1112535377
678249058.2042518854 3226259.6822203398
677433765.1924134493 3189774.0764030814
677019086.8993011713 3174461.9763054252
647643925.0979709625 1549119.7957221968
647356112.5277638435 1544318.9220954878
647430734.7738380432 1547788.2473403914
647339707.0528240204 1542222.0435554488
647247750.5004540682 1536158.7854988081
676923220.3060531616 3167546.1826500297
647901583.6723203659 1551020.3167203767
648087520.8438153267 1586946.1811930044
647972164.9992763996 1559763.0483805044
675799085.2589507103 3127047.7050423026
676582672.0790840387 3147568.5878424048
676010782.2037822008 3134223.7704719901
676365719.6548413038 3144569.8236822486
675592697.1150568724 3108020.9782590866
675718041.8801538944 3114530.1550168991
662149113.3844500780 2590373.5848498344
661094067.3930220604 2510098.0070588589
661503997.8850091696 2531712.1949098110
674376339.9126908779 3051387.8742322922
716333342.3429800272 3900230.1264648438
716455247.2567045689 3900971.5961914062
716324355.8344148397 3899623.4062500000
715868478.8435218334 3897653.1596679688
660884737.1199193001 2482250.2558463514
660805207.2520461082 2477718.0963004529
661008471.7622050047 2491363.0444205701
660752672.4793198109 2474493.7265494764
660822678.0697519779 2481020.9140494764
660975109.6417299509 2487669.4532340467
660552609.8833941221 2414322.5604500771
660434548.3614023924 2407612.4646859169
660527569.3373175859 2410446.2498421669
660501956.9794771671 2408529.5049691200
660338150.6620240211 2400889.1768441200
660155904.7624100447 2387401.5228524208
660108938.0113272667 2380132.6517586708
659565875.3767383099 2348135.7980599403
659696532.0657486916 2358907.3056282997
