180631322.4126126766 1841260.2431640625
162090462.6383000314 808355.3891601562
162323377.3582592905 859970.9611816406
164955231.9638255239 1257937.5888671875
165253878.6094910502 1296821.4555664062
166617831.0189535916 1413303.8457031250
168366812.4010093212 1526037.9091796875
173058833.6417075098 1709662.8525390625
173192565.3879106939 1713598.4511718750
172918247.4568199813 1707893.5781250000
173034667.5584180057 1708552.2431640625
176825913.8234557807 1801062.5664062500
176923316.1329869330 1802232.3144531250
177139745.4838347137 1805170.1777343750
177298288.2367552221 1806832.1601562500
179049400.4600572586 1828935.2675781250
162447178.8674509525 884507.3120117188
162438137.2117546499 883791.2414550781
162334333.3171803355 865311.2727050781
162302171.5549558401 857335.6716308594
166806555.4393215179 1429907.9306640625
162227466.3821470141 845993.9577636719
162203212.1545171142 832435.1126708984
163112168.0269920230 989959.0520019531
166251818.8705683053 1390314.6337890625
166641830.6751385331 1421047.5683593750
168272788.6591486931 1523597.4707031250
171242675.2835761011 1651715.2988281250
171394002.2044726610 1657071.0341796875
173026788.2358055413 1708395.5107421875
174728164.4744934738 1756168.1220703125
165090526.2847125530 1280638.3325195312
164890491.7296695411 1257010.9692382812
166264488.0257454813 1392939.1777343750
173251411.0308785737 1713981.2548828125
176222487.3766088486 1788290.9316406250
177229765.4528926015 1806519.6484375000
179490562.9018027484 1832249.3691406250
178962602.5740702450 1826688.2304687500
162124028.2669558823 822750.5889892578
165221577.1304470599 1294232.5610351562
171225807.6013138592 1651080.5937500000
174618998.9736099541 1755595.8955078125
176281415.3465929627 1789754.8681640625
182147707.7901611030 1842181.2529296875
165167835.0135845840 1290365.0371093750
165263242.3912411034 1300459.1088867188
174803269.0841163099 1759569.6152343750
174562673.6810513437 1754242.7880859375
176340291.4631102681 1791219.9150390625
180376415.3861648440 1841106.6816406250
168192540.8628088832 1517762.9208984375
165298181.7087526321 1300673.9331054688
168223710.7240484953 1521091.0185546875
170776126.1066325605 1636389.9335937500
176688685.1880399585 1798163.1933593750
180221037.8639127612 1839071.4921875000
165245246.6719131172 1295325.8847656250
165217750.6843557954 1293013.5112304688
166243037.3807812035 1386377.9516601562
174307761.3717197478 1748214.8691406250
177202247.1016008854 1806210.5175781250
164869645.9286292791 1251407.4765625000
172725705.0205945671 1701306.3974609375
164984996.9888680875 1273711.6464843750
166375240.8011266291 1401336.1044921875
168170921.1080963016 1517615.5937500000
168626889.2965484858 1539484.1523437500
170079969.4650741816 1605821.4550781250
174170989.3104993999 1740337.4062500000
177201055.0303357244 1806205.0058593750
182282341.4324133992 1842202.3935546875
166551131.9140265286 1412956.1372070312
174236754.1369309127 1745659.2460937500
174390138.4749383032 1750691.8642578125
162856520.3734261096 952517.3896484375
162977995.7865075469 978155.2253417969
166442625.3306946754 1407554.2656250000
171712155.2921756506 1666448.8320312500
174851739.0406644046 1760196.9404296875
182365329.3892132044 1842218.3535156250
166491726.9679196477 1409965.3593750000
168080964.6841407418 1512641.0439453125
174913149.0922339559 1760647.8154296875
178247123.8539963663 1820089.2089843750
180926108.1578978896 1841599.9677734375
163179191.1327992976 1003947.6687011719
167787376.5417867899 1490357.8720703125
171478678.7962867320 1659922.1992187500
175063803.3415515423 1764583.4140625000
176215388.0992665887 1785775.9824218750
161949246.2441859841 750010.0948486328
166055107.6202735901 1372038.8183593750
167892965.6079288125 1501239.8017578125
171476512.9014407396 1659173.1542968750
176472321.0450966358 1794697.0205078125
162155927.7961254418 830458.7150878906
162208237.7139359713 834789.8623046875
180822474.7582835853 1841549.0996093750
163151134.4928756356 1000615.0061035156
167724492.3646294177 1489522.4599609375
167837390.0819940269 1496917.1406250000
168703518.2222347260 1541063.6503906250
170374177.9415203035 1617869.7958984375
171076701.7608993948 1646225.6054687500
177942410.3319123089 1816869.2998046875
163071856.5719473958 989524.0224609375
166105910.1278342009 1378228.7470703125
168684429.0331393182 1540011.1230468750
171122886.3374773860 1649178.9501953125
177897133.3487046957 1816563.9707031250
179155667.8245424926 1829240.5966796875
180795717.3938950598 1841310.1035156250
189046299.5150748491 1843057.1718750000
188891481.2527446747 1842933.2568359375
161969536.0889889598 758001.1036376953
162132374.5461966991 824825.6381835938
165299531.1662229598 1301930.0297851562
170283433.4653198421 1615344.5449218750
162938558.3179167807 971067.9011230469
171115797.8231498301 1648147.4140625000
162016248.3383525908 789412.6879882812
162100736.4053383172 817060.7604980469
171293344.0932147205 1653740.6464843750
177430911.6091354191 1809331.4843750000
179815520.1075043082 1832580.3457031250
181309326.4166287780 1841686.9365234375
162094528.6006985009 813775.0539550781
162046986.0929215848 807633.2602539062
165110545.7973524034 1282489.4965820312
162024645.2180157602 800571.7570800781
170684863.1381817758 1631318.8593750000
170911876.7805287540 1641532.7724609375
163195885.2976976633 1006759.4370117188
167978188.2672480345 1506313.0556640625
176596774.6715987325 1796661.5576171875
181148173.9813254178 1841644.7656250000
162848729.6148343980 950358.7309570312
162792236.6248606145 944344.5334472656
162742625.7772589028 931735.3896484375
170234582.7200904489 1611822.9140625000
173397993.5593308806 1722140.2011718750
174171153.7675420940 1743405.0693359375
162602642.0380689800 906299.2575683594
162858427.4616723955 953949.6706542969
165322390.9421903491 1304814.7241210938
180697930.9012686014 1841308.0302734375
162016186.2852082253 786976.9119873047
171007720.5909934342 1642815.2441406250
169067455.9795010090 1556574.1054687500
168726326.8386098742 1544426.3046875000
177364437.7834127247 1809148.3808593750
179951413.4363122582 1836519.3867187500
168616411.7571985126 1538680.7939453125
161975756.5136785507 760543.0089111328
163027930.7872614264 981251.1684570312
168759940.0217313170 1544717.0800781250
178976896.5768887103 1827219.6289062500
174966763.7317952216 1761277.6796875000
161988351.3356136680 763138.5098876953
176790548.7728867233 1798873.6406250000
178858875.3619943559 1826472.0253906250
180138671.2022884190 1838756.6943359375
162004392.9250789285 784541.0391845703
164262792.3670215607 1153947.0949707031
179358121.6875317395 1831330.5664062500
162562076.3822236657 894972.7670898438
181999370.4478738010 1842139.4404296875
165397970.9242891967 1311066.3803710938
165409808.8770109117 1313254.6113281250
170714078.3602756858 1633209.9775390625
162890273.1803434789 959523.8557128906
162911466.3429095745 965220.5881347656
179286187.8787785172 1829370.3125000000
165554101.9774890840 1322625.8828125000
165531026.9588040411 1322275.3081054688
162494072.0942974091 889530.9794921875
162670351.6123191714 918037.2609863281
165416911.7323237658 1313323.5458984375
165626311.8083359301 1330357.8618164062
177476070.0187225938 1809735.7558593750
164315044.1289593875 1169631.6906738281
161973822.7061139941 759769.4405517578
165586281.6130069792 1325840.3754882812
173749416.1263031363 1731451.4160156250
162655028.6249908209 913000.3815917969
162889976.1593709588 955152.5710449219
170512169.7893173695 1624538.0751953125
181967126.6420493424 1842005.2363281250
166199277.3278907835 1384655.8374023438
170375150.3228287101 1619147.1103515625
177334514.7952072620 1808096.5800781250
162572917.7856795788 905096.8889160156
166003253.6997053325 1364841.3232421875
174208956.5955781341 1744102.5595703125
174673438.9093654752 1756041.8798828125
162788027.2563807070 939451.0612792969
164372513.9805107415 1176032.8488769531
170631371.3374413252 1629865.0361328125
170562803.7542621791 1626288.5419921875
181649873.4819351435 1841901.8916015625
166184953.9901527464 1381841.4936523438
164458611.9697377384 1183432.2021484375
181498315.4060543180 1841805.8671875000
170641726.4073776901 1630283.5859375000
170384423.4350743294 1619752.9033203125
170127444.5750233829 1607900.0244140625
162775024.2638018429 938581.8981933594
169638307.7458712161 1576042.1611328125
178305672.6798087060 1820266.2792968750
162746919.3618638515 933930.0539550781
167704082.7782527506 1483874.7880859375
167705996.4291610718 1485975.5332031250
169689290.2646242678 1584926.1816406250
169894340.1950299144 1596906.5126953125
169972666.3876375854 1601152.6035156250
169588768.0553227961 1574891.4296875000
169817175.6310534477 1593968.5761718750
181491377.2185126245 1841728.7275390625
162820397.0057525039 945059.2233886719
181443428.6552425027 1841703.8662109375
171984115.9704401791 1673312.2607421875
172832517.7514551580 1703730.0205078125
162686546.2068930268 924530.5495605469
172086438.5439800918 1679635.4814453125
162684767.1313543320 921915.0300292969
178443350.2342651784 1820837.7187500000
178545147.3596623242 1823112.3144531250
178631482.8426216245 1823403.3105468750
165755666.6253510714 1336588.7744140625
166147934.9194777608 1380456.9379882812
179906685.1256518066 1835588.3017578125
167546853.1838092506 1475791.2783203125
177384239.6460156739 1809236.2148437500
166197468.0188507438 1382609.5073242188
165757229.2847149670 1337392.8642578125
177629732.0663388968 1812553.1914062500
164675728.4758515358 1213069.6701660156
167514545.5259456635 1472536.4902343750
172029879.2841603458 1675314.3085937500
172258474.3528197110 1685845.8798828125
178606449.0289733708 1823210.1757812500
165898662.9640536010 1353353.1831054688
164776496.6140938103 1222616.5334472656
164789707.6548923254 1225127.0979003906
164607516.5991956592 1204632.6062011719
164740615.4684999883 1219210.5476074219
165778859.9839761257 1343017.2919921875
165913150.3540392220 1356884.7656250000
164506886.0058869421 1190356.0295410156
174081623.5253990889 1739521.6933593750
172266706.6336903572 1686195.2255859375
165825136.9298681617 1345403.9638671875
179790832.4559864402 1832274.8818359375
166993230.4778399765 1438525.8081054688
174004483.3468896747 1736123.6562500000
172158166.2022799551 1683160.7197265625
167321233.7603447139 1459470.5957031250
173896672.1748005152 1734497.8896484375
164499792.3010635674 1189706.1145019531
164579087.8612694740 1199938.4274902344
167433318.1040538549 1466089.8706054688
167103205.5760258436 1443293.7993164062
164626783.3813585639 1205399.5036621094
167277254.8219365776 1455200.7573242188
167116335.8500757217 1444649.7397460938
172249252.4110914171 1685422.6201171875
171937797.2998661101 1670467.0927734375
167241726.3351560235 1452461.2099609375
167151664.8419287503 1447063.5927734375
171941408.8120826483 1672530.1064453125
171887022.3282101750 1670106.1835937500
171957322.8527132571 1672595.4511718750
176052622.1583990753 1778802.4794921875
163462366.5083392859 1025624.6611328125
175885580.6956459582 1771360.0185546875
163402182.1968621314 1016913.3254394531
163577177.6313294470 1041183.3137207031
163656873.3792205453 1050583.3220214844
163640135.3208858073 1043833.5432128906
163507357.2110503316 1034132.3879394531
175662822.5466355383 1769764.7451171875
175722698.3157429397 1771292.6748046875
169340567.7185048461 1557954.7714843750
163561891.0067749918 1035437.6362304688
169557999.7831927538 1571149.7841796875
163390296.0084683597 1013872.1491699219
169432742.4195528626 1562301.1757812500
169527519.7795025408 1565818.7109375000
169420795.9348611832 1559343.8974609375
163884910.4329096973 1064049.4047851562
163828755.4357545674 1059213.0939941406
163931124.8406783342 1065620.8859863281
163922307.4924961329 1064528.3112792969
163806967.3208286762 1053768.4904785156
164224515.6650857925 1088331.2780761719
164165306.0456295311 1086908.2824707031
164253028.3098908067 1100727.1633300781
164229232.9739850163 1095616.4309082031
188385684.1529385746 1842289.7128906250
