199990411.1819150448 1282204.0327148438
199800711.3970793486 1282121.4042968750
209163796.5689769089 1287946.1220703125
209494893.6906349361 1288428.6757812500
189634822.8652964234 1127161.1864929199
194391562.3873105645 1253475.2783203125
197881848.8301655650 1276886.1953125000
177586122.5623778105 600482.3457628506
182770521.3802160025 890356.5815147113
189620326.6546156704 1127160.2794189453
189446250.5251552165 1122828.3179931641
193371082.0605294704 1228094.9897460938
200106826.1307725906 1282211.2299804688
183657407.0391305089 925350.3872835636
194534730.1143686175 1254842.0273437500
197653044.8694424033 1276881.0849609375
200304021.9237659574 1282299.3012695312
194621294.5362603068 1256675.0332031250
177654229.6548233628 603024.1918882149
176358431.4320405722 482145.8333580345
184535830.0887414515 958015.8053030968
195163983.1536975205 1263830.6982421875
193593989.4838626385 1231927.8583984375
183667824.7277461290 925967.6912691593
180466994.5509966016 788981.1110530719
183578572.5639519095 922151.1118013859
184447119.0789110065 957763.1739885807
197079189.0421872139 1275496.6274414062
193546494.5280479193 1230645.0810546875
209315221.2228287756 1288375.9755859375
189506157.8189264536 1124706.9266052246
193515993.6857554317 1229708.5356445312
197487915.6340986490 1276848.5600585938
195547319.2786013782 1266981.9101562500
199687207.4487122297 1281287.5888671875
176329693.4617713690 480375.3476879448
184420188.5281410813 957642.4370985031
189527902.8520664573 1126124.4734802246
208570311.8127714097 1286388.9560546875
176400286.3384407163 490815.8434036970
177640175.8858009577 601997.2931734341
197251239.1162858009 1276362.9291992188
180285765.2677591443 779245.6159448251
184247973.2154048085 949930.0811235905
189158844.3360302746 1117079.7439880371
209071422.2865978777 1287885.1318359375
209333179.2394931614 1288376.7519531250
177682908.5358281136 604754.9060121792
182718089.5977598429 889197.6773551654
188580397.4932518005 1098389.1799926758
184405899.1650133133 956583.7609376907
192420971.6124847531 1204812.2901000977
210299205.2106362581 1288457.7802734375
194175715.9215103984 1247021.6293945312
196171905.4420506656 1271107.8447265625
192315491.2834208906 1201015.6494750977
196903339.0653821230 1274752.2211914062
199943396.1031104326 1282134.1279296875
192268053.9457406700 1196840.2763366699
194160917.9698664546 1243070.2707519531
193710388.3672642112 1237288.3203125000
177129072.0578420758 561664.1147667989
184188114.6712818742 948097.0764961243
176462643.3318881989 502636.2549507469
176379694.3145019412 484746.5336331129
180292413.2129423022 779411.4107480869
181153306.5946298838 817124.4793347418
188366049.3913092315 1090035.2501831055
196709593.3841046691 1274003.9472656250
208975460.3903038800 1287823.8886718750
184140268.2185619473 946714.7301549911
186899378.1406688392 1040516.7651519775
199784771.5031316876 1281411.2841796875
193868787.3338983655 1238819.6376953125
180154333.5796292424 774816.9517637119
177213225.2095918655 570913.8625695333
177558164.3068951368 592592.9313583391
195355312.6986094415 1266177.4912109375
188205068.8431104124 1084895.9121704102
194050545.4838299751 1242619.8564453125
194942565.9353260994 1259898.1757812500
193962098.3767234683 1240354.8540039062
195228685.3774597645 1264281.6708984375
197137667.7879577875 1275751.9526367188
177465211.6742483377 590963.9401228348
188872662.8887802064 1108401.4085388184
193119473.1262564063 1222465.0285644531
194303843.4120239019 1249848.5268554688
192855009.4590125084 1214494.5361938477
182780456.3326454759 892302.8427451800
183829148.7167906463 935656.6218492985
184257063.2172201872 951466.4390337467
183991974.9674615264 944139.2266314030
176821456.7278732061 535930.7599863559
194181323.0013687015 1248167.7216796875
176088091.6651312709 402360.4779318381
177674124.9764885902 603397.7120882290
180035270.8473637104 766945.3180498332
192340749.9012676775 1201879.8721313477
177425552.0529044867 589703.1368395108
181153356.4149076939 817637.3244809210
183606029.9510911703 925250.4776461124
181148013.4987147450 817100.9104184210
181070271.1560954452 816425.9660788774
186254982.6436596811 1023212.0772094727
192814947.9318736792 1213740.0147094727
197216588.7801280022 1275974.9868164062
197010305.2216724753 1275430.0922851562
182883967.3707079291 900099.8063682269
183308227.1373227239 913102.8669621944
192699826.7014131546 1211788.9331665039
196359049.7074167132 1271811.9130859375
180397266.4842774272 788748.2249694616
192602575.0611799061 1210465.8545532227
194773793.7347041368 1258607.5791015625
188368303.0839065611 1092892.4811096191
180979248.8491461873 811801.7256573737
180720228.3181220293 803709.9624737799
186672779.0431778133 1036694.2716369629
180314906.8113101125 781455.7115293369
186370553.2481243908 1027536.7803039551
192931366.8031555414 1217006.0222167969
195245769.2286188006 1264353.4560546875
195100447.7993180156 1262392.4755859375
180579407.2578257918 795762.9725445807
180638446.6652702689 798790.5553218424
176510896.6299204230 506054.4752602130
196052010.4662287831 1270646.9619140625
186163426.5345717371 1017602.5771789551
180473428.3978893757 789254.1296643317
183739129.1557285786 934182.4109957218
192379964.3030711412 1202907.0584106445
176614360.2418279052 517432.3958412128
177300827.4169001579 576232.1880495728
177382677.3035109639 583883.6778300777
195274787.7685813308 1264981.1435546875
180217811.5088216662 777064.2007702887
192722174.3721956611 1213524.6983032227
189273640.2837040722 1119219.0552673340
194832272.1627668738 1259424.0034179688
199513677.2068954110 1280678.2714843750
177257681.0433464050 575457.1329348267
183675365.0914523005 926555.9412691593
183420739.3238258958 920987.3352607440
199601293.2904052138 1281020.7724609375
176428492.7778652310 492763.2110054344
180517148.7853565812 794088.4812268317
188282390.9737849236 1088764.9993286133
182072751.0164346099 859510.6582206439
176752168.2293885946 530409.3555597812
176526859.5197302103 508416.6073348075
189138137.3090466559 1115930.4690856934
188920813.6640021801 1109287.6609802246
189334957.3037717640 1119472.6817626953
189137890.6519202292 1115854.1351013184
189356304.3740249872 1119807.1623535156
176411516.1717616916 491160.9956734031
176152327.4098974466 419626.6306682189
176135198.9946623445 410612.6033161879
182292807.4584797025 868495.8516569685
176774488.5108634233 531198.8805918247
182681951.0613648891 885864.1762242317
195172999.2367357612 1264150.9521484375
188097262.4903103411 1084773.1543579102
188220430.6900498271 1086772.3670043945
194996915.8684254289 1261686.1914062500
180142869.6169615984 773369.1993223056
182391503.2882255912 874744.5611296247
188552878.5158137977 1098064.9934692383
176430894.1450089812 499793.7261421531
188746994.3280985057 1103793.4002075195
195865617.6617412567 1268433.8632812500
195687575.0717569590 1267931.0078125000
188506221.2971045375 1097229.5457153320
195937405.3996403813 1269499.8618164062
188698121.4654929340 1102513.5452270508
188428543.0127606094 1096034.6780395508
182333307.7700185776 869823.3526335310
176100130.2588462234 409379.1616343070
176084092.4795690179 401230.1390951682
187889598.1401743889 1073693.6880493164
185848391.9569759667 1007668.7987060547
177199922.0187473297 565841.2427193746
180335582.4583503008 784960.4439343512
183197675.6824537516 911779.2749274920
183379105.6358956397 917690.9710005522
182107019.0019408464 860576.2642546247
176970910.2967334390 549134.7134578303
183276463.4545280337 912863.6206039141
176553386.8682263494 512571.7186197788
182193258.2647934556 867812.5118132185
177110263.3127678037 557896.0964497849
183162739.0525667071 907974.8766354918
183015170.6373646259 904730.5205062579
186038562.1051140130 1014927.4522933960
199310201.0461719632 1280066.8359375000
187720710.2239786685 1067097.0927124023
177160782.3736081123 564837.4535127896
187854781.0693041384 1072965.6834564209
177043192.8012645245 554969.5088199154
177187157.8412578106 565620.2253243551
186685412.8232699335 1038266.3709106445
193086482.5120404959 1220102.1076660156
176143768.2638065815 410944.5947420407
208475016.2740343213 1282362.5229492188
185950916.6692504585 1010242.1414794922
187771530.7650175989 1069457.3916625977
177002893.8178983331 553599.9692818746
187808768.9083566368 1071486.6190643311
199246606.7816300988 1279503.2954101562
176254700.2544845343 438658.2655794431
187809668.4890293181 1072196.8894958496
193303227.4006927013 1223168.0170898438
182488774.4497371018 877852.5995849322
183131213.0590032339 905928.6405534744
187299487.6132406294 1055593.8664703369
182497960.5844560862 879966.7953933429
186753777.3199997246 1040195.6607360840
187513109.2723983824 1063116.1458435059
187162535.0187545717 1053104.7298431396
186794566.1766962111 1040344.1931381226
182537104.9843925238 882602.8205398272
176175111.5305827856 421031.3960192014
187098375.3069430888 1051155.2192993164
179849174.2206152678 743561.0579705834
176298589.7643717527 441452.0181276608
182473435.2461505532 877646.0147727679
187389529.7733342946 1057787.8985290527
186963850.3854682148 1046741.7227935791
176292852.4765259027 439401.4202425290
186684156.1103015840 1037879.8484115601
193492263.8286175132 1228376.8803710938
181929546.3364928365 852477.2129123162
186591753.4999385178 1032928.2147903442
176953629.2384337783 545593.3206841573
185388420.7653256953 988160.5980300903
185409103.9149405658 990272.4285964966
185478765.9083788097 990764.8907546997
185497430.4729811847 991406.2713699341
176217825.3403775096 431031.5343324948
185636947.9501136243 1000655.9981765747
185887153.5920861661 1008470.5108718872
185581167.2331753075 994775.0594558716
176724000.8797193766 525480.4732333645
179962453.8705836535 757238.0597978234
179976662.0670254230 758332.5675871968
176889447.8274064064 542297.9464776143
185673508.3092961013 1001024.7716140747
198724152.9972316027 1277027.6640625000
176847620.9262173772 537474.0944268331
176712665.4739395976 525273.5448829159
182044058.5325838327 857836.4996055316
199008182.2019914389 1277799.0834960938
199062917.6470142603 1278696.9721679688
182126508.9075995684 862254.6273215960
199095680.7772271037 1278846.2705078125
176191752.3428993225 421764.4432604123
185159310.0141012371 976760.8757438660
185355524.1379127800 984770.2966651917
184781780.9946878254 961389.8557300568
184809853.8917661011 961861.1027565002
185027843.1806673706 972578.1564674377
190152620.9509243965 1127771.2208862305
185004029.2900475562 968894.8063163757
190613018.9728477597 1137214.1959228516
178062209.3513341844 606620.9929011464
208550472.7004104257 1285098.1923828125
190599711.2490803003 1136832.3358764648
176316099.8600858152 445166.3702822437
208565616.3582777977 1285883.8471679688
190474797.1468714476 1135395.6873168945
190481730.9374558926 1135473.8074340820
208493774.7037680447 1284264.3623046875
181582453.6044610143 833053.8056881975
181658476.1841557622 836604.0381100725
181589369.9836530685 835942.0488522600
181579284.1009989381 832548.5540662408
181440126.4677147269 825467.6730542779
181486993.8739468455 830236.1289957985
181313431.5463812947 820074.4493299127
181346481.3256710172 823556.6475721002
181392352.9828861952 823641.2779398561
181318945.7187739015 820277.3098463416
191065923.9935259223 1140540.1579589844
178713363.0249417722 623568.6971484125
179118530.9582335651 625243.7330447137
178820230.0006274283 624543.2972195596
178408105.0566414893 611110.7429705560
178490832.4932453036 611540.7344418466
178589601.2585754693 612447.0377261639
191355291.4193032384 1142500.9232177734
191160481.3565948308 1140911.3001708984
191315404.8473982215 1141058.4327392578
179481221.8458018303 658251.5676206350
179462492.8635206819 655827.7049573660
179550732.9453204870 663545.4262231588
179790877.6437757015 678381.4628766775
179805428.1521124244 678541.9925054312
192165186.8465007544 1147558.7125244141
179710390.1174359322 675494.0446294546
