196166715.5771732032 1247395.0571289062
196180894.5967741311 1248136.1606445312
199354466.0317557156 1270930.3691406250
199538190.5897146761 1271284.2890625000
199053204.5745537579 1270561.3994140625
199921001.4875050485 1271688.7861328125
199060272.1850854754 1270644.6333007812
199604065.8815961778 1271327.4790039062
199436747.4602463841 1270978.8881835938
178790688.0891284347 542613.2941885069
178721542.7103086114 539765.3992700651
179982215.0598258376 689438.0805981159
181287956.3731901646 750487.9425119162
180742406.6197857261 726637.0598329306
181108348.4983594418 747215.7245975733
180901764.8717712164 737036.5521425009
181134692.0833054185 748272.1814607382
189240938.1472750902 1065341.9918823242
195492896.3302079439 1232523.6850585938
195903221.9560864270 1243542.9926757812
195980823.4923302233 1245810.3461914062
196010713.5453915894 1246447.7299804688
195817429.6094990671 1241866.2119140625
198685532.3647416830 1269389.2607421875
199061076.0627036095 1270825.5209960938
198532368.9362824857 1268490.7011718750
178526461.9434502721 524934.7953329161
178720442.5815437436 536270.8397054747
178609627.0503875017 531491.2039022520
178712078.7703856826 535332.9418783262
178821463.5929324031 544147.2775869444
178472275.2765594721 523362.6540975645
178577188.2842033505 526143.6162252426
181225518.1718025804 748569.6077115536
181010389.3321333230 743303.7501291037
180914514.2383772731 741530.4368537664
181373862.0571293235 751186.8445771933
181236779.6930502653 749737.9183613062
180768501.3174887300 736721.0252870321
180691060.7702045441 725651.0663007498
198358496.7403008044 1267595.4438476562
198684719.7194661200 1269187.7211914062
198410097.7913239300 1268178.4692382812
198702811.8166854084 1269526.6748046875
198532379.3693753779 1269182.3735351562
179880917.7504335642 685608.4832280874
180754878.5274397135 728255.5413831472
180546487.4593583345 724533.7923749685
180387604.5777824521 711640.8242534399
180403388.6092727780 712695.0427411795
186208170.3186354339 956605.5430450439
186895392.7728566825 987887.1658935547
188097889.0830511451 1032337.9993286133
189179452.8207626939 1065222.2167358398
189179451.2368632555 1064564.0812377930
193375753.9125965238 1176166.6612548828
196224711.3891324699 1249480.4897460938
198222030.2314718962 1267102.7353515625
207822342.0592680573 1276632.7119140625
188117308.7527385950 1035529.0572814941
179100641.0111627579 550326.7458421439
179099439.3540420532 549123.3053209037
180084035.6568846703 696027.7833875418
180441085.3668737411 713421.3152021170
188438249.0101293325 1047977.1360473633
188582763.5051742792 1050164.6204833984
188688005.9535921216 1052350.5193481445
188302680.7848135829 1038580.5545043945
196565670.9542945921 1252003.6440429688
196409204.5924025476 1251420.2280273438
179014169.5614965558 545177.4567643851
179790877.6437757015 678381.4628766775
186955817.7734216154 991612.7446289062
188797718.8076961637 1057234.2655029297
188675729.3375449777 1050837.2966918945
188157093.4987632632 1035995.8845214844
188318743.9968900681 1043026.3948364258
188242112.9708960056 1038549.2786254883
188755783.5825855136 1054631.3941040039
188769400.8917427063 1057136.7653198242
196762255.9880971014 1252981.0747070312
198390549.8409055471 1267849.1914062500
179088813.1037609279 546411.8305287063
180266800.4266758561 707684.7685121298
180723099.6997034550 725809.0431047678
180468666.9508726001 715550.1781145334
186138404.2057214081 954956.6435699463
188394287.1099775434 1046508.2014770508
192775590.3845997453 1160105.6363525391
192824934.9586546421 1166255.3209228516
192844720.4301262498 1166477.4678955078
196301958.8232066929 1250178.1977539062
201651823.8423179090 1272618.8916015625
208633155.2755697966 1276851.4243164062
192156058.2917292714 1141739.0626220703
192783076.6351463199 1160574.8551025391
195937575.1963304579 1243711.3154296875
197904024.9267784655 1261598.5209960938
198027673.7789010406 1263596.8969726562
208240504.4840204716 1276691.3715820312
180460371.3187298775 713544.3128894567
185767793.9062067568 938657.3370437622
196312171.6868567765 1250490.4165039062
201394799.0598374903 1271719.7988281250
202156531.9237849414 1273134.4443359375
196760688.3813064992 1252461.9697265625
180350194.7721686959 708979.1410340071
197008804.9768183827 1255336.5893554688
196989254.0989901721 1254630.5947265625
208283910.0694847703 1276825.5747070312
179902044.0567965508 686377.6424382925
180164894.4156032205 702638.9413617849
187964809.0596397519 1029026.0101318359
197141715.9478556812 1256387.8881835938
198134220.4267569184 1265440.0825195312
201543844.9959237278 1272360.7490234375
197944517.7327507734 1262949.4243164062
179860174.5016752779 683307.7838388681
185555763.1441499889 931384.7758560181
192657820.4411628842 1158812.2403564453
208015156.8857522011 1276661.2480468750
179805428.1521124244 678541.9925054312
180005508.3112099171 692259.3313764334
181674622.2850644290 755711.4557807446
185923851.0204102099 947525.2396316528
192048346.9683218598 1141720.5367431641
191977203.3417479992 1140013.3043212891
197902406.4215877950 1260470.1840820312
179951531.5151543021 686525.6808446646
181409455.1784965098 753023.6473786831
192436165.0198839307 1151209.9825439453
192562062.2130626440 1155785.8599853516
179787783.3164682388 677009.6094167233
181395773.2830464542 751957.8797309399
192165186.8465007544 1147558.7125244141
196922363.6125245392 1253470.6811523438
197005701.8678191006 1255242.6459960938
188996723.2158335149 1059229.6422729492
188573146.7141988873 1049232.0184936523
179201638.4500736594 555038.1670326442
179300987.5672096014 555063.7206236124
179945028.6363248825 686399.6763643026
192477787.9941248298 1154863.1051025391
197285253.7830713093 1256638.5483398438
197532248.3261162639 1258081.9809570312
179312774.3323597312 559556.4567665309
179616363.2519088984 662213.8901067944
179616769.5030490160 664773.1461919546
179811676.8193759322 680519.1852391958
179710390.1174359322 675494.0446294546
185900407.4059420526 944753.2926101685
187645031.9697311521 1013982.6228027344
187920481.0311395526 1026706.9639282227
192613020.8072572351 1158740.3111572266
193217707.4537966847 1171511.4049682617
197110893.7703373134 1255794.7202148438
179148420.0642356277 554946.4352184981
188230390.3599064350 1036368.6472778320
192294533.9465111494 1148940.4555664062
194741217.8375108540 1203263.0795898438
197638116.4572786987 1259466.3422851562
197768190.2017567456 1260246.1176757812
197686744.5208133757 1259613.1411132812
179374029.9583996534 559907.8062719442
188208023.2051006556 1036352.5906372070
192570192.2975820899 1158102.1519775391
194726995.5158962011 1202279.7111816406
186871964.6861266494 979225.8362121582
187210577.6364324987 996580.1259155273
187876679.6824394166 1021954.7695922852
179607847.9889312387 593946.7379726507
181806126.2814837992 762033.4641780853
181896135.0980091989 765663.3869533539
186281585.5268932879 960680.3855056763
187794779.3489131629 1021403.9097290039
201976837.3165031970 1272987.6562500000
181560170.6640423238 754712.9509029388
181798056.8169830739 756478.8237667084
182112578.0189024508 765754.5713834763
201586773.5561232269 1272471.4418945312
201706218.7840208113 1272765.5908203125
179526968.7427510619 588073.7474941351
181601716.4373435676 754852.7229061127
187723476.0900929868 1017447.7012329102
193278858.3474127650 1172385.1066284180
193547044.5237727761 1177548.0592651367
194337259.8083451092 1195999.2438964844
193682304.1297388077 1180624.9680175781
207375969.1683292985 1276136.8417968750
179298317.8147392273 555045.8774036504
187095502.3040711582 994424.8585510254
194565816.3594101667 1201396.5214843750
194133579.4521342516 1193146.1760253906
201455741.2655570507 1271941.9633789062
207592155.4177054167 1276311.8037109375
179376808.3975799084 565660.9189075567
179393001.4876389503 566915.0227893926
187575130.6106851399 1011470.4379882812
187260983.0638925135 999002.0715332031
187172071.6256729066 995736.2108154297
187396214.1416389644 1006792.1320800781
186009493.2938663065 949342.7658920288
185810442.5957585275 944573.8380203247
187498183.6745252907 1007906.6028442383
185935969.0836519897 948191.4568710327
185928900.0434027612 948142.5183944702
187271947.3282395303 1002396.6942138672
187244798.0452686250 998438.8345947266
195326623.3307754993 1216029.1625976562
179562867.0021547675 589211.4860805608
179594110.7559662461 591486.9339565374
179489454.2575700879 580550.0407680608
186647955.5812247694 975002.5367050171
186861188.9932750762 976207.1892395020
191817472.9142274857 1125359.2946166992
207589152.9725241065 1276308.9814453125
206977364.9983886480 1275480.4252929688
207228767.2970090508 1276068.0649414062
179468831.4382504225 568639.7964977361
179442704.0409620404 567967.6022152044
194284385.8864042759 1195186.9167480469
186018343.0677235425 950347.8069686890
186521649.8931154013 965115.4363632202
186692807.0839461386 975210.1846542358
186863776.2731795013 977801.8278121948
191772596.0530546904 1125334.4144897461
194138438.5625221729 1193707.0944824219
193831655.3838436604 1186608.5216674805
195389176.6622951031 1219391.9780273438
186634548.7909091413 974847.6592636108
191905904.6803076267 1133288.5475463867
185806154.3327234983 939884.4161605835
191844212.3588067889 1133005.9440307617
193929024.0166848302 1187284.3063964844
206803921.7506847084 1273339.2792968750
186047804.9871657193 951071.0276718140
186394469.9672494829 963324.8997116089
186479419.3640016019 963555.5860824585
194010004.4848271012 1189482.6857299805
206904875.8686484098 1274769.2373046875
193416601.9053696990 1177293.6071166992
186126357.5559937656 953882.6429061890
194312248.9822156429 1195661.3352050781
195202470.6199876666 1214867.2031250000
193555955.3252797127 1178408.5165405273
193821233.9241653085 1185728.1837768555
194951603.5819262862 1207887.5336914062
186576285.5225751102 966471.4010009766
186609195.5151455104 966908.7871704102
194859381.0340132117 1205695.0939941406
194974569.7977903485 1208273.9008789062
195189327.9297143817 1210877.0673828125
191723351.8267690539 1122118.1321411133
195033927.4064304233 1208641.7919921875
195133844.0386335552 1209252.6694335938
193773218.7166813016 1183608.7114257812
184433298.5251558125 843316.6212692261
191444631.3765061796 1103450.4776000977
191560938.5921144783 1112839.2390747070
184024291.6636869311 812555.7806549072
184585134.8373267353 843968.7967529297
184104238.4606417716 823602.3315963745
191174022.9615103304 1089791.8572387695
191410051.1185607016 1098840.2302856445
190804823.1233803332 1081566.3435668945
191216188.3378377855 1089858.6665649414
191329995.0044670403 1090828.8594360352
190702778.9241554737 1078391.6461791992
190757404.3348849714 1081256.5979614258
190971978.9796164334 1087931.4382934570
191337560.4387409389 1097389.0840454102
191336779.3809569180 1093671.6414794922
190509507.4550823867 1066388.7740478516
190571564.9563427866 1068178.5047607422
190645662.4592611492 1069233.6207275391
183882003.6367459297 803734.1641387939
184206733.7417949736 825773.6800689697
184396330.3906681240 840239.8756637573
185538392.3754693866 882490.2563323975
185393719.9237079620 871105.7149505615
185224644.8972675800 861956.6887054443
184356772.3404463828 836738.0942916870
184753741.4509760439 849165.8677902222
185278148.1612666547 864509.7086029053
185021205.3861182630 859223.0795745850
185048185.4212028384 860452.0269622803
184977004.2867295444 856857.0699310303
184586499.7862043083 844729.7678680420
184327424.9926846325 836622.9761276245
184575623.1543661654 843958.5211715698
184697452.2067362368 845540.8807373047
184208170.6551821530 831678.1395797729
184259842.3070484698 831727.3625946045
183959799.4446218610 812476.9490509033
184032318.3869805336 814187.8702392578
183944134.9266187549 804782.0860595703
183869298.2798411250 796329.2310791016
183751313.6455478668 784988.4736328125
183813620.1367829442 787743.6123580933
183866143.3297014832 794356.7581787109
