374053236.7413957715 159384.5087116884
375663518.1561739445 204584.2697728053
375950258.3939441442 209540.7802859917
376078335.2317137718 211702.7796929255
375958728.3119781017 210193.9416943155
378771953.3062449694 248199.8339024455
394948669.2227243781 384247.1452484131
397552754.8800775409 393990.8840942383
396906682.1445357203 391786.7370605469
400492873.5583080649 401952.4298706055
373764347.2757921219 143503.4506762379
374295562.1581068635 164773.0202919378
375288218.5725309849 192223.9904427805
376002091.4671744704 210808.4999512807
383898996.0178436637 310108.7071875708
389815983.8464828730 354562.0165985823
400374369.9155187011 401928.7023315430
397221077.0899398923 393045.4016113281
383823769.7781423926 309964.5665019827
397321433.4451434016 393696.6597900391
397469312.9861102700 393771.1342773438
397800352.3283687234 394873.8651123047
374207542.3083885312 164754.0466445014
375725102.4800345898 205945.2363202646
382798300.9400684834 299285.5442552799
383747418.5022638440 309463.0553931372
389967717.7674999237 355831.1796683967
382790116.1358596087 298595.2394457096
374168979.1501892209 162911.4430376217
376143273.2659681439 212799.7387764826
376033884.1557439566 211195.2491414919
378704388.2674248219 247811.7489444584
382788171.9951530695 298142.1447191471
382791969.2205430865 299194.6635179752
382809061.9361072779 299904.3056078190
385030684.3424063921 319564.5645160489
374001848.8597344756 157357.7047566103
374112154.2720020413 161576.3060439155
374135198.1428479552 162720.9047987983
378902445.4624044895 249160.1486522149
383920532.3813278079 310549.2305869238
389506546.2696691155 352682.8050106764
394197788.2204480767 380639.9919586182
397248893.3205444217 393051.3925170898
397488226.6117132306 393848.4406738281
400048130.6473492980 400784.4064331055
376140546.9201563597 212798.6282370109
382794475.8279569149 299264.3577318424
374083236.6133115888 160687.7629530951
374975051.2605811954 179268.2229156916
374023444.9829779267 158669.1956009494
405674210.6963127851 407618.8040771484
376162171.6064291596 212880.1162183657
382861104.4975894690 300010.7254991764
382873752.0790836811 300345.2228441471
394769607.0736518502 383385.8997039795
405824476.1115593910 408110.6032714844
406126645.6719307303 408167.6003417969
374006926.2416267395 157530.6455525087
375883506.5746772885 208042.5215382352
375739329.7555643916 206014.1343686655
376090287.9081637859 211718.6776976958
375996534.4044438004 210766.5969307795
397381169.0153449178 393765.2114257812
405741595.9033719897 408018.2811279297
375704448.0873067379 204844.7802284136
376119545.0959938765 212093.1688001528
398134861.6723231673 395866.0458374023
390252140.9941501617 357207.9988584518
374699737.8069368005 178725.1442172436
389999056.1492705345 356064.5247373581
399987210.1180613041 400718.9136352539
373797111.5124542117 145048.4208853352
375903963.6704791784 208573.8940598145
375832949.1938790083 207838.2527978793
385057070.7113652229 320462.8728585653
385046138.8626704216 320397.3643780444
398303064.7347984910 396236.4658813477
405963327.6283712983 408136.0781250000
374007190.6630938649 157560.6355427431
373988204.6531779170 157351.3668659853
397033003.2951670289 392275.6193237305
398241885.9415814281 396092.2263793945
406107984.5473107100 408153.5301513672
384902704.9538620710 319009.3871869855
390830121.4502909184 359483.8182508945
405317710.5932784677 406848.6739501953
394721724.7542667985 383146.2229461670
398061853.6724810004 395571.5288085938
398102743.5577728152 395865.9921264648
397743449.7672659755 394847.1585693359
401616425.6167037487 403426.3338623047
384804833.1217983961 318444.2028723769
384923105.3398729563 319322.0378557052
399980783.0546069741 400540.4640502930
373970678.7732358575 155511.2912516521
390745000.6361768246 359430.5120680332
394769859.1198176146 383388.1554412842
394838450.9429940581 383744.0032806396
373937484.7781948447 153478.1494059490
394831595.7954913974 383576.7823181152
399829019.2288880944 399628.8042602539
401095082.0315497518 402767.9753417969
376800915.4907114506 221420.3651214896
390743152.5346188545 359315.5545485020
382909283.3116066456 300812.6262254948
389631388.7405804396 353575.6999723911
375487531.0520494580 199192.3320352191
384758259.6442304850 318425.2986860089
374633391.9037563801 177271.5500553067
384499669.8838173151 316404.3938350491
384327586.9766126871 314871.1068857401
389499689.5335860252 352630.5787565708
400736691.6508186460 402371.1704711914
375370791.6512199044 197098.0194131488
400565709.7885952592 402050.6709594727
384128340.7098690271 312904.7491161316
383649477.3512756228 308682.1035117285
389640535.8752086163 353746.0842649937
390172210.1500854492 356795.9187110662
399880936.5148929954 399840.0698242188
374730391.4908152819 179184.8794363496
378802078.2828319073 249058.6938376318
383974489.9877108335 311659.6322375028
378616996.1152776480 246414.8162771057
400204721.7208901048 401267.1365356445
401010622.1019430161 402696.8844604492
373820998.1708511710 145390.4882229834
400274413.3695041537 401505.5631713867
374670692.1386464834 177971.3335462727
374679686.9562245011 178584.1082887250
401387829.0840014815 403225.6123657227
401618468.1208328009 403539.6475219727
374670712.6089556813 178329.5403687554
374588176.9588713050 176531.1156861382
399928557.3656467795 400094.5444946289
375464399.5341022015 198882.2186177471
378499739.5678485632 244609.5119052719
401657691.5202518106 403722.9743041992
374357888.9531194568 168484.8997585597
389157176.3113039732 350130.3388273716
395350917.4176859260 385720.5492706299
389200265.4899623394 350396.5016233921
390096048.9299211502 356382.9695417881
395020115.3406979442 384479.5307464600
375415625.0728287101 198345.0931436175
375416948.5264686942 198346.3828478956
405719562.9462409019 407833.8345947266
395101892.8639414907 384604.8652801514
373891060.4070552588 148887.1663366111
383969025.5528078079 311239.4479971617
389383181.5699220896 351741.9879820347
389759951.1172077656 354379.9297087193
401324638.4894967079 403209.4628295898
375502122.9926118851 199258.0697724104
384213888.6017303467 313537.7387152403
395154388.4175502658 385014.9887542725
394626218.6870402694 382604.8545989990
395295478.5749089122 385504.2597503662
376689508.3748802543 219931.4570494364
376793663.9032167792 221362.0544449149
396784036.0513873696 391067.4041900635
401477128.2180396318 403354.0661010742
396339734.1609260440 389285.6777038574
394971208.4049412608 384307.4279632568
396514993.0287854075 390138.7498321533
375509179.2803059220 199735.3087555647
394549406.6842073798 382281.8663330078
374509544.1581313014 174146.5740076338
394012200.4457581639 379212.3007049561
373865350.8194407225 147102.2653819823
373896832.2109630704 149875.8731830271
382962954.4071944952 301250.8426869148
389535517.6243801117 352922.5450409651
389608755.2201706171 353413.8417418003
382922058.5521136522 301009.7142918343
384177171.3334752321 313331.0142279356
393927437.8803972602 378262.9519348145
383039805.2629191875 302243.0332615608
384065151.2239688635 312473.9982596128
376558662.1310976148 218080.7097423626
376746608.4453071952 220873.4688516317
378783687.8359962702 248598.4012227844
374425331.1176428199 170861.6689069419
376894992.6892247796 222678.4516006766
377053108.8824039698 222764.2369598208
383923938.4499103427 310843.5125418990
374424013.6752570868 170834.2238255291
382943096.4097589254 301110.7942936057
382930667.0190302134 301106.3276951546
384033941.5116649866 312008.2435397319
373845776.6058650017 146331.7839977050
393879855.9875229001 378013.9133148193
374487046.8174557090 172676.8900383859
409437234.4346591234 408993.7602539062
382994131.8764507771 301447.9214802459
374454359.0099856853 172062.2540115078
393922798.0099868178 378241.5978546143
388923020.3935129642 348485.2290426716
409515648.5832085609 409044.8564453125
409858971.0156887770 409075.2745361328
393682400.3647682071 376165.4511108398
374346860.5067856312 165560.5561765427
409126918.5987671614 408814.9759521484
409492474.3486858606 409019.2593994141
396716936.3812630773 390913.1251373291
393783513.3208547235 377339.7014007568
393578616.0123926997 375701.6892852783
396861857.7496412396 391266.1287994385
396854291.4838071465 391265.7898101807
410155168.9903462529 409092.8397216797
379388875.2144191861 255141.0498674702
379171706.2586464286 252166.5169469267
379609750.6051470637 255649.3419574462
379282148.6660262942 253921.4633769491
379556322.0072090030 255407.6523683965
379366275.5416813493 255099.9084356464
379209288.4707313180 253365.2114659697
379073549.5440927148 251536.5038548857
379505448.0033692122 255395.6221105009
388724952.1017699242 346480.0794543764
388717915.1175501347 346394.5655886075
388516487.0803769827 345037.7736529177
378387403.4668112397 241983.5441902172
388557543.8961503506 345404.2809008425
395908012.8424261212 386156.5158081055
395937761.1411558390 386625.5551757812
396005525.2681983113 386917.4327392578
377844653.9749397039 233615.0085118860
378470055.9980840087 243078.2261868566
388575299.6403405666 345492.3860278791
388216826.4561659694 342618.0711435815
388375461.7655656338 344159.4331354639
377733869.3374117613 231620.4763914999
377701515.7982921004 230992.6739654860
388048792.6674984694 341389.9835581323
377748132.1449769139 231981.1657240242
378258508.4919241667 240121.7173415273
375171574.4329434633 180178.4256934317
378287222.1214021444 240260.1173721403
375152542.7140332460 180155.3397082480
375189381.9905335903 182133.9532260092
375193274.3128188848 182214.0433917493
375190042.3881971836 182188.4815539511
375139780.2197480202 180086.0121641772
378094839.9122633338 236827.4131534997
378349338.4322454929 241041.2240141075
378128232.7431271672 237616.1482742060
404841019.9756158590 405853.8287353516
404574384.7890603542 405241.2309570312
404515988.6763057709 404701.3419189453
404606730.0737369061 405288.2365112305
404442066.2413358092 404469.9364624023
404699327.6749472022 405529.4423828125
404791565.4829347134 405670.6839599609
377696794.7842134237 229169.1837900679
377683213.6912122965 228523.1916361551
377594833.5240510702 227517.0913864825
377393526.2081665397 223259.6427774429
393538531.0871223211 371066.6220377386
409082817.4057086110 408255.0876464844
387326648.4671917558 331822.7995640698
387486028.2059918046 333271.3511540357
393025015.6892859936 367572.1023219526
393074610.4053516388 368591.1282008588
387593596.5709735751 334154.1092717114
392344598.4472156763 364418.2759912219
393240680.3614782095 369091.3012597766
392899841.0221515894 367371.0921533313
392341480.2377229929 364413.0412500110
387871725.5497375131 337170.8541025582
392576527.2240529060 365172.5503499713
387739074.2047368884 336334.6333653394
391931712.7902153730 361421.1405155659
392049019.9137823582 361772.1309635639
387600817.4375094771 334462.4190509946
392300774.2947211266 363750.9368946552
391908233.7475020289 360749.7140245438
387638838.0496502519 335412.7143465907
387858953.4106715322 337127.4389559657
387046156.9244152308 327554.3648572337
387245733.5995713472 328507.0461182818
381864632.8237325549 273595.8252899498
386461900.5708115101 322423.1156602427
386547234.8129860163 322584.7876573130
381958774.9933785796 274494.2148323655
381937214.9253036976 274401.8578331321
382715825.2958468199 283121.3266482039
382286766.4843974113 277322.9919214284
382383932.3590943813 278288.3689768648
382272316.1435308456 277308.6537963168
382372339.6969534159 277863.3175921476
382266283.3407325745 277264.7171106374
381457186.2145929337 263668.0714224757
381057054.5883528590 258443.2493264073
381154925.5415857434 259971.5021583935
381101077.1912766099 259582.3095681065
381030720.1913314462 258221.8865944737
380979159.7433536649 257245.8759845489
380942903.5691218972 255922.1179245416
