518325990.4911109805 56127748.2968750000
534250402.9628016949 59149522.5781250000
586323332.0948687792 61723033.2812500000
515066825.0089628100 54466846.1875000000
518385439.3374413848 56140247.3437500000
523767562.9390605092 57458407.0625000000
526501012.4937980771 57899125.1406250000
534109251.0539422035 59142165.0468750000
540924183.2836066484 59839229.3281250000
605523723.8614029884 61941437.2656250000
605551639.7197581530 61941643.0625000000
514980078.6796428561 54466104.7031250000
514833540.5039764047 54408036.9375000000
514866597.0291612148 54408420.2031250000
516919953.5120405555 55647405.6093750000
518510329.8821532726 56175547.3906250000
522393636.1330766082 57196828.7031250000
556824441.9859865904 60846507.4375000000
518452347.0703230500 56141057.0312500000
523751232.1281766295 57454235.3906250000
534192690.0444642305 59143686.2187500000
534391033.1175327301 59164795.9531250000
540709025.3609896898 59827638.4531250000
561304175.7496691942 61049540.2968750000
593459591.0678222179 61829180.4687500000
518274196.2025738955 56120193.9062500000
514803338.6295398474 54355460.5937500000
561576973.1873596907 61062578.9531250000
516563627.1457295418 55502031.1093750000
605168637.0301727057 61940278.5625000000
523474793.0985571742 57423180.5625000000
525974122.8194149733 57861119.5781250000
560636909.9494137764 61031169.5468750000
574665091.0538057089 61468988.5781250000
604893091.1999107599 61937499.9218750000
613607649.3974784613 61968704.0781250000
532803265.6390954256 58969626.8750000000
525943752.3086665273 57845131.5937500000
533864833.8671501279 59103311.6718750000
593697082.3754038811 61834198.1718750000
613468782.9089385271 61968218.1562500000
614218985.6365437508 61969092.9218750000
521961532.3496206999 57091624.0781250000
534286914.6160098314 59160050.4375000000
540500541.2268735170 59805441.1406250000
540736562.9953033924 59833919.5781250000
584706901.3187716007 61699902.5781250000
518361581.0917537212 56131106.4687500000
518077430.3652537465 56056114.1562500000
540565978.1770824194 59807571.8593750000
541353155.8592547178 59873091.9843750000
584238791.4883130789 61686084.6718750000
594152608.4947724342 61835961.2968750000
618834910.5104116201 61977014.9531250000
618419435.6809986830 61976914.3593750000
516395328.3303618431 55420855.5781250000
523307157.4068851471 57393514.7187500000
593427040.3951752186 61827574.4375000000
516407306.9750832319 55425859.3281250000
516414906.5220274329 55439067.7187500000
516338124.6574631333 55395317.8125000000
516307113.1449032426 55375115.7187500000
521976730.4301524758 57118277.0625000000
560943202.6177505255 61038790.4687500000
561456469.9594997168 61060973.4687500000
561791680.4361076355 61073400.0000000000
613070679.8930202723 61965864.4531250000
533963245.2775357366 59111845.0781250000
572269537.2843052149 61403844.1093750000
594490306.1392123699 61840220.8125000000
522114708.4979416132 57153241.6718750000
523151254.6038367152 57368638.0937500000
523099113.2995005250 57344580.5312500000
533975695.4964517951 59121127.0156250000
604163662.0738828182 61927444.5781250000
584109852.8890693188 61684115.3437500000
518732326.9019929171 56219863.1406250000
583665762.2258385420 61671497.9218750000
518668015.6036234498 56211708.8281250000
516481836.2127976418 55466962.9062500000
616982204.4439187050 61973642.2500000000
617325123.5744196177 61975256.7343750000
519135004.0573934913 56225710.6406250000
571993297.5641683340 61395066.5468750000
617132026.5060850382 61975249.0937500000
516942155.3134117723 55658389.2031250000
517987788.4742770195 56013503.0625000000
523831200.6097614765 57461535.9687500000
560197767.4784866571 61015698.2343750000
585272297.8800469637 61706149.0312500000
584641674.5879597664 61697185.5781250000
584473902.5587891340 61694319.3437500000
518127198.7321670055 56062528.3125000000
533834185.1352900863 59095607.0625000000
546866793.7772057056 60258816.8906250000
616634752.7816567421 61972244.8750000000
516759036.7553834319 55590130.8125000000
616064865.5037649870 61972237.0312500000
559713841.9158098698 60989562.4843750000
572857160.0219879150 61422906.7500000000
546781330.9586222172 60249911.2187500000
589854100.4580717087 61774855.5937500000
556950121.9913309813 60859932.0468750000
559512688.1303435564 60984661.3281250000
589686016.3314816952 61764474.9687500000
615493264.0306681395 61969470.7031250000
546625912.9857907295 60245503.0312500000
559826613.7017346621 60999583.1406250000
593058238.6120300293 61820055.5156250000
516448412.3062423468 55448415.3750000000
533470485.5048018098 59053824.6406250000
592886581.0571911335 61819963.1875000000
514774515.4937024713 54304471.0312500000
526165655.8257930875 57892033.8125000000
514756509.7789099813 54285687.0937500000
591910488.9062631130 61798763.4375000000
559491822.8044996262 60974750.5781250000
559162322.9775254726 60965739.1875000000
592808319.2461134195 61816206.1406250000
590200441.2096740007 61783855.4218750000
541142257.0565470457 59858095.2500000000
540570193.4973490238 59825543.2500000000
540170555.9679633379 59791514.9375000000
558459197.2445664406 60933195.7343750000
558548094.4263938665 60935767.7656250000
533560821.1256029606 59063418.6562500000
572118821.8833363056 61401480.7187500000
526078888.4582018256 57876121.6250000000
562659617.9906746149 61078515.0000000000
604224572.3716666698 61931864.9687500000
539418442.1624895334 59722366.3281250000
533242246.4569755793 59022760.0937500000
523005244.9509453773 57326283.7031250000
533434552.7842404246 59047306.5625000000
516832865.6646481156 55608107.8750000000
533186074.6159933209 59019429.6250000000
533459478.8395921588 59052621.0000000000
533285026.9941941500 59034897.3281250000
516706217.1992684603 55565296.2656250000
591972920.0252010822 61804852.8437500000
534964708.8072858453 59224128.9218750000
592194117.5965622663 61806559.3281250000
516536755.1241946816 55490928.2812500000
571463752.9884419441 61372272.7500000000
571596083.5971132517 61379928.9375000000
604422284.4781473875 61933525.4687500000
604256406.7081130743 61932314.7812500000
571711300.2099337578 61383388.0937500000
576550557.8952604532 61504600.8593750000
522902839.1022030711 57313595.2500000000
591391935.8187938929 61797865.6562500000
576138560.6631593704 61495727.8750000000
576055861.9015491009 61489348.3750000000
576025614.0103447437 61488207.4687500000
575978573.3199124336 61486539.7968750000
575757415.3224070072 61485070.2968750000
517726799.9191677570 55922176.7656250000
517640084.5730097294 55893009.3281250000
517583860.3899320364 55882709.7343750000
517400568.1939757466 55814861.6718750000
544671171.3680284023 60100070.5625000000
612570431.6031435728 61963413.4218750000
517722725.6853744388 55918062.0781250000
544131375.1893696785 60064920.7187500000
556588659.1182314157 60813247.3906250000
522024786.8832604885 57118561.0625000000
544227365.7017600536 60072262.0781250000
582806103.4500535727 61645590.3125000000
537783727.9243859053 59518854.0468750000
544011210.2059633732 60055684.2812500000
517484211.6234982610 55843772.7031250000
522750315.5425413251 57272429.0937500000
537631118.0688691139 59506110.0781250000
611731166.9163252115 61962277.4843750000
589538035.4869743586 61758211.1093750000
544455568.7685601711 60088068.5312500000
515544628.9735530019 54748877.9375000000
524782569.8361847997 57621331.7187500000
521890531.4964599013 57082196.1718750000
515358512.5590101480 54617287.6406250000
524855820.1307794452 57654718.4218750000
525102776.7256291509 57692396.9218750000
610877889.2469077110 61959549.8906250000
525192305.8151925206 57697593.9375000000
610392648.2773849964 61958185.3906250000
524784675.9224462509 57638761.7343750000
538643746.6452528238 59605077.9843750000
582013970.4469138384 61623759.1406250000
610375451.4476299286 61957606.0781250000
538626060.0171064138 59602265.6406250000
538393954.5686941147 59586066.1250000000
609972849.9387252331 61955957.1406250000
610183930.7944092751 61957393.3593750000
543033242.9185889959 59957494.4531250000
543260264.6603424549 59975667.3125000000
555218181.6561408043 60729895.0468750000
538328412.8280171156 59578337.1406250000
582282032.5349236727 61629750.2656250000
542294135.1615549326 59900541.7500000000
542402648.5488417149 59915372.7500000000
538222963.6441119909 59564512.3750000000
538196209.2568053007 59551648.5468750000
517273974.1657887697 55760324.7500000000
555569124.9809423685 60745351.7187500000
575633653.4310281277 61479010.7812500000
587956293.7706837654 61730943.6718750000
525221510.8613830805 57704677.6718750000
515492576.0148028731 54731048.7812500000
555839585.9519916773 60756940.9843750000
555748550.5966583490 60755517.4843750000
555894152.4583660364 60758599.6406250000
600259541.2894926071 61879613.0000000000
581952610.8251307011 61615229.7812500000
600618849.5612962246 61885320.7656250000
587886565.9070863724 61730830.2031250000
587728830.3845003843 61724273.6562500000
535858638.9575746059 59280870.2812500000
536033522.6392716765 59287585.1875000000
521323080.6179283261 56878108.6875000000
527758545.6207732558 58064492.2812500000
536033899.1285316944 59300839.7031250000
515276140.3111135364 54556963.3125000000
527696533.8270043731 58063848.3750000000
521283929.0265772343 56869624.9218750000
521442208.7827197313 56906546.8750000000
515244383.9088205099 54512076.6406250000
516234145.6037970781 55199426.2656250000
527137768.9056050181 57977145.9218750000
515257840.7043539882 54539599.7031250000
524142876.7718670964 57488322.2343750000
607200746.6028797626 61941997.3125000000
536391796.4022328258 59335122.8750000000
521641136.1168549061 56961607.5781250000
516139830.2738067508 55166701.6406250000
521684782.1139252782 56973018.9843750000
536196209.6008586884 59317674.6406250000
524053004.8048076630 57474360.3437500000
524058311.3098359704 57478830.1562500000
536313388.2482330799 59332731.5781250000
536914421.9331730604 59393590.0625000000
527320810.7809326649 58011030.7812500000
537338539.7530502081 59419529.3906250000
554050976.4534856081 60618738.3593750000
554434553.1177120209 60641346.9843750000
515293456.3809880614 54561838.4375000000
581820811.7022229433 61614970.4843750000
516197963.2728232145 55186856.6406250000
553607301.4886868000 60585940.8593750000
527300247.7551665902 58005167.8125000000
581125858.9489481449 61599907.9531250000
580762521.1135106087 61584289.1250000000
521474501.9290246964 56917793.7343750000
527168728.3326760530 57982662.8750000000
600310742.9021785259 61879828.9062500000
521263520.0465046763 56852768.5000000000
566496478.1921013594 61119877.4062500000
520408002.6968353987 56582659.5468750000
601829637.9823637009 61890509.6406250000
579268463.0154651403 61535091.0625000000
520718877.4633623958 56652551.9375000000
602024068.8909628391 61894257.4531250000
520512640.6333491802 56608856.7343750000
553064803.7833724022 60492094.0781250000
552058476.7943539619 60435647.5000000000
521088333.4543691874 56721505.9687500000
520608419.2684261203 56623125.9218750000
552680324.6448569298 60466940.1093750000
516046656.7546423674 54987683.1718750000
515979743.0169827938 54953979.5625000000
551621598.7667691708 60402864.7343750000
520775188.9012534022 56672550.2812500000
515858042.3834382296 54823567.6406250000
550759006.9438037872 60340233.4375000000
515773447.2554265857 54761804.7968750000
551137125.3398971558 60361847.5937500000
550291100.6646039486 60310551.9843750000
550952491.8978471756 60351480.5781250000
515822022.4581905603 54784350.8125000000
520160504.0637051463 56442802.5468750000
532039867.4494712949 58609543.1250000000
531937537.7587988377 58594957.6093750000
531795870.4033260942 58564951.3906250000
531692232.4727795720 58549888.7812500000
519847683.8300448656 56327388.2343750000
519993392.5031788349 56361314.7187500000
519866881.5816760659 56336560.2031250000
530573562.8693455458 58400352.0781250000
530405181.0124111176 58361934.9531250000
530230260.1070470214 58348380.3906250000
530302524.7196204662 58357916.6406250000
529920996.4078078270 58301486.6875000000
528824185.4648618698 58160489.7500000000
519803118.3362002969 56288380.8125000000
529847559.7128455639 58289147.1875000000
528629932.0964106321 58116044.1562500000
570439874.8558574915 61218869.6875000000
570874873.9732617140 61235774.0781250000
570941244.9803050756 61237979.1250000000
570217984.3426920176 61211613.8906250000
570656887.5699689388 61229629.2500000000
