1091396347.4717624187 20702577.6601562500
1045539577.8216724396 20351215.0312500000
1044412232.6523977518 20337183.6953125000
1044653623.0320714712 20342110.8710937500
1044852186.5878477097 20343602.0214843750
1045001224.1773718596 20348749.0078125000
1044456200.3798854351 20341727.6718750000
1019420805.1673877239 19622898.2451171875
1019203815.1821582317 19622090.2763671875
1019880599.4203256369 19636013.1357421875
1019299533.1946611404 19622455.0869140625
1041853829.3833462000 20293970.5654296875
1042724001.5864319801 20308801.6591796875
1044064272.1042329073 20334284.8320312500
1043463885.8977018595 20316957.8945312500
1043509385.0732938051 20317710.3710937500
1043721002.0486793518 20328763.0117187500
1075430207.4076025486 20653214.0761718750
1075551389.5484986305 20656723.4082031250
957003440.8085868359 14553018.6152343750
964918088.6461484432 15743478.6054687500
965728901.7212319374 15849872.2871093750
965919231.2327945232 15869699.3574218750
966029078.3581608534 15877739.8476562500
979823036.5205897093 17249326.6220703125
998120133.4475020170 18529266.6523437500
998445628.1670731306 18548026.1835937500
1015876275.0414634943 19468065.7529296875
1016524153.4409072399 19494721.0400390625
1020679568.2232888937 19668434.1162109375
1042226921.3308881521 20304464.3544921875
1042347880.4334806204 20306122.7412109375
1042747843.2449712753 20313556.1083984375
1042972384.6252228022 20315872.2216796875
1058910120.2189328671 20513657.1865234375
1076297686.4466340542 20661111.9355468750
1076028442.9075284004 20660810.6425781250
1075873322.7510952950 20659869.4238281250
998193274.5530217886 18534198.4394531250
997988275.0851984024 18525554.1640625000
997804629.6371140480 18512925.0957031250
957967567.7201057673 14712418.7109375000
966055345.3320028782 15885861.2636718750
966216660.9893376827 15891748.1972656250
979256511.8939428329 17211064.4990234375
1041964802.1047242880 20295046.8349609375
1041639655.6105371714 20286211.2216796875
1041806889.5198342800 20288029.9013671875
965800050.8611950874 15862529.7167968750
965615178.9637653828 15840466.0839843750
1016337530.7631958723 19486371.9365234375
1020108826.4392222166 19648936.1943359375
1041625207.4468910694 20279444.1748046875
1047188530.1924935579 20365723.9179687500
1046879453.2593120337 20362777.1093750000
1092701468.6699476242 20708857.2109375000
980291842.4449285269 17259744.9267578125
1075957824.7162015438 20659994.6582031250
957127458.7909802198 14586090.8496093750
965513154.3896176815 15818828.9335937500
1016093777.4309853315 19481620.2998046875
1015788965.6820316315 19466898.8623046875
1091582070.0180170536 20708528.3242187500
1059059207.6724336147 20515479.6787109375
1046545233.9128069878 20356256.8984375000
1046617740.9416636229 20360948.7734375000
1058256467.1912449598 20507560.5107421875
965025255.9788389206 15749969.8867187500
965328303.2905755043 15792473.0996093750
965368592.6256310940 15799105.1757812500
1046337381.2653697729 20353658.8789062500
1092331625.2774956226 20708693.5390625000
957694391.7706755400 14687971.5507812500
957670017.8015016317 14686553.1972656250
978743485.2403723001 17146041.9775390625
978784727.9753823280 17152637.9169921875
978605106.8909298182 17139909.4482421875
978520479.8701796532 17122528.3427734375
957376826.4548423290 14625977.4980468750
997517770.4688974619 18480325.3994140625
1018084557.3864773512 19564865.8798828125
1018341832.6157361269 19575191.3857421875
1018337876.2452640533 19573761.3310546875
958650059.3721944094 14798402.1103515625
978391986.2854725122 17105954.3115234375
1018306521.1591880322 19567319.5595703125
965450978.6634490490 15805921.9335937500
1017756139.6424404383 19548605.0947265625
957269642.7177114487 14603664.6757812500
965195238.9725983143 15778741.3535156250
1015363274.3173127174 19442414.1669921875
978283307.9921616316 17098149.7099609375
978303918.2741677761 17102325.6357421875
957335848.5934441090 14624266.5292968750
1017169761.2564526796 19514350.2392578125
1017229633.8031829596 19520963.3212890625
1015727283.6059848070 19459794.3544921875
1015965031.4492728710 19469363.9130859375
1015685031.8315386772 19459186.3662109375
1017415708.8354221582 19526583.6650390625
1017067016.4111602306 19511571.7470703125
1056693123.4874948263 20476588.1005859375
1056526704.8839305639 20470332.6357421875
1056953371.2210773230 20477782.1552734375
965146876.6082117558 15761869.6972656250
964695032.2443200350 15706710.7675781250
978143246.6525603533 17078929.4384765625
958250472.4106439352 14759497.1162109375
978057281.8374195099 17069765.3818359375
978073898.7885955572 17077133.7080078125
978197660.5641313791 17084470.0361328125
1027800132.6344901323 19826577.3310546875
977873200.9255040884 17045483.5302734375
964255496.3478792906 15630949.3261718750
964296464.3163795471 15643976.0878906250
964071525.6990226507 15582679.9785156250
964206759.4379804134 15592003.1308593750
964191271.7495924234 15584798.9179687500
1075174993.5202918053 20651386.2480468750
997455301.7777289152 18467999.1582031250
964067540.1164948940 15569181.7519531250
963837517.4337041378 15550951.8613281250
1054667788.5615642071 20444294.3505859375
1055064939.5016014576 20452912.8740234375
1054613405.0942893028 20442442.7099609375
1054812932.8121438026 20450596.0068359375
1089586976.7247240543 20699459.9570312500
997263035.9943101406 18432540.1660156250
963117088.9387805462 15443830.6113281250
963127589.4112244844 15444187.7031250000
962920922.3923540115 15424041.9355468750
963025542.1490509510 15442408.3691406250
962616681.9857416153 15381054.2431640625
962328326.9345444441 15345000.9736328125
1051648605.3274044991 20401589.1562500000
1089266184.3125610352 20691280.5273437500
977714535.5017143488 16993338.3037109375
977613099.7614067793 16983989.4736328125
977548443.3274586201 16977714.4775390625
1051871722.2409105301 20405456.3203125000
1053793987.8612812757 20430349.2070312500
1053591023.5524852276 20428844.0468750000
1053862646.2798932791 20430787.6992187500
961847716.2495081425 15260388.5419921875
961923144.1448441744 15267573.5107421875
962160473.4322099686 15309556.5712890625
962075613.6861051321 15296284.0947265625
962058350.3146419525 15294876.6103515625
1053589458.5741466284 20428395.0742187500
1053134458.9357758760 20422778.1367187500
961460718.3697624207 15174574.6318359375
961332808.9988082647 15166993.7861328125
961156487.9655523300 15136705.6064453125
961125982.3679960966 15131172.7744140625
996013946.4001260996 18339779.6250000000
995796383.9864108562 18331133.0000000000
995823750.5180836916 18335000.5742187500
961315836.9955716133 15146545.5048828125
1073515437.7526910305 20625999.9580078125
959810189.3675032854 14883557.2890625000
1026601185.2611134052 19782442.1044921875
1089042980.2555129528 20682077.5800781250
1026465293.0933102369 19771531.9404296875
1015315541.5833109617 19357504.9677734375
1026369014.1210732460 19767992.6552734375
1026254698.8653510809 19764517.7490234375
1026158456.8036777973 19758304.2724609375
960467627.0984044075 15027556.1259765625
1026340321.0223870277 19766940.9755859375
960324854.1581599712 15004382.6591796875
960223650.0666041374 14953392.5439453125
960099575.4032199383 14953388.3291015625
1025663019.7389398813 19738260.1435546875
1025809316.9975923300 19748078.3818359375
1025558452.9269814491 19735984.2607421875
960014878.8544965982 14945007.0732421875
959850642.5827564001 14918283.8291015625
959930434.1653853655 14929860.6748046875
1088489518.1601438522 20678685.6777343750
1088648876.1543526649 20680695.9160156250
1088232291.1500275135 20678143.2597656250
1025773473.0227044821 19744772.8974609375
995519446.1980168819 18276316.2070312500
1041622527.4108375311 20184066.1337890625
976196601.8021864891 16816813.6591796875
976056139.0066224337 16799599.0576171875
975936823.6813976765 16788969.8505859375
975275904.1415716410 16715944.2373046875
1040552546.7248377800 20170499.2158203125
975749694.9538089037 16762922.1279296875
995327327.3614716530 18262712.6445312500
975198084.8122749329 16700898.9150390625
975533793.4649306536 16738184.4970703125
995722735.6271013021 18286172.2187500000
975343609.3000075817 16721633.9326171875
995184697.3978636265 18248097.0058593750
994981881.9627655745 18221788.8496093750
1084972525.8544099331 20664620.8339843750
1085322625.9259204865 20666456.2285156250
1084422263.7640233040 20663944.8730468750
1084722906.7821538448 20664178.4824218750
1084408838.5216906071 20662993.3457031250
1083911310.8616449833 20662627.9003906250
975157562.4820610285 16648160.3525390625
1072142623.0063416958 20600601.8105468750
993667355.8144829273 18111588.8515625000
993785390.7036045790 18116728.4609375000
993735281.3921740055 18114488.9101562500
992691629.9604372978 18023574.9707031250
992756209.7284862995 18026119.8886718750
974745948.9226149321 16605889.1181640625
974803972.3092557192 16615365.4970703125
992381601.4982041121 17987179.7187500000
992239403.6548236609 17983063.8300781250
1037173116.9181209803 20031068.1904296875
992202470.9672671556 17975795.6210937500
1037299940.0919858217 20035307.1552734375
1036923091.5935622454 20021593.3701171875
1036740919.1861543655 20008862.0888671875
1073470393.7285933495 20610957.3378906250
1036625091.1273621321 20002289.3857421875
1073079861.4389334917 20603423.7324218750
1073160108.8571842909 20605213.4003906250
1073207872.2320859432 20606034.7792968750
1036530764.3598873615 19996261.1494140625
1036626106.3321775198 20004364.9951171875
1036816023.3958982229 20012498.2099609375
1067030787.1837552786 20538179.5546875000
992113769.8803459406 17963142.0312500000
990627245.9508304596 17850351.8916015625
990707750.6439341307 17854362.8291015625
990389474.7338433266 17829026.0400390625
990090652.6148215532 17810063.3212890625
989976605.0566109419 17801563.8642578125
990069285.8230394125 17807222.7353515625
989900009.7024153471 17791392.5673828125
989815176.9870551825 17791360.3291015625
1067743219.9139783382 20549084.9316406250
974525313.3983366489 16572083.3916015625
1068588186.9783817530 20557698.9550781250
1069156597.9642791748 20562448.6074218750
1069264452.3490675688 20562902.2558593750
1069301438.0773781538 20563825.0605468750
1068861966.5398435593 20559285.5644531250
973468677.3312824965 16430130.1298828125
973378103.7319151163 16396407.7119140625
973219555.8921872377 16379192.5341796875
972917581.8821526766 16341835.1455078125
972972548.0447894335 16353106.1767578125
1034082208.5570231676 19890053.4462890625
1033202612.6637938023 19855491.4619140625
1033045002.6019563675 19852037.8173828125
972863732.4057590961 16337549.9482421875
972905858.6795762777 16337907.2509765625
972471626.1988925934 16298765.8916015625
971376525.2276288271 16178116.9970703125
971307058.6745333672 16166181.9208984375
971197480.4219505787 16149523.4970703125
971132130.4025747776 16145226.3427734375
970968773.7787400484 16117888.4306640625
970885730.8228567839 16102735.9794921875
989170006.0523177385 17667836.8320312500
988782264.8938994408 17612561.2187500000
988902500.4049965143 17621532.3339843750
988451023.2390346527 17591357.4570312500
987649083.1084856987 17519262.2597656250
987601632.1541647911 17510035.6894531250
969616979.8504272699 15930048.7509765625
969541195.9577972889 15919233.4365234375
986888873.6025464535 17451002.3867187500
987126558.0761415958 17466143.0976562500
987165524.5324598551 17467614.5703125000
969675687.1307510138 15930969.2783203125
969769687.8160814047 15943139.0673828125
986704061.1308689117 17417699.5214843750
969928822.4214404821 15954676.7949218750
969964918.9264636040 15962809.9755859375
970402395.9449788332 16040400.6943359375
970299796.8152765036 16024379.9990234375
986491637.8587726355 17389664.2929687500
985875408.9386689663 17324284.8027343750
985657263.5693552494 17314483.6152343750
985530180.7849478722 17299519.3828125000
1014183210.5060037374 19034854.7988281250
1015066657.3984407187 19062017.5664062500
1012734355.7740899324 18969977.5585937500
1013096352.5004332066 18984792.9941406250
1013109827.3483192921 18987242.8554687500
1013043171.1778266430 18984683.6601562500
1012377877.8190150261 18927743.8398437500
1011924532.1050664186 18907372.6875000000
1011574994.3523261547 18896415.2539062500
1009338325.7700564861 18761957.3349609375
1009367184.7668290138 18762000.0048828125
1009367869.3804030418 18771004.7587890625
1009583202.2430719137 18776711.8837890625
1009100386.1593137980 18747736.3798828125
1009222146.7237507105 18748937.7587890625
1009284343.7849293947 18758205.0830078125
1007492704.2414805889 18654212.9892578125
