1098959581.6315884590 70.6792843379
946231768.3335338831 16.2641311396
999429144.6746488810 49.9766104118
999487723.2714489698 49.9910011318
999574856.8552900553 49.9969030087
1000520264.9668692350 50.3092350893
950450874.5845093727 23.0919230853
987718421.6669008732 45.8481122343
999701875.8877967596 50.1021921401
1001674700.7586511374 50.6116699608
1039148563.6571837664 60.4818438742
1072027409.0758824348 66.7374729789
1100324991.9972448349 70.8836285323
1100099964.3752672672 70.8545921519
950267748.4660613537 23.0690453169
950093413.8023285866 22.8960555568
950843603.2430421114 23.3992816121
950764124.4586141109 23.2728638983
950817146.6947546005 23.3817129228
959318118.1392821074 30.3873172932
967298600.3795725107 35.5223981930
1038741855.8858618736 60.3711621840
1038816026.7955156565 60.3945614625
1072264186.3651020527 66.7734381069
1099672133.3191409111 70.8375636190
1113808121.8464252949 72.1129384562
1114590557.8344871998 72.2323773727
950800591.5499671698 23.3817062009
987914824.8854575157 45.9116767583
999835741.5425726175 50.1308133983
1000709629.9409708977 50.3276060926
1039282903.4768192768 60.5120274301
1038870107.9820165634 60.4584833834
1072028892.0623772144 66.7617023642
1038340731.8828325272 60.2391925519
945937692.4623544216 15.6102249488
967182914.0177506208 35.4660879540
1001830467.7633528709 50.6386042493
1001385951.0582413673 50.5622318270
1038397062.1519317627 60.3333835146
1071217814.3509731293 66.6446384540
1120473674.1050720215 72.4284060672
945256364.0721371174 11.9757029021
987393882.5636876822 45.6694270942
1072680033.4561557770 66.7781106340
1114333622.8615744114 72.1917697042
1072142627.2666599751 66.7618751506
1071666145.6341586113 66.7332907523
1071254758.1002862453 66.6673573641
1000316607.3244458437 50.2511779525
1071542992.6179060936 66.6799864149
1113775942.6829216480 72.0227373131
959361342.2623082399 30.4084885780
945263337.4229106903 12.1414152827
959463277.5805972815 30.4683087746
1071628719.6258611679 66.7055517709
1071606326.9057438374 66.6987854814
1114442406.1837129593 72.1966919377
1114216555.5750811100 72.1661815196
976732211.1815150976 40.4490100061
1113847250.0496227741 72.1384402998
945576034.3685432673 12.3164860087
945972185.8546246290 15.9414089439
966706065.2789648771 35.1851577264
1098388315.9753663540 70.6285781469
999649271.7216247320 49.9987094615
1120362149.8544673920 72.4254677296
987410603.9680531025 45.7185806421
966643931.9322031736 35.1765654439
1119588445.6643235683 72.3923000321
959525106.0483316183 30.5040795473
1119794851.2116017342 72.3952631541
1099634896.7169480324 70.8177906647
966659464.6997702122 35.1779201737
987553930.2972075939 45.7741845332
988050097.8182759285 45.9467241306
987683296.1328250170 45.8023780672
1071105166.5468139648 66.6224777209
946807579.6244890690 17.2474491243
946662210.8729488850 17.0898841373
1066367850.3768818378 65.8674400461
1070119153.2541248798 66.4748172643
949856066.2710486650 22.1642937876
1070601802.5864651203 66.5559491212
949866908.7170873880 22.3262898700
949756371.0074207783 22.1578725582
1099167969.3493337631 70.7662718892
1099395325.1331217289 70.8104801327
999947813.2590383291 50.1407190905
977629480.1262520552 40.9358340644
977289745.3819009066 40.7894797283
946494337.8148972988 16.7456270626
959744928.8607271910 30.6146730307
1000484600.2617748976 50.2929453211
959820934.3928111792 30.6654647910
1037468541.9183734655 59.9776966714
946546102.5792337656 16.7570400159
946586262.8318127394 16.9181541814
1069247677.9384596348 66.2614756657
1069804809.6510205269 66.3641019670
945648385.7076052427 12.7890948258
1069400885.6483511925 66.3386591731
977942829.1136666536 41.0021342318
966190664.1959969997 34.7430926018
966067377.5825481415 34.6697673971
965137865.3946084976 34.0907653859
977840820.0435754061 40.9717559227
966249827.7661163807 34.8245249657
977481295.0413414240 40.8429894745
945834195.6605426073 13.5735550467
949614710.7564466000 21.6694311772
1016818653.0454835892 54.4726040769
1115766923.4529078007 72.2609729692
1098004902.3932757378 70.5616194867
1097949432.3079233170 70.5599706545
1098273039.2430872917 70.6180771068
1098234574.2593286037 70.6103642806
1098444046.0908288956 70.6514273658
1067815923.3165509701 66.0154020262
977698856.4566351175 40.9548220541
977425264.0921579599 40.8305258434
996691530.6589256525 48.8898783367
949551376.5543557405 21.5096723570
949464437.1713978052 21.3375626208
996821352.1621705294 48.9396188673
1097679699.3081262112 70.3991992753
1017493001.8671908379 54.6682784976
995935850.3971585035 48.6311406017
966022751.3969438076 34.6529165773
965831110.7495613098 34.5351057836
949487437.9447721243 21.3634327166
1097810277.8736283779 70.5084858797
1097857501.2697589397 70.5179797374
965615763.3799574375 34.3709886584
965891382.7804400921 34.5425970468
960248731.5790921450 30.7674016342
1097742870.6184785366 70.4902595840
988945566.6301931143 46.1959383280
1098054247.3573179245 70.5683361962
989290664.5459442139 46.3269932640
988848184.9153929949 46.1866870371
988675305.4951350689 46.1275128217
989209372.3031316996 46.3103306649
1034750890.1950014830 59.1342930492
1035154378.9081581831 59.2973091552
1101138757.3514637947 70.9114770144
945723214.2525502443 13.1015336566
1036078750.7833459377 59.5022722060
1036040356.1262668371 59.4874032722
1036619093.7772390842 59.6222999594
1036304162.5071763992 59.5339983919
1036349843.1327209473 59.5734704831
1017348457.2851537466 54.6439149811
995288690.7611494064 48.3298445469
995405849.5648288727 48.3392636044
995144166.8813505173 48.1986305159
995201449.0493345261 48.2759013040
1035588260.6949489117 59.3816515629
989306538.1296315193 46.3270134849
988742125.4550994635 46.1595226002
995453451.6840416193 48.3502384140
949253446.0214425325 20.4799946364
1017282555.9819283485 54.6174414664
948920473.1822965145 19.8193943569
949143406.0012297630 20.2253078495
991769876.0078735352 47.0195122723
992172764.0911498070 47.2682101798
945920344.3954460621 13.7524000743
991596100.4597001076 47.0151833807
991510699.8913300037 46.9876458253
991926661.3125307560 47.1764898094
1016141169.0109719038 54.3030318155
1015942868.4592341185 54.2307474002
1016188501.0310125351 54.3198382318
1034712847.6893414259 59.1060056269
1034405842.7701721191 58.9743076592
1063622967.9428818226 65.2088364027
948991702.0876421928 20.0158252737
948584609.4125308990 19.2628721182
948571960.8504395485 19.1091354552
948500455.7645303011 19.0912637298
1063606214.8275886774 65.1961694099
1033957379.4001015425 58.8865555182
1063050757.1690651178 65.0737056433
1062790977.5552507639 65.0080857201
1015781428.0238460302 54.1791361370
1063355481.5979803801 65.1465100198
1062904469.6421710253 65.0095324440
1062493568.4354051352 64.9580053973
1034169920.1420252323 58.9595268324
1033640455.8175789118 58.7643139867
1062767926.7903288603 64.9773115484
1118181331.0809829235 72.3122869730
1015100545.3863033056 53.9527041151
948168189.4417585135 18.0747642518
948090833.0620900393 17.9031558634
1117991775.1498062611 72.3056953847
948041548.3154369593 17.6540788599
1015537533.7318488359 54.0799617418
1119331444.7265372276 72.3247887343
976403519.2057628632 39.9441740729
963142214.8870208263 32.5404260485
1031453134.2259353399 58.1492627764
963214004.2772247791 32.5867608011
963134511.2766608000 32.5241328608
962884993.4430272579 32.4165074658
962868742.5571666956 32.3299792763
1031877096.8456569910 58.2029349933
962406641.4960956573 32.0785010832
1030875027.8873972893 57.9964372793
962422014.7321906090 32.1046050217
1014378244.8123818636 53.6491275345
1031279695.2791266441 58.0518610094
962830197.8714778423 32.3187454012
1028480153.9438896179 57.2811001336
1029122840.5101953745 57.4279433360
1029023719.5210224390 57.4102318382
1028597001.5389361382 57.3182885071
953306372.2183628082 23.5691580291
1028805420.4710503817 57.3396712785
1028028236.5383799076 57.0949005418
1061588729.3563823700 64.5071562400
1028230794.1022380590 57.1593113475
1028143299.1136509180 57.1520234056
1013627403.2206252813 53.3027892405
1025587803.4989924431 56.5014298026
1025172882.0669715405 56.3915135282
1025332435.2712004185 56.4514613058
1025097638.5038641691 56.3739172983
984758492.2870321274 43.7610378994
984607360.4599497318 43.6492484084
984540280.4136247635 43.6227305604
984401177.3365327120 43.5773747361
976177436.3361302614 39.4862405487
983587347.1785551310 43.2301968394
983867069.3705970049 43.3477144530
984276550.6922124624 43.4869045869
983793860.0609871149 43.3425311914
1022581993.6844360828 55.6056843002
1022474343.3488515615 55.5957496364
1022739169.9554173946 55.6485694993
1012446169.4492278099 52.8199155106
1022676098.3006616831 55.6231623713
1021046877.0729138851 55.1742577634
1020722613.8866643906 55.1425681978
1020481083.7884206772 55.0316528201
1020529244.1360455751 55.0800610937
975935578.7795308828 39.3094129457
1012649766.3663855791 52.9113973535
1011917382.7849409580 52.6651420902
980566804.0682530403 41.6796364229
1012178835.7506918907 52.7437092747
980677205.9090974331 41.8055195701
980615220.1765124798 41.7337948192
980238212.0882629156 41.4937979071
1057411235.3414927721 63.4951565056
1056662861.8375705481 63.2630956947
1056569776.4509035349 63.2115479033
1056593777.8330103159 63.2451320962
1056316195.3565307856 63.1886224813
1056873648.0260595083 63.3218339039
1056911737.6484462023 63.3577497034
1056812566.1296973228 63.2735048122
979970802.2007865906 41.3868302866
980159749.7633373737 41.4923480093
979963719.6471952200 41.3507686048
979778317.6280946732 41.2014722732
1105538292.9644680023 70.9509930089
1106168315.1093704700 71.0225650072
1105976349.0332264900 70.9996623248
1105665878.2371041775 70.9636558592
1105892997.2329089642 70.9855731651
1009068144.9348936081 51.2747377713
1008895824.3335391283 51.2303446353
1008891496.6215556860 51.2238698778
1008453489.2512133121 51.0834572491
1008828667.0902271271 51.1564155658
1008142288.5514194965 50.9336465624
1007780329.9036706686 50.8965321918
974949384.9236267805 38.2284154431
974822802.9936569929 38.1903978894
975750944.6525479555 38.6520402760
975646397.4778745174 38.6360441516
975191629.9611471891 38.3291127192
974674243.8487206697 38.0894606771
974969821.2583681345 38.2525986743
958556217.4379390478 26.0424349603
958309080.9306639433 25.7760216476
958143322.5227215290 25.6044132591
971794748.4405961037 35.8716142730
971455675.9764916897 35.5957409755
971840069.8269014359 35.8728197707
958102520.6679568291 25.3212849398
1052390561.8586587906 61.6632193395
1053220173.4687557220 61.9297154477
1052591970.8223874569 61.7983786867
1052987772.6125185490 61.8640739129
1052335946.3043072224 61.6583147854
1051190595.1562882662 61.1532394100
1050965167.7870947123 61.1000410352
