165266344.1304439604 6848.3696114359
165645343.7036917508 6973.5356079874
175228487.8322274089 9846.0816707611
165074014.9652889073 6767.5451250920
177716345.4571982622 10091.1103668213
180306466.5076193511 10178.8868675232
162701735.2958389223 5450.2436178876
168616084.6989206970 8128.7799737998
180086736.5899171531 10155.7975654602
180743003.4914338291 10181.0224952698
160792286.4790616632 3929.1110778357
160783434.8666054606 3909.3947544730
173278530.3850024641 9526.9434719086
176808856.9801557362 10012.0195083618
160969438.3658145666 4121.1428964437
164825813.5207447112 6657.9802022658
166577549.2198858559 7342.5305957219
167948461.5912856758 7875.8668491989
169077425.6522620022 8274.5047739097
173889050.8868386447 9628.5977935791
174947286.9826455116 9802.0536384583
175190285.2825547457 9838.5946388245
177833117.0357465148 10096.7307815552
180099861.5415324271 10175.4508934021
160891141.3726990223 4023.7455132664
162064736.4486630261 5069.4443460358
163901412.4466785491 6136.1466175852
167601993.0130178034 7790.2050850540
175351893.8491241932 9892.7151374817
179543611.6575112045 10154.6285057068
164707271.1470039189 6583.1297243402
176119963.5272586942 9985.8289260864
179441229.3931000531 10151.1021347046
167999551.4519607127 7905.1458714688
162741987.7118588984 5473.3812197400
176095480.5687270761 9982.2363891602
160739620.1807292104 3904.0813403631
160921166.5930588245 4030.7509342582
161018558.2785084248 4183.4961400834
167486075.2833828628 7723.7046494447
163839655.0491237938 6131.1563951823
168805620.4184533954 8208.0321329185
163797336.9715225995 6042.6443926630
165435467.2990863621 6893.6736768124
168745940.6268096268 8192.9295671531
172903446.7621680796 9411.2869014740
172887553.5216079652 9372.8777160645
178947509.5279362500 10122.1028099060
173228943.7681320012 9514.0435886383
173198504.3702915609 9512.9352626801
165929034.7373943627 7119.2909493980
173038793.9961445034 9451.8648548126
175679518.9969701767 9936.6134071350
161067943.2003005743 4228.6079534775
169319275.4037593305 8337.0814736569
176396202.0465607047 9992.4114837646
160936081.6954371333 4110.2589584739
162174259.8443399370 5164.8732381714
165001579.0460968316 6706.7859469303
175906982.9592648745 9957.9345626831
160838812.7876317501 4003.4804130943
160835567.1274242997 3961.3264864834
162742743.2358816564 5502.4976462079
176071259.4582363963 9966.7432708740
164066259.4245112538 6241.8779646692
162701119.3519937098 5433.1687549824
162551720.4738233387 5407.0809096051
164829942.5638959110 6666.4070356653
173198215.6423934996 9503.4338362217
167437883.4811575115 7718.8675608598
178161014.2448094487 10101.7222976685
160321824.7792077661 2756.3771569749
178662683.0495858788 10107.8356094360
162518921.6054807603 5332.4904097272
178205348.6124374866 10103.3407630920
162471373.4456194341 5312.3526648236
160644457.1464970112 3707.5893759716
178028383.0600236058 10098.7686271667
161855842.8749564588 4830.1986264167
169169531.6721681058 8305.9449054301
178488918.1457750797 10103.7925567627
165694071.2317842543 6974.1500970734
167802558.8967926204 7844.1304392778
165503243.5274892747 6950.4021279154
167402820.9927653968 7680.3811831438
173464390.7450289428 9578.6937217712
175640927.9371428490 9933.6116828918
175558901.0096149445 9922.6368751526
168469830.3700179756 8099.9736912930
175905404.2389967442 9948.6782913208
165042185.6756426990 6760.9627462111
166414483.4686709940 7317.4069282004
160777970.4311870933 3907.2289488817
169432635.7816505730 8337.6212537587
162193925.2469709218 5182.2477785004
162392120.8497430980 5309.5507353498
167709777.6418602467 7814.3689694368
176082375.2161790133 9971.3027267456
165367623.2603429854 6875.4627478060
169404096.4610232413 8337.1271126950
169317275.9804101288 8337.0286019528
174223143.8695996404 9703.0252876282
168890050.8834829032 8227.0436242307
176966572.7762199640 10041.6552352905
176447518.7335294485 10010.6867599487
162372641.2193687856 5292.2179361237
173142839.9215569198 9485.7023830414
176826058.3747266531 10024.2771148682
173301298.7392296493 9531.5119647980
164965204.1666505635 6702.9982047759
160420870.3199383318 3309.8066213886
173934888.9379968345 9666.5055503845
177654789.9981329441 10083.4957160950
174055688.3961337507 9675.2397003174
167750284.4510978758 7828.9817805254
177630746.4189301729 10082.3809509277
160489214.0123575926 3395.0340586726
162303242.6486727595 5230.4030803913
177214335.5142270327 10055.2769927979
168950735.3186644018 8243.1707013333
160561745.8525846004 3594.9250500108
173738936.6390179992 9620.0177459717
163948726.1924701035 6186.3177141485
169054994.6588166356 8266.3988049710
160363135.4910299480 3216.1994666467
176905856.7237493396 10029.3055267334
168609480.7287410796 8114.2279370511
162278611.0729858577 5214.9111608150
162127052.0598071516 5110.9778870298
168658736.2592927516 8156.3153165067
177415147.3481960297 10068.4232635498
168245464.2662804425 8022.7779935086
174881455.2668188214 9788.4762954712
161911489.6777344048 4888.6101864753
168689183.9369042218 8160.0504162991
174569663.0471762419 9756.6139945984
175100039.0123066902 9803.0928306580
174644004.9492921829 9772.3468818665
168344450.0189999640 8054.7436040128
160392518.9274703562 3277.8853708814
165008740.8784021437 6707.2394509994
174284808.2368508577 9718.6006278992
163998933.8791009486 6229.7286030588
174607202.9634391665 9761.8206901550
174550878.9336904287 9740.6133766174
167796482.2224712670 7830.1281676256
165204452.8040355146 6806.4888082229
168653132.7777134478 8145.5240954423
174094064.3802123070 9691.6806144714
162152302.1926636994 5115.5997084333
160691489.5156565309 3812.3111746813
161777310.4135396779 4753.3591363905
162233645.6037501395 5204.3152350141
167770773.8388338983 7829.3074259721
162091174.6720283926 5094.3968161298
174248910.3421576619 9709.4738426208
160324475.2466355860 2980.3329609195
167863390.6120333374 7863.3596719765
164601399.5775126517 6547.7026448928
167634370.6550092399 7798.0133051836
161810828.4978912771 4777.3897856651
167762360.3081448972 7829.0883056187
165319316.6194535196 6870.5553036287
160329178.4722279608 3077.8933094303
165995057.7364786565 7149.1146998939
167422323.6406362355 7690.2018046342
174345968.6435259581 9726.7303352356
161962236.1614552438 4990.9159039436
161871345.4440385401 4882.1699303566
172570493.7935207188 9307.7260251045
160352858.0349774659 3208.9002068798
160343469.5141775310 3199.3503263752
189491666.1329459846 10193.4944229126
162082263.4782650173 5081.7022217689
161988562.0032472312 4993.9724091468
164024747.9076992571 6233.8148238001
179324869.2201243341 10129.3392715454
161948494.2642479241 4974.8104700772
177385333.5108385682 10059.7749481201
162050891.6904477179 5023.7781834705
160375375.5920170248 3272.2410950182
162019332.9987832010 4999.1873109749
190022556.3626435101 10196.9359931946
189682271.7423255742 10196.0637702942
164889366.0416122973 6674.4166476068
160399943.5650732815 3295.2090730081
164081021.0254792273 6247.5554227469
168154776.4334895313 7966.6047954225
166163002.6972284019 7193.4895651278
166043120.7525202334 7155.9288399157
166600318.8988244832 7351.0905393279
160333204.7281155288 3099.2335193912
160340353.1410229504 3187.3534534732
166015549.2074627578 7149.9168963499
168584436.0180642903 8109.3739095926
166036105.8995511234 7153.9007341799
179198751.8447411954 10123.7431526184
164308873.2188358009 6361.7684838113
164166284.7381587327 6330.1671139536
174232064.8697934747 9707.4530830383
189962223.9544925988 10196.4532203674
166045535.5533652604 7171.3170454440
166085268.5683734119 7184.8566667971
165017019.9186458290 6710.7599655924
166311011.4224620163 7271.1261751589
160467328.6125295460 3385.6271753279
164492345.4302394688 6466.4678131876
189588411.8026138544 10194.7934379578
166231242.7943749130 7241.1751997409
160441889.3929767907 3381.4195305653
179209279.3474521339 10124.6054611206
178917042.1967799962 10115.3110809326
164358409.7892597020 6432.2390534219
168224079.3000804484 7999.8506017923
164253163.0832497776 6359.6074420747
164755810.7884626687 6615.4793230829
188771363.2852824032 10191.2520256042
160541578.9666848779 3501.8685868420
160509212.4518390298 3484.4537176545
178728674.1724458039 10109.0277404785
167996744.5572861731 7895.0948610008
164526098.4557389915 6479.6967164514
160315793.4998849034 2753.0590119233
164416511.1420939863 6452.3892800746
171576612.6865489483 8994.2536902815
188536348.3111128211 10190.3232116699
160653017.4438997507 3744.9451327826
171656122.9632190466 8996.9366965890
171625227.4803325236 8994.9164498448
171663930.8422287405 9016.7368640602
165726103.2519887388 6997.6410072546
160538121.4695382118 3488.0132936890
167207001.2443591058 7576.9793291420
172396585.8971687853 9251.2391500473
160562882.2767139673 3598.4191564972
160527825.5487129092 3484.4815719629
165776091.9704139531 7017.6534965734
165878795.9744357169 7075.0361469488
161462994.2579896450 4409.3394729607
161697363.2755134702 4482.8156461827
161587956.2987674475 4477.6064773295
162925003.8744000494 5525.9636535002
160617686.8244801164 3702.5849966462
161354184.7092939019 4379.7427761951
161463803.7025387883 4463.1252967827
160497192.2154396176 3482.1163000519
171479357.5438846648 8951.9917544797
161565420.3774426579 4476.8047567415
161532703.3205354214 4475.8622431746
161353062.8723986149 4378.5521681109
161493115.1685192585 4470.2095100395
161326845.0105820298 4363.4309646599
161352356.7213719487 4365.5677064797
161228840.0978070498 4264.9637794783
172049860.8133124411 9149.0041503906
171887429.8631430268 9072.4167885470
188470658.5633264780 10186.6258926392
171969644.2684342265 9125.5791498721
189193415.8603782654 10192.1296043396
165719794.3032518327 6985.6487004099
167089475.2321940958 7526.9469309665
167046510.3509757817 7484.4105229593
189153322.1663524806 10191.7878570557
172168325.1826553643 9188.8406302035
172097341.1651249826 9154.0178582668
172427990.4213318825 9268.6407041550
166861364.5629474223 7425.7653961397
172211989.4488826692 9192.0408396721
166960873.8376934230 7466.7736757100
166905640.8097393811 7448.8733601785
166796370.3312300742 7417.9048848368
172339206.6170167923 9236.2254571915
172440092.1780947447 9272.4078702927
166903525.7986086607 7435.8191800333
163459271.2087434828 5842.1308545648
163378017.8039804399 5753.3310679971
163658441.7506242692 5939.7728366434
163260348.3620239198 5726.0382022439
163321415.1309482753 5729.9983005105
171402995.9065289795 8767.3893701602
163402596.3519333303 5813.3191264883
171024791.3347987533 8664.7265803516
163767702.6977593601 5992.2735747873
163621595.1274931133 5927.5413722574
170946016.3047916591 8634.6788744628
170836893.8267876208 8600.5079237446
163253975.0121081173 5677.9302118362
171304855.5854128003 8746.8965897262
171268581.4031891525 8728.2668131143
171143628.6296289861 8711.7294125259
170778480.3727127016 8554.1095413864
163025492.4021550119 5561.3600303546
170736950.8036672473 8447.3104700148
163181897.1868812144 5625.6518566028
163086923.3776172101 5595.9815160648
170721207.8956116140 8431.9729845062
170613911.0153526664 8407.6565880239
170531784.1430273950 8369.4427836537
170469710.6168884933 8357.5418777902
170423210.5745001137 8345.5131630361
