146254089.9108833075 1931833.2548828125
146988334.7842087150 2061032.4462890625
150006603.8559374511 2311824.7636718750
150177002.9540174305 2321430.7402343750
155089860.6978896558 2499441.4218750000
155557265.4422377050 2503247.4882812500
155145358.6893332303 2500357.1367187500
155318735.4664250910 2501453.6621093750
146099039.6419525743 1904908.7207031250
146188839.5558937192 1923111.6552734375
148558484.2373372316 2195978.6660156250
154096305.1366096437 2471191.0000000000
147066710.7895265818 2067890.3808593750
149749034.4035400450 2292593.1015625000
149954993.3316211402 2310660.7421875000
146155635.3048575521 1923026.0615234375
149929287.8002701700 2310111.2714843750
152513316.2331009507 2430607.6601562500
155193144.3497894704 2501378.2968750000
146978410.4147470891 2052405.0439453125
146982063.7002948523 2058682.2607421875
145730456.3810504377 1744969.1611328125
145836521.6167077720 1805140.9169921875
147017722.1424750984 2066049.9873046875
150045876.4432303607 2316331.1367187500
152111224.7569217086 2412257.6835937500
152707260.6642014384 2434472.6347656250
155547999.2613175213 2502882.0117187500
155822090.4594254792 2504751.2031250000
156052346.9700964987 2505181.9824218750
145927040.0836084187 1858030.4003906250
150129788.2068712413 2320151.3085937500
154862059.3088353574 2497572.2304687500
145968729.3497715890 1867285.9394531250
145991168.8841491342 1882479.5449218750
149595822.9979595244 2285034.7343750000
154159469.8622655571 2478518.5605468750
155968214.0555094779 2504781.6796875000
145942387.4530275166 1864006.0566406250
148126838.1194737554 2178974.7500000000
148104879.5375661850 2178148.6093750000
148514653.1401407719 2194384.4726562500
152420407.4612647295 2427610.7226562500
152087129.3215971589 2411998.3730468750
154311886.2218044102 2485155.8339843750
154998028.8941597044 2499315.3164062500
152132959.7260163724 2412554.8632812500
154789883.3971772492 2495611.3496093750
155349085.6387003958 2501809.0761718750
147103414.8377047181 2069748.2939453125
148187270.6488229632 2185341.4052734375
147932076.9092813432 2164464.9101562500
149640493.1398522556 2288046.8906250000
151889020.2522840798 2404502.0273437500
152296452.3335882127 2423147.7812500000
152149312.6592188478 2414923.0683593750
156041312.1052901447 2504877.1699218750
156012398.4124427140 2504810.6777343750
149849849.3355972469 2301130.0527343750
150082163.5731750429 2317710.0800781250
152050341.5854707956 2411043.8261718750
146013675.1722159386 1887704.7812500000
149786440.5736347735 2300415.6308593750
152183828.0958803594 2420354.6972656250
148026773.1457717419 2172304.7949218750
148300423.6773975790 2187265.1093750000
150009989.7400029004 2311827.4648437500
149860175.8938577473 2304388.3867187500
150364927.1205664575 2328686.7656250000
152511654.1834634244 2428488.6367187500
154409695.4341385663 2487240.9785156250
145983567.8860800862 1879807.6367187500
146102749.4069162011 1909756.8496093750
150240670.3054187596 2323469.3710937500
147264780.0223785341 2094368.8427734375
147867464.7080909014 2154604.5449218750
147813255.2846815884 2153612.7246093750
150389365.2990369499 2330739.8085937500
146048354.6309961677 1895180.1250000000
148061534.3888610899 2172394.8623046875
148310808.7523442507 2192207.2070312500
148256798.1512867808 2186558.6152343750
150302010.3000338972 2325096.4960937500
150308258.9318754375 2325549.0957031250
156024590.2424538434 2504826.5683593750
146078832.8018042445 1904700.7138671875
148029144.6710173190 2172304.9296875000
149856759.2532657683 2304374.9726562500
154465700.4677828252 2487652.5898437500
145776866.6928273737 1782259.1347656250
147720650.9394527376 2143839.7900390625
148084809.6748377681 2177254.5136718750
154128847.2057882845 2476641.9628906250
146059581.9087929130 1900326.8164062500
147952784.4993210733 2166790.1972656250
148017802.6398794651 2168592.0273437500
148180697.0265096128 2183214.6894531250
150057140.6951625049 2317134.5097656250
152514475.1386010051 2430790.2812500000
154728839.6538699567 2493433.5664062500
146014884.7348831296 1892181.8515625000
148064526.6658772528 2176392.5078125000
148176889.7442733347 2181703.3925781250
148648955.1094106436 2198959.0332031250
147179921.6193083227 2080630.6884765625
147118515.8823655844 2074668.0439453125
148007309.0156048238 2168400.9414062500
148134602.3684099019 2181125.9980468750
150319216.8425717652 2327671.8417968750
150315407.5138477981 2326088.6054687500
154833867.5421681106 2496713.5976562500
154829247.2264018357 2495840.6972656250
155746150.4413681924 2503852.2656250000
145743243.1918171346 1763875.1494140625
145776306.3086920679 1778440.9775390625
145784764.3154633939 1789294.2744140625
149699191.5791620314 2288966.7812500000
152572744.1317935586 2432805.3164062500
154764999.8483666480 2495460.0859375000
146062503.3854836822 1903529.8183593750
147878483.5504220724 2159146.1796875000
147964632.3664967418 2168295.4941406250
147163170.2594669759 2078424.7851562500
154551786.4250158966 2490203.1757812500
152485064.4539126754 2428378.6074218750
152434040.8925440013 2428341.5625000000
149780014.9587322772 2294027.6103515625
154381388.2416642010 2485360.0351562500
154636892.9719098508 2491544.2363281250
146028752.1413437724 1892205.1875000000
147127592.1141510606 2077551.2158203125
152754133.6191155910 2438073.5742187500
154416183.9057072103 2487571.3652343750
149420871.8393285573 2266684.3085937500
150626195.0926589072 2334327.1523437500
152817695.4173466861 2439596.8476562500
155014090.2026918828 2499317.7773437500
147059443.3674354553 2066219.5888671875
154203864.2051804364 2481273.5390625000
157251373.9233532846 2506042.6992187500
152828457.8676968217 2440339.0859375000
149727704.5123429000 2291418.5527343750
150499235.8892309368 2332446.9277343750
147625026.7344233394 2129012.8994140625
147333532.4838072360 2095783.9765625000
153078136.5028671026 2447690.4863281250
145817192.0164672434 1798263.1796875000
147335090.7070406377 2096496.0722656250
154484022.4317807257 2489073.3730468750
156519127.1706921458 2505212.4589843750
150583148.0239785016 2333579.8085937500
155535208.7670426965 2501842.0078125000
147169023.8275266886 2080147.5244140625
149534533.4951057136 2271248.2968750000
154511547.0779614151 2489772.3964843750
156605515.5706999898 2505455.0234375000
146135318.0161842108 1913836.1035156250
146106515.0660282969 1912353.1748046875
150646619.2346141040 2335328.7207031250
157137721.3229999244 2506002.6582031250
157058545.3241417706 2505943.1835937500
147398919.4498098493 2103620.3271484375
152858108.7132482529 2441496.5253906250
145772158.2540982068 1767361.7509765625
145726678.5556919873 1744956.0498046875
153076324.7148027420 2447639.8437500000
153051630.2990670204 2446804.9824218750
147149101.2298623323 2077918.8886718750
152640379.1949724853 2433520.9628906250
154623991.7116219699 2491106.3339843750
155145202.4430963099 2499632.7500000000
147436271.6836149395 2109308.4521484375
152762277.8839274347 2439548.9570312500
153103691.2633864582 2448889.6621093750
154932191.2916186750 2498003.0097656250
149640417.5582885444 2286269.2597656250
153168881.8673963249 2449606.9335937500
145759872.0863537788 1767284.0185546875
147538142.4366394579 2118539.5224609375
147482659.2853138149 2113004.6308593750
147238131.7258257866 2086750.3828125000
146272232.9508101046 1934006.6601562500
145737021.8828922212 1754023.6298828125
145828084.8556480706 1801094.3876953125
146137949.3315455019 1915057.3564453125
147103526.0012385249 2070000.3339843750
150280063.2485850155 2323963.3085937500
152871052.0194390714 2442350.9082031250
145777737.4984780252 1784026.9785156250
146237672.6387756765 1928989.0332031250
145740610.8276700675 1762120.6435546875
147549897.9787519276 2119814.3544921875
152964080.8819948733 2444469.5332031250
153228017.2295393348 2450815.9296875000
146155528.7399345338 1919367.3515625000
157044167.2097765803 2505770.4355468750
145863980.8843058348 1808205.1093750000
147801578.1333817244 2145289.4990234375
146205134.9457294047 1925138.8681640625
145757154.2828710973 1765095.0068359375
147685679.1625611782 2129506.5087890625
146343625.6541957557 1945063.1962890625
146210107.3059131801 1927871.9130859375
149706550.0949340165 2290779.1835937500
156519788.7459146082 2505307.9492187500
150911322.4093541801 2348271.1835937500
152792427.4309370220 2439557.8242187500
146119572.1247459352 1912379.2958984375
146291025.7044314742 1936080.2236328125
147386196.5643845499 2100000.7685546875
149841246.9479774535 2300658.5234375000
151010253.4846101105 2353693.5468750000
145871566.3190425038 1810509.0205078125
147113253.1338430643 2070215.8183593750
147628552.4482277632 2129217.3261718750
147691526.0005887747 2132401.8632812500
145881338.9940193295 1811241.2402343750
146337302.0627384186 1939943.2861328125
152919892.1027286947 2443068.2792968750
163837159.6711144745 2506336.4707031250
145853674.7176955342 1805539.5771484375
163687776.8525948822 2506243.6093750000
150992814.3629294634 2350150.9707031250
156838585.2951874733 2505710.9609375000
147704556.7408057749 2134487.6943359375
153556108.9841482341 2456534.8925781250
153439822.9611519277 2453072.6660156250
153527595.1368994415 2454453.1796875000
147368845.2500008643 2098019.1337890625
147406853.8055995703 2103914.4189453125
150851935.7889468670 2345446.7031250000
147705350.6414228380 2137164.9951171875
150942696.3883056939 2349113.9824218750
150889577.4759201705 2346312.6191406250
150851363.9883027077 2343632.5917968750
150666701.7029805779 2341015.1582031250
150826908.7000118196 2341760.8339843750
146308742.1850723326 1937059.4248046875
163456715.7607529461 2506121.8789062500
156781183.5411899686 2505540.1718750000
163538071.9943683147 2506219.6152343750
147516877.7040109336 2116790.2724609375
147368997.5608463883 2099932.7197265625
147469267.2965869606 2111819.8642578125
146329724.2266582847 1939886.1015625000
147446514.3814674020 2111717.3408203125
147550584.9913600385 2121883.3134765625
147481472.1354176998 2112037.1123046875
146386381.9540106058 1946265.5585937500
145895172.2391880751 1817315.1992187500
147593957.7154872715 2124103.3486328125
147336700.1413806081 2098017.3232421875
153423194.0625129938 2451896.2949218750
147424355.0612849295 2105916.8964843750
147393021.3425478637 2100181.4960937500
147425623.3610657156 2106306.2910156250
145890131.4082128406 1817149.7509765625
159793173.2105116844 2506112.4804687500
153897752.3247751296 2458947.6503906250
145916135.2220755219 1822513.9970703125
153919201.6993309557 2462810.3632812500
153649169.1411986351 2456619.9824218750
150628068.4957205951 2334908.2949218750
153727006.2645947039 2457567.6035156250
153543917.3592538834 2454557.0898437500
146696970.8894924819 1980385.1308593750
146782910.8842637241 1986253.8457031250
153856848.3375018835 2458222.7382812500
145891768.4635491967 1817287.4785156250
146631027.2828249633 1974358.7861328125
151343728.5494832098 2360783.1464843750
151489223.9333160222 2362809.2109375000
146618726.3678078949 1967189.6064453125
151303436.4766124487 2358903.3593750000
146662935.2201642692 1974797.8525390625
146928248.0875441134 1987056.4121093750
151336224.7577102184 2359255.3750000000
146725918.6792876422 1983971.8828125000
151231982.8845149279 2356722.0761718750
153830960.4844608903 2458130.1660156250
146577300.7275653780 1966702.2783203125
151460053.8528403640 2362521.1894531250
146523912.8496972620 1957422.7001953125
146550907.7302118838 1964618.5869140625
154081301.3871543407 2466383.4394531250
146525407.6904255748 1958926.4785156250
154065042.1582615376 2465524.8066406250
146449544.7568433881 1949070.1894531250
146485361.5138152540 1951651.7705078125
146683898.9445794523 1975467.8076171875
146553531.1805519164 1966654.2197265625
146457769.3823061585 1950460.1923828125
146522857.8628455400 1951684.8203125000
149317655.4786871374 2216671.8847656250
149383248.0128403306 2220240.9101562500
149379043.7100601494 2216747.2285156250
149269446.7549115121 2216621.5898437500
149391956.6477029622 2222030.3144531250
149268466.0884124339 2205608.7636718750
149253746.9578373134 2200826.8203125000
