272251376.5528064370 314049.5723876953
278639775.8155931234 317736.0093383789
230986270.3495558798 117523.0440693255
292137551.0983483791 321523.0531005859
292157406.5333325267 321524.3243408203
230817944.5229833424 117242.2642536517
273004929.8054988980 314421.2762451172
272602663.2257617712 314164.6604003906
278195602.1419464946 317506.9597778320
250347992.0370428264 254823.1300736647
252710446.5465422571 263681.9753737301
266949412.2689844668 306867.5354003906
272832242.5236738324 314234.1489257812
238024776.9044104218 191753.8968850374
256399958.1384746134 276886.4658750296
257791273.8122145236 280769.0278867483
266939701.3015598059 306860.1226806641
268079928.9153850675 309220.3853149414
272096495.9731130004 313320.2544555664
272173447.1027758121 314038.9095458984
280604198.4483376145 318819.9467773438
234024000.1788322031 161174.6833840273
238155084.9345633984 192735.4646950960
236636777.9045068622 183518.4586778330
252251957.3863370419 261899.6913466305
256266589.0975270569 276879.6432355642
268271652.8281185925 309524.3941040039
236480454.6100798845 182617.2817443283
236643109.3338239789 183709.7414565198
258512138.8192330301 282813.6627058983
273258150.7985975146 314507.7208251953
248260443.9229670167 245174.3651240021
257594939.3566885293 280760.1209043264
233850218.5834929645 157841.7776927016
250209958.7263503969 254580.5441056471
260328053.5140226185 288567.1451416016
269830147.7648250461 311358.3490600586
230675684.1251067817 113547.1963830534
234113047.3883895576 161729.7392024062
238761601.2055185437 194926.4427052140
250948367.1568596363 257217.7321553230
267175594.1645294130 307154.9418945312
269736837.8684652448 311353.2824096680
230278331.7342389226 101139.1551969245
233939485.6462864578 159683.8995112441
238830653.9640801251 196311.6779957414
248370868.0918304920 245502.6025202423
252777358.5403792560 263871.8815703243
238058562.0853224397 192501.1122323275
250023389.9297891259 253374.9243044704
252100754.0024753213 261809.4651951641
253100124.1697985232 265626.9542479366
238436650.0338872075 194338.5872923844
230616399.8594650328 113167.4223410431
238394167.2969875336 194326.9410877824
250368452.5864958763 255217.0206389278
279230046.1944400072 318478.0599975586
230688793.5781000555 114917.2849831525
230596951.9672341645 111464.3202919904
230606562.2791546285 113157.1354775373
230599491.7051573098 112844.5592734161
267124549.5156872571 306895.2467651367
233976756.3434377611 160029.4985312484
252554484.2244944572 263628.1973662227
236604561.4714120626 182804.2885846170
266753162.9865745902 306396.8110961914
293215765.1200395226 321537.4860839844
230348365.7081218362 105295.9180339322
230393550.6774356365 105356.6095660672
230302730.7191262841 102791.1250632748
280708901.3699933290 318820.7543945312
280718560.6910221577 318847.8691406250
294764724.2633216977 321656.6018066406
230331216.0673125982 105082.3335650906
268875023.2164189816 310474.1029663086
291152220.8748978972 320533.8663330078
291374401.2855434418 320946.2540283203
260231725.5320598483 288313.4340820312
279781834.6718943715 318651.7244262695
233876711.2418523729 158261.9279231094
278810832.1736657619 318192.7055053711
279988517.4786718488 318788.7425537109
250185437.3939885497 253936.6642699093
268856929.8632197976 310457.7120971680
250104543.6388511658 253859.6787199825
260654699.0684098303 289575.8189697266
279340034.8309184313 318539.7706909180
279951142.7037383914 318785.2985839844
238349641.4196523428 193775.3310977221
258068880.5649041533 282426.0586903095
268646812.8400229216 310100.6111450195
236668958.2236274481 183940.1094239913
260733146.4710935652 289639.0585937500
253518038.7527235448 265694.9924712032
252868953.9242371917 264039.0281631798
235927652.4457336664 179000.5049438031
236236958.5677669644 180587.0928223706
248069720.4094859958 243887.4247248322
294644882.0035838485 321631.5343017578
236222571.8994985819 180457.1901196511
250038768.9960428476 253584.2255339473
266918174.0511573255 306666.7645263672
279236424.8623083234 318521.0505371094
230432938.5083682835 107504.8529688612
292852250.4964157343 321528.3613281250
251842117.9258788228 260225.1392302364
267660845.6767632365 308480.7222900391
268652489.9547819495 310117.7234497070
294097483.8215873837 321608.7515869141
234259134.1076144874 163404.5242671035
234231239.5922594965 163257.6094416640
238566921.6296623349 194751.3160782382
267303160.3398045599 307958.0777587891
269573534.8705075979 311087.8214721680
238476692.2322277427 194650.5101138353
257453834.1045511365 280745.5836728811
259981414.3713384569 287299.5629158020
293571454.0469146967 321599.6875000000
293873942.7735837102 321607.1252441406
251525078.8191264272 259338.0942168087
256265291.9875735343 276826.2788633108
267547362.8690226376 308194.9491577148
257340879.3030089736 280246.0633597374
267989621.6825071871 309213.4175415039
280870740.8932186365 318901.4837646484
234435781.8280424178 164145.8375910781
267607245.3742491007 308233.5617675781
277960586.6596171856 317116.8649291992
236130417.4122989178 179759.9556759866
256772035.2993066907 278623.0922178030
266366042.6108124256 304723.8565673828
236177408.8213860989 180240.3383893045
271355676.3063405752 312910.4080810547
256796377.9106934071 278812.3856032789
236411223.2957984209 182187.0799359353
254860221.4794439673 271416.8570977747
251576117.1019491553 259670.2066740841
271740123.4146462679 313083.9775390625
271679909.0777653456 313077.5467529297
231025838.1722426713 118484.5349711720
252041737.0068501234 261741.2604536861
231626012.0934925377 120874.7944093086
235704823.0652802289 174915.5081533586
236342410.9899811149 181976.9298047097
236299320.9570664167 181798.6178998025
231098996.6942320168 119209.4834079090
235625595.2332189381 174711.2121786272
266596161.3441728354 305391.4698181152
231220226.1468766034 120799.0612277332
231029752.3508136570 118745.6980685536
254971258.3424305320 271922.5186425745
256990602.5751254857 278997.6687977314
230401605.9613830149 105375.0217580329
230491363.5747133195 109404.2641385793
251106611.7376013398 257680.3875517696
235550411.9983749688 172776.3830457330
236447438.9285944998 182593.4151506647
254752810.3831396103 270986.7367517054
237379111.6137158275 187990.9058146179
250897568.4874466956 256656.0892424434
249047680.9786282480 248857.7023032010
249297213.9123586416 249997.0133783966
249627151.8115260899 250672.8058662266
250491170.2242718935 255630.0955824703
254996522.6943736672 271949.9149285853
238233891.8004556298 193331.0407379568
260235049.8220536709 288416.7135620117
237959057.5007982850 191110.7746226490
251705795.5944920778 259959.4540953487
248892774.8924350142 248197.3377192169
234319340.8865916431 163657.7325800918
255056803.7213296294 272222.9730035365
234154452.2521971166 162099.4530695937
282900602.5952801704 319282.9328613281
252446599.8362385035 263218.8955092281
237035398.5687766969 186130.6550231278
237764802.6790837348 189948.5360798538
252613821.8003886938 263651.5446882248
248985041.1877772808 248616.8374445587
252007618.1724799871 261645.8318877071
248667205.2291710377 247052.4064905792
266247774.7036117017 303406.3638916016
235842097.0758429468 177525.3891166076
235812774.3486666977 177473.3850149309
258068260.4350503981 281993.1717466116
254616632.7837844491 270527.5621301234
257401544.1245605350 280419.3956845999
265974869.9317218363 301272.9830017090
237857399.1131338477 191088.1388916671
237197375.8853561282 186466.7562937438
237505808.3345788717 189061.9944739044
282548274.7699482441 319226.3422851562
270700045.5835495591 311943.8304443359
249860928.4359523654 251914.1087050289
276726430.6707884669 315808.9645996094
260359273.9150381386 289111.2676773071
248803017.3025518656 247610.8527949005
276914958.5581758618 316004.0341796875
255088042.3831159174 272832.9501458704
270773541.3178846836 311955.4404296875
257054044.6438632309 279633.2235044241
236989713.6064200103 185835.1811717451
261870681.5437642336 292193.6329956055
256605062.8302854896 278182.2140287161
261395768.1405804753 291461.0673217773
260163444.7699275017 288250.8989562988
261056614.8108863831 290613.5542602539
275994600.3506204486 315741.9505615234
275468703.0190452337 315361.4305419922
260894705.9823453426 290606.4561157227
275207738.2640610933 315259.0004882812
260748778.2174213529 290028.2841796875
232806344.3909232914 138261.7154707629
275660206.0090097785 315545.0369873047
259631046.9308176041 286541.4934692383
259999661.9756759405 288058.8184814453
239200190.3325971961 197740.2255364587
259222747.0898187160 285310.2558212280
234690669.7954148650 165607.9279540442
250718115.4184997976 256176.9392943233
283939414.5022401810 319356.3240966797
259055836.2767038345 285067.2468872070
232858729.6314107478 138281.4181074816
258859290.2300935984 284218.2625617981
255643750.1468442976 274715.9660428762
256565939.7759329081 277857.7421048880
255803974.6922551990 275259.7887967825
251449942.6456128657 259058.5104918331
259372293.1548380256 285899.8365135193
232244744.8116436005 131515.5300884861
255504430.4455848336 273893.2676481009
255331502.5595205128 273340.3731855154
262824364.7516005635 292826.9483985901
232246622.0438254476 132018.3331833500
263129126.1696171761 293171.8944435120
232288343.7149176598 133370.6297283787
263952130.6259251535 294552.8679847717
283577895.8061274290 319316.1706542969
263595295.7199393809 294394.3628082275
283584224.7412174344 319338.3688964844
263541522.0792374909 294368.6558876038
258576060.4650293291 282923.2055301666
264220859.1702546775 295049.9673461914
263468264.3006013632 294211.0900611877
257977741.7388309538 281587.9078197479
282369759.1388425231 319097.4718017578
240986759.8199874461 203596.6466599461
240942337.2098459899 203573.0287400242
241991910.0480968654 203627.8997099902
232274771.6085851192 132813.6929644663
232282902.9469148517 133036.0535120088
233846375.0898543894 154092.7702306565
275425975.0017549992 315301.0047607422
282319311.8707939982 319093.4564208984
232218259.0426121354 131363.7865213472
263223052.3536358774 293234.3602027893
240841869.7012391090 202788.3537007049
240311228.4741749465 200734.5587177947
240797493.8415388167 202738.3864994720
240531576.4330440462 201656.8444445357
233768902.4326595664 152860.1994762328
240385376.4466693103 200783.8747039463
240396034.2111738026 201005.7541752532
282404376.8642454743 319105.4826660156
240216173.8728479743 199909.0689552426
235352687.6596738398 169990.9358089994
235538275.4471230805 171058.0378116267
235246542.0900628865 169058.4096859526
235072990.5603837073 167437.9732950972
234962507.4449857771 166134.5516794380
232133999.9959917665 126890.3760932665
235111616.3877612352 167505.8420882860
232093303.3957507610 125021.5852912645
232064194.1927338839 123335.0636237841
232115882.4049163461 126680.2221015673
232173848.2441349626 128100.3343452196
277852667.2157973647 316293.8244628906
277463759.7189353704 316136.7677612305
233592009.7058029175 149203.3850642490
233633518.3528290987 149422.6939657256
233516433.4012191296 147975.7505455735
233592138.7164502740 149203.8579331162
233202261.8768217266 138422.9056514059
233242822.5102474391 139783.0504685102
290800063.2985365987 319465.3930664062
233384512.2824440300 140990.5619573887
290880545.9315685034 319545.9272460938
233364866.0114401281 140343.0203519198
233339553.0733166635 139990.7409329745
291095106.4677042365 319585.6571044922
247365785.0800975859 212146.6227080091
247359789.6950671375 211677.9217183243
246818544.2024032176 210233.5140114452
246901471.9395413399 210256.0629020247
246298356.0104888678 206963.1409018410
246716952.0468541980 208911.9967703472
246446515.3956033587 208351.6856131207
245568604.9078838527 204118.7078516819
246063166.5570832193 206389.7759842116
245692365.7041148245 204381.0033381321
