65848791.6573202834 1829979.0068359375
65826443.9327456281 1829176.8115234375
65996429.5494939685 1852302.0312500000
66156644.2432651445 1871978.9257812500
67331678.7065485716 1980239.5429687500
67280787.6274711937 1972769.1015625000
67960894.2097476274 2007249.8808593750
68506767.4133316875 2030296.3574218750
69014198.1299801022 2051079.6406250000
67432757.6359464228 1983090.3222656250
67344090.6482283324 1980715.6738281250
67550979.7310933471 1988967.5097656250
67461352.8012024760 1985484.7890625000
67551675.3511895537 1989196.8398437500
65863358.4593535438 1833038.0341796875
67241300.1643403620 1971935.4140625000
67316566.7070337683 1980038.8300781250
65691529.6796652749 1780362.4794921875
65800900.5002420172 1827950.0283203125
65901112.1388401091 1842556.1093750000
67185735.6249547899 1971441.2519531250
67118195.4683683515 1961237.3046875000
67295283.6469734311 1973862.0429687500
67551940.5853667855 1991251.2792968750
68173103.5486635864 2011044.5742187500
67942084.9457403570 2004393.1015625000
68629589.8189416975 2036443.3867187500
68987136.8742936552 2049781.6367187500
68005534.3384834230 2007926.7246093750
65673259.4549641833 1777084.2568359375
66003807.6748003662 1852974.2597656250
66410439.0311644748 1895472.3125000000
67856055.6122030318 2002344.7675781250
67770472.6653172970 2001200.9042968750
68658842.8030224144 2041096.5917968750
65794441.5046357363 1819079.3925781250
65798279.0235787407 1819875.4794921875
65775528.0036389977 1817985.7216796875
66083691.7901930436 1864506.0019531250
65998039.8222738877 1852846.8046875000
66021189.0860782936 1857918.9863281250
66669870.8332825974 1921795.5292968750
66813300.9986575171 1928614.5195312500
67098849.1593415141 1950523.0976562500
67511398.9429928213 1988931.9042968750
67299570.5584530830 1975272.0253906250
67722359.1684581041 1994178.1269531250
68906335.9720093459 2048968.8164062500
68947915.7284438908 2049310.3769531250
68879912.7410110235 2047932.9589843750
65902068.9337493852 1844433.9160156250
66104577.9454509467 1864667.3066406250
67504119.0695086420 1985887.3378906250
67742293.9109140486 1995483.6953125000
68752417.1253033429 2042511.9082031250
68710770.8488350958 2042040.6484375000
68891829.5150435567 2048779.0585937500
69038831.5700890273 2054415.2968750000
66238126.6138636991 1872425.2500000000
66012656.7223640010 1857852.8554687500
65941602.3372387290 1846810.5371093750
65967601.0098804384 1849838.2773437500
65880216.6404035240 1841993.4746093750
66083155.9792015702 1860222.7246093750
65906202.7369249314 1845112.1816406250
68654309.4090627134 2036989.4707031250
68821623.0869975388 2047145.5683593750
65687872.5731500313 1779711.0800781250
66530091.3717043772 1908112.1406250000
67078212.3016276360 1950521.9257812500
68067856.1169704944 2009673.0839843750
67762617.4464410245 2000115.6503906250
67745466.2100574076 1999829.4140625000
67595102.8531804681 1993103.5937500000
67572287.3393609822 1991966.0058593750
65713645.6257795766 1791432.5830078125
66322519.7059798539 1886828.0195312500
65737711.9274372533 1799926.3330078125
66709375.8266635612 1924835.1523437500
66420623.4741914496 1898901.7597656250
67494426.5965597034 1985602.0664062500
67373190.4925717860 1982093.2695312500
65711367.9683104679 1784950.7412109375
66652288.8929793462 1917307.3906250000
68602330.6604861915 2033128.7109375000
65722050.9347979873 1791802.3828125000
66517585.8479668126 1904252.3984375000
66556069.4307148531 1912058.5898437500
66894183.2667533085 1932809.9042968750
66546787.1313214973 1909740.3593750000
67074637.3891937509 1946666.4589843750
67103806.0257046223 1957032.0136718750
68806902.4132833779 2043142.8203125000
66775898.7237091884 1928194.5722656250
66684877.4665720239 1922795.4882812500
66786724.9188372865 1928335.0136718750
66463880.4893326685 1901363.4082031250
66681175.8162507787 1922277.5468750000
66864960.9474902377 1931438.4140625000
66585467.4422854260 1913958.4765625000
66826426.7031066492 1930737.4414062500
66959152.3837766275 1935866.6933593750
66942144.0366867706 1935429.1835937500
65732128.3233984411 1792541.7187500000
66873652.5578992590 1932108.9316406250
66906173.0928780809 1935412.1230468750
67007997.8096563667 1936885.0878906250
66894391.9086130559 1933984.1992187500
67057492.8396465853 1942777.9414062500
66949527.1476059929 1935501.6269531250
67018415.6454437152 1938329.7246093750
67023889.6753289923 1942294.2128906250
66885366.3816278502 1932598.8085937500
