79312441.1966219395 936849.1210937500
75957526.4950181246 681216.4908447266
77043635.4907897562 805285.3532714844
78592070.0567676574 907111.4580078125
80084438.7031698376 962401.4716796875
81532390.2368455380 1000394.1054687500
81679975.8231724203 1004889.7773437500
78287989.3690606654 890928.9370117188
81474553.2792852223 1000028.7080078125
84796531.0029686689 1022632.7792968750
86533757.5594744831 1024710.2060546875
78581088.1352743804 906336.5659179688
81282816.1610774547 994540.2246093750
81472015.1569197476 1000027.5517578125
81077460.0124743879 990542.3520507812
83679529.8950821459 1019404.5390625000
75811284.5432631075 645421.0826416016
78949489.4400344491 923178.2700195312
78571400.0184533894 904609.2822265625
82169118.3183037937 1010416.5595703125
83294096.4986912012 1018143.2343750000
75855423.7638138831 657783.8704833984
76953347.5827779770 794466.5563964844
84437790.6763415486 1021996.7343750000
76031993.0100249797 692154.4069824219
77941785.0357557237 872159.4213867188
81157942.1649497449 993023.7128906250
84607830.2916308492 1022090.9072265625
79334344.2458059490 939474.6547851562
81761728.1595193148 1005444.9580078125
80420836.0861413926 974180.5380859375
82151068.9295226932 1010007.7607421875
76942339.3103840500 793925.9086914062
77539966.2654320151 846253.5273437500
83367020.3239152133 1018303.4267578125
80577398.5880801082 978952.1210937500
81546751.7995678484 1001654.1191406250
77120602.2344205230 813523.8762207031
80574575.4484276772 977116.9052734375
81764144.3710379899 1006152.7968750000
81402423.8321479559 999334.8144531250
78937453.1853553653 923148.4780273438
80453051.0873089582 975293.1298828125
79679180.1240134835 951493.3916015625
80041779.6000748873 962385.2851562500
81672462.4337313473 1003360.2177734375
84706110.3139290512 1022128.9677734375
78708212.9751843214 911490.1750488281
81574494.4339913130 1002499.8095703125
77280788.7038541138 824285.4843750000
77553411.8799828142 849412.8583984375
81778309.9283375740 1006173.3437500000
83280917.7121219933 1017920.3974609375
77000319.9293167293 803474.5688476562
79149778.3847673684 932820.4555664062
81967585.9022550583 1008770.5234375000
83496030.2785990834 1019052.9941406250
82107923.6121631861 1009843.9511718750
84396779.2057545930 1021505.7314453125
86102404.1185000092 1023981.6074218750
87096578.0483673662 1024938.4970703125
75790425.4594407678 640476.9312744141
77075198.1774972230 811466.4438476562
78918029.6583028138 920241.4382324219
77554475.1188533157 850867.0747070312
81809071.4647873342 1006314.5029296875
75789335.1656046808 636028.2011718750
76936161.7487299442 793368.8203125000
78180033.3943925649 889346.1079101562
85054006.5352825075 1022810.6191406250
84236665.4567273259 1021362.6523437500
81458828.4573095143 999954.5781250000
82595201.4922139943 1014694.4785156250
82775453.5770850182 1015851.6826171875
83379123.1242203414 1018337.7099609375
82995062.4913286865 1016984.4355468750
85095274.0749410391 1022821.6240234375
80713262.9477049410 980584.2255859375
83810160.0995578170 1019861.4316406250
86550612.9303626120 1024867.3828125000
77017073.8901111633 804744.0903320312
80566095.8314795196 976617.2968750000
84400615.3024147898 1021983.2021484375
84002311.1038668901 1020740.4072265625
84772952.3863055110 1022605.9375000000
77373676.0467511266 832667.7934570312
78155210.3709057122 885938.9067382812
82532076.5185127258 1013808.7031250000
77124725.8365722746 815154.7297363281
76977143.7062018365 802840.5029296875
76965961.5513904095 797911.3750000000
82100417.4375061691 1009720.3261718750
75871078.4779914469 663383.8315429688
80856416.5129474401 984946.0341796875
79163729.9949594140 933128.1137695312
76204875.0956968665 709213.7113037109
83427725.3084788024 1018498.6406250000
82186506.8883725107 1011003.0810546875
82862896.5588471591 1016201.4003906250
82625807.5528022647 1014704.3300781250
86219373.7073578537 1024373.2187500000
78231080.9192505479 890917.9174804688
82436459.5380764604 1012347.9960937500
76119276.4043036848 701274.7524414062
77184434.0300007910 819721.1804199219
80595395.4500231743 979046.1250000000
78571167.7131367773 903282.5708007812
80728737.0044059455 982091.1748046875
82033884.3539768159 1009677.3154296875
77223121.6807996929 822401.2258300781
78121986.6545549333 883194.0639648438
80164636.7438703924 967412.5146484375
78098608.6060149670 881823.5302734375
81833468.6746760905 1007074.8144531250
78361253.5130031854 897653.9257812500
78751943.2869462222 915493.7431640625
77355102.6188968271 831229.3999023438
78074458.5169965923 881522.4082031250
80179723.2444244623 967529.1494140625
84516540.9625395089 1022031.3593750000
76107180.1316919476 700306.9272460938
78429145.1564888358 900035.8149414062
80123458.9616663754 967217.7636718750
82514725.2998403013 1013457.4667968750
77169971.9437691271 818169.3146972656
76912521.0676916987 792979.9394531250
77049152.7598614097 808052.9460449219
77639492.0610177368 856402.1435546875
85126441.0369400084 1022963.1445312500
78729122.2795180380 914986.8623046875
80688919.8580178916 980168.2578125000
83183185.2808070183 1017790.7978515625
76095351.1720895618 696683.3249511719
80445816.5792786926 974611.4384765625
82343741.9786300361 1012131.7011718750
75873452.1840582639 668960.8881835938
83908177.0614979863 1020459.4111328125
86490943.2350269854 1024452.3623046875
76125822.6295872629 702639.8642578125
83895608.0188733637 1020135.0605468750
78575796.4725860357 904865.7163085938
77105304.3300023377 813064.0344238281
86488342.2319317758 1024435.4931640625
80342288.4695276320 973350.2753906250
84220885.5821558833 1021134.3662109375
80095963.8993634582 966655.4023437500
81189543.3711044788 993379.8125000000
80981645.6409935653 987945.0556640625
77869699.6683728546 869658.9936523438
75990892.7398195863 685124.0993652344
76043525.9443445951 693030.0473632812
77999036.4015372396 878558.5629882812
76046501.6243933141 694124.3540039062
83487471.5971614122 1018595.7500000000
83118031.8487295210 1017325.6318359375
79150763.0222596824 933018.3569335938
81016037.0614756942 988520.9882812500
86042924.7904005051 1023745.0673828125
75924988.9401268661 677913.4562988281
77200664.3328721523 820974.5598144531
78609919.3323708922 908377.1367187500
80256473.2135268748 969123.1777343750
83885392.6678161919 1020037.7070312500
83712162.9888626635 1019846.5820312500
79760945.6621093899 953248.0981445312
75906186.4178524315 671886.6223144531
78462086.5318140388 900485.6010742188
80897056.8197418749 987072.2675781250
79372203.5718489885 939476.2885742188
84358823.3924487531 1021414.7167968750
86189084.3806734085 1024340.8759765625
77066549.9138761163 810788.9709472656
79865987.4719923586 957682.8569335938
84077978.6372649968 1021089.8671875000
77200590.2331023663 820804.7617187500
81206359.2584107220 993383.3691406250
81136409.6392508149 990834.5585937500
85787121.8473652899 1023613.4179687500
78816898.4224543720 917694.6459960938
85663494.1987346113 1023165.9462890625
75956571.4113266915 680411.6735839844
77288517.4358175248 827900.2226562500
78781904.7317274362 916865.1376953125
80528728.2998937517 975747.0273437500
75982904.7990226448 683160.4610595703
77571242.9509655982 852682.8154296875
77516156.8261897117 845419.5048828125
79688709.8083077371 952726.0498046875
86498390.7372392118 1024592.0810546875
76832255.4116230309 758015.5374755859
75916194.9956291914 676226.0515136719
79958731.9177251011 960288.4248046875
75966057.3741093129 681246.5693359375
77459957.7325677276 841948.4755859375
85780370.4393292516 1023296.9804687500
85732094.1922233254 1023234.1367187500
75845053.7709084749 656798.4193115234
77415065.5705167949 838894.7705078125
77385634.0211883932 834159.2709960938
79460296.7026892900 943360.4394531250
76014896.6709257066 688542.2524414062
75919303.1858463734 677743.7556152344
80992468.1753971577 988507.4169921875
83983794.1530449688 1020462.9169921875
86501400.8268239051 1024615.2548828125
76479554.7938052416 734200.4234619141
82748316.5225152671 1015655.3662109375
77775666.5621571243 864433.6567382812
84177346.3217813373 1021108.6064453125
86645433.2372535169 1024921.1210937500
79807963.3456725031 954746.2158203125
79665901.4788507670 951355.6230468750
75831318.0299726725 652929.4835205078
81230028.8224096596 994452.6113281250
82576790.6857710183 1014125.4677734375
76583414.2627688497 745984.8969726562
79632021.3766938746 946421.9213867188
82946519.0523624569 1016578.8242187500
76585841.2346931547 747793.8118896484
76414667.3493457586 730435.3745117188
78968105.1141896099 925105.5097656250
76513803.1511936188 743595.0616455078
83061851.2757057250 1017011.5664062500
86126707.0724113435 1024319.7265625000
75818256.1798994541 652691.8983154297
79268515.2139855474 936195.6752929688
76627744.0372860581 748650.7894287109
80209428.1577187777 968594.8212890625
75834151.8824461699 653309.8992919922
82890877.1863137484 1016388.9365234375
79519977.8982848674 944207.6245117188
75799531.1781693399 642881.4471435547
76650429.5464230627 754605.8345947266
79050769.4423280656 927313.4843750000
79584664.9247255176 944433.7275390625
82030958.6933604181 1008927.7119140625
75794093.1623859704 642754.9385986328
79814284.1861002594 955219.5771484375
79872665.7144167572 959275.0585937500
79637378.0772910118 950551.0815429688
79400722.5278576761 941965.9521484375
75811319.2684899569 646524.1295166016
76664554.6235200614 755232.2698974609
86298335.7090872973 1024421.6269531250
77617629.6525926292 854586.4028320312
77524724.0640450418 846240.1484375000
77395718.5790391862 835862.5683593750
78963682.8888036162 924022.2373046875
77811324.8308718055 865946.8518066406
79132444.6162620783 930326.4667968750
76383783.3184340000 729375.2860107422
76630378.1082743555 754077.3677978516
79174676.9394744635 933165.5385742188
76737442.3534203768 755985.6473388672
78996468.8324696422 926349.3828125000
82262248.5724577308 1011057.3261718750
76226873.1052044183 710625.0231933594
79231591.5543554276 934894.3090820312
78288529.4700454473 891907.2275390625
76315199.6571102291 718213.1375732422
78485062.3629450351 900540.0288085938
79105183.3855239004 927696.2255859375
79002172.8253861666 926554.8457031250
78137590.2548642606 883258.0361328125
76695560.9527676553 755734.4672851562
77336054.8585792482 828304.1320800781
76493599.3848103285 741555.3499755859
84143076.1202513278 1021091.1220703125
77272623.5542159826 822878.0239257812
78632016.7975792885 908903.5664062500
76441734.7885760963 730603.3709716797
78541783.0365114063 902430.0415039062
78685220.1105160266 909654.2895507812
77384386.7543499470 834046.8276367188
76422255.8592042476 730602.5579833984
77961537.6213439256 874180.5537109375
77897855.6242558658 871725.9291992188
77524461.4314998388 845708.8608398438
77838220.0659426153 869271.5224609375
77507616.1342571676 845146.4995117188
77694211.3896805346 860612.2993164062
77701360.4213029444 860612.3393554688
82453570.3418221474 1012825.2246093750
82484563.8090043962 1012915.6484375000
76378817.6076492220 727663.9095458984
77771909.3016241789 863728.8642578125
76263624.0830207020 713505.2237548828
77744812.6014721543 863079.2495117188
82336739.5169116557 1011632.8613281250
76301517.4560669065 717927.1883544922
76265157.5367355347 715232.5877685547
77946389.6088011712 872713.2465820312
82466480.5229294896 1012830.1171875000
85542435.5910485685 1023165.1699218750
76337055.9991917908 721141.5299072266
76185084.6438284963 704836.4810791016
77952752.9930345863 872798.6958007812
76367183.7440444529 723416.6373291016
76871580.5693962872 760208.2326660156
76895443.6989446729 761704.4536132812
