207757624.5708872080 8579234.1992187500
209082335.0447418392 8898139.7109375000
208884125.0294421911 8871867.9609375000
209630430.6110502183 8982918.3789062500
212909544.0066605508 9377956.6875000000
220566767.1372855008 9842152.8281250000
220824803.6895999014 9851103.1875000000
220852362.0230124891 9853744.5312500000
222265904.6668187678 9883730.0312500000
222596823.8018687069 9886643.7382812500
225059006.2896833420 9937874.6835937500
225385721.2476831675 9939750.8750000000
225521496.6306028962 9940917.0898437500
209005326.8116751611 8881799.7617187500
208951668.9535755813 8881007.4375000000
224881524.8117102981 9935717.4257812500
207886652.8232469261 8628232.0390625000
208795977.7905976772 8853786.7343750000
208827804.3231991827 8861832.4062500000
210393834.6604260504 9105133.8242187500
210365450.5520171523 9099907.3984375000
217882494.4323496819 9731811.8789062500
218073892.0311304629 9737930.3242187500
224853778.2466860712 9931966.6875000000
224479284.3035435975 9928464.7031250000
230395805.7375285029 9984145.1171875000
207801341.2791278958 8594240.8867187500
207874732.3683262169 8626567.8320312500
208673375.5804384947 8833028.4375000000
211263445.7957562506 9207831.8437500000
207967660.9309647977 8650807.9687500000
207830900.7750818431 8608980.6875000000
213176412.6467485428 9409216.7226562500
216746868.5596615970 9667285.9960937500
217147598.4366911948 9691951.5585937500
217563508.0448915064 9713688.7695312500
218113872.1552972496 9738898.7695312500
222227641.3821167052 9882370.5703125000
222099653.2226274908 9880235.0117187500
233744675.7481314540 9987203.5937500000
208663772.9884396791 8832623.3671875000
210325679.7841720879 9091598.8906250000
213508742.2024739683 9434448.9648437500
213610754.2737587392 9440653.5078125000
217131722.1548776925 9690820.4492187500
217124146.3646576703 9690736.5664062500
221046237.0113109648 9857963.6171875000
222335972.8387970626 9886245.2890625000
235004801.8657432199 9988155.8906250000
207860865.1475258470 8617397.7812500000
208530530.7329882681 8797453.9062500000
208527998.4897284508 8793324.6796875000
210212018.9546702504 9082009.5781250000
210692581.1276023686 9147154.7968750000
211441778.1510627270 9228963.5937500000
213390363.7672458887 9426868.4375000000
213315779.7652019560 9415015.3320312500
216843655.9185527265 9675590.2734375000
216581805.6901747882 9655028.2382812500
209787723.1208481789 9010497.4921875000
213015654.5583651066 9390838.8320312500
220948128.1179623306 9855573.8359375000
222173982.5986781418 9881046.4062500000
227940318.7871430814 9976710.7031250000
208744407.5888363719 8844782.1015625000
209689243.4396778047 8999528.7031250000
209723033.2182352841 9000741.0585937500
210701194.9704729617 9147773.3359375000
213576398.8533553481 9435196.1445312500
213321029.5525285304 9422057.7890625000
217923527.3848658502 9733887.1210937500
220228255.0068370402 9829967.5039062500
220262706.7258132696 9833146.7343750000
229494560.8961359560 9982045.4062500000
230548572.7260085642 9984302.7343750000
234559149.9626634121 9987889.8593750000
208419367.4137577415 8770329.6914062500
208603360.2145314217 8817849.0976562500
210532878.4583572447 9126052.0507812500
213074877.2264625430 9401348.6367187500
224623173.8175614178 9929082.5664062500
234014534.3890418410 9987702.7578125000
207954689.3679410517 8642631.1132812500
218138398.0916489065 9742699.7031250000
227519175.7544103563 9972118.6250000000
228560192.1767300069 9976872.2890625000
208700657.1033994555 8833273.7656250000
212938476.3358607292 9380320.3828125000
208653212.9543613195 8826355.3125000000
210405079.8223187327 9112226.0859375000
211590539.8338322639 9232515.8242187500
227191591.6873009503 9968868.3203125000
230069247.7955453694 9983940.2968750000
229977581.2416215241 9983858.7421875000
207828157.8345199525 8601714.2148437500
208031901.5811282694 8654102.8750000000
224432684.6073312461 9927106.6953125000
224876699.2252433300 9931999.0507812500
208599848.4382173419 8813545.5937500000
209645315.3114131689 8993911.8515625000
210353906.8187049627 9097942.4062500000
210373599.4460878074 9103657.9257812500
220368307.9528779984 9838769.8437500000
220794803.5965230763 9849082.4375000000
221339288.7463969886 9864612.2148437500
224777339.5417020619 9930837.4179687500
227862111.8824486732 9976171.8750000000
208646992.2650072575 8823674.3945312500
227643445.5288748443 9973703.5390625000
227501499.0284984410 9971908.7500000000
227664823.4483320415 9975093.1640625000
221750569.3402956426 9874283.8046875000
208438840.7314796746 8774946.3906250000
211101851.5739065111 9197091.3242187500
211090104.7909114361 9195160.9101562500
211475566.6610971391 9231415.4335937500
214841114.3953844607 9523326.5429687500
215104776.8896279037 9540896.6367187500
215028824.9825043976 9539463.9492187500
233196098.4398631454 9986131.1484375000
233597486.0158435106 9986656.2890625000
216936032.8105604947 9681049.9062500000
221693039.8132447898 9869788.7578125000
216981843.3407126963 9685622.5234375000
224298588.2869561017 9924402.0468750000
224070148.4840228856 9920060.5703125000
211331565.0342110693 9219750.9257812500
211355933.5049641728 9221833.6093750000
220089277.9025414884 9826084.4101562500
208627561.1023543179 8819360.1406250000
210462223.5554171503 9120327.8242187500
211333662.4233098924 9220128.7500000000
213051828.9265389144 9392140.2343750000
229405722.3163045347 9981798.4531250000
211179929.7608639896 9207547.6796875000
221196392.7198412716 9861631.1562500000
209626662.3046992719 8982252.6640625000
210919565.5029279888 9170234.6445312500
211019084.2116239369 9189689.0078125000
217023783.3598353565 9687091.6367187500
217637833.8733268082 9720294.3593750000
220830514.4858901203 9851791.3632812500
221834388.5126475990 9874597.7070312500
224174150.1969204843 9921635.7109375000
229675521.4307517707 9982792.2578125000
210991828.9807927608 9182860.0976562500
218115734.2413000464 9740761.9375000000
221525162.9886157811 9867972.0585937500
208069056.1583448350 8668795.8828125000
215303960.7117694914 9551400.4375000000
220088090.0638896525 9823140.0742187500
220024110.2750258744 9822287.1328125000
220234889.5233839452 9833126.1406250000
216870271.9994817674 9675827.9179687500
217745441.9448151290 9725028.8164062500
221133319.7861985862 9858143.6171875000
208050898.6901994050 8660988.0781250000
210399521.6314521730 9108162.7109375000
209370339.3191203177 8948942.5937500000
216794496.7004086077 9671958.9726562500
218579671.1754612029 9754097.5234375000
212887262.5077194870 9374680.5273437500
214609439.1206314266 9500966.1132812500
233492743.8977537155 9986355.5781250000
210844557.1873213649 9160849.9531250000
229789789.0906120241 9983278.5234375000
208005614.8761583269 8653918.6054687500
210881836.8280377984 9167560.3085937500
210811459.3836174905 9157982.7812500000
210757575.9444027841 9151635.7148437500
232736666.2661328018 9985010.7656250000
212740319.8741480708 9362420.5000000000
213795934.9156433344 9449283.5273437500
210498943.9659452140 9121999.8515625000
210299687.3313751221 9090910.5703125000
210240917.4157273769 9083281.9101562500
208406184.9342567027 8762787.1445312500
208472067.0516712964 8785172.3750000000
229049060.2201345265 9978301.9140625000
229366546.5007938445 9981357.8046875000
232906805.8112109601 9985936.6171875000
212528200.3732263148 9339667.1093750000
213670471.9888273180 9443160.8515625000
213866854.3935760856 9456554.3398437500
217049125.7318153083 9688600.8984375000
232568657.6645865142 9984425.6015625000
208573206.0905005932 8803636.1914062500
208492207.9385746717 8787408.8125000000
213584624.5242168009 9437689.8125000000
223596843.5401655734 9908035.0156250000
232676589.9567380250 9984674.9531250000
217852367.9903495610 9730833.8007812500
232483770.6755014360 9984420.8828125000
208374780.8868302405 8760188.1601562500
217824304.1217789948 9728166.6953125000
226831801.7886388004 9958803.1093750000
208366106.2538848817 8757399.5312500000
217505220.3995243609 9712458.0273437500
217692534.5462173522 9723428.7304687500
218434725.8671027720 9750949.1250000000
223628862.4532046020 9908601.2968750000
212624199.5513633490 9347295.2929687500
208321942.1971969903 8746507.5156250000
216904861.2810448706 9680435.2148437500
218037391.1837998331 9737757.9140625000
223362783.0364697874 9903598.7109375000
229066930.5686108172 9978885.9375000000
229127347.7954658568 9979177.6093750000
227415291.6955660880 9970275.8515625000
209490769.9189414978 8967130.7695312500
209507443.0800542533 8969521.9531250000
215075183.2261820734 9540802.5937500000
228871288.8736141026 9977898.8750000000
209418006.0621951222 8955482.5273437500
217248682.8057496846 9698837.0742187500
223300482.9295727313 9900744.0546875000
210091095.0732016563 9059146.0937500000
210012034.7338004112 9049688.4804687500
210108810.4604441822 9065089.9023437500
209988731.1020323336 9045234.9453125000
223247759.2056495845 9899739.6171875000
208297349.7300316989 8726695.2656250000
212596382.2733354270 9346371.0937500000
223169302.2882645428 9897481.5156250000
223210012.7024151385 9899608.0390625000
209844908.3536486030 9023609.8632812500
212569184.3687096536 9342536.9218750000
223869858.5503627360 9912055.4687500000
209918827.7798669934 9033006.4765625000
223325820.0835562646 9900913.7734375000
208229293.0477622747 8714867.9062500000
208300796.9978479743 8727086.4726562500
209399088.2642580271 8949070.4609375000
209960095.8798135221 9041181.1875000000
214669639.1504722536 9514788.4179687500
209797858.2483091950 9018334.2929687500
214658825.5719671547 9513767.5664062500
226632895.6492688954 9954044.6093750000
212404516.4127960801 9324270.8320312500
212498390.6409888566 9335942.9101562500
212202832.4726577699 9303332.4648437500
226827362.2979077995 9958546.9062500000
212393758.1004492342 9320931.3750000000
212294880.3996400237 9313991.0390625000
219026717.2080436647 9767344.8242187500
212150250.4934048653 9297436.7187500000
209563586.9598185122 8979746.8437500000
219682541.1703071296 9797667.1796875000
219329639.0546424687 9783521.8476562500
219358116.3668784797 9784600.6992187500
208147189.9372595251 8683075.2187500000
208197100.2640131414 8700727.8789062500
219124427.3026020825 9773053.1328125000
218865807.4351463616 9756902.4570312500
226823832.6846685112 9956677.6562500000
208060274.2184992433 8662799.9648437500
212013152.7490488291 9280960.4921875000
209556786.2184150815 8978769.0117187500
209523729.5370040238 8973144.5429687500
208155648.4632793069 8690406.1132812500
208214852.9645141959 8708797.0390625000
208193857.0601679683 8693814.7890625000
209369047.6516379714 8942820.6835937500
211801297.0659757257 9253405.0898437500
211842355.2576175630 9262777.4335937500
211748835.4825872183 9251242.6367187500
211942776.5992814898 9271601.2695312500
211905163.0888069272 9269976.5039062500
211974762.1761300862 9273782.1367187500
222859611.5519920588 9888865.7656250000
226699855.7264906466 9955362.5625000000
226564440.1123727262 9946788.3046875000
209286484.9064503014 8931632.5351562500
219268031.0348979533 9779479.7695312500
219156678.5067532957 9776309.8085937500
216404762.5383087695 9633324.6015625000
218901693.9839040935 9764574.1445312500
209362900.1340246499 8942367.7968750000
219109166.8252846301 9771495.5820312500
209308242.6061601639 8936005.3359375000
214487145.7287258804 9496160.6757812500
214299690.5066136420 9476810.0429687500
216327580.7472087443 9633283.3046875000
216479824.2096014619 9639242.0859375000
216244851.5455932915 9624749.0234375000
214164162.8253708780 9466388.8437500000
214271753.0507015586 9475501.1523437500
216428091.2729091942 9638954.9375000000
209282719.7371544838 8924912.6875000000
214345869.5306845605 9480325.3476562500
214317538.3229415119 9480208.8710937500
216423485.2788725793 9635649.0429687500
209239686.9610391557 8917435.0585937500
209138724.4243519902 8900266.0937500000
214379666.5605758131 9483064.3554687500
209125697.3384805620 8898881.0468750000
215882911.1196160316 9583083.3515625000
215914222.4467648268 9583313.2343750000
215716700.7191078067 9559610.4648437500
215668309.4333728552 9554565.0390625000
