156478439.2119646966 110616.1069701202
158357019.9100455344 137756.6309990101
172021644.8604604304 270648.3508177102
171834325.4394945800 270638.8313533366
180993053.5057829618 323101.2894889526
181137647.3871688545 325211.8659309968
182295076.6490458548 330207.0365999416
181812386.9334034026 327993.7808996737
206516954.2109029293 409181.5207519531
158479453.1711930037 140124.0886129551
172204668.0810792148 271233.5554596484
157019324.9553743601 121123.4221696854
158058007.1079396307 136460.4875387363
158313094.4811344445 136895.9926707782
161660130.3340009749 175849.6024447409
166691244.4652020633 227925.7518867180
170647459.0023166239 262374.3370048346
172229539.3816189766 271302.6806413531
180958523.2445860803 323082.4954475984
180440695.7920322716 321136.5312752351
181729480.5122037232 327655.7246527225
182634978.4056171179 330694.5906014070
190178828.7731438577 363775.5516967773
194945029.9127700925 379975.8658447266
193508400.6355703175 375556.3831787109
214434179.7704230249 415125.7143554688
220291736.7286815047 416128.2216796875
158096925.4075706899 136488.6711906604
157722728.0867268443 132366.3601555042
219513350.9230840802 416066.7333984375
157504245.9230608642 128547.1399902515
162032890.3380043805 178622.4803535668
161651918.8193966448 174938.5095239106
172333277.1863935888 274298.9657365680
181373555.6589263678 326568.3741707429
189708736.9894704223 362722.6593017578
190653847.7946140766 365626.6482543945
200061913.2859231532 395799.5492553711
219071701.6479196548 416033.4743652344
156659037.6228528917 117001.1111345291
172633102.9388944507 275065.4311282933
203210360.1200225651 403371.8724365234
156892632.1011838317 119105.3409423828
213250243.4566687346 414256.2106933594
156976384.3684842288 119979.5396947861
161974405.6575852633 178570.2721016137
167011799.6608699560 231839.6401544437
170862410.5531152189 264056.5992999673
171404766.3080877066 268320.2649349570
172329545.4418385923 271981.6552187800
182639918.6035005450 331933.4278900102
182701863.9548575282 332058.6929731295
155989643.3327755034 98775.4357562065
156336914.0135962963 110217.1659644134
161659592.7380078137 175233.5655586449
171762102.8716073930 270439.4180111289
193416553.8231259584 375140.3029174805
217648453.4425192773 415712.9714355469
155930498.5532724559 96527.7575335503
161398795.0622642636 174500.1693184106
166740352.5540124178 228769.5384467766
172476531.3913190663 274770.3200456500
172685700.5602604449 275467.0040621907
199988319.1297996044 395231.9267578125
155906096.5638597310 89969.2179260403
156824943.8577432036 117811.1082983017
161222508.8597843647 169469.1954239784
193878267.8661655188 377568.4216918945
199620209.9483189583 393941.9460449219
207712579.1785332859 410022.7756347656
215630684.2602401376 415407.7619628906
172252437.7337167561 271778.9036046793
156236516.1198255718 106858.2086476795
214511587.0850757062 415145.1901855469
203852400.1756681502 404607.3065795898
155924548.5185593069 93183.9136382714
156357973.4546702504 110540.3892389424
157422774.7284032106 125113.4558214359
157163725.4230953157 123057.5414862558
166954409.9702531397 231751.7984638512
203994815.8690758049 405748.8618164062
207704894.8400243521 409798.7880859375
211207323.0992767811 412869.3769531250
155956266.5722133815 97176.6966662407
166848803.4147917032 230970.7416328117
171123369.8874135911 267103.6079525352
170984930.1409167051 265415.6712459922
189008276.8402614892 359768.9432983398
207054916.7715057433 409459.6357421875
208019006.2174910605 410461.3869628906
161293181.8548294604 170424.4903283017
189464913.9573151469 361866.0188598633
190406338.5687625408 364620.1818237305
199320680.0945413113 393558.6488037109
194273334.3111464381 378377.9077758789
204205989.4117962420 405988.4521484375
216324927.7762899399 415640.2080078125
157305290.3919883668 124591.7352954075
157000489.5804850161 120969.7784179859
160741510.8502871394 164613.9704658715
199764337.5989508629 394863.4648437500
204111829.3091596067 405845.9294433594
168847658.2639900446 247945.2823011950
199670188.0425492823 394129.0037231445
155935691.5729771852 96696.7960925102
181479988.8999571800 326627.4340531528
188589911.4095272720 357748.3682250977
188676314.3801030517 358146.9459228516
156560396.3980991840 114090.3978470834
194506360.4950062931 378426.3540649414
199037204.9968822002 392233.4486694336
203892585.1427359879 404673.3750000000
168606684.2981298268 246785.1995921358
180824057.3135082126 323066.5772957429
193461131.6482207179 375279.8043518066
189423205.5734248459 361584.1089477539
189746649.3933459520 362872.4956054688
161036431.0800867379 167985.0252330955
160822666.3977248073 167159.7259590356
202644982.9152746201 402413.4156494141
170369701.7085754275 258747.1790180802
180150510.9502649903 319802.2641853914
181648552.4564570785 327292.1820931062
190886713.6138103902 366713.3975830078
202465695.3585653901 401734.3410644531
204642340.0362902284 406371.8422851562
207899578.6738291383 410273.4301757812
167085346.0400102139 232719.5139034912
167157120.8151831031 233928.1756538078
166851852.3992448151 231726.5771430656
215939234.1527652442 415483.6708984375
170844778.7316458523 263395.9465668797
180008241.5067939758 318557.7802376375
170492345.0112105012 261294.5161469579
167657879.5231558084 237857.9642388448
182959944.5432367921 333478.1029511839
201667803.8072883487 399204.2021484375
206587435.0392348766 409208.9841308594
211536719.9255518317 413435.1010742188
156158181.8081714511 106544.9987264983
167515583.9476077259 236021.0294530094
168886359.6564904153 248405.9050841704
169878275.8024592102 253411.1964779198
169985348.1058449745 256808.6660824120
191314057.9628504217 368824.1691589355
200213966.0812879205 396202.1853027344
204544667.5267601609 406334.3232421875
160606923.5850655437 164031.9515449731
161822333.5267319977 176572.1105298176
167305416.2014976740 235390.7061490919
167588401.5969208479 236179.4719895944
182103250.3584994972 329740.4243416414
205601185.2886680365 407914.9487304688
169899666.7914600670 255753.6613185821
156295419.4592398703 110132.1514037140
167084901.7301810086 232066.7302300557
169428628.8997466862 252752.3170833886
200925655.2922557294 398115.8006591797
205511850.2333873212 407765.5510253906
205597495.9103095531 407892.2416992188
156650778.0931799710 114929.8565708771
156055886.2087132931 101535.0909221657
156023780.8695395887 100672.2213485725
167110253.2297923565 233574.8674294576
168895838.4196397662 248764.7340527847
191444178.8697142005 368864.5881652832
156128619.1375227869 104526.9151509292
182158342.6631688476 329782.9945776761
191240502.3586938679 368627.1268920898
191664227.2282091081 369639.1705627441
191246889.6004689038 368690.2054443359
205469280.1366873085 407745.2587890625
201311959.3455466032 399133.8050537109
162139187.0361634493 180192.8345121145
168364396.9661460519 244088.9237138107
210542944.4155733287 412260.5917968750
168486277.4544138610 245726.8607865646
168119520.1879502833 240705.7733180225
200787627.5513329208 397935.6077880859
214293011.1242533028 415027.8015136719
167678953.4440852404 238259.4709527120
214318517.5642995536 415034.5249023438
162336461.9375759959 180441.2668532506
161705741.7594746053 176147.8403201476
213717793.4914009869 414619.0344238281
213882422.5211048126 414671.7702636719
200588712.9283114672 396951.0465087891
212761264.3894853890 414216.9323730469
179659885.3466697931 316300.8179284632
200464668.6558679938 396559.8208618164
212303795.7903116941 413778.0231933594
213172528.2730090916 414246.8720703125
212340547.7770161331 413943.2841796875
211537998.1937230527 413452.1323242188
192125264.4191702008 370874.2005920410
180640205.7375811338 322394.3029944003
180552380.5432541966 322125.7396492586
201067919.4923359454 398509.8232421875
193661402.0720082521 376043.6614379883
211508463.9804913998 413312.3947753906
179662688.3309331238 316378.7061807215
178627904.0213349462 308502.2309533656
193857574.4983261526 376767.8447875977
178905799.7352293134 311735.6962853968
197556371.6294768751 386839.5456542969
178638935.5773151815 309845.7579502314
161364171.3968139589 171856.2280262709
210574159.7647871673 412391.1154785156
209118610.3294543624 410686.1611328125
178363627.9308069050 308155.2613813877
209272328.4619730115 410820.3879394531
178394827.9759408534 308494.3299523890
192821011.3654817343 373458.5932617188
192944633.4358387589 373687.8032226562
160358844.0604221821 157975.5415074460
179144376.0684883595 312738.1315056756
160267921.0813234746 156918.5911459178
160369616.6475621164 160586.6671346873
160362949.7371838391 160018.2707011253
193095957.8616863787 374433.1181030273
193532444.3101183474 375952.0198974609
197257021.4336814284 385886.0035400391
196828398.5219840705 384547.8848876953
196623241.0287155807 384356.6292724609
159816639.0629226267 152433.2700550854
159702947.5413588583 149575.7913412927
192532638.0956433117 372032.9001770020
209841467.0970159471 411143.9213867188
209809221.0094263852 411119.5581054688
195856138.3265367746 382069.4697265625
195758358.4743396640 381738.4613037109
196369486.6182428896 383396.7308349609
196638846.7378656566 384365.1363525391
198351058.5177558959 387553.4621582031
198679861.0096148849 387655.4971923828
159534379.7597395480 149264.3536043046
197903800.8154601753 386954.6030273438
159875105.6949326694 153311.2659899741
197158413.5758394599 385236.2178955078
178008271.5573380589 304826.4235829115
177077453.4954587817 299069.7096866071
177352932.4791003764 300670.9718617201
176904286.1125011444 297722.7074497938
159712362.3337658942 150370.0416899147
160081050.5439114273 155895.9596659690
176984753.3401060998 298181.6325635910
159086292.7238299847 141402.4900749587
159051390.4930381477 140927.0181124583
159218588.2776876092 144062.5787203684
177541495.7980902791 301389.1407326460
159319261.0548592806 145335.9702729732
158920298.9269094467 140824.1910870448
164663144.5267987549 201698.8567899317
175878702.5405103266 291163.3794640303
164875854.1717783809 202405.0821317285
164954049.6788774431 205821.1678250879
175784115.2346554697 289951.2686480284
176379357.0576823056 294835.7006691694
175496992.7845368385 287919.0647266225
177189671.0786077678 299366.1320656538
176465526.3348773122 295187.8095558882
175828292.2640914023 290927.9823755026
175598110.9911677241 288075.7744320631
165743559.0285357535 211771.5198555924
165481889.8195710480 210081.6007834412
164785149.4805074334 202334.6421970278
174915714.2182362080 283841.7128456831
188341038.5450926721 351670.6943100691
174305868.8721313179 279701.9841992706
173841406.6962329745 276009.0271527618
174115518.8872411251 276579.1817242950
174181971.4331252873 277088.6776635945
173990536.6626100242 276517.2566241405
173818073.0389604568 275960.0447308868
188528244.9818739593 352929.9420670271
188465032.2996799350 352737.0570572615
166421587.5689024329 217047.6972313691
174236657.0793503225 277413.6986214807
166206526.1927623153 216635.9064598847
166073757.8526466489 213580.4343853192
187582900.9583819211 345881.6627587080
166085345.2383668125 214458.8178428859
166341047.2477777600 217033.1291640252
164427812.9336252511 195616.6826112643
164367471.6840431392 194593.7562660212
187381789.0887638032 341818.5781792402
164154047.0730687380 191218.6230570152
164276603.4089564681 191451.0837503746
164136803.6150961816 188474.9215799645
164168627.7285602987 191263.2356058434
187467290.2096092701 343109.8851867914
163939765.7749251723 185734.8135704622
186366315.2762043178 338566.5698051453
186108118.1352008879 336353.9974554182
186222310.0903396606 336773.9582527876
185826145.9004125297 335878.2997120619
185502511.2273686230 333726.0541429892
163570073.2300227582 181173.6819123849
163440753.5209552050 181129.7710237131
163810314.1167271435 185299.2479524240
