479547790.4053418040 155115.7117691040
478814564.7412125468 154156.1874694824
480484041.3454318643 156201.5032119751
480611749.9971989989 156274.8789596558
480645735.2108052969 156301.6936569214
491756323.3780163527 167916.6649932861
491379233.1593065262 167725.6783905029
491626118.7915498018 167885.5467681885
496397832.7574322224 170212.1462860107
495801463.4552106857 170148.4183807373
501397893.4097425342 171792.5165863037
455737568.3735382557 109669.2688968033
455238657.4275715947 108771.1257998794
455538858.8188856840 109242.4616458267
436392392.6166426539 33734.1862189567
436294489.8236283660 32930.4905967286
436221187.9498900175 32742.7078209838
440519374.8404897451 63117.7850382196
444523587.8600306511 78384.3563256360
455345244.6352580786 109045.2053592056
455187861.6054236889 108604.0046145767
455478759.9170863628 109176.4768130630
459584516.1547514796 117924.8999126270
460060167.1047145128 118876.1251847446
459820447.2409748435 118406.5228069141
459405352.5256454945 117407.5134316460
480280565.9719519615 155976.7204208374
480897732.9528032541 156631.1161575317
503553318.1749739051 172498.4819793701
437988803.5071527362 48744.4868474071
444509361.6254090071 78302.2935105808
479814749.6798769832 155443.7697906494
437573723.2948645353 46512.3715348308
440242769.3038461804 62511.8548847752
459942481.8898029923 118777.6581289135
459873814.2553070188 118635.0445329510
490777676.1265770793 167385.9337921143
501341175.1298301220 171790.8965606689
501875742.5058497190 171892.7963104248
503187035.2864673138 172368.3686981201
492048741.4522215128 168156.3999176025
438068400.8485393524 48765.2991967180
437910333.8742637634 48708.3620265899
437765094.8061708808 47941.2533555095
440289976.5804071426 62625.0911835300
445010237.6637987494 80470.9989502676
460355357.1385720968 119406.6593326822
476455049.3059186339 150079.6612396240
496194307.4376747608 170200.4076385498
440360571.2971274853 63058.8647431003
437716036.1545618176 47796.1777024333
439309679.7074730396 57494.9233309896
444700360.8725336790 79094.6634046085
503264461.2893421650 172436.5627288818
478966688.6334068179 154415.9581451416
496101892.4384078979 170150.2832489014
444330523.2304574251 78023.3920423038
444538549.8670843840 78891.5711499698
460011470.2743666768 118874.4401017986
455863568.6157032251 110202.2390564233
447876984.2133460045 88789.8289173706
447930768.9105027318 88888.2526504084
460155723.4184141755 119266.8098527752
460712381.9267632365 119428.5666887127
478889966.9088356495 154324.4272918701
460168244.3784937859 119277.1024813019
476435123.9523456097 150053.9228744507
478944747.5928186774 154401.2740325928
491407997.0295577645 167825.4700164795
491779657.2604563236 168038.4915008545
502579219.7614344954 172182.3155364990
445384993.5001764894 81247.4510116092
447986331.0484353304 89253.4572132691
455337948.0674017072 108871.5903137475
454812246.6771305799 107239.0216282159
455100863.4852017760 107949.8117340356
454980691.0142157078 107939.8984802514
479055340.5969908237 154656.2874908447
479366403.5690640807 155058.3472137451
490983927.8067004681 167582.4140472412
444973434.6135925651 80220.0540973655
495742281.9969276786 170042.4045867920
501293780.0997809172 171601.7060546875
454901625.2631805539 107663.1719253808
454970766.6647652984 107764.7610138208
460202150.3836351633 119320.4352711188
459904891.0930667520 118683.5150322877
454949236.2248891592 107678.9573486596
490856941.7530764937 167492.7238616943
459657060.2347085476 118308.5841698609
479225724.7283270955 154865.2704925537
490584085.9451952577 167195.6443023682
494948241.7158999443 169622.6538543701
494699186.8233219981 169458.0247955322
495264703.2945778370 169877.0120697021
502860349.9746198058 172202.8798675537
437626079.8887242079 46895.1529831950
437638296.1207813621 46929.4929003594
437579513.2567911744 46679.4899582927
439882583.5893092752 61048.5379621403
478950636.0072870255 154407.1593170166
445158035.2977975011 80667.9475407115
437803824.3455253243 48252.4197297160
437669468.6164547205 47450.8470749919
439027194.6256024241 56221.8689821246
490295248.5150726438 166820.2894897461
479021200.7571271062 154507.6709442139
439026684.9669464231 55920.2474847602
476415699.9648046494 149948.5561523438
502250062.6945216060 172181.0189666748
491153942.9176183939 167711.6224822998
495431844.2222583294 169914.1771087646
479051013.7485520840 154509.2287445068
439868303.5049457550 60890.1805731699
440038705.0064806938 61650.7256781504
436160887.2346096635 29291.2027638725
439817886.8063313961 60748.0858570978
479300714.0557633042 154990.2288665771
491538977.6444451213 167884.4285736084
436453355.4471737146 34085.6693871469
458708740.1478140950 116232.6321794949
447504385.2909926772 87793.2247157060
436188481.4290212989 30518.5660859367
436717332.3041633964 36853.4400535813
439123056.3285915256 56659.1977807598
447695152.0230811834 88034.5177399814
436164393.7346457839 30203.1323293021
436173488.7526176572 30327.9249232581
439205522.0990808606 56949.1486493962
436665928.6107141376 36131.4170392146
439694473.3309624195 59812.4645498561
476955411.6351834536 150973.1719665527
436713882.5878576040 36215.1810975811
476715854.8442665339 150552.3023986816
447798923.1136060953 88472.6937410203
447838532.2897555232 88654.6261079013
476641550.7337796688 150377.8041381836
476346420.2453156710 149903.6191864014
477679939.6847959757 151998.5861434937
485549115.0070332289 161278.5000381470
439090501.7706463933 56619.8199082928
476473696.3633749485 150129.1527404785
438819761.0507537127 54802.1022774296
458751267.8922131658 116264.7797129117
439002555.3543379307 55901.6411091404
485756781.5227620602 161920.4987640381
438966314.8603997231 55714.0318428593
485972453.2846238613 162163.6703033447
477546711.9284812808 151905.9726486206
485855755.3784447312 161963.4350128174
486430056.8524309993 162707.1117706299
486232289.3028115034 162546.9105987549
477313452.3586344123 151532.3855514526
498715478.3886492848 170748.7931365967
486798268.5468654633 162910.4328765869
486959360.4512528777 162989.1415557861
494456971.0639419556 169201.0181732178
476320314.0975871682 149568.9632415771
497982798.5607151985 170520.3339080811
437445096.7493399382 42826.1707311078
437344847.6443149447 42511.0872350141
498732814.7911421061 170806.6706390381
458407996.2014006972 115280.9811899625
498344856.2850234509 170704.1278533936
437520320.3149544001 43932.2373975674
458461140.2639518380 115569.8981211148
437428074.2787654996 42691.6674801513
437394643.1899006963 42539.0887036725
458044613.3142565489 114281.0072977506
458356384.9672912359 115251.2874624762
458123321.1589899063 114621.4588205777
457853292.8056367040 113917.1185635519
457987779.3242111206 114158.7883480978
457860199.0609049201 114144.4630612326
437497950.1924921274 43346.0247217818
456996486.1870961189 112184.3837722731
457348022.4400848150 112896.9998567295
457027225.6480236650 112316.9194473219
456737537.4729913473 111587.6905654860
456779964.8846601844 111784.1618789625
456942338.1299421787 111908.3007186842
492495551.6528936625 168229.2084808350
492476919.4593540430 168199.9031829834
439362887.6084280014 57550.0574799197
494275570.2138548493 169046.3619232178
492614538.9045416713 168289.3495330811
492640813.3466591835 168338.2409515381
498197227.5447232127 170600.0407562256
492652060.8065845370 168382.8000335693
445839208.7050712705 82032.3909481799
445902094.2877151370 82709.1793418283
497769009.0038221478 170510.4062347412
446137676.7313648462 83186.6171470041
438633659.7998744249 51655.2878301986
453306111.4762670994 102746.0101167511
446167478.0449131131 83241.3754642195
446042854.5141398311 83116.1522422190
446818732.3601208329 85354.4456804705
453097620.2990981936 102244.9411012482
446532880.8545396328 84515.5888842058
453422908.6813770533 102759.3531463168
453432511.8178060651 102817.1204072785
437328702.9717141390 41701.1111908361
476199801.2633402944 148942.4235992432
476281176.8594189882 149057.4289817810
453366562.7454172969 102748.2576238465
453000133.8231300116 101890.2738801789
452849857.4580705166 101283.7281978678
493827681.6904993653 168834.5267791748
452724085.3909938335 101169.6167476725
450890539.8188676834 95781.4628735099
450855450.3979243040 95689.4987128059
446706318.7447593808 85051.6357730010
446289939.5872442722 83832.1771647909
437229293.4556536674 37799.2401042811
497489277.5705299377 170327.9041595459
438741436.3019317985 52311.5642937735
438728382.4178993106 52276.9698418692
451825497.4580935240 98337.9486113175
451963263.5549171567 98686.8269396339
437154304.4333866239 37660.5417514910
451187976.6323047876 96787.3436260734
451174622.5631057620 96769.4515350972
451426790.9667194486 97530.4035387550
437294063.7027779818 39163.4126890982
437152309.7984714508 37465.8559087497
451305089.9558664560 97127.4147772108
451038989.5787773728 96586.4019909416
437234772.4993990064 38377.7854741794
493034394.3965538144 168517.8083648682
449324497.0113165379 91698.2663900708
449447109.1390912533 91889.6940819849
449239551.0297600031 91416.7094467808
449081708.7819085717 91015.8174764966
501154731.0666633248 170988.3472137451
500331451.6737510562 170896.0393524170
500849062.2364020348 170985.2579193115
487379930.5288862586 163073.9111175537
500076939.0610898137 170807.9496307373
487676601.9801126122 163312.8709564209
494056821.1253157854 168947.0036163330
473535382.5396644473 142052.2242350578
473103100.9774994850 140258.8892507553
473464245.0868110061 141943.8981161118
443366725.3040617704 70291.3361581638
443384110.6354286075 70488.6411839612
444110217.7019882202 72878.2116827844
475388018.4636416435 144830.1398434639
475312454.8546332717 144808.5726742744
489214916.1593723297 164396.4788665771
489657018.9433506727 164630.1638641357
489275960.8453001976 164419.0236053467
444266453.2260540128 73676.4561309135
444199275.2891895771 73645.0655951379
488660071.9388622642 163800.6987762451
488457011.9914464355 163569.4783782959
488799317.4061977267 163894.7829437256
442957971.1349245906 67276.9392115278
442992152.8243295550 67768.4693345679
442957201.1064450145 66387.6860115631
442864178.5829238892 66348.0643289192
442957638.6137919426 66528.5322091682
442853484.1378909349 65465.3369004829
442823014.6313982606 65420.3907334907
471339695.5264165401 136675.6230700612
472065686.8775273561 137887.2813723683
471526152.0824669600 137512.8434184194
472845978.4411138296 140019.3649408221
472145277.1930404902 138566.0916741490
475529725.5806950331 145310.4809231758
472277995.1145766973 138915.0240214467
472317699.1403696537 139064.8575175405
471425151.3202333450 136898.5051757693
484513754.3170834780 157179.3483886719
471125804.0179184079 135613.7001511455
484898142.7951377630 157678.2103118896
485404377.8475551009 158075.2966766357
485400696.5480616689 158068.1172332764
485531482.1496407986 158380.4755096436
470818481.5440114141 134409.9867312312
470288778.7622168660 131882.8958988786
470008401.2292658091 131147.4390433729
469820139.5237177014 130751.2248300016
470139976.3148134351 131511.0051263273
470064102.8720171452 131185.2589944303
469871221.5474391580 130953.2325204313
469811851.2926906347 130727.8070290983
468286396.3879048824 126743.4598534405
468417442.7698553205 127076.2600701153
468224340.8918024898 125755.5500105619
468132158.2918723226 125066.0868431330
467824206.7805215716 124931.9681926966
466918874.9670047164 122497.6538909972
466941973.5791605711 122532.6079219878
467182658.8667311668 123335.8023742735
467347552.8115614653 123615.0210327208
466426846.6522359848 120412.1249536723
466284236.1902139783 120143.1897603422
466149610.2005029917 119789.5308910459
466542457.9237693548 120742.0112756938
