106153442.9994734973 1869.2079267502
106162269.2072259784 1870.2232275009
99118537.3922251612 970.3010170534
100852670.9727126360 1344.1080228672
105537992.7900902778 1853.4429397583
105686067.5492401272 1861.4361267090
105599050.4623366743 1859.8474712372
100687751.3309258223 1332.1687668829
103753222.3525823951 1698.9513071775
105239944.2857077718 1835.9372425079
99089648.7555689812 950.4522911198
100532816.5991187394 1308.8336819678
105546048.4419035912 1854.8035764694
105503477.1187567413 1849.3168220520
106248151.0478268117 1872.2358999252
98970648.1850806922 898.4256728094
100506466.6949653029 1291.5866478949
100880354.0704291761 1356.7933525075
103621955.5213316083 1684.5594407320
103615748.4942604899 1682.4496517181
103998114.5723374188 1727.6089639068
103845614.3743792474 1710.1551402807
104124028.8796737790 1739.1097224951
103824974.3231692612 1708.0766061246
105121134.4537729621 1822.8217115402
105983617.2426455021 1866.4622220993
99166344.9265877157 970.9977911897
103897653.5226407051 1719.6717182398
103754917.5332664847 1705.1944271326
105038679.7473325133 1818.2334671021
104496651.8133194447 1772.6438255310
104991281.0211840272 1814.1483998299
105104661.0829490125 1820.6072330475
105293618.5826912224 1840.3262853622
105399567.8574867845 1847.1880493164
106171866.4470240772 1871.0709829330
106158545.5108811408 1870.0786323547
106341035.7014835030 1875.2274599075
106246307.6829023361 1871.9187688828
99699450.4391407073 1150.7612579871
100413709.9279866815 1288.2137292258
101097376.2166337967 1380.3834100794
103206413.7873562574 1643.6616725773
105134818.2975375950 1824.9707813263
105438975.3008123040 1848.5669794083
99146120.2113408893 970.3080466269
99462885.5307698995 1083.5610231337
99807651.0201841593 1176.1964823704
101093498.0281893611 1380.1163537353
105539649.9039753079 1854.5244474411
106184358.2544764280 1871.1194677353
100343849.0592140257 1271.4824427634
100465715.6154978275 1289.7803479042
104624404.6826352179 1787.2992916107
104952805.0649682581 1808.5808597803
105645534.7450949848 1860.3191547394
98908096.4746224135 875.0905878942
99071128.5045858473 948.0394665077
104535323.2867198884 1779.1101074219
105227018.5539983660 1832.4815444946
99131735.2203782648 970.3039551845
100469058.5733016133 1289.8997200995
103040943.7792836726 1616.8923808595
105956126.5286247730 1865.9509649277
100597059.3315240145 1310.2512097241
105164630.1758802235 1831.1334943771
100435184.1423944533 1288.4289667488
100376677.2547076344 1285.5408023989
98924697.9273280650 875.1460733998
99713838.5230046064 1154.4532210164
100368831.7584114373 1285.4985970526
101137047.3954961896 1381.0449143331
104506226.7724239528 1774.6081523895
105830012.7010466754 1865.1132659912
106223385.0480109900 1871.5503206253
98978747.6722267419 900.1926564649
100009050.1595893800 1206.5024077397
100817346.0572353601 1340.5449732672
103443201.2091306746 1664.1539533099
99042006.3616374582 940.8100120500
100887954.4158056676 1356.8006929290
103193733.5951982439 1637.8631275853
103598549.4346284568 1682.4350150824
103628952.7355758250 1685.9839211702
104053904.9683620334 1730.3273408413
104031931.7042104900 1729.8242108822
104819402.5516440868 1802.3849692345
105762937.6178656518 1863.7652158737
105685666.0697766989 1860.9114685059
103130853.1647201180 1627.7308545073
104836507.7171857953 1803.5550112724
105369036.0660461485 1845.6107854843
105617405.7605751157 1860.0880765915
99191940.2575475127 972.3439509243
100153993.6639353335 1238.8284272223
103726139.7279090285 1696.9372406602
106217216.8182400912 1871.2973623276
100522467.2982968092 1294.1337800293
103064984.1153134704 1621.0537721158
103643835.4082739353 1688.0895615816
99118454.3109666854 970.2293538253
100307355.8848617971 1265.4124604186
100672226.5429617465 1316.9187972813
102997033.5948956311 1600.4912217518
103879196.6608416438 1710.9299396276
104697173.6350337565 1793.4656476974
104473560.5168483853 1770.9955358505
98932193.2391481549 891.7521917743
99049175.8432790786 946.9659321383
98891693.4228556305 854.9697356932
98980658.0869953483 917.4749271348
99604425.4091491550 1129.4912313733
104595219.3245504797 1786.1292495728
99901686.6891656816 1195.9332377769
103991165.2890797257 1724.6324313879
106339673.9318400919 1872.8583631516
100158564.2255564034 1244.8058048754
103444051.0652802885 1668.0510339697
104770461.7334078550 1797.1004691124
100017571.7242642343 1219.5407116576
103095316.3694516420 1625.9597563704
103468424.0546587706 1668.9495352453
98966387.4771551043 894.9078265729
103390074.5374518633 1662.4738583658
103218348.8668400347 1644.7159490546
104642012.5866560191 1787.4772996902
100815991.7286377549 1336.6143881195
100666826.9035421014 1316.0325069695
103716351.9581848979 1693.6733299494
100022192.0202784985 1220.8015938994
103338803.8998092413 1654.9217929800
104763227.6882541776 1795.4035668373
98890597.1079226583 854.9142501876
103262510.1305737495 1645.7894834240
98931550.2724698931 875.4409707505
99442473.7056980729 1083.5606244444
100011980.4994061291 1214.3910268787
103541585.0150555670 1678.7295780275
103366255.9056205750 1655.9139690360
104786019.7838534117 1799.0292768478
100740805.0700112581 1333.4582686692
100574740.0305775702 1310.1231837540
100636678.7383523881 1312.9334535866
99527774.2836990803 1101.7186600436
103173943.6896063387 1633.0361509283
99437559.5752707273 1082.7785728153
99920073.1866690516 1199.6207934234
99572445.8010935783 1112.0768857095
103510619.4764226079 1673.0299555063
100993635.2379973233 1364.4397885008
104393823.8493286967 1764.7929841280
100317138.3304439485 1266.5646351843
103164651.9522126913 1631.1362836917
103153891.7142604291 1630.5124365350
103175129.5201807022 1636.9427132567
103696448.1761931181 1689.1338099837
104433444.3786367476 1769.2671728134
100490190.4553609788 1291.1563915359
105099089.9358695149 1819.0171556473
103375942.3040194809 1659.9959894419
103528774.2297559679 1676.5556461473
103299605.9974215031 1653.5737428626
103537216.0844007730 1678.5935846567
101403158.2699048221 1411.1099583311
104177336.8286839426 1742.7469220161
99106542.8632753640 951.5044901446
101440334.6101793349 1414.5702281473
104115398.5456527770 1730.8510960937
101380689.3874168396 1404.2847856684
100514270.1545211971 1293.8674640923
104159250.9397985041 1742.0862550139
104422999.1191145480 1767.8504719734
99019779.0043122917 928.7659046724
101321116.8806609362 1401.0600818796
99088158.4831163138 950.4082362726
99838808.8554701209 1180.0056661177
100319182.8010568023 1269.2428773909
101199210.5317155719 1390.9336208506
101084091.6362379789 1374.4622993325
104401620.1499299705 1766.4144766331
99883953.6432783008 1195.4235751133
99779194.1150234342 1172.0534090314
104235949.7797592580 1746.1715700626
99017420.8095793277 925.1582382945
100364757.7321277857 1271.7690033901
104193137.4642991424 1744.0427973270
104300475.8640147746 1749.9953775406
101259195.7543228567 1391.3208894385
104378334.7539550066 1763.4808015823
104274840.6354215443 1747.2250819206
104324935.2556346655 1754.9591274261
100068412.3792543709 1224.9869260986
104368900.2420231700 1759.3980760574
104591811.1944263577 1780.9065632820
101065754.3961584270 1370.6258057756
100282408.1718012989 1263.8274613607
99680572.0191647559 1148.7183241162
98996170.1751793474 923.6308472231
99588374.7576207072 1125.3832392011
99625348.6693143994 1131.4395301610
100285928.3237681091 1263.8956128626
100311753.3632456958 1265.7171292650
100255907.3553988934 1262.1635121375
101078872.8060694635 1371.5191537542
101250918.7228275239 1391.2351432322
101263685.5088497847 1391.8277208140
101191194.0500997901 1387.7748734159
100249162.5992094427 1247.2547446352
100118496.7130406946 1225.7073590749
100193735.8418135643 1246.9183779817
99514435.3369774967 1088.8831788030
100837029.7289359868 1342.4269126458
99520234.5833820850 1092.4376745503
99948340.4117968082 1203.3839419086
101010653.4183746278 1367.5985359354
99799804.8555059731 1173.1335970562
100834581.6123709083 1341.6994884955
99984081.1731789410 1204.0463316638
100115148.1369372606 1225.2734867253
99653714.7689277381 1135.4005545888
99929263.3607135117 1201.6518411834
100127210.0161720514 1226.9418645959
99503359.3941747099 1088.7303847585
99579840.5541335791 1112.8050325751
99984741.5520044863 1206.1381072581
99409992.6868000180 1068.2645893272
104921191.7306005657 1804.8271136284
99463901.2433113307 1088.6878960308
99546959.8649287671 1112.0654696736
98977922.9796418995 899.3136234137
99868753.4833385348 1184.4789754015
99116929.8557920158 962.3278889016
99040573.5922537893 938.4909124228
102008962.4309835285 1479.3954318335
99765806.5392086357 1158.6511829766
101956938.0034223199 1466.6674468955
102065968.6545308977 1480.9025475471
102051976.3488878608 1480.8211911162
99039938.2561062723 935.9156646582
99812972.2020082772 1176.9131232362
99710258.3356055468 1152.7139522692
101843752.5226250738 1458.6561482390
101816459.8052048087 1457.4861062011
99841155.0746398419 1180.6666874550
99533536.2678261101 1102.1955486197
99393021.5820804834 1041.6526191597
101978893.4657272398 1469.8388255654
101933414.0479288548 1464.6258422201
101713298.6090700626 1441.4977720221
102005766.8499788195 1474.9247915791
101568396.0498964787 1423.3131253688
101768456.0456773043 1451.5767829856
101789574.9056811184 1451.7341762977
99309578.1725016534 999.1602643319
101605985.7533621043 1429.4485743425
101748652.3037237823 1444.9499227395
101623399.5350151062 1434.2954909196
101606411.6388831586 1432.2832483640
101538863.9100848734 1421.5194532266
99762809.0948137939 1158.4663222693
101569934.6439870149 1428.3861677041
99357026.9589262605 1020.2960220174
99733675.1991891712 1157.3625293877
99366423.3080183268 1040.8372062043
101584407.6834765822 1428.6278981110
99310926.1984786689 1017.5021212892
101910765.0702514499 1461.1199087693
99252052.3780891746 975.8824566300
101801479.4898263961 1452.1812005679
101998864.9236889929 1474.0199360444
102436166.9166697562 1518.3976339679
101682003.2846520096 1437.4856919190
102261980.3699092269 1497.8543522751
101766032.1072864681 1446.2147168061
102373487.2253963351 1507.8890141677
102391590.6453596652 1509.4461736437
102406828.4672781378 1513.5133882334
102412266.4528776556 1514.4044422638
102267143.4805761129 1498.2103861999
102426114.4905008674 1514.5136250537
102141947.0753329545 1483.0389421489
102484097.6394860148 1518.4055583328
102192087.1424699277 1494.8450955655
102319573.5692316294 1501.2485173298
102158581.0190381110 1487.4349097516
102345871.7384825945 1505.9753488845
102330587.9173496068 1505.1312584713
102085708.6607542634 1481.7960363310
102986892.1465024799 1554.5117932595
102968618.4349658340 1549.2272931375
102863375.2155881822 1537.5449892320
102800518.9299516529 1531.5678777732
102956791.4141896218 1543.4180260934
102817451.6280378401 1532.2502427138
102788803.5850559324 1531.1767083444
102924037.0756754279 1538.3222113885
102784094.3993545324 1530.1220389642
102747637.7654700577 1518.8372765817
102747746.9178908914 1520.6389726327
102931811.1461362839 1541.1364887841
