69904521.9600569755 86155.2209082991
74247647.6401947588 111802.5585937500
75819905.0643942654 113253.4808349609
75819856.6339302361 113113.5651855469
72928417.0563068837 107936.5155944824
74048949.7964480370 111227.7880859375
74170895.1016041040 111797.3475341797
72674571.1939397752 106345.3976135254
67972860.4764530510 55367.2917547440
75244014.5645808429 112885.1148681641
73402536.2394844145 109708.1126708984
74453840.6660285592 112140.4903564453
75486298.5948181450 113069.3886718750
72416513.2096611261 104859.8332519531
73424283.5976444185 109941.8217773438
68022003.2095867544 57332.1850513327
68485895.8398366868 67353.7076138407
73010794.2109980285 108213.3076171875
72812780.6962529272 107622.0694274902
72991806.7775750607 108044.5159301758
68121010.6776362062 59195.0094029712
68000534.3773046881 57318.7523870682
74660349.2696113884 112433.1011962891
73137132.0603409857 109009.1851806641
74289313.9642358422 111819.0222167969
72240423.7925473303 103992.3942642212
73237161.3086375594 109332.2407226562
74719889.2308132201 112440.7652587891
70165769.0622680783 88182.4648831934
74601363.6237490475 112286.7087402344
74118628.9145409614 111457.4147949219
74354569.1231005937 112123.5465087891
69104843.6071403772 76690.7359555513
69151997.1824224144 76848.3731778413
69722211.8432392627 84187.4672912359
73313158.1850281805 109627.3756103516
69906633.6429667920 86159.7483257055
67968270.5560843945 55342.4039475089
67962715.9883260578 55287.0470810151
74818721.8736618161 112461.3350830078
75542177.1839870512 113074.8792724609
73388733.8964169770 109693.2856445312
68320842.9954038858 65078.6625334388
70158951.3681120723 88177.0567067862
69769040.7135904580 84362.1131423712
69878686.9011706263 86149.4642318487
68485453.7501791269 67350.6879299539
73515241.3835879266 110022.5588378906
68111327.5514235497 58967.3888999033
69789815.4064443260 84897.6051162481
74592577.4138275385 112140.5635986328
75221907.0118558854 112855.9306640625
75757593.3228835315 113084.9171142578
69915888.5590293407 86309.2194336355
73341673.8878342658 109649.5195312500
68525450.1061004847 68326.8029669886
69609557.5076742619 83268.9509723037
70123682.7413064390 88015.3036325723
73342966.0152517706 109656.0612792969
69042811.4163120240 76333.3590024263
73571318.0221262723 110078.5023193359
73160161.3294053674 109310.7620849609
72619661.2500168532 106235.6493530273
75476517.3380974978 113052.3515625000
73599158.5879933238 110088.8723144531
68409633.0021853894 67150.5988155967
73233660.8616346717 109315.8843994141
69288232.9831828773 79658.6209653169
74926520.1260481924 112615.1706542969
68379612.9442537129 65180.0526757753
69583139.9929079711 82246.1688273698
73267194.4815470576 109624.7783203125
74898159.9302838296 112463.1087646484
74952029.0253084302 112675.8281250000
70558974.0021576285 90908.8266695291
72329512.4156277329 104356.3217315674
72418113.8628875762 104917.1860046387
74294459.8570090681 111820.0277099609
69261570.3879060596 78673.0172055513
69155984.7453199923 78366.5008481294
73255275.4901385903 109373.1250000000
73241241.8435757160 109344.1357421875
69416621.0253970921 80635.9121615738
69407395.9307960868 80496.8066317886
75736156.4470635504 113083.5688476562
75798688.9843859971 113091.6466064453
68834743.2215695679 73022.8849155414
68724094.3335088789 71210.8524369961
67940377.0205503851 51749.6007651859
70584384.4500133544 91029.4667490274
69523579.2079014331 82065.3216922134
72891677.8468564302 107837.4931640625
73149676.3918025643 109260.7387695312
73152283.4869550467 109310.3321533203
68762240.0928658843 71335.1768753189
69516746.4585623294 82057.2821490616
70295057.2792980373 89362.6522138864
68392752.5414343774 66920.1099738246
69486165.4129644334 81902.8853391707
68630938.4830733389 69384.7507822281
69372311.6374167651 80474.6813500673
72990014.0170087665 107984.1802368164
69326322.0226552635 80390.6142947525
73387494.9615337998 109656.4912109375
69575062.3512950391 82123.6612189561
74795607.8192262501 112456.5766601562
73242529.1498529017 109344.7922363281
69316706.5508481264 80057.7211367935
70075388.1359301209 87616.0572508126
74971129.8146581948 112696.7158203125
74323010.0084455311 111824.5640869141
68659790.9036860764 70989.1824533707
67938561.1213119477 51730.6524018818
67954395.7057092786 53478.7182078692
72763445.7018321604 106928.1352310181
68030440.2603164613 57347.3469217229
73040713.3657501191 108409.6314697266
72442669.8147441894 104944.7372131348
69442070.5329986513 81640.3225962967
72728698.2520959526 106534.6430969238
73065836.6130379140 108889.9750976562
69454507.0200632364 81899.7048061043
67986916.3375513256 55499.8751467573
73125282.2573025674 108921.4849853516
69641524.5403473824 83669.6741642058
67965678.3050783426 55287.3071105885
69504328.7801140994 81960.8636277914
75254278.5318790376 112885.2741699219
68306284.1365943551 63366.0951966303
68041367.0003922433 57425.5241775620
68562445.0390761197 69014.5868796473
69425092.7890669554 81620.8203494400
68563155.3764135987 69028.5008329968
72502813.3923071921 105494.8244934082
73062633.5539525896 108468.1932373047
74600451.6800739169 112159.7644042969
68577286.9847583026 69210.1726886630
73000933.5301402360 108186.7401123047
75409523.2177689373 112896.0787353516
68690891.9227634817 71001.4777838355
67983649.8729608357 55392.6401520479
72988236.1527649164 107954.8064575195
70381662.7527208924 89784.9596302025
70237129.0804600567 88347.3554531187
72738522.5665049106 106561.1294250488
72405386.7049088180 104758.2135314941
70340605.1107872128 89514.2714715675
72628106.9952766448 106245.2096252441
70259342.5246752501 88749.0330732614
75649625.2497554570 113078.9350585938
72390669.6221991330 104453.6040649414
70247901.9151601195 88540.7699878961
69976341.6128775328 86698.8663252145
68149725.2548088580 59505.2407446164
70080662.3502842039 87680.7440107614
72302996.9639932215 104264.8440475464
68642104.9703011513 70155.4316290980
70758410.8461522311 91654.3560543209
72567244.7805847228 105920.3104553223
75776845.5729583651 113087.7653808594
72589462.8928083777 106231.0525207520
68542125.9194655567 68889.4219118720
68532783.9852582961 68834.3453024989
70509750.9594350457 90381.7134152204
68160383.4866504967 59716.7064733761
68153036.9526910335 59515.8893983471
68101245.3291179985 57739.7089414853
70680638.2120261937 91654.2148599625
75716945.4999300689 113080.3037109375
70810609.2512096167 91870.5622226708
70342213.5236613452 89621.0730142593
68695526.9764518291 71057.1017486602
70050819.8915993273 86840.3381498605
70412416.7086505741 89826.8858154714
68087820.9639084041 57680.8384008664
68159733.4956351370 59530.9949255246
72470942.1066724658 105231.3454666138
72490007.8419583291 105250.9019851685
72791676.1790781021 107213.9043884277
70418486.1557037234 89929.4215992242
68070671.3370591104 57486.2127675968
70483222.5502181053 90233.7079591714
68568808.4147992879 69036.3841264956
68954127.7783981562 73184.3820611984
70475505.6026125103 90183.0723767388
73060909.2876034677 108451.5928955078
70447807.0239062309 90133.8470381051
68571792.0894208997 69106.6318306439
70180969.4970099330 88342.2200849801
70656876.3307997882 91345.0593224317
70808681.0594426990 91722.9913693219
68063421.0131590515 57445.8751287716
71872026.0360783637 98914.9298134446
68569255.2792266160 69037.3811762589
70605571.2946317941 91209.8902951032
70374861.6805853546 89689.8495236188
69875179.2740656734 85348.8083318025
68538437.0236439854 68842.2285959977
70058128.0637249053 87162.6884854883
68641898.6433835328 69402.3572936505
68925386.7693888247 73126.2894880325
73816007.3577119112 110363.9736328125
71999199.3392339200 101133.3995294571
73749919.7846258134 110262.2332763672
68966666.5863843113 73990.5902092117
71955465.2361887842 100791.2011944056
73703137.4598176032 110212.3787841797
68995665.9183419794 74559.3052329379
68822767.9655224085 72296.0241571325
73935346.2442536503 110419.8215332031
69009305.8975239843 74712.7669019359
73762707.8904506862 110319.9439697266
71890402.8907831162 100488.0145502090
68833517.6021213233 72713.0743280309
71979641.8280455172 100807.8542337418
72228522.0590843856 102765.6423273087
69876348.3742483258 85690.0308736116
72133282.9973777533 102426.4269342422
68830675.3323129863 72679.6250562328
69878597.4183708280 85699.1078055650
72021801.3196683973 101230.8588333130
74002133.0996620208 110705.0574951172
69721337.6393881440 83776.9099345319
69703446.2316732109 83737.4686225206
72184363.6271639913 102444.4637832642
68282440.8239749372 61503.4666598886
72069853.9283672720 101358.2355422974
72184449.6264270693 102764.2277603149
69561605.7031749785 82086.1797622591
68242784.4616479278 59740.2449449860
73991899.5635634512 110552.8336181641
69714211.9709514380 83754.9409564286
73924163.0735944957 110389.7185058594
68274424.2409590483 59914.3948843963
68248776.4981468320 59914.2602321613
68292760.6706571430 61564.5706506181
71765554.8744974434 92462.8750884533
71679040.6341312826 92258.2946364880
71801296.2699334472 93573.0882842541
71582692.9292733073 92203.8487949371
71799190.0704783201 92604.7941253185
