52972631.8711060062 86850.7236022949
54481456.9997592717 94693.0959472656
50684252.5638887584 49600.5454103439
53482002.0821380988 90474.2823333740
54030730.8050676808 92917.7109985352
53858685.2908849344 92383.0381469727
52139605.2236305177 79672.9742507935
53828236.2933013663 92271.6965332031
55466436.3773290217 96646.4428710938
53198614.9680340067 89115.1511535645
54356288.5139730126 94205.0351562500
55960188.1949787214 96908.7193603516
50842628.6440291479 57619.7276719003
52370531.0080442801 81815.6293122768
51237408.6628701910 66429.9429023266
52088503.7910322249 79424.5884633064
51660715.5680687651 73024.2283005714
52104269.2573685348 79547.9757385254
52172914.1261342019 80105.3712005615
51075759.8135289624 62871.5826861858
53558348.7264220789 90820.8547363281
51997418.0954804644 77763.0983581543
53272035.5454275385 89575.9548645020
55273834.2867717743 96452.0649414062
55212944.5845244378 96219.5711669922
52668419.2665136755 84558.9077241421
55269219.7439616472 96358.6312255859
52126412.7622972727 79589.5071873665
51962358.2560181916 77416.3248538971
53017533.0861604884 86964.7343444824
53271542.7964299545 89294.1692657471
54157537.3388222158 93508.9124755859
55039686.1857513934 95958.2330322266
53661355.9163121209 91203.3599548340
53842327.9986617044 92321.2960815430
51445040.6608054489 69368.2151722908
50717732.7488099486 51850.7897529155
53036533.1756663844 87361.2188777924
55288578.7098314539 96517.7048339844
53132377.8553210422 88696.9569702148
54745352.8450487703 95581.0399169922
54536196.7169043124 94915.6319580078
52504755.7796529755 83549.8232514858
50693956.4502186105 51563.9363622456
52134024.3438548818 79605.7406616211
53800625.7196440771 91808.2135620117
51189775.5347034484 64863.6876228750
51531178.0114139989 70756.5656046140
53440289.5419219658 90189.4746704102
52278844.7889537141 81326.9347686768
52660440.8235899806 84261.0478916168
51497331.9221960381 70551.4153718948
52079365.1231475696 79354.0895085335
55263240.3321864828 96347.7446289062
56071992.2232157066 97262.7006835938
56945520.2511209324 97837.5714111328
50694703.2539249435 51618.5443096957
51533599.4671212286 71226.8141007423
51937231.5087647662 77302.9357457161
52236590.3876880035 80207.3686904907
50805134.1701966971 55665.9784612595
51988123.7763757706 77760.2058339119
50687673.4489380196 51521.7431709259
53289701.5308347121 89663.6573486328
54333881.7656664401 94139.6535644531
54659612.5385912806 95398.2724609375
52057145.4516735822 78843.0137181282
50847568.7299149409 57655.4942696481
51936146.0307008997 77285.9690213203
52313507.1954991370 81445.4793319702
54266654.0975793600 93813.6337890625
56277720.0528286472 97268.0042724609
57924608.5708565041 98291.6110839844
57883624.2614854053 98252.8637695312
51124549.1179643124 64272.7654471397
53040727.8089281693 87559.2391242981
53335633.9289489910 89917.3391113281
54493439.5647166297 94787.2692871094
55576754.9171551540 96700.6134033203
51036435.2213318050 62333.0463283062
52497992.4548537210 83486.6029908657
50872793.3260150552 58258.7375653177
50924774.0779210925 59802.9183314741
55648904.4726865962 96750.5533447266
52544501.6384677887 83740.2847535610
53526490.3285270110 90672.0323486328
53669270.4822620377 91460.5209960938
54439039.1224622354 94482.5691528320
57820046.7548727021 98187.2238769531
50923155.7689503804 59596.1867745309
55283317.8010104001 96496.8872070312
50922335.0507109985 58568.7789566903
53436686.2146499380 90096.5487976074
54427778.0646266639 94475.2586669922
56793666.9817342684 97727.0465087891
50662837.1874926388 41801.3421216174
53322894.0608014986 89856.0795288086
53612132.2931957468 91014.6918029785
54854785.1388937458 95809.0904541016
55252657.4766652286 96318.1564941406
50711458.5702065006 51649.0199792176
54089901.1430154890 93236.7769165039
54855757.4636590034 95837.1927490234
54819794.6415284052 95690.6307373047
56819831.4456458315 97767.7003173828
52927151.2037144825 86833.3859252930
53098108.0504010841 88264.8229904175
53276649.0950646028 89598.9184875488
50686943.8320235908 51278.0245241909
54421703.3519388810 94462.7538452148
58196060.4209701642 98365.0467529297
50633831.4978244156 41611.7189374133
54673230.1992292851 95410.0683593750
52803723.3366138265 85451.4588928223
54352480.4402996302 94183.1765136719
55113160.8447239548 96050.3552246094
55236299.6460695639 96254.1640625000
52166663.9216431826 79773.4064793587
53014811.7005000859 86898.1247863770
55614401.0039712638 96705.2570800781
50731140.1886300594 53430.6788384705
52089425.1816107929 79497.2922973633
55347384.5377499983 96576.7512207031
51547392.0165246725 71375.6989235878
52468602.6794743016 83193.0030612946
53129153.0090667829 88319.7496643066
52516583.9542467520 83560.2117919922
53946853.9071928337 92468.9018554688
55934285.8448427320 96821.2333984375
53167716.0119683668 88738.0835266113
55963080.3244463578 97040.6646728516
52072744.0829070956 79300.2838063240
56783706.9429435879 97710.6076660156
50791549.0989235416 53819.7086481005
54655804.4649178982 95376.4138183594
50739169.5407618657 53445.0868333131
54291063.9752706736 93899.3809204102
55310480.7774461880 96574.4908447266
52723333.0899014473 84793.6459598541
55779623.1077934429 96767.5665283203
54767451.6311729252 95590.3439941406
54541108.4009846225 94943.3728637695
54594759.3534288034 95078.0919189453
54071755.9833234996 93175.5173339844
59125349.2440576777 98848.3039550781
54226647.4849904850 93712.2234497070
51555697.3929709569 71467.2488629101
50629302.2221640795 39355.2643990680
54394013.3661138639 94347.8500976562
54536063.3588879853 94821.2929687500
50728857.5109901652 53263.1951249391
50748263.5532710329 53720.4976444691
52554773.6895914674 83931.3780403137
55150783.7415843233 96099.7153320312
51230746.2161267102 66160.8489229679
57196318.0021827891 97864.8115234375
50772644.7640948594 53795.4313243479
51137310.6082248837 64426.9496876001
51597573.7450184003 71786.1006237743
54934909.1359198913 95913.2541503906
54024069.6409121379 92606.9509582520
55348103.6743065491 96623.8509521484
50779099.2141219676 53805.2374870330
52752880.5063597634 84932.8018379211
52797950.8553715125 84961.9421021938
56034419.6409037039 97129.8381347656
57990375.3411348835 98326.8654785156
52285389.4328724444 81413.6020289910
53414582.5994714424 90078.6155395508
54646918.0790494308 95275.0556640625
54274601.9489339590 93891.4630737305
54324408.9700486660 93993.1012573242
56809871.4068551511 97751.2614746094
52694648.9548629001 84663.0523774624
52491564.3598438799 83421.8641297817
52657267.1011356339 84178.0241317749
54712072.5693262815 95465.0573730469
54483812.9628259391 94759.0542602539
55210158.4505712315 96104.2263183594
51654202.8919463679 72720.7081562756
54445509.4480544254 94546.9326477051
52116554.4270791411 79569.3084716797
52453146.2573356032 82914.7215056419
50879566.7489405572 58389.6800721078
52435906.1305241585 82577.3422946930
50683462.8146010861 48959.1384957880
50825488.5073855519 55973.2181389718
50899560.1873613000 58492.2982691526
51925139.5961145163 76803.8822655678
54152254.1334611252 93263.2182617188
54579413.2598252073 95022.2634887695
54452622.8997119665 94652.5502319336
50673752.0626831055 47615.6644524573
51792635.5335302725 75187.9562908886
53650969.3409287035 91133.6414794922
53478115.5361934528 90329.4756164551
55975729.3484825790 97113.1450195312
51162722.2810065076 64706.5585319996
50935147.9762204066 60113.0950692086
52256162.5997588187 81180.5275664330
52265106.1335465759 81244.8160266876
54640408.5167803764 95228.0296630859
58124445.7405827567 98359.0098876953
50933326.8558294922 60071.3224862008
54368083.0501462817 94206.0747680664
53739123.2883956134 91480.4813232422
51029600.1887476817 62219.4147223234
52480587.1145580485 83258.0166721344
52648859.1794001237 83975.3552942276
51697846.0412254333 73696.2743751286
50953138.1664756909 60350.4378159433
50949363.9373108074 60314.7907549292
51837369.2179232538 75423.6708874702
52349864.3366301283 81643.8865630329
58061583.7200873569 98343.3043212891
51694069.2557725385 73545.7050824687
51051388.8391299546 62679.1605060101
52333537.1833656579 81537.9576797485
54577042.1597646251 95009.1181640625
56339228.4134550616 97280.8610839844
51024102.4047703147 62153.0138965845
51692379.1575285494 73468.0812718151
50940761.8006516173 60171.5124498755
51110543.7033325210 63749.2782492132
52056168.3801320791 78670.9032444954
51177344.6665220931 64827.5642200708
54815694.4112847298 95606.9152832031
51140257.1469483301 64562.0111322403
51274737.4683595076 66701.1037585735
56434530.5870425552 97375.5174560547
55827461.7675970271 96789.4873046875
55015647.0306718573 95921.4190673828
50868019.4347300529 58191.2840633481
50884405.9388792440 58458.0494952439
50872124.3656301573 58240.4258377939
50861835.6315273494 58084.1946480661
50923790.9345280826 59659.5563047989
51221832.0130224898 64941.5453479290
54922633.4841288999 95869.3371582031
51018478.6388415918 60967.5589194298
51695564.4835270494 73639.9411236523
52041416.6032084450 77968.2578053474
51966451.2079597861 77445.2505040169
50967402.8028994277 60633.5399928093
51148548.8561114073 64688.0144889355
51726157.3421841934 73827.9596275091
51128310.7431922033 64367.9280489385
50971088.8171416149 60672.8047046661
51127204.4424846992 64348.6155841351
56389491.8808252141 97319.2972412109
51267931.1475993395 66684.0622054040
51016461.9030594677 60770.0236859322
50825182.3416610956 55743.0314364880
50953233.5413889140 60435.5096907616
51683837.9417645037 73391.6539641619
52053422.7952936813 78120.5184407234
50810868.2500031069 55667.8799017370
51958602.3517791554 77380.5116429329
51213647.9939696416 64886.6480055749
51677178.9043301642 73390.5420910595
55802730.6634534746 96772.2716064453
51647765.4119409770 72682.4651324749
50924745.5685893223 59708.4362031519
55100087.9819746017 95968.5187988281
50856398.6089942008 57754.6011625072
51977338.5180757716 77495.1351323128
51632721.4222719595 72619.2448718548
52423915.0634809658 82039.3496627808
51763441.2619810253 74595.7039744854
57363531.3156225756 97886.5297851562
51924579.9489846602 76453.9160218239
50948589.8256251886 60196.6976381242
52413571.0063309371 81942.5214080811
51019958.7832640409 62013.7385418415
51675805.2381633520 73145.7123668194
50965699.6973089576 60447.4942279756
51121744.2143647447 64068.8468202055
51431232.9491989538 69087.3056342304
51121061.4239762872 64043.8627592027
58497878.6502267718 98386.2500000000
51753145.4820662588 73912.2231831551
52026393.1189036369 77861.2970242500
58458920.0826647878 98379.5750732422
51918801.0271660164 75954.1488119839
51878725.8549571633 75620.3477665661
51897603.8099847436 75926.5803868053
51894103.7821413130 75719.0820579529
51867500.3217607141 75597.7260548351
51897101.6228195205 75890.1700286865
51890585.1913210973 75637.3505969048
51358460.4197755679 66702.5732286389
51397373.3918083087 66927.3558206288
51421298.1398842782 67309.0096243883
