199446713.5431897640 1490.8095433799
199555513.4642184079 1501.1643676027
199285664.2564764321 1462.4534311668
199380404.5181261003 1486.0704589930
201086522.8675227165 1718.7702782348
211364298.9413363636 2629.4578792160
211561519.9980095327 2638.6235574787
216902632.1376457810 2925.4915838242
218977547.4048363566 2951.5148859024
225345508.7705798745 2983.8680572510
226266370.3835186362 2991.9830722809
197679795.0019072890 1099.0943805324
211526994.6998070180 2636.3187686508
197662188.8189767599 1098.8486073362
198996074.1345195770 1411.0004487681
200635977.2570434213 1664.1606655906
211809118.7539369166 2648.5730232304
219042158.0423203707 2952.2410078049
226132390.7323845029 2990.9867506027
197935220.0999723673 1179.3764794074
197857484.8828389347 1172.3502171241
199622166.7543665767 1508.4164924636
199575828.1447429955 1505.8612533803
201572161.5876919031 1763.6539997355
201405285.7185952663 1743.6058942572
202910875.3957228959 1896.1137215168
211161042.7093681693 2599.8928256194
211774454.5088255107 2647.1297918131
217327862.1938121915 2931.0154609680
225511226.8399837613 2986.4033708572
225787514.2814443111 2989.9804410934
217228395.2675257325 2930.1370401382
199308644.3498889506 1463.4707365055
200864726.8956788778 1691.8233037189
200866479.5271806717 1696.0616845799
202494227.7239878476 1868.1227633030
202872645.5480455756 1895.1392654449
216956682.3152826428 2928.9495582581
216932279.0220945477 2927.8739356995
216905643.2733201385 2927.5577764511
217241402.7298898697 2930.4255018234
197828419.2792108059 1169.4272387229
200713788.6752981842 1667.5471992207
211486385.9393281043 2631.5490562488
212077453.9618501961 2656.0740029305
197962990.4742368758 1194.8311839689
198104970.0320238471 1196.9415026658
202929949.8463768363 1898.0946993049
211902276.8819822967 2654.7416619365
215708413.9361407161 2882.8362865448
216508689.2007002234 2919.2773294449
216176374.6135912538 2909.6490535736
198972253.4110392034 1396.5000067997
198881525.6321286261 1389.5718601133
202617599.4156411886 1873.9327985317
203022805.0770575404 1915.4724652780
200807465.1584883630 1688.1008863164
201412059.4781273603 1748.4025683999
202993361.0860084891 1910.3883222610
216706100.6034163237 2925.3080558777
202674126.9845228493 1877.1406494648
202726809.4471456707 1891.1558929951
197756132.1055962741 1104.6775591646
202486902.5976904035 1859.0037166937
197698605.5287961960 1101.5484707542
197888472.9449284971 1176.9942595388
201319668.9403676391 1736.1239941389
202267424.9556986690 1844.2562010153
211706790.3130374253 2643.9617467691
197841920.7057696879 1171.2382771875
198809871.6057065427 1368.4554022002
216588436.7311387062 2920.2024440765
198036226.0969802141 1196.9232003608
197838802.4115905762 1170.6638522797
199587087.7707834244 1507.5772319618
201320199.2829707563 1741.9139292807
215981062.5233557224 2902.2765436172
216297832.7927271724 2916.1125392914
219474959.8407425284 2956.6514358521
201505798.0704354644 1759.5093376490
215964636.0476050377 2901.5331373215
224924237.6505897641 2981.9856262207
202375303.0716622770 1851.4067566263
202296086.7343057096 1844.8174473316
202229018.8567976356 1827.9873127957
198723928.3191686869 1363.5056249547
202119555.3635134101 1823.9707395107
216042771.9214923978 2906.8305425644
218949930.3369941115 2950.8088130951
202184127.0104184151 1827.3606261284
201913824.9258571267 1804.7753454716
198835267.7927760184 1387.2234731364
201501087.7687471807 1758.8021227390
201687079.8161738515 1781.9313122303
211602985.2872902453 2639.0352932145
219184469.8408974409 2954.1836214066
219720904.0783069134 2958.3745212555
197816467.9503791034 1148.5723811509
201665763.9485189319 1777.7476812870
201683039.5192399025 1778.0731024415
198879641.5712837279 1387.9284109325
199668101.3889635205 1511.3083079602
204534523.5999154747 2036.3245711767
215542421.3839921355 2879.8474597931
201448236.9051178694 1758.3421894581
213693491.5061467588 2771.0072158575
215517039.1128090620 2878.3786129951
197730680.1733044982 1103.8378521027
197812612.8970480561 1148.5393191697
198827815.8483141363 1384.7560736575
201410190.0709473491 1747.9597854171
219292296.4385738373 2956.3280544281
197797069.1446678936 1132.3488567593
211616603.4545716941 2640.3910852243
218476791.6070840359 2946.5133934021
215358740.1315419376 2844.4694521427
197760151.4022543132 1129.8072837712
199872325.4763750732 1536.2942317819
213653356.4656914175 2767.7698541880
225087713.2285663486 2982.2383794785
211093406.5540552735 2595.7456377685
211343137.1563209593 2620.3650905658
218733753.9480769038 2947.5260639191
224770201.0423109531 2968.9831972122
201232103.1723020077 1728.9794306428
213699160.9389878809 2771.0307866335
201034047.8752795756 1710.1231313915
201044223.4190345407 1712.5299372346
224825671.0821042359 2969.0187740326
224827045.7955578864 2974.3031721115
201190880.4826090336 1724.4757644803
211276639.7967315018 2609.6826319267
218657235.7959522605 2947.4235897064
215388987.3048124611 2862.1085877419
198963461.4075123966 1394.5993742259
200971261.4206962287 1700.4487170548
204218713.8289327919 2011.9621537789
215710337.3226084411 2884.3068115711
218862552.7826808691 2948.3048496246
204200767.9843395352 2006.6865746467
218611823.0253843665 2946.9612522125
218390520.7213225365 2944.3379392624
218194897.5145257115 2941.4781703949
199211691.7406919003 1433.7052385750
211177682.6361882389 2603.8650560250
218014780.7256345153 2939.1903257370
199737037.8314326108 1512.3125950842
211185103.0790838301 2604.4698037972
199923467.8490916193 1546.2514153267
210587432.8818201721 2555.6106545040
217434744.5942497849 2932.1093511581
217681447.7560628057 2934.8460731506
200857695.5225391388 1689.0436797206
200803834.2994851470 1674.0955512196
217676849.2129750252 2934.7247400284
199088002.5593347549 1412.2169514322
199153630.1365754604 1431.9888826493
210703343.8370684683 2555.7020358154
210829120.3166458309 2558.6905256817
199101298.3273273706 1412.4619848826
199878388.2679212391 1536.6672767068
210832746.2539602816 2574.6863597938
215713689.9271430671 2885.1505968571
199926140.5374247730 1554.4613689869
199746205.3344634771 1529.9965163018
210916682.1685860455 2578.3348573133
217891514.5228363872 2936.9324827194
211069975.3381547630 2593.4915994092
217863475.7056167126 2936.2511653900
217693825.3945123553 2936.1415100098
200562738.8519416451 1643.2668761709
200460732.8093388975 1631.7816840953
200241116.8492380083 1583.6345301701
200541246.7820033133 1642.6515777352
211013724.0040319264 2588.7064203098
217431754.7433443666 2931.6487045288
200331797.1119186580 1608.2634838347
200271486.0463874042 1607.9080479613
200448969.8916703165 1618.7413819865
200361454.6828481257 1618.4832881526
204308851.9099129438 2015.2813060968
200192196.6545071304 1583.2383209346
200047182.2957857549 1555.8014399647
200254588.1865351796 1594.1473671035
204290879.6085622013 2014.2134863106
200127869.8218444288 1570.7315801443
200183564.4436587393 1572.6426594404
203981666.1001088321 1982.4003544538
204136341.4146371186 2002.1145201414
199275313.1881033182 1436.1233332255
213962938.3738562763 2788.9274352789
204105613.3836759031 1997.0591185224
214247262.0614674985 2798.9192966223
214052067.4607432783 2792.1606415510
204738600.7791148722 2042.4376729694
212649522.9426427186 2672.3553608060
214250291.6205753982 2802.1142247915
214094709.5330770910 2796.0306724310
203801401.1000294685 1957.7197621544
204032216.0220092535 1983.5317705837
212185883.4136357009 2663.0195799470
214441884.4793881476 2808.8164018393
213867345.2585807145 2780.3551524878
203928538.8016868830 1967.7050489155
214057697.5918026865 2793.6772998571
204821958.1997205615 2050.7351871096
205070783.7869654298 2066.3747977847
204772214.2783266306 2048.6138648354
203609708.7574873269 1917.3976652337
214487221.6982472837 2815.6868925095
214275602.8735552132 2803.6552915573
214567543.7745831311 2817.6799869537
203516711.1836439669 1915.5206071691
203627517.9351210296 1932.3392044859
214730783.6266756654 2821.4272131920
198703398.2786974609 1233.9249474940
203780726.6756579578 1949.9028594749
198640882.6210508347 1204.7186315480
215238047.1648927927 2840.5253286362
215166679.0780857801 2839.8087539673
205690539.2229403555 2085.6892679860
205598721.7539336383 2084.4716143692
198657042.6841752827 1228.1808393422
205378763.1464891136 2079.1916225259
205530067.9694020152 2081.4420995167
205407075.1790331304 2081.0837132980
205328955.4034715891 2076.4549105561
212560576.7433364391 2668.7745458335
213640989.1839475930 2738.5014915466
205648096.5635473430 2084.9645571792
213368884.7082506716 2729.4527523518
213514182.2746733129 2738.1500408649
213510806.8179754615 2733.9976687431
213437042.5664471686 2730.6790552735
212428642.2527008653 2665.4982566684
212569173.1969296336 2669.4270946234
212600101.4283167124 2670.5275923461
224763015.7361341417 2959.3260765076
212895402.9578982294 2692.9571090639
212667989.9885358214 2681.8640396856
212694725.5243273973 2684.6054264754
213008045.7547801435 2705.0120178163
213062088.0854161084 2705.1841004789
224740891.7990568280 2958.6598224640
210300802.3421562910 2461.3899830096
210338811.2924070954 2468.2363527566
210445269.2998058796 2473.2112913579
210257127.8772050142 2461.0025186986
224622974.7892540097 2958.3879537582
210228350.6829198003 2453.5107794185
209912379.7630572319 2428.1844082256
210046896.5174097419 2442.4459491153
210023236.9599081278 2442.0446191211
209933632.8496722579 2428.5960431959
209520765.1466932893 2399.3485635187
209700007.4359860420 2407.5542024042
209821435.7056378126 2425.0281108286
209519128.2582078278 2389.8264090925
209469465.9354147911 2371.2593097537
208968660.5273343325 2343.0638880219
209273916.7324211001 2366.7435879888
209208781.3988500237 2354.3836991154
209117306.7097856402 2351.4031939548
209066268.6644669175 2347.3194512767
208805549.1155779958 2324.9628186417
208637845.8220665455 2292.5182710117
208949648.9533432424 2332.9223818970
208704013.1164643466 2308.9902048534
208302714.5425164402 2270.3891925340
208667101.0784005225 2302.8511829799
208513756.0437127650 2287.6155791173
208222638.1936832368 2266.2328390966
208543313.8789801300 2288.9147104150
208517406.7047195733 2288.9075068956
208156614.0016258657 2265.7146706472
208150625.0187486112 2256.0813012663
207940468.4446984828 2249.5283218774
207964363.0365739167 2249.6844487730
208080372.5852576196 2253.7680672116
207730315.9814594686 2234.3787670105
206983798.9747339785 2168.3662732307
207199569.6459416747 2189.2309084598
207475308.8158559501 2210.7976636856
207217612.0265515149 2192.9861764971
207127961.1907545030 2187.9878855411
207125410.2328617871 2178.1741147924
207267928.8272709250 2194.0176737707
206991346.5317738950 2170.5462065105
206694717.5760496557 2134.9724454461
206667671.8076350391 2126.1257902263
206774876.0899125040 2151.2054551980
206266497.7684964240 2110.4266604980
206415205.1476735175 2119.5523762259
206442639.8863776028 2125.5642706035
206077280.7542457283 2100.0193967124
206028563.6412731111 2092.6345851012
