232647350.5190011263 5122302.1152343750
219618967.5673392117 4270006.8691406250
219523781.4089854658 4269921.0507812500
220148475.9004762769 4372040.6464843750
220169499.0897226036 4383975.3476562500
220049843.0314859450 4368549.8300781250
220522649.2178589702 4439942.4355468750
220567735.4223921895 4440659.9042968750
220600905.7486120462 4450329.4218750000
229576802.6949029565 5032332.1855468750
232450440.2209571600 5114782.4941406250
219281514.0209081173 4232487.3085937500
225287244.3594166338 4858141.4726562500
230008082.2132893503 5038477.4589843750
229181335.9609325826 5021223.5136718750
229074551.6971282959 5015728.6386718750
232065696.7396417856 5104274.9511718750
238457402.1850333512 5232228.9746093750
238896767.4226067960 5235622.7207031250
221240139.5842355788 4494780.0429687500
227086338.3361575902 4933766.3632812500
239031386.0473353565 5239872.8535156250
239572910.9921717346 5246154.5371093750
218543225.9871068001 4066622.3417968750
224386085.4466493130 4795483.6855468750
225580554.6072685122 4871250.4921875000
229662984.9983901680 5036026.9863281250
224338572.3586689830 4794650.9687500000
232586233.5500940084 5118575.9238281250
234631690.8773348629 5163368.3183593750
224284016.8301665485 4786001.1718750000
217113879.6906360984 3624847.6875000000
218032137.8073024154 3930640.9023437500
220656703.4099189937 4452460.5058593750
220677598.1427638531 4453071.4062500000
224399974.9589111209 4802081.9296875000
227214943.1089351475 4937718.6992187500
231990870.2854788899 5099989.6582031250
217883708.2510333955 3910234.3886718750
233250193.9794915318 5133474.7011718750
246108904.4570120871 5264199.5722656250
216977713.9241081178 3526835.2910156250
239923355.8668018878 5248650.8183593750
231897197.7533042431 5099245.6464843750
223011490.3441925347 4683228.4121093750
234532408.7338772714 5160010.6894531250
241401155.1563474834 5254499.2519531250
219265721.2323606908 4224416.6484375000
219314186.7338626087 4236327.9511718750
227534924.6143396795 4955771.0253906250
232121610.3194805384 5106684.6386718750
233374386.3329232931 5137073.1933593750
234738103.1543194354 5165846.6074218750
229491899.4961438477 5030456.5253906250
240816224.4010908306 5253367.9160156250
217051766.7588157654 3585382.2265625000
229171431.6154622436 5018372.0449218750
233795074.7764948010 5144494.6933593750
220976160.9053285420 4486435.3769531250
220935860.6886591613 4478341.0332031250
217814349.6956193447 3887015.7519531250
220807016.7377725840 4472885.2441406250
226066459.3521423042 4891636.4609375000
231713284.0738551617 5097301.6230468750
231707160.3848245740 5095167.4785156250
234488389.8878160715 5159918.7558593750
233798734.3532750010 5147274.2910156250
236313945.7841557860 5192857.2050781250
240379630.4520985186 5250960.4785156250
217742624.0914534032 3863927.2167968750
238659178.4420630038 5233012.3144531250
219333463.2671276331 4245542.9843750000
236437012.2687532306 5195420.4355468750
220588224.6824918091 4448888.7441406250
227679629.3085959852 4956474.5625000000
217071911.0197216272 3596399.9003906250
227499309.2532358468 4953362.2734375000
228926423.1129599810 5002642.7167968750
231286581.3413065076 5084030.1621093750
231433374.9290916920 5088543.7207031250
240042061.6428994834 5248761.0332031250
217002328.5866286457 3534792.4355468750
219639259.6996206045 4276229.8847656250
234268329.7101177871 5157405.4785156250
226101275.0502723753 4896114.4355468750
228964260.5290530920 5010473.7089843750
234334661.9948532581 5157679.6894531250
224296082.3214700818 4790310.3125000000
230971012.8723957241 5072835.8300781250
217499604.1811996400 3772163.4062500000
226929259.2728148401 4924879.3769531250
242443097.9324147403 5258605.8457031250
227605461.5481855273 4956323.9843750000
220570076.2019848824 4445198.7285156250
227228448.1560615301 4944720.6093750000
220651911.6649921834 4450621.9824218750
240666074.0663927495 5251599.6386718750
217072928.4902421236 3603621.6503906250
218722021.5516536236 4100130.3378906250
225691155.8512929976 4871665.6328125000
242638004.5003648102 5259114.3496093750
242280437.9955195189 5258444.6582031250
217104258.4899920523 3614876.6523437500
220883893.8319031000 4477186.3632812500
220694010.2799175382 4458687.1542968750
217144713.8265244067 3636931.8671875000
242545867.7748452127 5258833.1113281250
239769392.2698571980 5247481.3925781250
222659600.2370418012 4652813.4824218750
226735342.7136345506 4922996.3886718750
240937417.9874106944 5253556.9121093750
217871173.9040367007 3900844.2011718750
234132690.9783379436 5153480.3457031250
239666595.1513622105 5246244.9902343750
239307193.2873827517 5242577.8222656250
242283785.3046225011 5258462.4550781250
217037621.1614271998 3555437.8769531250
234409294.1900925934 5157931.6777343750
217160893.5105068386 3641029.7343750000
242105256.4615530074 5257181.8925781250
217804641.6507194042 3882847.6386718750
220680307.9031759799 4458179.0898437500
226057335.5865956247 4889674.5449218750
217012308.7398282290 3541673.9589843750
217026381.7427395880 3548874.5976562500
217716778.6320325732 3862289.8300781250
232365888.0603856742 5108888.2285156250
234017508.6267001629 5152530.2402343750
234459744.2753397226 5159387.8535156250
236446328.8119115233 5195768.9316406250
218684482.6927444339 4092409.0527343750
225691629.0981204808 4873956.7363281250
231867986.6035437882 5098509.0253906250
217018011.7295535505 3545067.8867187500
233971514.7180392146 5151716.8496093750
240420967.0459617078 5251108.0371093750
246289099.2374284267 5264292.2910156250
217757013.1952586174 3874380.7832031250
222818844.9250110686 4668912.4023437500
225321648.6738500595 4858442.5429687500
241831155.2861215174 5256883.8105468750
218638757.1411042809 4087699.8125000000
225224413.0708709657 4853560.0195312500
217660233.7794981897 3842447.3925781250
233034032.8917596936 5129991.4589843750
222597548.0412178636 4646184.9199218750
226540803.0780493021 4910855.7382812500
239017600.6464833915 5237229.9082031250
224744163.5938564241 4823774.4726562500
238734310.1765694320 5234997.7441406250
226369712.8703182042 4905134.3378906250
219992343.8239715099 4345482.8925781250
240287047.9485374391 5249549.9472656250
226694943.5892698169 4918959.1191406250
218652040.7815105319 4087795.9628906250
224751701.6190715730 4824883.2128906250
233014136.8093258739 5129665.6074218750
226229890.7774392068 4900093.9003906250
224626455.8148377240 4814032.7382812500
226084730.3662682474 4892356.0019531250
222553323.0959925354 4639199.3242187500
224782265.4961944222 4827251.0605468750
233690921.7354340553 5144357.8808593750
226007318.5678554475 4889536.9472656250
225754147.8324875832 4879175.1347656250
224647504.0724332929 4816833.3730468750
225177952.6390740573 4850191.5917968750
238220797.7248565853 5226970.6894531250
225493752.7429912686 4864034.5839843750
225430977.7589336932 4862316.0097656250
224984218.7436777949 4840727.5820312500
246686606.9767393172 5264365.3847656250
217553914.1865727305 3801837.3476562500
224824451.0307894051 4828272.7070312500
225047702.0777122080 4843790.4375000000
241689986.3746501803 5255243.1699218750
233910311.0324045420 5149060.7402343750
233483382.6167125404 5140369.1894531250
238076633.1427945197 5224159.3964843750
220297322.0339617133 4398278.9785156250
222511605.1041431129 4633664.7167968750
223873258.9409887791 4752690.3867187500
237448772.7862358987 5213462.1152343750
246083614.2411232293 5264132.9199218750
222563502.5108914077 4639304.9375000000
222626875.8777330220 4650125.1054687500
241595397.2995643318 5255032.4394531250
242025671.5560036898 5257140.2714843750
245630635.6192013323 5263592.0566406250
217515349.0392823815 3773629.2187500000
222699202.9422155917 4657061.5136718750
227875719.1463666558 4957745.5859375000
228818715.9097363055 5002543.8320312500
218629701.5126612782 4087451.8691406250
220241623.8095450699 4391823.1210937500
223973780.5401811302 4758898.6679687500
228559931.3022581339 4989751.7089843750
233134991.7954629362 5131978.8066406250
237784174.5080069005 5219338.1191406250
217684462.3045504987 3845192.9218750000
223775037.2677102387 4743434.0371093750
218450316.9132269919 4054438.4160156250
228386493.1940469444 4983052.8359375000
241770636.5949472785 5255452.8847656250
222713249.0209892690 4658909.2421875000
228528050.9510645270 4989368.7851562500
219673317.5452105701 4280018.8105468750
218415077.7194012702 4043227.5644531250
237896486.6722282469 5219962.4746093750
228765673.3093471825 4998979.6132812500
219917804.6959560215 4332659.2187500000
218576211.4204494953 4079339.7968750000
228375153.3457338214 4981452.1875000000
218318363.8708745539 4019164.0839843750
231929969.0374132395 5099453.2011718750
218472130.6052200794 4059588.9355468750
218369738.5377339721 4034228.9804687500
228790358.8367447555 4999944.4687500000
228691485.5560866594 4996748.2304687500
237386013.4139381349 5211886.2011718750
228282040.3236957192 4980921.4960937500
237575168.0460706651 5214012.6113281250
217542679.0689309835 3798296.4746093750
228224716.1045906246 4975459.4492187500
235979717.9778419733 5188096.8496093750
219494391.9454339147 4265567.7792968750
218292923.5405644476 4006749.4511718750
236715779.9051125646 5200020.0371093750
245433344.2700720429 5263432.7832031250
245928338.8898687363 5263718.1816406250
219910652.0647729039 4327366.2441406250
219836638.0263797045 4321538.7968750000
236534180.2410374284 5196705.8222656250
246025497.2512790561 5264067.0097656250
222428975.7793764174 4618651.9628906250
222485093.0165040791 4630462.9121093750
222382259.0333387554 4615939.1601562500
232208830.7385172844 5106976.1308593750
237124064.0183324218 5206310.4511718750
217602024.5173507929 3818610.5117187500
237212475.4472036362 5207354.3144531250
245323850.6583390236 5263139.5605468750
217595388.9938479364 3813850.7753906250
217557994.1476467550 3803132.3925781250
235644331.3019058704 5178982.9902343750
235487329.6807100177 5174620.0292968750
217634833.2660228610 3830413.3789062500
235791772.9783232212 5183602.6621093750
219700446.3781315684 4296789.0761718750
237347535.5838567019 5208371.2792968750
219726027.1025394797 4299712.2792968750
219767704.9840801060 4305111.5722656250
218246530.0639451444 3987156.4335937500
219681975.5311184824 4294509.4003906250
237040669.9786063433 5203086.4785156250
218227900.6224135160 3978630.6445312500
230427240.4771023691 5044762.8085937500
244570104.5932081938 5261246.8339843750
245112244.2533858418 5262485.6972656250
223345357.8479202986 4709063.1621093750
230419665.9356322587 5040489.7460937500
245236764.0138188004 5262931.2207031250
224249598.2961992025 4774299.4511718750
219721856.5950562656 4297378.4648437500
223414261.7602148652 4715461.2500000000
224266580.5962549448 4778172.5234375000
244990209.2493116856 5262456.0644531250
244712040.9936732948 5261724.3066406250
243948533.9631056488 5259855.0761718750
244398683.2274407446 5260140.2441406250
223314036.7341341972 4708138.1914062500
230511670.0284486711 5046560.5742187500
223552693.9604696035 4726697.6660156250
219680691.3206428587 4293077.2675781250
223432995.7843538225 4716667.1796875000
244431917.4712609351 5260514.7011718750
218144515.5554822981 3956473.1054687500
218145911.6766936183 3956963.2500000000
218207393.3697479963 3977130.7851562500
230426327.2820825577 5042015.2773437500
230900665.3904640079 5058773.4257812500
230936446.7404938340 5061702.2109375000
235212199.5646194220 5167053.9785156250
230648816.2910367846 5050777.4335937500
218063438.7389444411 3932525.7695312500
218101986.4931985736 3942228.4687500000
217390886.2320030630 3662416.1640625000
217404054.2146489620 3673525.9785156250
217399050.1693212092 3670351.6718750000
218074272.4136145413 3935257.0722656250
217437608.7887341678 3686212.3398437500
217450872.9102547169 3696176.5058593750
217471099.9691608250 3712892.5507812500
217448353.2291190028 3692862.5507812500
217494608.9561727047 3718332.2441406250
217497150.3371969163 3724438.0214843750
219185631.0594609976 4134576.9355468750
219003687.7712792754 4105211.5039062500
219026750.6630970240 4113151.3242187500
219109902.7094539106 4124316.1152343750
