318513016.0157865882 105822.0547941245
331185983.1136333942 134951.0606740590
352410417.0348919034 167394.3358459473
352515727.7617169023 167861.0801086426
352900701.0249855518 168103.2387695312
353465673.8104351759 168873.0981140137
309003427.2020341158 68519.7085633464
309731706.6117413044 72682.8110308858
312120566.8771893978 84355.3497438133
312014202.9220609665 84173.0400819480
319301206.8329465985 109090.9444688477
319565138.7155854106 109108.4492146291
331379933.4190260172 135236.5340007034
353431662.3392232060 168773.3518829346
353744711.0277212262 169231.2912292480
358240322.2732215524 172391.3572998047
308596772.1033638716 66493.4757958241
309213944.3547586203 69301.8707795329
309175565.5420233011 69173.0006416254
308508540.7712094784 65618.2609536834
308633730.0896249413 66529.8655395694
309140593.4368902445 69166.0486602969
309256012.6643419266 69354.2866397090
308836539.8106449842 67539.6040668674
308882961.0430735350 68389.9412141033
309670964.4806592464 72636.7766336724
309535585.5569273233 71858.1159845004
311919552.5764970779 84081.2213384807
319255691.5087972283 108538.7155728854
319389116.4534561038 109097.9197869815
329392474.9711455107 131813.0774249472
329417539.0409954786 131880.1253528037
354117096.2798189521 169537.3283386230
312200861.1442928910 84746.4968793094
309688356.5017479658 72643.7166442946
311771661.4765394330 83842.4495362937
309448208.6565020084 71732.6877280548
309293395.8591872454 70818.8869468048
311597948.2675893307 82972.0281088054
311672173.1260358095 83186.7219856884
319337224.1721104980 109097.0062737979
319257671.7172681689 108731.3782612809
331012864.6947753429 134717.5040717759
339238664.1864979863 147955.4049446732
352772796.4518812299 168044.1789855957
319001856.5321051478 108339.2650802575
318964851.6513072848 108227.1522012271
352857285.6747756600 168084.9842224121
352988427.4536013007 168149.7177734375
353098636.2687990069 168592.2664489746
308798420.6226468086 67456.2348803617
313632492.7962334752 91293.1143019102
318883468.9509049058 108178.7623773135
331300216.3358646631 135091.5502949395
353545017.1574026942 169123.6553344727
353865922.5962248445 169477.2272949219
354216584.6471113563 169642.8333587646
355750649.9121235013 170937.7088623047
329547680.0952885151 131946.4550647177
354547392.0218520761 170115.9103088379
318571120.0085359216 107216.3921120555
329013998.6911381483 130995.1312961020
329265221.5004981756 131618.5273303427
329335862.4594166279 131796.8112658896
354254040.6777644753 169868.4174499512
354848208.5636414886 170436.0023193359
355207148.1984569430 170475.2219543457
308498296.9054919481 64752.4228983708
313843366.7201036811 91300.0765622906
329327336.0883249044 131731.5082358756
331049565.2175765038 134789.3856169470
331275204.0298532248 135089.8731438779
330810084.1673350334 134488.7700215020
358004531.0198166966 172345.9798583984
308534408.3913602829 65618.5958720036
311675344.1556656361 83205.2965096142
313448213.3506447673 90845.0145206503
313589501.6722381115 91266.2028141073
319609917.8875462413 109231.0685899539
356054626.1938248277 171365.5212402344
313308468.3969429135 90435.8489535204
313106717.5889970660 89494.6232595793
313273623.4215433002 90354.2732486776
331069226.9640567303 134842.5627461114
313235923.9713049531 90000.8539610557
330713359.2050979137 134188.8863375821
338546783.9821873307 146771.8770330260
330190533.1823613048 133327.2798729577
329923838.1537675858 132816.9824734368
313018937.1988306046 89406.8836965910
339564171.6344545484 148400.3123967955
356099311.8915726542 171583.5806884766
329577795.0514234304 132104.3018527665
330113571.1590063572 133016.0194302362
329921058.4494365454 132595.3120607548
339957169.1481874585 148972.7467992166
312787103.3802950978 88405.2518518917
312837464.0709382892 88410.4109705440
319747497.0059394240 109320.0205743594
312763035.5320333838 87898.6356076203
311514146.1330265999 82235.0108331144
312598079.1520068049 87575.5200674734
312618681.0798322558 87609.3938156567
339184613.0202253461 147843.0545080015
355816653.6225177646 171204.2008666992
355395919.4255016446 170710.5297775269
339238354.8720190525 147909.1521489928
339334607.3139458299 148091.1475699255
311428641.7193257809 82116.7371506542
318299826.8941898346 105686.1671020968
317875558.9350128174 104623.3181479393
312389324.0497989058 86138.8506027661
339328656.8405786157 148048.3898504088
312551604.6753009558 86684.8730026684
328779536.1091298461 130096.0422209788
339162758.4109618664 147820.8455694029
357846527.4980338216 172344.9868774414
311659338.4317937493 83180.4401965048
318073521.0743894577 104997.0884534104
328109436.9909922481 128624.7361234117
328290164.8745833039 128895.2401059557
338715689.9760165811 147194.0373571226
328440167.6039893031 129459.3267148424
328173225.1128677726 128861.1533749987
328056118.1599560380 128375.5535520006
359809953.3907734752 172508.5051879883
318217849.4797253609 105626.7090588791
338336257.9408162236 146220.1769759962
356633178.4422038794 171851.3498535156
356451073.6238982081 171765.1191406250
356468437.5387870669 171838.1432495117
357073248.5994332433 172100.4174804688
327009402.0672513247 125898.0113904662
357696951.0535725951 172317.4903564453
359753106.5042106509 172495.5570068359
311534838.0622470975 82462.9232776221
318166691.5292531252 105536.3097134812
335992445.5355432630 141983.5269685875
338387391.2153263688 146259.7135284254
327979249.4913874269 128070.8695705123
357134365.2041160464 172151.5006713867
356816421.4176797271 171958.3475952148
326938813.0139187574 125707.5711426921
357197022.0160234571 172179.9843139648
351614721.8572679162 165679.9566879272
327965050.2551218271 127905.1428859420
352053111.7696222663 166360.8612594604
312304987.2524529099 85627.8081858415
311895059.1888127923 83874.3195753647
312272197.1585754752 85611.0379866618
327932228.0539882183 127561.1474017929
327769399.3044594526 127488.3864057250
327626861.8733344078 127244.0321214385
327837466.5916446447 127536.4319689274
327348531.6283484697 126533.4741597474
327204543.6035530567 126286.0151896775
317667082.3262925148 102834.6309142692
327502327.8071997166 126832.6582145425
309924006.4571235180 73518.4837740399
338486446.9530423284 146591.4423492262
338287973.2692679763 146094.3096869299
337869377.4636698365 145259.4199771294
309870149.5125083923 73375.0947827734
326318359.0311954618 123753.1174360252
326542444.0540916324 124586.8126798606
326829994.0540921688 124793.5194207168
335605269.6819497943 141211.7033757912
338101685.3427808881 145898.1886691460
326759195.0221749544 124628.1669198013
326890473.9600715637 125263.6453820205
311273845.1404569149 81187.8710840847
359696359.5705297589 172456.9988403320
311187094.9986389875 80344.5104501154
317792275.3245753050 103521.1407480693
317731481.3382309675 103230.1076212383
338049314.0816726089 145565.4863309273
317569529.7527511120 102753.5299651778
317494323.7596809268 101830.9731371260
312143238.8413329720 84702.4565519351
311305386.5499986410 81232.5769309923
311267149.5801625252 81141.8818528559
326837049.7277119160 124852.4585210121
311191402.9753005505 80377.9365327060
311082066.1390830278 79572.6286537349
310936413.5007015467 78760.1979008615
317322273.9567719698 101826.4977953291
310867911.7703257799 78064.8249988258
316912587.3616685867 100410.2563890602
316828380.4191075563 100216.4103837043
317234313.6601502895 101168.2716081403
311065117.8898035288 78789.6432257593
310852072.7600189447 77872.0365266502
336718264.3377643824 143469.2504804882
316783988.2856541872 100207.2237050563
337327222.6715855002 144319.3402366051
337363123.8648052216 144415.0524918446
316944368.8761593103 100441.6078852584
316441019.7866334915 98747.0461720398
335691269.2438476682 141602.3047704445
335291028.7661954761 140828.1044527898
310539726.2247169018 75390.9191963077
315081246.3990526795 94195.2636117041
315239631.6384935975 94211.1661318991
310455264.9906859398 75338.4472199082
310554414.6052851677 76147.8290680349
335415884.9212577939 141056.0073461281
310644418.4336006641 76829.6222504079
310662644.0472096205 76830.4339676499
314721014.4727814794 92520.1400383413
310411837.2910391092 74449.5398572311
314530350.0727551579 91460.2772249202
314643253.5347654223 92381.0472916514
337000888.5819944143 143743.7003202597
337268815.5605945587 144211.3537808096
310438745.7546696663 74600.8943081498
336865204.5463883877 143600.1190214315
310348995.4268716574 74414.4572659135
336893256.8615930080 143613.7885770956
326489332.2852066159 123908.1539732218
325789021.0265239477 122090.2988088159
316226838.2901633978 97372.1466694048
316389587.6869816780 98720.2390613725
325541590.1234984398 121644.1851642160
336454381.8346547484 142829.2984460751
326117802.6317391992 122814.9271769673
334997450.9055649638 140238.8240947472
315593443.6491692662 95329.2406376302
315250287.7498955131 94466.4677638635
325788666.8425348401 122065.5126595646
325923437.3646259904 122317.1863503605
325269905.2801414132 120471.5914501436
325131149.5176714063 120138.1758007295
324995130.7685044408 119976.4164623506
314597192.2695245147 91690.5073958747
314736374.9777494073 92622.9447270446
314544174.2998638749 91630.7446241893
315927657.8884537220 96086.6272065574
315891113.0943090916 96060.1208822662
315852994.3944752216 95787.3470135564
316022374.8745300770 96362.2734887684
315816264.9859989285 95584.5155211622
315908982.9609074593 96061.0424376661
334385024.8772462606 138330.1620573809
334386025.8663926125 138419.4354338457
334319399.2216636539 138302.5400786211
324171076.5111795068 117248.6818468487
324098374.3323469758 116875.2871878063
324202033.0391657948 117450.4756864315
323795509.4434779286 116537.9946863898
333624674.1175836921 136940.6265967154
333853068.5048250556 137190.6759387194
333490773.7296407819 136625.4936128794
333471509.5195316672 136462.8787363231
333136007.6889715791 135791.0297213732
333329168.1035374999 136456.9103976428
324030746.4960175157 116700.7640779498
323555690.9104434848 115780.8202227834
324137691.2490915656 116941.5288150031
323782460.1913213134 116177.4954900751
322995573.1429373622 114326.9093117500
322714415.0005095601 113383.7398582483
322469452.2660865784 112608.6478172326
322402281.8095359802 112407.2160575399
322293692.5167890787 112033.1814671615
322607304.4122233391 112744.0707993256
322354879.1093786955 112165.1849502185
322566573.2365492582 112733.3641910413
322139490.3308266401 111794.2500209669
332941735.7164368629 135240.2438068704
349836868.0341339707 160063.4613609314
350043460.5115150213 160424.8050880432
350116554.8278420568 160623.3312187195
321439515.7706328034 109414.4206910543
321505738.0789845586 109621.3492520619
350858406.9829033613 161471.7121543884
350821438.0898785591 161338.6563911438
350035895.7762530446 160224.6067924500
350354183.6368104219 160954.7913169861
351107824.4500501156 161641.1304130554
350577345.1756160259 161067.3950614929
349792239.8972773552 159438.4890403748
349586262.7163413167 159377.5689811707
346942904.9560881257 150889.3831863403
346663136.5496436954 150353.1924362183
346992653.0390434861 151279.8739700317
346599455.7701974511 150230.0347213745
346880285.6172787547 150374.6729354858
349451074.5626484156 154454.1491222382
349515625.0625042915 154530.0709018707
349535319.8218845129 154569.6694164276
346904725.6426347494 150577.1907958984
348828822.3152030706 153431.4797878265
348419889.9527834654 153006.1638851166
348419365.9519439936 152826.4054775238
348536169.6483861208 153204.1877346039
348202603.3977510929 152307.5725841522
348106533.9653838873 152299.4274425507
348040480.1096299887 151992.2525482178
348203163.0410819054 152323.0199260712
346522661.7600557804 149227.7731266022
