824117082.7368369102 123171.3000717163
823787009.2993626595 123093.4274539948
824130189.6914165020 123383.3523101807
824437821.5597116947 123445.7018890381
828630534.0968594551 124194.6679687500
828504995.8196389675 124117.1033477783
771174163.0694684982 93593.4196763297
770992302.0368459225 93526.0596403044
770812901.8083808422 93420.9043307065
771285129.0048975945 93635.5868588181
744495915.3492107391 66037.4263102552
770395978.2780165672 93259.6854844650
770016306.2733108997 92793.4768128952
770162602.4635884762 93017.3927827438
770586610.4165706635 93356.1252990325
770079385.5274324417 93016.4535737594
744264182.8053205013 65824.0905377409
744191372.1796783209 65774.0268140203
744546732.9718002081 66096.3611168276
744118772.9067353010 65544.7376359317
744123999.8254848719 65757.2312476179
743700075.2924131155 65201.6919981977
743924001.2453497648 65500.1209685347
769656543.3289968967 92497.0359792800
769727112.9399628639 92684.3513250442
769698773.0106952190 92660.3908605666
822499028.3279277086 122456.1052083969
822562157.0538504124 122476.2341604233
743570164.7553881407 65064.3081256372
743384609.2117009163 64707.2891072851
769691679.4354162216 92647.8825597854
821999528.2953308821 122381.2302293777
829353091.8069840670 124275.4665374756
828864455.0487742424 124226.0189514160
726424850.0605905056 41274.5115575381
730107624.9187085629 46501.6000552866
730028642.1411387920 46466.2288480203
729797599.5899419785 46465.4167919232
743254672.4724504948 64493.1347903830
743494051.3076524734 64736.4191977268
827858291.7172129154 123980.3220977783
827982519.2832829952 124018.9437866211
827976820.6136579514 123993.1479339600
729595359.3756868839 46132.4089126530
729412670.1483237743 46019.4190950942
729712469.4265573025 46421.8300249054
729775668.8370223045 46452.6982805206
729448069.3636171818 46081.2452775909
743146842.4778897762 64179.0153429654
742736877.0783197880 63631.7233483057
742996147.0198347569 64006.8357266492
726242520.1170709133 40926.9095265792
726004946.1617929935 40542.2331804932
742752938.8592442274 63661.1109019822
742931720.3908609152 63866.5653971673
742880650.4280687571 63684.8512936250
767711667.7235116959 90454.3770820948
769411884.3773422241 92346.2164833464
726799030.9641944170 41669.7701573555
726625178.7120994329 41402.5160294130
823223796.5713652372 122911.5626640320
727026978.4678277969 42084.9140085011
822574521.3366342783 122668.4797210693
823006398.0029493570 122862.0537528992
726987343.8461761475 41789.8962809596
727100096.6121461391 42087.0287371242
728961035.4519284964 45321.0235111638
728820359.2979673147 44950.4832199140
822671663.1040149927 122674.2306861877
828070227.3141102791 124035.8501129150
728085497.4292058945 43251.6534229305
728442986.9460909367 43994.3688570288
728462530.4101812840 44084.5397249097
728703630.9859846830 44578.6408369102
809113726.2495201826 116041.7305874825
826929416.2959032059 123827.2883453369
827117917.7478557825 123836.0724334717
827284655.8467298746 123838.4518890381
827382236.0191923380 123906.5903472900
826343573.7246302366 123695.4654998779
826807009.8784435987 123743.5134735107
728502748.4651329517 44234.0566360960
728290086.5712804794 43941.9425766478
728145905.7746133804 43558.2381613264
823442527.2942216396 122948.6967678070
768794295.1695824862 91583.8731143188
768583338.9661071301 91378.4780889463
768328332.0147590637 91148.1044536543
768298289.1402156353 91101.0056148481
768078296.9970664978 90965.8455501508
767649247.5750708580 90294.4426810542
767881207.5082895756 90748.7159323529
855453294.6506319046 127163.3599853516
855180401.9405723810 127089.8676452637
742112929.3888196945 62408.3288178326
741984431.8477618694 62127.9030437148
741874871.4143002033 62076.9139650868
742074328.0878943205 62199.8116722209
763938348.2098778486 85341.3877877350
854312866.6811927557 126972.8685607910
855179110.4329496622 127062.0736846924
764283911.7063510418 85837.9499550815
764569704.1312549114 85973.7132721896
764544609.7664825916 85886.2467376701
763994620.7688475847 85517.4760476108
764153419.2783396244 85756.7343636508
741621994.4345980883 61354.3961552050
809312472.5819491148 116148.2704510689
810666762.7690757513 116486.6373429298
810234926.2728794813 116482.2665143013
810170700.1755026579 116468.3510785103
810021911.9728618860 116423.2515683174
854716405.4781818390 127036.6755218506
742025545.1643553972 62131.9281214683
741784316.2885655165 61883.4981487658
741687456.4143611193 61766.9792305487
767042069.7588509321 88129.9876708086
766725522.0262154341 87888.3145064409
732079229.6448864937 48269.9603224685
732054825.1185771227 47875.8451167975
732618535.6291788816 48975.7810111825
732708016.3225623369 49027.0572119644
741283931.9321582317 60894.4212705017
765799666.0500644445 87128.1675124520
765195284.4920783043 86576.2876921433
765461913.8111671209 86796.9864058227
765396899.2276413441 86672.4014273246
765496932.5729959011 86817.8950502605
765345907.4404516220 86652.0285039872
733140539.0752263069 49496.0597941788
764991517.8246071339 86440.2504087419
764629649.5488407612 86095.5279915065
809617074.9839979410 116229.9880414009
807933255.7978266478 115077.8724675179
853826238.2243696451 126815.5898437500
853551862.2718535662 126799.7579803467
740155568.0081692934 59384.2130475687
740177292.8427627087 59394.7725076888
807783327.0220957994 114947.4687981606
762408234.9399524927 83339.2636807963
762870755.3969833851 83838.4755976453
762787701.7565630674 83794.9086501232
762185296.6990007162 83142.1644841239
762442035.2960942984 83523.1472257182
853492573.2539535761 125975.3261718750
762062611.9435740709 83086.8625280448
761797844.1893941164 82677.5990967791
807482210.3290840387 114742.1468396187
807613938.9188240767 114835.1329121590
808085513.1857005358 115123.9523167610
821664612.8246886730 121251.0041208267
852833206.1959723234 125573.5063934326
761285821.5889350176 81989.4269562119
807426848.2683187723 114705.0510334969
821633936.7320921421 121145.8371438980
820878184.9991772175 120928.4591836929
820867170.3653228283 120907.1278467178
821112798.0263686180 121016.6589212418
820945365.5440127850 121015.0045480728
821268415.4131485224 121087.4119729996
735675405.5513722897 52673.8223153276
735436423.6017971039 52345.1556135340
735892329.7122418880 52795.6534871383
735860651.0376970768 52757.0124386473
735820236.0811381340 52716.2918765998
735836763.1278841496 52724.8464678450
739616089.9659351110 58038.8787755904
739618736.5785430670 58214.9724900957
739392414.7107636929 57920.3109140334
818534263.4943410158 119795.6315336227
818586678.2943385839 119895.5566968918
818654940.1741973162 119895.9966688156
818024544.5905654430 119626.4782514572
817978450.2909253836 119517.2574110031
817615228.3978596926 119512.3043012619
735472752.0561416149 52372.1583753748
735566261.8960011005 52438.3972138581
739241834.8769445419 57520.1883315033
739245409.4498252869 57598.2696455902
817549069.8645629883 119406.7364301682
817501094.6177786589 119394.3971662521
739378384.4568736553 57598.6475981212
739153980.7678101063 57309.4381983693
812913602.6636373997 117405.5058517456
813132060.5736682415 117627.0724258423
812527977.4238177538 117236.9195938110
812804789.0453319550 117390.1961593628
812553233.2598972321 117309.0332431793
812019275.5727479458 117075.0206279755
812666940.5790524483 117359.4554519653
812350941.7213176489 117168.5105571747
812209681.4830107689 117133.6079082489
734809571.6922161579 50646.5464565795
734930382.5328419209 51214.4399349731
761078280.2804601192 81276.2909403777
796969690.2704722881 104778.8075942844
797106808.3111612797 104836.4771118015
734766163.7427721024 50438.0186664366
734654417.8510119915 50387.9478589796
797330607.5850267410 105276.3918228000
797194014.1905958652 105116.3877258152
846691710.4589672089 124313.2947845459
734337384.0865602493 49662.7004415296
734431274.6229891777 49682.5565642034
738699717.3374159336 55554.8191587813
738726448.7908240557 55756.1225549933
738512100.0794441700 55476.1093945839
738403818.0641702414 55198.2712684609
738253528.0429267883 55113.0264067985
738001710.5648517609 54665.4537502267
738128635.5109684467 54858.5097652413
737802545.5578725338 54167.0416416861
737995001.6505317688 54493.5938648917
760401224.3956868649 80037.0206842221
760547262.3566305637 80281.0303735531
760661043.1158652306 80343.2838201740
760600656.6039686203 80313.3400766610
760359772.5468475819 79856.8436238992
760234883.9709835052 79401.5839356728
760245265.4881129265 79682.7588622956
806162762.6296808720 110470.7079606056
760137752.8810385466 79030.5396631594
760035967.8794590235 78944.3764074679
803719699.8346377611 109011.8297197819
804210300.9919270277 109263.8164530993
803403433.9310156107 108707.2373858690
803415039.3995450735 108734.6118646860
804055562.4815901518 109039.2474642992
803565506.4118937254 108801.2914553881
802952965.0262489319 108315.0757353902
802601978.8130716085 108196.9192958474
803027530.4409844875 108454.4310210347
802610481.8117693663 108270.9060805440
797855295.6344330311 105437.4102363437
799865818.1662356853 106447.8800900578
799987897.6950901747 106548.7603390813
759389667.9694585800 77102.3528299515
759248176.9291534424 77070.8915781516
758903793.0573959351 76571.2993621367
758767825.7484663725 76364.4828314322
759016886.3708105087 76787.1211180228
799648790.3467272520 106297.8985455632
799796311.6590869427 106314.4367421269
800075804.8755923510 106604.2840359807
799719732.9196008444 106311.8867571950
799807724.8330441713 106383.6252110600
799452166.8729368448 106249.0574658513
758756354.1368865967 76295.5424252489
758799160.1841859818 76472.8221563834
758667615.2133296728 76184.5367779273
795078569.8729343414 103107.3410119712
794592779.9785873890 102884.9138803184
794137788.4970555305 102574.5362367332
757434667.8242371082 74054.5733969324
757226479.4023673534 73748.6894222998
757503735.7679603100 74077.4285962160
793301576.7457220554 102085.7088899314
792786054.4279997349 101722.8739318550
792602010.5199708939 101652.8912947774
791985740.0456564426 101310.6190263629
792105641.1469554901 101342.4074559286
755324506.5914795399 70862.5367522202
757041966.4686288834 73578.9664595240
757361080.7236700058 74012.1182119959
756949780.3453736305 73389.8968025558
757234282.4678125381 73830.4676436745
792187781.4518487453 101414.4259263873
792326779.0842690468 101431.0585557818
755963365.7241477966 71293.1543447301
755699895.8472645283 71108.5640477211
791793106.7936806679 100974.9884709753
756014156.4317668676 71333.4760353210
789098552.7308195829 99103.5961060971
788943468.6078916788 99047.6993966550
789277991.5658422709 99137.1274018735
789406478.2746289968 99213.2789521664
789089207.4676033258 99101.8658051938
788443260.3591090441 98697.9773085508
788528089.8507245779 98753.1509688292
788824264.4537960291 98778.4289593995
788378080.6358872652 98580.5346613228
756367768.4700948000 71633.7954312264
756724890.5026601553 71998.1495596103
756864475.3118304014 72181.3828371043
786358473.1750929356 97130.2789853630
756662696.6542896032 71841.3261264605
786273066.9210543633 96984.1275308696
785280290.5639207363 96152.8647692767
784950374.4376533031 96038.7273562518
785212562.1963248253 96151.5330613223
785677928.0957691669 96328.1912352410
782740657.9769957066 93704.1413377859
849477422.6612495184 124530.0099639893
850200112.1106562614 124583.8024978638
850880794.5452291965 124770.1771316528
849947488.4323844910 124570.9238586426
849671750.4739487171 124531.3690338135
850813003.5088062286 124688.6038589478
850839903.1155397892 124726.5064773560
850389268.9913413525 124638.0902633667
