687378835.5512572527 583658.7120971680
687112027.7608772516 583265.0830688477
687662907.6723982096 584296.6513671875
689104942.7916918993 585783.7250976562
690715720.7448377609 587922.6074829102
671938634.1611516476 556821.2532043457
603865413.0848023891 152781.9028262475
604084271.6599581242 159926.6587853458
630953089.8240312338 390077.4033736242
673173706.1935436726 559368.9826965332
692808979.5483249426 589072.1314086914
630460842.9118888378 389930.0651773945
604561139.4520490170 169824.6858715449
605250858.8923597336 177781.2639221702
607632433.4158767462 207047.8982504957
617670649.3927675486 314345.1083640169
619476441.6091623306 325097.7143619050
692647918.9092000723 589047.4634399414
716071994.8706398010 593857.8446655273
619262561.9351032972 323840.5959072747
619299559.1229575872 324469.9383755364
619552654.2744189501 325150.4325413146
605085738.1888834238 176434.9441481488
617843485.7845888138 315441.1077336382
618980663.2081972361 323272.1472378411
687417250.3832139969 584007.0843505859
692555156.4316316843 588923.0203247070
605213128.2970477343 177507.5583525040
617651102.7520902157 313459.3483641159
691835343.2498030663 588518.5972900391
692135491.0534070730 588735.7427978516
604403963.2665154934 167670.0597264570
604278606.9319642782 163936.0706422132
672548988.8710685968 557689.4425964355
673277269.8526424170 559409.0769958496
672990623.6347302198 559109.4140319824
687829766.8623480797 584491.5138549805
617428922.3046497107 312319.1019553255
687749514.8024710417 584491.4027709961
687921814.2910537720 584513.5733032227
691789426.5278673172 588479.0280151367
691856110.9551216364 588565.7359008789
604314558.9833338261 166138.8020044368
604970141.0985430479 175717.4933712858
651701964.7089236975 491019.6840319005
618912080.5262281895 322082.5997512352
604808393.3784052134 173498.0031398017
613200555.6293195486 267128.7482834599
618101802.2966063023 317128.6800782282
618329943.4330043793 318232.4751495432
618478804.8809357882 319751.9950323739
618523163.0652794838 320085.4742515098
618477840.7083092928 319704.8003448557
618145747.3673938513 317671.6584991526
687982477.7551398277 584516.2571411133
687111079.0445525646 583078.5189819336
603951540.2861102819 158358.3907895115
627093390.2643278837 370859.3668512059
613377193.9684884548 268458.2695140309
613267012.1424851418 268388.9012985966
626591992.8121992350 368819.3167816353
672630668.5964094400 558337.3270568848
650743337.0485465527 487398.5025012014
618053342.6719193459 316706.5007442545
607671131.7070561647 207604.8045954161
607968490.9506449699 207867.1754694709
672088606.4388569593 557153.2317810059
604112042.8717381954 161916.0021142986
607888254.5409054756 207701.1793128007
603995590.3566505909 159885.8082451847
617102782.0232082605 309387.3342890452
617322747.7379695177 310997.1019790854
650541657.7363872528 486720.6984850881
607645017.3110977411 207300.3798317366
650221901.3701497316 485222.3673846242
607624268.7342150211 206767.4501633101
618095547.0721931458 316780.4889288816
617749172.8428747654 314989.5269431185
629261014.3972401619 382610.8578023408
650214850.3075449467 484985.1438891408
607657150.7504531145 207562.7557892256
612994364.8644138575 264856.6119018934
617330364.0711797476 311602.2038750362
613029271.2958484888 266398.3635178349
612957585.0942559242 264484.1155614083
629292454.8930809498 382705.0846240018
628820363.1843775511 380567.2387165520
650156010.1343730688 484672.1263148305
688369198.3198148012 585080.9613037109
607459079.6720175743 205544.8760132247
625753685.4086973667 363236.5780746294
649708873.8190319538 481711.9553054208
649742021.4850277901 482459.9079726571
649429935.0079969168 481702.5497878427
628991805.3955646753 381135.4475847482
653803142.6610112190 497170.1810818017
653918668.4587998390 497597.0553772682
628665004.1313471794 379739.2539422754
628944887.6777156591 380714.7665547822
653563654.0407314301 496325.8950989479
628793852.6519629955 380558.6816548798
650112886.5096329451 484251.2098220224
653784815.4271550179 496784.4255073750
654448055.3352702856 498374.2743714089
607427111.7870241404 204096.7952064925
628544266.7957316637 379070.4770364258
650088406.0517233610 483944.5198520920
653650491.6565692425 496529.4082215065
653791057.3401280642 496800.4689514870
628286552.0323004723 377621.6673459166
649774763.1927471161 482537.0642531747
649926297.5318408012 483742.4473708505
653687316.2357723713 496577.4748718971
715246846.1882330179 593606.8508911133
715678600.0082166195 593665.3853759766
628504333.0622868538 377900.1896342391
653699232.9469423294 496647.7862082403
607339057.1064236164 203691.0058693343
689145598.5266774893 586225.6247558594
628412001.4427680969 377738.3503283614
715884795.2803300619 593760.9167480469
671136046.8036487103 553063.7502899170
671145974.8608177900 553443.5964202881
607330369.5803564787 203512.6159436914
613262738.0638206005 267318.4983139775
607308569.9558204412 202370.6939610752
690393172.1929229498 587481.9091796875
627104147.0454962254 371075.9180363768
616712164.9870003462 302336.1412722850
616655398.2545495033 300340.1973025584
627346340.6935839653 372400.5723132247
689966997.8115668297 586878.3732910156
689983669.4979176521 586880.7408447266
607231904.6216844320 202182.3704392068
626966772.1192415953 370532.9356841200
626768829.9464418888 369234.9221648329
689667480.1871865988 586420.0751342773
689819167.3424689770 586748.6532592773
715818498.3285049200 593697.9072875977
616702487.2990477085 301893.3679568553
625895428.6471821070 364536.4010644654
674867716.3115226030 561135.8637847900
671021900.8364301920 552920.5785522461
675731835.4167059660 563571.9984130859
652496786.0960202217 492791.4989159340
689452607.7020716667 586376.0018920898
613446853.7868794203 268753.0072382531
675140657.1721454859 562426.1529235840
676295171.4751739502 564518.1737976074
613018944.1053308249 265121.3184738896
625597987.1110970974 360561.5719176108
687022002.3485765457 582493.2695922852
606874485.2943103313 196614.2235374927
625646334.9427741766 361230.5442809040
675396496.7493133545 563020.1249389648
687039409.9397623539 582559.6196899414
606806749.0918900967 194583.7383456707
606612318.1907929182 190592.8030313134
606420406.5128461123 188267.0652028166
606555674.8803291321 190245.2235016554
606755254.7869666815 192063.7478664994
606408920.2323948145 188205.5557812333
606545657.1487002373 190029.0288113236
606326690.2480279207 186380.1683869433
625478032.8262161016 358535.1072380120
675304229.8249740601 562857.5439453125
675064333.8276129961 562314.5175781250
616989365.4080728292 304246.2405824624
625503854.8052909374 360210.8877250726
625131323.0439198017 357442.4695576158
625032530.8477524519 355647.2334210601
645721284.4844971895 461409.9048281866
613522908.4863775969 270278.1220165570
625044468.9232327938 355809.1263283220
646079286.2238986492 462313.0309420782
645939200.5683029890 462219.5664797979
646708552.5774095058 464608.2711859900
606325771.1496127844 178003.5471630776
648292137.7128962278 473094.7798399474
648708304.7775828838 475155.0817884947
648264992.0238524675 472578.7015165831
680031005.6463302374 570191.1010131836
623119601.4008525610 342032.6545753384
622813375.9618866444 339688.4456666288
622232299.0657629967 334996.7103647530
648038867.5248006582 470441.1245075720
647921584.0405458212 470308.1567760962
647840085.7753901482 468870.9634319800
647814523.9276630878 468723.8567883032
647884638.5561357737 469756.8682629126
679368226.4087194204 568978.9553833008
622267078.8641763926 336041.6666303218
622726218.8248642683 338398.8297778178
622548596.5190225840 337515.5113032848
622778087.6821982861 338453.0735109091
678783368.6320681572 567906.3226623535
622487007.0728632212 337316.8938952029
622327194.7937655449 336389.7600756228
647373180.2748435736 467795.4728461462
646787750.7917805910 465222.8553916174
678720059.1615884304 567522.7631225586
678638837.0219162703 567188.4303588867
678772024.7396609783 567717.8020019531
678329606.7973941565 566909.4707641602
714900535.1091877222 592417.8554077148
678269884.7160382271 566705.5606079102
662135210.3999896049 519176.3285428558
678411255.6470196247 567178.0900268555
662421808.2862673998 519767.9612358485
610335448.0034073591 223898.8711399118
661624020.9977499247 517457.1425382171
661927803.7725565434 518426.7357236419
616406340.3397030830 291390.3308771540
661432137.4184939861 516746.1738492523
661729342.8374838829 518103.3619901214
644804202.6828910112 454732.9357797861
644129610.1762554646 451739.2106600399
644063071.3207252026 450651.1302162977
643163162.0122896433 447095.9715525168
643781842.0334506035 450251.4686174984
643239896.4308809042 447185.6381341475
643531944.9191877842 448906.3946157056
643424134.4515200853 448416.1169992941
643644819.1678892374 449693.2970091361
610306095.2027031183 223130.8675565327
616272930.6816935539 290095.0450072576
610555281.8804448843 225889.6209783162
610404685.7588670254 224804.2439183797
610424159.7641361952 225486.8403386677
678034197.2854219675 565901.7830200195
678129111.1213860512 565962.8186950684
714625239.9449447393 592092.0957031250
614850669.1078422070 275480.1387189779
615016969.1343897581 276667.2851870809
614859609.1615370512 276125.5765927437
615055087.8115369081 277333.9409542426
662917675.0112468004 521683.4110515986
662621794.9861954451 520947.0748960052
614896648.4688953161 276157.8091326670
615230138.5590684414 278763.8823204566
614711551.8683675528 275128.4413150105
615019063.2637432814 277161.5831607137
640741572.0265153646 433143.5823607109
641007845.6673662663 434350.8509186287
641034443.0331947803 434445.2176450272
640945610.6894196272 433561.4186414261
640522346.6381553411 431669.5885189553
641117534.7631050348 434856.2128866692
641007065.5163737535 434033.8228772660
640599994.9256155491 432053.6074231644
640695516.4220860004 432947.6799939652
639095656.9920272827 419672.9997759932
639126092.8802379370 420198.4208785170
661280951.1227239370 514421.0514737640
638927429.8682003021 419110.0937701338
638990399.3824671507 419262.1424409770
638616995.3537286520 416660.6274666744
610261434.9110941887 216154.8926174006
610211860.4766926765 214644.3771403319
610175585.3653645515 214223.6777095235
610246243.4323233366 215533.9146510920
612444380.3248953819 237274.1843526207
612565182.0918641090 237453.1146773936
612425667.4353803396 236632.3168931061
638533437.5480269194 413380.8712905361
612267089.5541586876 235589.6098270731
612315870.8810831308 235690.6968136744
638277203.6069105864 411367.7328628017
638348563.9576684237 412293.4583266689
612163743.2220247984 234289.9076117219
670272848.6566884518 543318.8468113989
670529078.7213987112 543591.7354545593
669808442.2245422602 542113.1993902773
669258614.8564659357 539117.8123968691
669299859.7755063772 539169.8457220644
669258604.0956723690 538724.2806561990
637579447.8399599791 406719.5919674015
636937787.0533014536 403092.8237789249
636615840.9695193768 401157.7183541986
636239638.9486153126 399192.1056399936
669300392.4669998884 539395.5012067361
635586242.4366521835 393487.3137040813
635421842.3113108873 391728.6789714586
635450570.1335448027 392837.7691814196
635441666.6319419146 392836.3202068102
635422703.9237328768 392673.0166609478
667058817.0352755785 531354.3609405560
666761205.3909788132 530421.3120513959
666477216.9637855291 529818.2410675092
666464343.6098459959 529511.5902191205
665871460.0989109278 527039.7493392548
666065944.5876938105 527597.5936538300
666100461.3473991156 528121.9396010956
665394456.4156553745 524985.9638059838
665164396.3944231272 523440.5850828392
665257718.7752890587 524464.8704221947
660633730.5303829908 505638.9738712711
660736212.4767792225 506043.6147785587
660426148.0278898478 504639.6846332951
659620133.8504176140 500247.3709736271
