816036329.0308710337 7435509.2636718750
819397492.8903447390 7452762.6464843750
819454253.8797390461 7453132.3945312500
798112186.8094360828 7236268.6406250000
815653892.6559525728 7432696.3964843750
840687169.8652540445 7511056.8574218750
841596882.0377439260 7512793.8808593750
723194287.2273281813 3781178.2021484375
723311790.9705380201 3792153.2255859375
723110415.4425953627 3765274.9785156250
757632924.1646697521 6086400.5102539062
757620345.3719463348 6080318.5512695312
764639995.2387363911 6340256.8476562500
764289805.5817894936 6338793.6606445312
780756828.7424438000 6861783.7626953125
797431814.6811598539 7232216.4638671875
815203825.3120065928 7431140.2138671875
819177508.8874592781 7452288.5546875000
841239977.6486277580 7512772.2617187500
763980978.0961184502 6329881.5002441406
764049173.5389571190 6334891.1706542969
793582179.8348054886 7175939.7685546875
819643463.8883365393 7453693.8974609375
723140082.3506665230 3776378.8730468750
744878536.7582353354 5474188.9106445312
758252901.0713858604 6094671.9047851562
793530912.7264263630 7175868.5019531250
727148690.7996908426 4238346.8500976562
727039150.8948887587 4231199.6533203125
759264963.6756434441 6146284.4045410156
796960023.0343067646 7222721.7675781250
818568277.5996010303 7449450.8437500000
818636625.9285342693 7450206.9921875000
723537724.0611919165 3812514.8964843750
815016858.6592398882 7427509.8994140625
726954034.3829640150 4217704.9321289062
726983716.0414921045 4224989.0922851562
726779606.1518820524 4207211.2326660156
745086981.3132900000 5484579.2580566406
745102992.1735347509 5485108.2070312500
745104448.1019140482 5485882.9677734375
745031777.6638275385 5483236.5605468750
745125999.1808675528 5491968.7304687500
757336911.1101298332 6073277.8901367188
780148961.2229683399 6848507.8105468750
811326601.8153771162 7384724.3203125000
818258253.8141589165 7447115.0156250000
838594577.0963973999 7505156.0644531250
726867136.3449953794 4210599.8815917969
798139468.5519789457 7241039.4541015625
798742771.8100091219 7246089.1630859375
818805866.6810537577 7450713.6289062500
745280918.0474287271 5498021.8300781250
757302418.7213933468 6071264.5620117188
797804723.8920187950 7235971.3818359375
798562962.9172197580 7243282.6894531250
798183460.2502614260 7241627.3251953125
797625574.5469897985 7235146.5673828125
745921222.6720935106 5530358.0292968750
745785003.2188264132 5519973.7543945312
745544776.1121438742 5512268.9389648438
796423427.3971083164 7215343.4208984375
819997934.6702194214 7454816.1210937500
723373538.1092742682 3802587.6376953125
727788929.6449035406 4261723.7380371094
723924284.6511604786 3862663.8110351562
746224044.9744499922 5544765.2136230469
840070015.1794437170 7509080.6347656250
727471976.4935847521 4254420.1520996094
781083384.7198122740 6873750.8837890625
723694639.8716573715 3830878.0749511719
746569021.8841792345 5555245.3559570312
793380508.6961631775 7168436.4306640625
726558151.6405279636 4159109.1625976562
746299523.1727081537 5548269.4919433594
746138639.2479158640 5541620.5935058594
820312231.0720720291 7454885.3554687500
840431923.2393567562 7509797.2324218750
795925201.5062309504 7209048.7822265625
796021888.0943465233 7211460.0068359375
795260646.2825934887 7200325.1103515625
819919377.8523021936 7454045.6845703125
745961711.3154462576 5534609.7165527344
780550163.2420536280 6859476.9248046875
795405395.5970779657 7202884.6464843750
762566080.7009406090 6281313.7822265625
812118169.8083968163 7392452.2197265625
745830979.5544441938 5526458.9902343750
745683288.4027961493 5517337.0693359375
745471153.6070505381 5506108.8784179688
745671644.2931200266 5517334.3017578125
732924692.5544179678 4656219.2199707031
745460514.0523926020 5506058.5126953125
780957190.0486727953 6870739.5673828125
811774651.3237127066 7390473.8701171875
818330625.9489879608 7448737.4414062500
839356050.2089095116 7508390.7402343750
724271884.7973837852 3888675.0803222656
726695615.8291144371 4179845.7363281250
759027210.3083353043 6143522.8933105469
781840276.7523453236 6881716.0097656250
761082396.7739140987 6227191.3698730469
732811794.7100616693 4650424.8786621094
726693309.3784210682 4179144.8161621094
726651228.8069579601 4174907.7043457031
761225257.8825035095 6232994.6501464844
817369207.3285887241 7440759.1123046875
732713264.1122919321 4643947.6579589844
817505135.0244222879 7441048.0146484375
725723235.4694199562 4067259.4125976562
726120698.5942676067 4119389.4667968750
726013851.6811341047 4106640.2695312500
762041148.4287240505 6263118.3283691406
732428894.2462989092 4618986.3591308594
793188935.0443533659 7162667.4150390625
840369747.6702739000 7509364.3085937500
725884826.1429396868 4091027.1281738281
725826534.3188171387 4080032.7470703125
761551768.3388214111 6244037.1638183594
761643406.3374738693 6247156.7487792969
761488820.6792862415 6242218.2399902344
761394947.2166054249 6237273.6416015625
781536827.8050835133 6878909.5766601562
725740270.4583455324 4073760.2387695312
725633969.5141581297 4052808.3308105469
761342962.6119618416 6235818.8894042969
811569589.8412966728 7389709.9931640625
733651220.4841517210 4685041.3552246094
733350396.2007752657 4672449.2617187500
811901548.4525485039 7391707.1601562500
733558475.1344529390 4679854.7763671875
733469389.8273619413 4673884.7534179688
781910133.6505600214 6886064.9375000000
759885916.6859149933 6176907.1284179688
759480287.2812340260 6158791.7080078125
758772592.4687528610 6134045.4897460938
724808310.2581481934 3904347.3947753906
724713271.5774248838 3897240.7570800781
782831821.0271291733 6900727.6772460938
725290788.7481554747 3983856.8127441406
725327416.3966590166 3986703.0725097656
756628253.9131035805 6036727.3737792969
782491688.2346045971 6895895.1977539062
812574252.5303130150 7396980.5595703125
812614613.5271012783 7397702.9785156250
725257634.0848271847 3982111.1760253906
759474080.2008626461 6157623.6933593750
782805387.1702592373 6899165.5092773438
759840973.6785619259 6169950.0136718750
759572533.5638623238 6162301.2382812500
757155810.4726738930 6056824.3081054688
791612653.3827381134 7120858.2744140625
724848918.5553157330 3917408.0014648438
725035504.3159842491 3946153.7927246094
724917214.5167684555 3930715.1743164062
732254555.4265011549 4584125.3894042969
732132544.6001697779 4582382.1689453125
814844800.1385759115 7416216.4121093750
758266653.9225788116 6104127.9780273438
790559126.0275198221 7091592.7939453125
731885840.5069252253 4556528.9760742188
789739973.2936831713 7072981.7006835938
731942856.7344049215 4566189.1166992188
814588558.9679958820 7405794.4716796875
731966793.6467941999 4566487.6477050781
790080892.3298497200 7080196.9550781250
789828347.7156147957 7073074.4545898438
789626252.9805784225 7068941.2485351562
789887926.0359053612 7074369.1196289062
789653307.0997569561 7071183.4467773438
837990672.4911650419 7496733.5273437500
831898965.7911828756 7484335.5585937500
755428073.0274372101 5972451.5222167969
755351569.6183917522 5962970.7526855469
807419286.8940819502 7322645.3320312500
807637417.5206859112 7327178.1972656250
807413675.9402343035 7321668.0419921875
754703842.4261517525 5907024.6989746094
754997209.6833760738 5925194.7844238281
731354234.1163797379 4495730.6750488281
730820106.9193406105 4451462.2558593750
755002534.6111419201 5925256.4953613281
731059483.6922670603 4468806.8640136719
754935675.0333594084 5915736.2609863281
754841910.7553280592 5915601.8762207031
754703002.8402398825 5895562.0349121094
731254969.2323873043 4486608.7805175781
731088580.2556109428 4474149.1306152344
807537941.3955677748 7326182.9423828125
808051307.6869696379 7332216.4531250000
783968128.2537177801 6904967.3725585938
809893228.4300597906 7355682.7861328125
808213206.6880909204 7332432.2900390625
808370567.2671291828 7336645.2490234375
730571485.7143115997 4425820.1020507812
730643969.7572002411 4436674.7397460938
752432553.8831962347 5788854.2082519531
829721833.5179494619 7475366.9326171875
837021449.0640524626 7493342.7265625000
752355136.2846890688 5771324.4262695312
809671417.0327800512 7350720.0683593750
837493742.6392071247 7495447.7187500000
751806361.1302698851 5746206.4531250000
751654546.5369871855 5742618.8298339844
751322332.7749665976 5727434.6838378906
751327750.9166508913 5729846.8583984375
751291403.1455639601 5720645.4384765625
730550430.7423846722 4414268.7895507812
751092562.6919986010 5717000.0009765625
814486742.1839852333 7401069.6152343750
744862832.3390188217 5371593.2546386719
814397819.5784698725 7400810.6640625000
750220075.9800878763 5656705.2612304688
835376678.9530473948 7490132.5683593750
834843635.6191245317 7488703.9296875000
835172264.8271871805 7488967.3046875000
835024990.6693038940 7488848.8398437500
744659147.4808878899 5353677.1042480469
834228400.5037361383 7487961.4882812500
834762212.9067871571 7488550.9980468750
749395327.1127618551 5607653.4858398438
809518194.5072629452 7345523.8798828125
833283679.3131319284 7486610.0878906250
748505473.7094565630 5559547.0249023438
748668663.2234152555 5562129.1076660156
788123908.4769856930 6977414.3364257812
787878590.6524355412 6971137.1127929688
730212120.4653279781 4293413.7194824219
787707298.2237775326 6966046.6411132812
831419371.3491292000 7480184.7421875000
787518027.2515975237 6964986.2846679688
787553241.7490390539 6965964.6293945312
729932048.3817355633 4284851.2316894531
831142219.5639058352 7476623.6611328125
787186715.2963088751 6953097.8828125000
786718202.5707107782 6945887.3583984375
831174194.3528034687 7477579.0507812500
831279552.6388705969 7478148.6699218750
786543130.5877701044 6941324.8857421875
827309304.1935572624 7459658.5634765625
828068094.2126114368 7463892.8173828125
828421503.6222190857 7466585.3261718750
827455340.9037108421 7462493.8339843750
743057702.1892477274 5236828.1547851562
742915344.5614773035 5231237.0249023438
742720500.2674448490 5208255.3679199219
742722899.6525524855 5209465.3522949219
742645336.9862159491 5208042.1657714844
742531617.1398738623 5201052.7658691406
730415136.0493569374 4314825.1635742188
828871222.7814800739 7470174.5898437500
730463655.7746000290 4317461.6269531250
730350907.5152251720 4313814.3354492188
730516994.9875752926 4324648.7319335938
741339144.0136011839 5121136.3244628906
740556042.2644819021 5072737.8884277344
740381468.8343898058 5061111.9733886719
740200945.7310861349 5051842.0065917969
739986130.1687616110 5036846.3322753906
740196304.6570099592 5045593.7912597656
740113974.3159533739 5037916.2062988281
739866016.7964655161 5029028.3527832031
738735993.8423413038 4925161.1474609375
738909421.5141738653 4936442.3154296875
739047068.3050605059 4942703.5910644531
738569984.8024425507 4914777.3220214844
738514899.4389427900 4911481.7609863281
738447486.9707776308 4905732.1950683594
738256296.4729930162 4875706.3923339844
738063197.7580536604 4855171.0270996094
737444844.4876723289 4813490.4951171875
737304760.6186424494 4807192.1093750000
737280199.6329993010 4805850.7788085938
737066815.4271718264 4786418.0102539062
736831201.0564252138 4768990.4616699219
736907387.1882605553 4774282.7004394531
736018329.0468035936 4701500.1845703125
735814200.3303421736 4691452.6879882812
735982325.5464695692 4694083.9946289062
735801854.1290948391 4686333.9506835938
779309077.1811963320 6673954.1914062500
779418783.3338495493 6676498.3564453125
779006534.0869408846 6637858.8041992188
777890500.2321950197 6603600.1948242188
777789833.7394903898 6595979.3666992188
777238010.4596030712 6579380.3393554688
777393191.5219874382 6586586.4008789062
777231770.3383800983 6576128.5883789062
777316853.8941423893 6584236.8911132812
774744435.3141926527 6491740.7871093750
774386423.7183079720 6472470.4243164062
774423618.9526363611 6473818.1586914062
774664908.5157195330 6484549.2563476562
774430064.5142321587 6480259.3735351562
772597525.4291542768 6400907.8227539062
772354115.8315585852 6393844.0385742188
772335888.6386716366 6389448.1196289062
771803724.6134841442 6370283.3862304688
771731801.2570351362 6369075.8461914062
771617213.0343583822 6358176.0273437500
