87178076.9852788746 617611.8845214844
95402995.8161631078 1045925.3935546875
96574459.2421829998 1068916.7324218750
89070557.8353802413 794310.2885742188
88804604.1578142941 780112.1030273438
88579466.3059965670 761434.5883789062
90207983.0847941488 860831.4555664062
92437837.0672670752 962430.0976562500
93944450.3889568448 1009584.6005859375
96716985.4685502946 1072530.2509765625
89928927.5730518103 849434.8959960938
90102606.6857202798 855656.8603515625
90410828.7414766401 870523.5273437500
94649296.3393625468 1031500.7158203125
96161261.5587796718 1061023.1044921875
96808266.9001017660 1073607.5009765625
88665590.6558339745 764900.7460937500
92270418.5439479500 951185.8486328125
96251952.8275998086 1062447.5166015625
94555774.6888196021 1025896.4414062500
96240958.9608924240 1062024.4423828125
88525426.4449634850 753036.9238281250
93161073.3096167892 987543.7333984375
86440824.1538120806 515817.5068359375
88593780.6392931342 763357.6372070312
93713875.2362895310 1002836.2197265625
94604328.4326976687 1029873.6972656250
94342464.2074793428 1019069.6572265625
87258033.7063885927 631201.3798828125
90701193.9480777830 881793.0175781250
92407330.4945548922 961428.7597656250
92805558.8076820970 976393.8203125000
90505826.1974894702 876910.8935546875
94434545.5923060030 1024882.8837890625
96599222.6654355377 1069225.7978515625
88037282.8090612739 713098.8940429688
90570785.7655303925 877419.3681640625
92987348.3312576860 981590.1093750000
88348695.4729557484 741546.2314453125
88929268.8775683194 785918.8129882812
90692824.8751012534 881764.5605468750
88364302.8224900067 745325.6318359375
96632314.1451980919 1071071.3740234375
88245534.9394254684 734344.9980468750
92755924.6077544540 971724.5751953125
93085914.2665888220 984219.9990234375
88702488.3595815748 772769.9536132812
92651378.5668994784 971253.0468750000
90448445.6080770046 873485.8134765625
93871814.0160296708 1008438.8154296875
94752736.8338328302 1032157.8818359375
96655762.3710838109 1071317.8115234375
96349939.0036617666 1066176.3789062500
88238261.7804597020 730076.8671875000
91626124.5606998652 929783.3310546875
97112778.2239045352 1074718.6591796875
87104770.6430615783 612519.0722656250
88124864.8825408518 721481.7080078125
90579712.7638703138 881468.8237304688
96912254.9838460237 1074219.6337890625
98580986.7503935993 1077088.6162109375
87125766.0966713578 616632.2958984375
97287845.9628414959 1075292.9833984375
86528836.3888360411 524218.0888671875
90189881.4705620855 860697.0273437500
90279199.2381222248 867573.8027343750
92312873.4280688465 960000.7392578125
93198246.0927617997 988352.5781250000
96536306.8601242006 1068574.5224609375
92790115.0098876208 974759.8525390625
87051267.5756336302 610255.0314941406
88139639.4810052961 722582.0771484375
94749518.2680604756 1031859.3017578125
86267130.2503894567 478428.8728027344
88971119.2681791484 790475.7768554688
97136903.2842879146 1074793.9580078125
96747728.9855141342 1072841.9541015625
96463268.1385194957 1068194.5595703125
94950228.9396030903 1036794.7441406250
96757869.5740142614 1073518.5283203125
88152609.1520699561 726144.9042968750
92272797.6841322184 957883.5576171875
92811510.0238962024 977471.6181640625
89777571.9370595813 840335.4394531250
86755534.3808343112 565361.7478027344
87074017.9646212906 611120.1994628906
92593409.5193794519 968177.1406250000
95927287.2494709343 1053432.6787109375
95826848.9901929647 1052890.2294921875
87946636.1353555024 702810.4116210938
88796938.5365620404 777437.3940429688
97995815.9848106354 1076457.7744140625
92655628.3723788708 971455.6220703125
86934795.9719559401 592529.6408691406
88213235.7781923860 729469.4082031250
92603309.8699418604 969855.8369140625
88948759.6717372537 788729.4682617188
95970600.0993179083 1058637.2724609375
88332527.4650159031 740105.2172851562
92481503.9859479666 966321.7050781250
96571960.6214403659 1068909.7636718750
88035021.1113515198 710729.8950195312
88154761.7640110999 727942.2011718750
94863725.1971064061 1035094.0996093750
88091115.8553591073 717602.4023437500
94721255.6098673344 1031703.7392578125
94758435.4095530808 1033818.6591796875
89070581.2971266955 795145.2915039062
94581067.9106037468 1027599.2128906250
86332312.0295733958 494645.1394042969
89269905.7596168965 808269.8793945312
95517480.2843668163 1048121.9716796875
87011405.9677546620 602350.0407714844
89219909.6458211392 806031.2915039062
90046910.6893753111 851145.5830078125
90329734.3663707227 868013.7148437500
94164180.9106977284 1016140.7587890625
97631527.4057381600 1075674.8486328125
90156587.1137488186 858802.2929687500
96248368.0069574565 1062440.5478515625
95453353.7502538413 1046636.4033203125
90056084.3268066794 855609.1767578125
96885040.2167728394 1073724.8251953125
98246745.1925473511 1076762.9111328125
96096702.9940953553 1059166.2070312500
96327887.2856743932 1065385.6533203125
95059559.7936623245 1039663.8906250000
98332746.7057877183 1076775.0517578125
86973490.4408867806 597064.8850097656
97029736.4386863708 1074233.2236328125
88192720.7027693540 728195.9946289062
87311273.3493154943 635084.6394042969
89028536.1858230382 793726.6250000000
87890881.8424944282 700431.3789062500
89028517.1126988381 792644.8325195312
93098944.4838932604 984569.2851562500
93375829.9971477389 992328.6494140625
96120276.0606222898 1061016.1357421875
88308127.8625167757 736077.4243164062
88047395.0880057812 716949.3413085938
97746516.9667006880 1076144.2099609375
87961758.4183612913 708325.3354492188
97991550.3792504668 1076449.3466796875
90259200.7550612986 862974.8920898438
94298728.9333736449 1017180.9628906250
95175847.5155916363 1042224.5878906250
88904984.4070944041 785654.3002929688
91679558.2089510262 932234.5244140625
89988769.3651626706 850263.0185546875
90211287.4460996091 860869.1000976562
92379365.8983399421 960405.7685546875
97103645.8157360852 1074249.1884765625
87839911.2391044497 690893.4746093750
87987762.6842657030 710180.6342773438
94135493.7008840740 1015714.2187500000
89827265.6087113917 842805.6108398438
96185217.7421544343 1061439.2099609375
92872458.6120105833 977574.0126953125
94130678.0889221728 1014024.4521484375
86947205.8665289730 595601.6599121094
95048387.9015049338 1039523.6621093750
87492367.5027254373 653726.1325683594
94195559.0118001550 1016715.5566406250
89704865.0224439055 836367.9975585938
95427822.1667983830 1046199.4677734375
97486396.9250565618 1075651.5693359375
86926603.3824880272 588021.2170410156
94901377.1405441463 1035742.0996093750
98498481.5991401076 1076783.4794921875
88239640.8746227026 730119.6811523438
89662724.1459509283 832457.8393554688
89883193.8675812483 843630.3208007812
86389142.2258468568 506790.2387695312
98041276.0000999868 1076469.9150390625
88454857.4076765925 748853.9174804688
86306167.3921467066 489910.6440429688
88268879.4433984607 734477.8916015625
87378181.6892217100 642480.7084960938
88275218.3356985003 735200.8554687500
95146954.1964423805 1041902.5253906250
88114803.9222708046 718569.9069824219
89343983.6271072030 811354.3686523438
86287202.7170867771 484986.0432128906
86850616.8669757247 568891.4575195312
86311050.8250936121 492559.9804687500
86855165.6011018157 579102.3781738281
86272270.6756041348 483107.6350097656
89659794.5231562704 831895.8198242188
89402690.0904501528 818028.2221679688
91969236.8611783683 944084.4531250000
89284106.6378576607 809429.1601562500
86881632.2242408246 585992.4992675781
92899693.2248352021 978878.3437500000
94121809.1117338091 1013496.2275390625
86482633.1276576519 520298.0217285156
88534555.4790100604 754263.5449218750
90147409.8331703246 856965.2539062500
97674234.8036391884 1075785.6240234375
91934134.3960115910 941674.0097656250
88659679.0232702643 763608.0083007812
89773592.6398546994 838010.1928710938
89462021.0761791617 819386.9223632812
89354282.4324171394 815030.9301757812
92016104.9676606953 945304.4160156250
89582229.4317751974 827701.2749023438
89130876.1604137421 800092.7480468750
92065783.7976089567 945622.5947265625
89552758.5247102231 825937.7109375000
87508809.0534300804 654680.9440917969
89356862.3025095463 815095.8422851562
94037645.8031590134 1013024.5898437500
91159485.7759915739 903003.1230468750
93829460.1574517190 1007322.7900390625
86434377.0422611833 508326.1452636719
92083079.5442011952 947888.3935546875
86367230.2147165090 501482.5625000000
94359917.5588849336 1021433.8857421875
91234402.2705131471 908547.5595703125
91178752.4816002995 905715.9179687500
86350641.8907528967 496831.7812500000
88881060.2347889841 780252.5893554688
87620787.1989804804 667263.1535644531
86971685.6910182238 596059.3334960938
91070822.6060594618 900756.0703125000
87023552.1483809650 602807.7143554688
91571864.2754750103 924891.2285156250
93801846.7510616481 1007276.0712890625
86256402.2535861433 477718.5522460938
91234241.7342949361 907546.9135742188
91066836.2188743204 898364.9838867188
95087186.6022928357 1040056.9853515625
91279233.9042082429 912469.2265625000
91354387.4482449293 914413.8701171875
87211025.0628520101 622751.9790039062
91413487.6510836929 916632.5712890625
91862443.2499749511 939365.3183593750
91602515.1380444020 926095.4853515625
92197578.6803665757 950676.2646484375
86669319.6945780069 545889.5039062500
93509031.2397927642 996741.7792968750
91522761.3103498518 922866.0644531250
93765616.7752642632 1004828.4794921875
86755150.8068442196 554991.3969726562
95052450.2644305378 1039584.5820312500
91985881.3067113310 944186.9160156250
91791043.5830036998 936225.7304687500
95711656.7150541991 1051551.0712890625
86304422.0785938799 487899.6870117188
91492671.1098163873 922852.0175781250
95360073.9145004451 1045804.0283203125
87331338.8385408968 638485.8103027344
91565081.0166071206 923363.9218750000
95739942.6981863379 1052259.3828125000
91720326.0837696344 933475.1025390625
87558679.2707532048 662368.7966308594
87438281.1022999585 647358.0607910156
86707720.4560097009 551904.4411621094
95694250.7390312105 1049555.2041015625
93587101.7279263288 999768.3896484375
95630446.4162194431 1049467.0869140625
95271297.7355103642 1043720.0439453125
93629633.9453409314 1001056.6250000000
87640314.1066006869 667594.8156738281
95496536.4818596244 1047822.2089843750
87440517.1902731061 648759.5812988281
93571002.5133942068 998607.5576171875
93520269.6039569676 998078.6230468750
95927393.0627304018 1054363.7177734375
86627085.2349631786 543369.5935058594
87536902.5216557980 657826.7844238281
86612979.5851390809 539237.6997070312
87184268.1762668043 620293.7255859375
86625363.9000729024 542264.1662597656
90852803.8072237670 887803.1279296875
93073397.0856475383 982642.1562500000
93749261.6003764719 1003478.4580078125
93338654.6393982917 991182.6982421875
92961511.7355635017 979930.3906250000
87446628.2211570144 651169.3693847656
87366732.7311623096 641103.6857910156
87398396.5540011227 646242.7966308594
91029352.8520163149 896065.0332031250
86612236.0588384569 538649.0673828125
92221050.9254132807 950994.5156250000
91023559.0687837601 893028.3427734375
87838413.1733936369 676975.6823730469
87211441.3434281945 625364.2895507812
90917146.4667017758 890109.7939453125
87826884.9648212940 675234.6945800781
87699376.8816898018 670736.4221191406
86580911.0463644564 536830.1486816406
90842859.3610354811 884096.5546875000
87301957.0470603108 632599.8964843750
87144383.6279679686 617607.3032226562
86522013.8963447958 523632.9326171875
86678427.0560557693 549216.7927246094
86560486.5427834541 532697.9553222656
86530885.9923639446 525386.0700683594
86512348.0877865851 521592.2448730469
86824466.7620632052 566033.8137207031
