87427608.6045974791 637260.0915527344
95331433.4701216668 1033832.2841796875
97555037.0574647933 1073946.7685546875
88419419.0519487709 722905.6206054688
90982331.4781218022 886061.7167968750
92104631.6404806674 939250.6416015625
92635483.1726599336 951669.9570312500
97088122.7940160185 1069811.3505859375
97382565.5757779479 1073447.7431640625
97046366.8394919932 1067264.8203125000
97797372.0628594607 1074707.2548828125
90082923.3673432767 844211.9560546875
92484685.7559222579 950958.0937500000
92025530.3872053921 934820.8007812500
92397916.1186462343 948667.0878906250
92562380.0634943545 951285.7841796875
92205476.8747071028 941671.5410156250
93693450.5150924027 997289.0195312500
94555912.6330434233 1017353.6591796875
86740806.1213200241 552990.6271972656
92317242.2560366094 947978.0849609375
97829991.5322774500 1074771.9990234375
94659558.6232369095 1019168.9707031250
94690204.2287676036 1020959.1875000000
88311985.1489078850 716322.5898437500
91285135.9182124138 903126.1391601562
92447819.7542988658 950360.6367187500
95391463.0186270028 1035573.0449218750
94813331.5912965387 1025903.1933593750
86374662.9711438864 468278.9636230469
91274340.8653585613 902881.9301757812
94665368.4132239968 1019485.9521484375
96974699.5001918226 1066906.2343750000
86671004.0336091965 544993.0944824219
97172083.7304698676 1071125.7744140625
87540416.9797362983 647225.6562500000
90842859.3610354811 884096.5546875000
91693564.4115492404 919083.1469726562
92074007.6494640112 935956.1601562500
94955550.0844845623 1027837.1445312500
92108635.3648675978 940417.6494140625
91793736.7769933343 927995.6474609375
86380851.1430608332 472057.3247070312
89687413.9119073749 814899.2915039062
90899068.4780108184 885260.4414062500
90412563.4247529656 863572.1289062500
90905717.5179941803 885263.4765625000
92051492.1081157625 935522.5986328125
94024754.4012291133 1004022.0712890625
95191183.1190713495 1032122.6396484375
87640505.1121323556 652561.4265136719
88506123.9179855436 729216.3427734375
91661867.9431601465 918500.7275390625
95500806.2377405614 1037640.9970703125
87301957.0470603108 632599.8964843750
92000189.8494130671 929194.7324218750
95047472.1243663877 1028824.6640625000
96148303.7095081061 1050402.4970703125
87144383.6279679686 617607.3032226562
91254259.8464365005 900189.9687500000
92006525.9995705485 933333.2392578125
88576095.2638393641 737749.3403320312
86411479.8985210061 483826.8559570312
86430119.2697320879 485108.6550292969
87079110.4648572803 600405.1640625000
96048154.8455410898 1046685.7978515625
90459051.2109678984 864565.6542968750
95546180.0063005686 1038113.4003906250
97666558.0768535137 1074699.8466796875
87522926.9125576019 644584.0886230469
91737571.6844968200 924543.8955078125
95138349.7328085899 1031893.9541015625
89854059.0787790418 828985.7983398438
91699214.8641681373 921941.7558593750
91321291.3371519148 904358.2353515625
96196258.1926832944 1053434.1787109375
86330981.6479474902 466701.1628417969
90485706.5054149628 865875.9331054688
91517774.6399743259 914689.8857421875
91733401.3061749637 923694.2978515625
97300214.3341421485 1072507.2724609375
91701241.5346001387 922409.9248046875
93956402.2007526755 1002519.4873046875
89870066.2690923810 830475.9741210938
97382543.9086882472 1073238.9658203125
86735585.8521656096 551661.7775878906
96753677.8453473747 1063412.2509765625
88471216.3955624402 726786.6386718750
91506101.1823390126 913241.7392578125
91343323.3369043469 906701.3232421875
89699848.7449283302 818190.5834960938
91445959.2063829601 912827.1064453125
87235786.4870538265 622247.1579589844
87469631.8437958211 640963.6076660156
93923768.1742172539 1001650.8193359375
86639846.5791188776 540272.9956054688
87349374.9915225953 633297.0991210938
86456093.6443085819 487756.5998535156
94583659.6779772788 1018500.0537109375
97874687.6457536519 1075281.1396484375
94142735.7661966681 1008300.3056640625
87207288.0644345284 618908.0266113281
87451091.1419314444 638027.4548339844
87565414.9472383410 650909.7072753906
91603938.0244262069 918178.8686523438
94333196.5837058723 1011005.6992187500
99026636.9474705607 1076777.8486328125
94674312.3289114088 1020009.7617187500
86470508.4281300604 510842.8911132812
90630205.2500025779 874818.3505859375
90864003.5749371052 884629.1308593750
91405190.3769716024 910375.5424804688
86999111.4878897965 594349.7817382812
96860301.8295428604 1064429.7861328125
96344165.8843379170 1054388.6298828125
90558254.7007311136 869686.3789062500
87288108.7385985702 629589.3073730469
86435489.6825611740 487048.5861816406
86400656.5854832530 478410.2980957031
92762832.8861342371 961375.2675781250
94731694.6068434864 1022785.5488281250
94888217.1696719825 1026235.9541015625
89790023.8127008677 827876.6264648438
94456978.1578437090 1014347.4013671875
96672070.7300294936 1061137.0107421875
98636201.1977268308 1076464.2841796875
93828316.6499892473 998315.3281250000
96094509.5832997859 1050300.5986328125
95976292.2966115028 1046027.5410156250
95982982.3552619368 1046594.3007812500
87221452.5316268057 621031.3881835938
89562665.7268199921 807381.7270507812
92777177.6169475913 963187.9492187500
96856096.6413366348 1063743.0292968750
87105549.2655960321 610858.9223632812
96473604.6134217083 1058125.9248046875
86586831.2520532310 536121.7126464844
88537477.3334390968 734180.7031250000
89515648.8185280561 805969.6284179688
94001595.2123273909 1003079.8359375000
98073856.7624357343 1075639.7255859375
98365951.1244625449 1076132.3662109375
96287998.7380662113 1053562.5976562500
96857423.1916910559 1064082.1162109375
94624029.9890053123 1018740.1572265625
94802094.0381958485 1023470.5175781250
97841259.1441417187 1075058.4326171875
89587709.9342851788 813601.1733398438
89862670.5962351114 829605.9926757812
96401083.8673343807 1055689.0556640625
96474017.2754689008 1058758.1474609375
88449538.9360497743 726717.1425781250
96869443.8080476671 1065506.5283203125
89564868.7091492712 807992.8754882812
88893376.9638861120 752797.1171875000
97462008.0027901530 1073878.7587890625
88792718.0764726251 746656.8164062500
91136871.1530378759 892244.4321289062
88684537.6394807249 745207.7187500000
88882120.5798107833 749623.6406250000
91146085.6309460998 897466.5317382812
94090351.2187147886 1005744.7988281250
88959981.1443995535 755509.0927734375
92711941.4585858434 960358.7490234375
88158693.7627517879 704093.2094726562
90725490.3498055339 877385.2304687500
95039001.3110427111 1028532.5917968750
88771285.8998689204 746553.0351562500
88857517.4102700204 747606.1728515625
88178959.2412078530 705475.9824218750
88557045.4525468796 737244.5000000000
91264056.0562168360 900314.5947265625
88482417.4048400968 727907.6132812500
91023565.2999853194 888651.0903320312
91061535.9974110574 891020.7709960938
89902256.1859904230 832342.0209960938
91152802.2448579371 898383.4711914062
88386802.5702143908 721595.9609375000
90195564.8476279676 851331.9287109375
90561880.7877435684 870141.5341796875
90592431.1916795969 871821.0146484375
93885512.0002972633 999315.5546875000
95084425.0038939267 1029033.9443359375
91927789.3404477388 928339.7583007812
90655050.8390825242 875453.9589843750
86495962.0161125064 513273.9521484375
86508113.5091050565 513408.6892089844
89988137.0717918426 838279.6777343750
94263460.3023046553 1009948.2705078125
89945647.8156911135 835284.4628906250
90292941.9603183717 855450.2255859375
90518117.9889214188 868763.4218750000
86522013.8963447958 523632.9326171875
93886482.9844097495 1000001.8671875000
94080974.8342555165 1004287.3623046875
90025163.8041466773 839845.5297851562
89774536.1100290567 826459.1865234375
94465110.4429583400 1016566.1025390625
96472600.6955198944 1056766.7255859375
98236597.6046890467 1075773.7802734375
88045195.7219912112 687252.3940429688
88325443.1216051280 719210.2578125000
88256826.3822967112 710935.9589843750
88111725.1251347810 695426.7436523438
86634306.2561540455 538943.9392089844
96682743.7700535506 1061681.0039062500
88018471.8965386301 686254.9475097656
94574674.8326448947 1017728.8750000000
99384444.5405033678 1077088.6162109375
88243902.0691036284 710772.1103515625
88137763.5833621323 703339.9516601562
88125613.4606315643 702525.2719726562
95589185.5932028890 1038680.4853515625
90121848.3710172325 844826.2573242188
94024701.2965963036 1003814.9589843750
86466025.8713528067 489955.0725097656
86723962.4541865736 550618.6247558594
88005466.0587634295 683609.3815917969
90061342.2449518591 840809.4985351562
89992663.1412819922 839624.2153320312
88070239.7830395848 690383.6215820312
97286096.9516034573 1071418.3369140625
95688117.2618561834 1039209.4199218750
88094589.7299877256 695347.4240722656
90369769.7084253728 862015.0410156250
87913448.5704882443 681550.1062011719
94183211.0683747232 1008935.1074218750
86678427.0560557693 549216.7927246094
92679938.3559475392 958759.5849609375
86560486.5427834541 532697.9553222656
90220162.2931706309 851796.6562500000
93775545.6501450539 998067.9160156250
90473972.1494102478 864685.2988281250
92988505.2275087237 971396.7226562500
90400545.0892467797 863071.5166015625
92891601.3896488994 966875.3906250000
90190024.3999945372 850986.6743164062
93361854.3017650843 982198.2890625000
97591240.1826097369 1074239.3310546875
89944633.7213075906 834708.7739257812
89549484.4311416149 807168.3906250000
89654902.0158099085 814515.2187500000
86530885.9923639446 525386.0700683594
86598335.6501311809 536134.4667968750
91209131.1587475240 899052.4580078125
89490337.3802507818 802227.8398437500
95698353.1954826564 1039573.9814453125
86891590.5412315577 575646.2236328125
86838823.6941666603 566877.3879394531
88031882.8190084249 686389.3869628906
91077827.6475656331 891765.6391601562
92878219.0945364982 964048.8935546875
86512348.0877865851 521592.2448730469
86906867.9017161876 577009.8215332031
92907230.9310620427 966885.7275390625
93264497.6445140988 980478.1689453125
86928223.8652441204 577520.2856445312
86978339.0437461287 584561.7873535156
86874011.3042904288 575629.0422363281
95956216.9424185306 1044041.2216796875
99254403.2036276311 1076783.4072265625
87075040.2644898742 598776.5246582031
89331467.7979692519 789368.2231445312
86998915.1577301770 590616.4104003906
93391458.5202483982 984087.6113281250
86794689.1223434806 561044.0158691406
95916238.5825234950 1042685.9599609375
89264609.9044978768 784389.9667968750
89451758.0914286822 795389.5600585938
93633216.1804627925 991848.4697265625
95831230.7777432948 1041927.2128906250
87071978.2001143247 597571.3662109375
87902589.9727535248 675763.2363281250
93175429.0314240456 977616.1689453125
89159595.4814035147 773500.3398437500
89057005.4558100998 761130.6333007812
89310674.9521672428 784818.4887695312
89238731.7431976795 782419.5903320312
89399782.2562088966 794064.7983398438
87689956.6836950630 655785.4895019531
87792913.8578618765 657597.5205078125
89325039.4418710023 786722.6489257812
93542901.5149775445 989332.9316406250
89397783.7377223670 790470.6645507812
86942438.2873976827 583220.7102050781
87809740.9097589850 664349.3303222656
93519084.5402387381 988169.1953125000
93395140.0089780539 984685.1865234375
93410819.6236872375 984836.2119140625
89189606.5846824944 775175.7016601562
86765696.8762729615 558769.0666503906
89150061.3885475993 772282.1713867188
89018366.4303097427 759126.1728515625
86869992.2170999199 570978.0617675781
89100693.6442679167 768297.9570312500
86815427.9735181928 561194.1320800781
86824466.7620632052 566033.8137207031
89092802.7324528992 763983.9018554688
86750209.1736011356 554445.7512207031
89080273.6755718589 761262.6015625000
