7.456357780e-001
9.079869110e-001
9.936544650e-001
9.544639930e-001
3.414065500e-002
9.976153490e-001
5.360215840e-001
5.335671930e-001
9.976377480e-001
9.288793270e-001
9.080957650e-001
8.246008760e-001
9.797971660e-001
8.457245080e-001
9.996532140e-001
8.615777950e-001
9.797431450e-001
8.430394140e-001
8.390070670e-001
8.267135610e-001

7.338955490e-001
9.058474650e-001
9.932030590e-001
9.538641840e-001
4.271081000e-003
9.974949290e-001
5.323145270e-001
5.289541040e-001
9.975591220e-001
9.252331730e-001
9.042921150e-001
8.205158370e-001
9.793983830e-001
8.370998860e-001
9.996424780e-001
8.547463420e-001
9.788311110e-001
8.380971680e-001
8.318436620e-001
8.207694470e-001

