428819437.4655070901 20254.1537475586
431376871.9520910382 20272.4032592773
370384518.7201172113 5135.5657018366
370476580.8315556645 5249.7723572272
376592648.5742527246 9591.0133173820
429099916.5224815011 20255.7986297607
376523970.2806671262 9576.8755152579
377539216.4486349821 10060.0171546147
381285445.4367592931 11423.3261470935
380904123.0547884703 11324.4810704655
381122575.4637680650 11378.3474277920
414869674.2457319498 19218.5392894745
416076341.7318638563 19503.1027259827
416759309.6074302793 19566.9369888306
416503661.8684734106 19550.8846931458
416424010.0177501440 19520.7382297516
419928702.6037094593 19847.3413887024
372114738.9043710828 7012.4225322143
371916946.1879870296 6936.8779698745
372019440.3006148934 7000.6886340515
371768495.4767266512 6902.3092929260
371737571.1004287004 6849.7504970455
381209938.5557263494 11405.6136056499
371721044.3376430273 6807.5740221798
371593684.2771556973 6787.9436812350
371580420.6644548774 6710.9674864121
380857523.9803095460 11323.2239903873
396157561.9380156398 15505.4293073482
427464804.1245220304 20216.7275466919
395958946.8285699487 15491.4139016933
417182790.2719837427 19600.8845825195
427778990.1292526722 20228.3903427124
376197247.8108768463 9410.2409470435
381390863.5828176141 11439.4224537509
396239749.7648175359 15538.3099035091
415553162.7169983387 19365.8173131943
427281717.5521740913 20208.8777389526
430447791.2228834629 20267.5787200928
371415905.8271272779 6606.7587441265
371488443.5393637419 6697.3396509945
419601748.2559096217 19839.9706382751
419716957.6913450956 19844.8576545715
381567751.7730452418 11473.2659026487
415079421.8153347969 19317.4951543808
414708748.7400885820 19164.5901904106
431168165.0167622566 20271.5771789551
381641552.2062502503 11476.0500782831
381520404.7663303018 11464.1446293695
419944167.9584387541 19850.4472351074
419516656.1121577024 19835.5571250916
377482105.7188128233 10028.9396236875
381078290.0630422235 11366.5899342402
419672937.8870245218 19841.6809349060
419570885.8430000544 19839.6880226135
419252312.7696484923 19805.1557235718
419317725.7842946053 19817.5442657471
376744829.3622329235 9715.7062784524
377765120.3370967507 10149.3604422213
396537687.7068263888 15625.0410185783
416709325.1020427942 19564.0002822876
376639059.3960574269 9685.1540654916
415606358.8020002842 19367.2103281021
371405708.0020725727 6414.4289747437
396479423.7974557281 15596.5999769039
430949290.8681792617 20270.6339263916
430701084.3041129112 20269.8019485474
370416020.3048990369 5239.2469009553
370862638.3974186778 5436.2657317315
377620041.8979347944 10068.5923032298
397085589.7148690820 15723.0718350667
376207925.4147254229 9451.5602713544
377741890.7015995383 10130.1569088438
397068344.2064455152 15721.6973095197
380474170.1634830832 11147.7060711636
380137339.9589033723 11034.9344729526
397009643.0622674823 15713.3573055524
397360672.8475037217 15786.1786880750
418801371.3357860446 19767.8685302734
418866784.3504321575 19780.2570724487
419179408.5286971331 19800.4854965210
377661936.1669418812 10108.0737691411
377705506.4710009098 10116.6788527110
414984926.9301152229 19295.3476495743
419054806.0165299177 19796.2832260132
397030828.0717193484 15721.0204983014
415056794.3998744488 19309.3382329941
371377694.9135350585 6398.8661351872
418489615.2691460848 19720.3262443542
418455800.2311830521 19660.6656494141
380111909.5463590026 11011.7111398643
395429543.2372332215 15340.3522256679
376027959.7992842197 9275.9362005090
377370473.1602180004 9991.0703114012
375979313.4274404645 9186.7582868433
415286158.9034423828 19334.5093450546
415143791.7549133897 19321.9688100815
377042631.7808552384 9784.9562394248
377052064.9141650796 9788.8979662397
376958056.2810981870 9777.8942582236
377109491.6599469185 9880.7933414915
370663544.6080449224 5376.1847186251
376861249.3896248341 9771.6806809531
414888997.6716816425 19266.6227865219
395863922.7132931352 15462.6144448585
415110316.0151778460 19321.1471776962
375981838.2661499381 9260.3399580514
415454071.3641294241 19365.4616804123
415264565.6904394627 19332.7810773849
415358470.8759436011 19335.5352888107
415389463.5789883137 19365.2031507492
376162507.9467007518 9371.4091261422
376108983.4062528014 9370.8650511300
395387414.5786046386 15297.0865420169
415737589.4093484879 19415.2401170731
427501355.8532269001 20222.1015777588
427626145.7372240424 20226.9365463257
430153878.8179675937 20266.8394546509
395539401.7582144141 15381.7837141818
396595280.7301786542 15631.4587307233
416305431.7543793917 19507.6086311340
381954512.9807536006 11485.9304659265
396969688.4053949714 15690.8712497945
429688132.9263837337 20261.0759887695
397243778.0905321240 15736.6910969015
380239145.3250064254 11057.1658999576
429674746.0111735463 20260.9561004639
396923258.5388171077 15689.3344837423
371174497.8668736815 5896.5137009727
380271094.5227513909 11074.0101660146
429602496.2937487960 20260.7373809814
418609290.6801991463 19749.3971900940
429160673.0256836414 20257.9210891724
371105905.8075071573 5797.3066628086
417989651.8016847372 19653.4220390320
417810027.2516437769 19651.7204017639
417481256.7852047682 19626.5289382935
370857049.2260308862 5399.8122602623
370833033.4478530288 5397.8209487644
370879438.3879094720 5502.3354339185
380565678.5021540523 11173.5362947835
380236525.0301453471 11056.2967584981
370986827.1138046980 5607.3145529511
371010884.7937939763 5619.3823507674
370968360.7713382840 5598.3071748896
426790449.7210698128 20180.7212524414
428658033.0283617377 20247.2221832275
426990781.3253428340 20194.3422317505
373370997.2303550243 7110.6019541789
373070791.8971260786 7044.9889074760
428816867.5317302346 20252.8022079468
390103235.1568412185 13860.3377222098
428572285.9585878253 20245.4999923706
428418589.8658255339 20241.6881790161
389766609.9537037015 13750.0619071998
379634425.0988276005 10721.2560074106
428330573.5865570903 20241.3664932251
379939917.0145150423 10831.9078264209
389679710.4002373815 13717.5099510230
389452328.4219480753 13629.0082191505
379100632.0185697079 10499.1788442284
379463135.3095644712 10626.7317877877
389508164.9084054828 13645.1910989241
379296440.4388856888 10534.5932932049
389606959.4236784577 13687.2475189246
379918034.9176535606 10789.1737965934
389370959.8774626851 13628.3067192115
389520398.3623344302 13657.3673850201
379604503.3478440046 10687.5006292909
424093135.3084373474 19965.0459709167
424482316.0025566220 20034.2640380859
424230966.2327489257 19993.6862144470
393806296.4744786620 14804.1327014382
379022792.0795720816 10377.4651558833
394604168.8854307532 14972.1984925505
395288187.0937070251 15179.1383478492
394290680.8816899657 14929.0815691822
395228141.0588603616 15128.4377302997
394482191.1982477307 14959.2437414997
394730243.5880032182 15015.7473654621
379015369.2439888716 10328.6321996420
378711292.5754908323 10220.9971449792
394863116.3826403022 15031.5709586017
395077895.8270209432 15109.1668486469
388476277.1972423792 13308.7999702144
387966146.6008766890 13131.2650270398
393951222.6216345429 14841.1488279834
388307931.2895133495 13245.9871999510
394153270.9149772525 14893.3345791831
414284082.3390023708 18946.4844112396
387948211.8380121589 13060.5515827128
388076977.8244460821 13139.3019234264
387799946.9779033661 13043.4754687735
387955051.4835199118 13069.6321889349
414082507.6898362637 18914.7014236450
413529814.9014755487 18800.1466007233
413706913.4603264332 18845.9515247345
414037868.9251171350 18913.6322784424
413458470.7908848524 18657.9836568832
388079671.3380218744 13152.9356128164
413517822.9393252134 18763.9630489349
426462324.0187143683 20117.7818832397
423523677.6358273029 19860.4302597046
423263726.1206047535 19852.3009872437
393216900.3496443629 14588.8574454331
423701503.9318543673 19897.1934051514
423574764.8753801584 19891.0714111328
423816340.1406061053 19898.0057449341
391632061.4674908519 14023.5228614118
426352137.2028032541 20103.5625534058
423951875.4144821167 19909.1816940308
426176795.6371667385 20092.5566558838
393122434.3674965501 14531.3357384706
392730174.5474997163 14422.7236691707
393025128.5594746470 14502.7576390498
426278499.5745719075 20094.2938156128
391391313.4979373813 13979.8257064726
391668747.1453794241 14085.4916719701
413515934.6430599689 18676.2283539772
391854299.1031276584 14181.1935996320
387650497.2956292033 12888.4380329072
413293035.8256031275 18572.8932151794
375143274.1010566354 7433.1893962737
374954385.2622482777 7312.0113556482
413372673.5022100806 18631.9456892014
413205670.2903401256 18571.5806531906
375142125.6718204618 7414.9446318544
392469481.6022682786 14313.6172337960
392429064.1522073150 14282.3552120253
375107439.8627900481 7412.0418799318
375048313.7799112201 7405.1919958986
392340489.2375777364 14279.6302431226
392454460.7194153666 14282.8773160409
375931844.4554073215 8000.6568369957
375754640.9701398611 7836.2556030246
375780870.1511259675 7877.9855720493
375848723.8886829019 7882.9341308567
375790233.2873380780 7882.4214431735
375594732.2738974690 7770.2181492950
375876537.8444384336 7888.4057638863
375271302.0773116350 7507.5340374737
375454518.6455199718 7616.2873366097
374930642.2433228493 7129.4567648297
387177187.9046340585 12538.4963409030
386808430.0294578671 12442.7772384710
386873848.3656220436 12452.6433960027
387635768.1005825996 12749.7541858298
386997494.2950469255 12501.9920059270
387457976.6065584421 12670.6919757468
387373245.1750917435 12641.2653075796
387513820.0456818342 12686.3950908608
387237675.2868167162 12593.1201162678
386041825.1728591919 11996.5034143858
386227360.3461797237 12044.6780130796
386168506.8148347139 12027.3746302370
386404882.7354525328 12097.8118824892
386385377.0389546752 12086.8542485170
386312228.8843908310 12084.2172509234
411925126.5051437020 18046.4808822274
412314617.9000127912 18114.4394899011
412144086.4491137862 18083.1281788349
412111729.1214821935 18076.7522723079
412460459.2949371934 18149.5740800500
411628138.7599706650 17903.5828366876
411568401.6654889584 17903.5169873834
411512741.7471578121 17903.0448270440
385847042.7520645857 11731.9718727655
385902938.4200723171 11766.1658887648
385716945.7773535252 11705.9098696195
385511103.5991979837 11616.8173784696
385537163.2367562056 11625.8227381193
385453183.8296734691 11532.4086431944
410548823.7498452663 17634.7564809918
410148736.0107568502 17556.6760967374
410029262.9541436434 17532.8972652555
409678137.6159369349 17461.9842594266
409768516.4649134278 17464.1283710599
409401615.7391337156 17400.6550553441
409329719.0686883926 17400.5105012059
409513422.6191805601 17422.1792209744
408362117.0594055653 17140.3889043331
408815725.8253127933 17246.7405496240
408961528.5893275142 17246.7724083066
404581371.5821115375 16248.1845653009
408727529.7137042284 17159.3594287038
408212910.7948266268 17043.2598109180
408016227.4792364836 16983.5998910787
407631222.7273604870 16895.2367681386
406692894.5449458361 16702.0573199149
406512925.7630963326 16661.7317469474
406207344.8850028515 16571.1396846008
406070734.2822673917 16531.5896014300
406416509.9079070687 16628.5153280821
405857110.2984380722 16491.7476388243
406178645.4604752064 16563.7369772521
405494382.0752959847 16414.9414509702
406042247.6213892102 16520.8036352721
405516260.2446544766 16426.9803493348
405262994.4892725348 16359.3680137207
404341430.2615169287 15905.8295286424
404360151.7959320545 15906.1031721360
