513025881.3625048995 108979.7848961456
512969364.1917663217 105197.9798846832
512973440.1704111695 107695.0449291868
513146503.8652386665 112155.2915775115
577310636.6853026152 491051.6106567383
513019959.2956190705 107990.5471746503
513457417.3483458757 126249.5344363053
514732853.2097300887 176068.2065365615
514883472.3314087987 178285.6929142775
515769201.7733510137 188260.4783645762
515541728.7587553263 186119.6843846744
515926660.1749805808 189718.4223704343
521046673.0852172971 229593.9187036693
521076739.8753679395 229697.5878265887
520879003.1648248434 229578.0440481096
574622443.1240172386 484287.9664001465
592335524.8483186960 511085.3554687500
591686058.8235824108 510622.2012939453
592045376.8863537312 511062.0888671875
592045937.9531664848 511068.2609863281
591960320.1920273304 510913.5655517578
591990384.3032078743 510975.0440673828
515510250.9191411734 185584.4817098086
515587733.6162431836 186140.7031720584
539668499.9034152031 342942.8152679857
574805028.9434623718 484699.8966979980
589559857.7687901258 508756.8969726562
589681054.5707385540 508826.9161376953
590182025.1257259846 509264.5196533203
589434946.3631486893 508663.3223876953
515646770.8973709345 187912.9807980960
515613369.0090438724 187511.7560285037
515839324.5231653452 189501.8110822146
515588462.7651299834 187468.6692365115
513067470.1628060937 110009.9235247905
514588433.2319226265 174256.0468571486
515410140.7702645659 185435.6822555368
519567172.9913374782 220374.4254399039
539870640.2565460205 343800.1424473152
539389793.7783318758 341075.2094286010
571377397.3020397425 473065.1680603027
596399237.1444214582 512520.1062011719
514747682.5502948165 177783.2160160842
513200644.9626501203 112742.2769127005
513571170.2902875543 130033.6431240041
514618217.6802440286 174304.6073735060
514650261.0822434425 176015.6944706740
514639562.8030187488 175998.4726383986
589156096.4131051302 508078.8702392578
539601173.4159926176 342492.7835863158
539552772.6875659227 342037.2049119994
576999524.3669241667 490495.8566284180
538913854.0566166639 338454.4756896151
539273079.7524390221 340256.4730314926
515216290.6077182889 181524.4691793402
515254859.8897673488 182685.2977125128
515107321.7829090953 180892.4556257208
539066231.0258007050 339211.8765444076
538779137.8874036074 338206.0729491366
577298079.0922170877 490764.6530151367
513264763.8223308921 115180.3326236309
513242076.4890367985 114677.4426061624
513265376.0571501255 116544.2558281125
513459278.7978222370 127763.5769968826
520648827.8890927434 228281.0600996004
539057672.8257716894 338701.8474242343
570578729.2059457302 469268.8990783691
576305657.7907238007 488925.3826293945
520850856.7543353438 229248.6309194172
539074833.1214398146 339217.1668212069
539079295.0483388901 339450.7468993319
539189085.5267012119 340033.8277098788
576912623.2625687122 490335.2344360352
576307398.3564351797 489111.1365356445
513484351.7621892691 128629.7179385025
513616332.8401765227 132037.6728747685
520386030.9490746260 226973.1288362051
520464506.8376995325 227553.0363396794
520253140.4741938114 225995.8793855215
571393232.2396521568 473306.5185241699
571074060.9226149321 472206.9155578613
591875012.8640196323 510632.3585205078
534495570.4759495258 315133.3817469030
520001610.4537940621 224004.6479774023
596008289.0841251612 512491.0280761719
571522002.1620215178 473498.2708435059
570912282.0574569702 471550.8404235840
575388851.4581968784 486201.7799987793
589016723.4110727310 506705.4473266602
575761598.9878590107 487356.4120788574
533932540.5735790730 312222.3643322400
533958117.7579684854 312592.2096386365
537364136.9139400721 330182.4940479018
537169422.9954360723 329410.9172264553
536802409.4241045117 326983.8431679226
571073570.7119531631 471873.7878112793
575255881.9909540415 486201.3537292480
575551711.0884796381 486695.2622680664
575253054.2496387959 486196.8623962402
575654737.9877779484 486815.8875732422
536668282.1875240207 325703.1777852394
536904819.1615701914 327460.0064187605
536705092.6419936419 326694.7209884375
537045095.2421483994 327803.6391780341
536813934.9087410569 327444.7231728054
570927801.4711384773 471711.5715026855
537053615.7688472271 327965.7108000137
575912446.0020959377 487598.8312377930
575887963.9189544916 487369.6544799805
575683373.7063865662 487171.4671020508
514232701.3369474411 150750.9165555994
533251376.9764750004 306570.4744758382
571669373.7548615932 473915.5738830566
513360642.0264645219 119028.3999516667
513314875.8487958908 118582.4613517077
513339086.6831670403 118979.5591427983
513363162.2084268332 121206.0525388421
514335403.7135161161 152746.2513717796
533749564.5879681110 311266.8190746717
595736477.5165812969 512141.1636962891
533894089.6251295805 311810.0723705701
519669567.7747542262 220969.3292686478
519862282.5136173368 222155.3666872176
519711638.5505945086 221203.8175699250
519653683.9109308720 220745.6124757918
513579584.8039107919 131130.6665648420
519505837.5702454448 220013.9540855423
513500362.7709036469 129092.8364511330
533504064.9165988564 308928.8109293393
565549437.2331362963 447805.0045089722
535432234.2789974809 320191.0827683959
535425778.6031000018 320164.1445500664
534989494.4937855601 317810.9029512815
534820790.2219067812 316297.6517976079
534098025.4240903854 313144.7052441053
519101027.3105115891 215832.2281029875
533620107.5946465731 310368.4120798520
535187167.6320562363 318062.0808906406
565962515.6827353239 450120.8616867065
565877590.9490907192 449924.1757431030
572338619.0763939619 476320.7335815430
565613663.8176600933 448357.2135086060
513402514.3309122324 122597.8185827882
565597889.3980334997 447811.6912918091
565683466.3846372366 448888.9847030640
590637142.4764018059 509339.2535400391
565966752.8014417887 450602.5928573608
595266756.9619318247 511497.6496582031
595402054.6675314903 511561.6884765625
518941522.7893877625 212184.1631987932
591577110.2069188356 510224.0496826172
514419659.7355754375 154709.6076054658
518642348.6025002599 208684.8244941513
518748641.7279937863 208736.1664979736
518800492.2424169183 210470.5402534286
518996368.1704171300 212198.2690621277
572493190.6082415581 476665.9762573242
514303540.5394085050 152553.6887918349
573452135.0037025213 479860.2854003906
514129826.2112774849 144045.4258697425
518913254.5317549706 210637.8755166436
572691103.2130700350 477205.9316406250
572764082.2010720968 477666.3487548828
573207893.7713297606 479084.8780517578
572976860.7815012932 478353.7933349609
513776918.9999071360 133798.1755619469
514060266.9184511900 142278.6928584968
572762249.5240380764 477450.1701660156
572735073.0876455307 477407.8177490234
572777733.1714547873 477844.4916992188
513862630.6516217589 134368.3863454285
514091069.5877981782 143839.5989592202
514135447.3815166950 145734.9837832024
594833863.6938560009 511197.8498535156
514176364.2872701883 147412.5489589741
514002860.1105564833 138506.9284794499
513918527.9626985788 136525.4141059091
595438418.1821318865 511720.1683349609
591307826.0553013086 509821.1928710938
513982699.9365958571 137511.3153662850
528416831.3173674941 273009.8367533898
528745005.0833624005 276255.3581156945
528463240.1298720837 273173.1305126166
566902069.6813590527 453352.2722625732
567135887.7949925661 454099.5867156982
591360088.1690447330 509849.6165771484
567361591.0544183254 454961.2281341553
566924572.0420587063 453582.5420379639
591039662.1351402998 509514.2459716797
528716415.1482303739 275185.9526040497
518203277.6708297133 198113.0459417332
518257124.3602782488 198118.6772248467
566843702.1413041353 452968.5735473633
518449506.8302383423 200332.6436574181
518548907.0522438288 200821.2668390080
518425265.5675085187 199893.0448262414
532782388.5612754822 300283.4585766545
567591780.6905556917 455747.5157623291
532004451.3186094165 297197.9639658681
532044612.6264969110 297451.7725805989
518081559.5890693069 191323.1259168329
517997686.4998502135 189972.8214276971
518085693.6217661500 191339.9524244012
518020496.5561816096 190973.0439618768
531714223.4490941763 295443.6943915547
532402770.1430094838 298967.2604853478
531898230.0956869125 296439.1503507653
594956390.2800650597 511300.8054199219
532167569.6447705030 297610.2911627949
531696969.2415986657 295281.1418455429
567529979.6604080200 455585.3666381836
594784418.7638461590 511111.5637207031
528695180.4012124538 275153.6539992774
528678564.5748831630 274949.4420698965
529954119.5796893835 282657.1105680882
530308228.2947998047 284825.4292473271
530185768.0137681961 284247.1223631322
529976702.9212546349 283067.1312132298
530367917.5185636878 285057.4236107289
530110414.9732031822 283907.3874998509
530491802.3303618431 285988.9814115285
529675810.6798068285 280905.8826486738
569740601.5545231104 460593.2012939453
569388464.6874840260 459770.4194335938
569280806.4026205540 459434.6567382812
568931967.8464396000 457803.6151123047
569004533.5147802830 458294.8358154297
569245683.7472081184 459123.9893188477
585367579.1969261169 495025.0372314453
584989831.4038238525 493786.3240966797
564192196.4472572803 433312.3412857056
564356410.5977885723 434518.9168319702
564697671.9857611656 435599.8222122192
564740139.8195878267 435898.6467361450
564642604.8906178474 435327.7763748169
587649362.8213351965 497779.7556152344
587499284.6322759390 497649.6839599609
587869545.7793713808 498030.3070068359
587962034.0047570467 498203.5068359375
587748157.5366573334 497972.4603271484
587988456.2750537395 498284.9847412109
563290772.1013823748 427215.5757951736
563450736.6067514420 427649.5179338455
563297975.0053094625 427401.2403459549
588192096.8696849346 498506.6329345703
587950944.7634451389 498192.2087402344
562674862.5795685053 424188.4701499939
562566795.5362492800 423589.9022483826
561848703.8039925098 420123.4079036713
561950850.6866469383 420822.1784420013
560594916.7186852694 412800.0526523590
560519672.9606335163 412327.1846485138
560281818.1365776062 411158.0168781281
560692228.9392131567 413343.3468799591
560360776.5440692902 411682.4810504913
560444643.5529992580 411857.9160480499
560669540.4583114386 413059.6258258820
560146895.1043449640 410217.1589536667
559356080.7854152918 403489.4684166908
557712507.5060484409 396596.2991509438
557441437.7070932388 395948.0407891273
557311193.1684564352 395405.1968560219
558450102.3926459551 399491.7800810337
558490393.3051631451 399541.8471398354
558240793.1240441799 398455.5292763710
558603152.2734522820 400198.2636437416
558089245.8517906666 397890.0851960182
528217225.5799197555 246539.3010758258
556697203.0064971447 390762.1329617500
556727351.0922784805 390998.4211812019
556783291.6975177526 391503.6148953438
526706659.6208571196 233220.1779795885
526825189.3123232126 233317.2048350573
526642525.8892892599 232783.7792369127
526518950.8138672709 231581.6263438463
526297261.4577797651 229734.1812682585
526297468.4465210438 229887.8938321732
555891526.5754208565 382594.5659527779
555774598.1876715422 381608.1681224108
555438533.6287579536 379742.5634480715
555212073.6097972393 378553.5012251139
555260042.9221906662 379478.0263715982
554797346.2430193424 377084.1266599894
553438344.1443878412 370637.7145631313
553458855.4751378298 370649.3503053188
552966567.0565197468 367865.6886475086
553096220.8140724897 369135.7997181416
553228182.0367037058 369267.7234375477
552863934.1701505184 366560.3435966969
552844476.3606029749 366548.1491386890
552986156.7909315825 368568.9299194813
550152184.8753767014 354272.5507197678
550725481.7477259636 357782.3244718611
550207162.5796372890 355133.9600520432
550277481.5788542032 355850.4629817307
550515744.7355158329 356518.8838658631
550276845.9575692415 355847.8782954514
549808684.7020049095 353152.0120396912
550514510.5750306845 356088.4535417855
549038350.9777384996 347904.7479890883
