150922019.2090314925 2779283.5722656250
149111743.6850761771 2163910.2363281250
149152322.8625409603 2336433.0219726562
149587419.3849086761 2634013.5458984375
149563076.8519671559 2628710.5107421875
150035319.6510433257 2704633.3925781250
150248612.1155393124 2726067.6621093750
150285016.8807142377 2726268.9433593750
150811769.4991033673 2768209.2460937500
150826594.0668618977 2776542.3125000000
150961706.5515840948 2781887.2441406250
150856264.2725395858 2778055.5546875000
150907033.8640291691 2779146.8808593750
153242686.9236802161 2831715.4257812500
154313194.3325503170 2842244.5146484375
156192305.4859113097 2851548.3310546875
156790957.6469864249 2852309.2646484375
150962380.9337658584 2783028.5429687500
155909835.3555471897 2850834.0673828125
149128380.0187786818 2269987.6406250000
149391643.8910291791 2564287.4189453125
149569818.6947056055 2630848.3818359375
149523292.9442093372 2616527.5283203125
149969498.0125084817 2696737.7675781250
150295757.9933730066 2726967.8554687500
150308403.9897584021 2729090.9667968750
150227267.5803773105 2723325.7392578125
150326038.5926125646 2729315.2421875000
151003569.5463609397 2785936.6503906250
151841321.5510996878 2815986.4394531250
154218226.9082124531 2840527.4638671875
156056464.7281599045 2851207.5615234375
155684839.7642940879 2850470.7099609375
157845781.6101158559 2852809.7021484375
149402313.6204787791 2573507.3691406250
149384460.0597808361 2562105.7324218750
149391705.9427394569 2568409.1113281250
150217518.7343135774 2722939.1357421875
149174016.2139276862 2354597.9692382812
149265642.7687692642 2456917.8945312500
149397306.5280933082 2570205.7734375000
149532096.3237400651 2624622.2587890625
149794535.3761033416 2672474.0029296875
150228448.7919760346 2724893.4960937500
150594556.2210593820 2755679.2421875000
151006377.2193984091 2787409.9414062500
153137484.0767281353 2831003.9628906250
153996611.2191505730 2838898.9150390625
149245489.3247781396 2449500.6816406250
150704057.9354376495 2759843.7988281250
151106816.5729278326 2792114.3339843750
151074119.9457859099 2791682.2929687500
151071261.4239597023 2791442.8398437500
151340000.6525963247 2803826.2841796875
152187660.0226404965 2822185.5048828125
154001173.9688429832 2838952.8955078125
149239727.7866080999 2440719.1806640625
149970714.8022636473 2698090.7519531250
150532318.9165397286 2749778.1582031250
153223194.3503812253 2831545.4550781250
155616473.8084546924 2849781.5517578125
149144473.5767066479 2317600.8535156250
149243742.5777362287 2447466.5039062500
149246877.6125364006 2450626.8139648438
149399984.8625433147 2571375.8623046875
151201979.4496484101 2798237.8652343750
151317677.1171338260 2803585.0439453125
153078912.5977223814 2829952.2070312500
149265806.3983029127 2466005.9326171875
149120254.6139288843 2252889.7177734375
155299949.7713131905 2847972.9853515625
149249085.8680422008 2450902.3652343750
149724351.4736399651 2663667.3681640625
149985549.1658048034 2698155.8515625000
149492436.6650915742 2611631.4863281250
151024502.4978994727 2790012.1113281250
151072091.4537081718 2791546.7148437500
152927139.7423296273 2829623.1191406250
153121910.8832982481 2830007.7041015625
152986479.9397973716 2829720.7050781250
152858471.1173464358 2829147.3574218750
152567681.1179240048 2825536.0361328125
149488257.7882607877 2608124.6328125000
151267574.5967562795 2800347.6845703125
152550678.0890078247 2825475.4248046875
152810850.6443963349 2828290.9873046875
154802952.2072969377 2844350.1044921875
155235512.8569123149 2847659.8037109375
149714907.2408303618 2661422.3974609375
152353479.8779980242 2823672.5830078125
152185249.2281290591 2821958.7080078125
155501749.9642228186 2849311.0263671875
155524368.4375536442 2849441.9384765625
149135792.6829823554 2305701.9580078125
149695455.5203897357 2654471.7744140625
149701291.6008690298 2656506.5908203125
149715691.3586852551 2661539.0078125000
149677980.6695016623 2651330.5517578125
152145670.7321204245 2821601.0537109375
152740240.8627507389 2826987.5224609375
152800523.2986271083 2827176.0517578125
154991917.1422325671 2845297.8154296875
149770105.0924707055 2669565.0937500000
149705659.1369154453 2659797.9472656250
150107037.3887647390 2712386.3750000000
151043683.4357255697 2790390.4589843750
151017925.5228359699 2789723.6777343750
154271057.1805965900 2841289.5537109375
149660736.3958578110 2649419.0576171875
150077892.5041646659 2707108.7929687500
152504228.8129655421 2824437.9951171875
152674898.0672766268 2825654.2041015625
154015327.6087555885 2839037.0166015625
154716695.9174455404 2843940.0263671875
149232086.8648996055 2436226.4384765625
149899904.3187293112 2686030.6875000000
150123241.5322315991 2712928.9628906250
151678708.4933244884 2813854.5332031250
152539213.0166668296 2824777.5791015625
149123292.7547946572 2258329.2597656250
149142565.0064207613 2316427.6333007812
149411203.1907504201 2575629.4003906250
151098372.9780031443 2791691.6162109375
151683248.2236402631 2814553.8261718750
152150089.0534758568 2821702.1708984375
149127435.3328409195 2266408.7802734375
149139231.4749141932 2315582.8779296875
149223548.4637374580 2422267.0175781250
149939287.9305654466 2691960.2792968750
150177781.6147342026 2719030.6914062500
155381327.6482261717 2848544.4248046875
156795661.6580468118 2852483.8271484375
149123890.1526612341 2260773.6845703125
149256592.9953518212 2451207.2900390625
149559466.6768976450 2628471.7978515625
149115660.3102145791 2172533.3310546875
155232451.7741085887 2847388.6923828125
150014664.7030568719 2701467.1542968750
152419365.3776370585 2824385.6201171875
154829043.6026805043 2844867.0498046875
149697740.5825962424 2654643.1289062500
149698464.9776079059 2654693.0019531250
149939309.7538750470 2693500.9765625000
151174786.5886730850 2797853.6171875000
154494945.0668400526 2843133.9189453125
154435512.3450333178 2842373.5302734375
149683472.2360930443 2653803.2128906250
149646960.7361986041 2647097.0849609375
149637282.7583872676 2641732.6962890625
149638530.4130722284 2642148.1865234375
149582265.2159127593 2631314.6552734375
149831599.9016909897 2676247.1826171875
151342183.4975827336 2804083.1337890625
149643474.9236586094 2645069.2099609375
149413710.3322016597 2576209.2421875000
149407374.7667028308 2574345.1777343750
149622441.4109584689 2641688.6572265625
149855735.5511992574 2679896.0839843750
150068873.6056119502 2706795.5800781250
150092393.6135615408 2710833.8417968750
150632108.5744011700 2758319.9628906250
151307179.8146612048 2802506.4423828125
151552562.2250415385 2811048.4199218750
149123913.3408290744 2265819.6103515625
149593989.9139697552 2636114.0908203125
151354562.4765757322 2805490.9052734375
152394416.8747654259 2823880.4775390625
154665921.8447728455 2843933.4892578125
149181918.7786315382 2360449.6835937500
149422804.4875102937 2579181.8671875000
149427660.2487633228 2582409.1708984375
150708797.2749106884 2761651.7109375000
151418401.0800612271 2807560.5048828125
149227363.4807718992 2424813.1240234375
149820945.9370797575 2674992.6318359375
151441215.3817210793 2808314.3388671875
152254928.5909228027 2822523.8134765625
152100970.7039518654 2821117.9638671875
149434492.9402246475 2585717.0546875000
151561638.3434329033 2811226.9687500000
156504322.7092029154 2851800.9267578125
158230494.3416902125 2853542.5498046875
149445396.4753904939 2589418.6123046875
150638418.9664863646 2758510.5332031250
151622937.5180680752 2812444.8437500000
154619391.7761259675 2843516.4150390625
149122212.6472540796 2256805.3554687500
149165415.9770307243 2350730.7177734375
149158190.0924653113 2344063.9262695312
149145823.5911026597 2321304.7016601562
149158261.4173528850 2345714.1782226562
149443082.8181402087 2589331.3457031250
149506676.6311052442 2615829.3701171875
149482170.7320535183 2600724.9726562500
156485086.1473766565 2851775.7314453125
149906863.8257610500 2687525.1904296875
149114834.0651735961 2171242.9790039062
149900864.0590252876 2686990.7333984375
149926354.0699286759 2690748.7353515625
149891592.6521712244 2683111.7998046875
149117335.8942679167 2182829.8149414062
149159690.5768485665 2346074.1020507812
151976517.0436697304 2818076.8681640625
156776540.0652828217 2851949.0224609375
151628981.9796131253 2812772.5156250000
151346777.7933617830 2804656.0166015625
151576755.6705986559 2812375.0917968750
155464069.5785709918 2848872.2548828125
149130186.3334065676 2279648.7246093750
149155081.1369428635 2338638.9804687500
151406974.6362034380 2806855.8408203125
149229348.7231386602 2428183.8891601562
149468553.3120277822 2597680.1894531250
149225416.6493131816 2423366.5839843750
150431093.7440094352 2736297.1005859375
152046799.0227808654 2819650.9658203125
155210487.6990211010 2847111.8798828125
149866755.3291143477 2680520.1103515625
151907430.9090727866 2817893.7978515625
152016312.0611255467 2818402.1708984375
149157167.0288698375 2342358.2934570312
151549259.5704390407 2810524.6630859375
154096545.9638651311 2839426.7529296875
155180211.8458330333 2846861.1748046875
156589039.5595744550 2851888.3212890625
149135077.1362401247 2296425.2138671875
149179381.2657771707 2359195.2065429688
149183346.7393999398 2369189.7871093750
149229928.9156025946 2430348.9941406250
157790340.3904335499 2852615.9638671875
149162807.5377625823 2350460.0424804688
149474622.1017295420 2600597.0439453125
155434906.3652615547 2848568.3388671875
153725738.1863782108 2834590.5810546875
154594712.1733428836 2843263.2158203125
154267981.8063011467 2840627.6474609375
149462292.0258966684 2595636.0625000000
154296195.9026987851 2841850.2998046875
154277226.7062311471 2841325.5283203125
157876037.8022097647 2852999.8525390625
149148886.1864084601 2331984.2158203125
152041853.6126376688 2818934.5478515625
151864476.2558108866 2817041.6005859375
158017511.1790554821 2853215.4658203125
153839419.8886370659 2836678.5283203125
153759341.5474536121 2835105.2158203125
149147879.3354041278 2328966.2094726562
151786701.1342124045 2815979.8857421875
153936195.7277534008 2838445.9716796875
154155025.5196290612 2840201.0478515625
151492176.4536998272 2809612.4541015625
151531666.2019712031 2810306.9267578125
151433985.0429459512 2807741.3876953125
151473296.0531907082 2808722.2587890625
149146081.9533728063 2326613.9819335938
155046310.0489696860 2845694.2744140625
149455252.3009408414 2593553.4736328125
150824087.3822984695 2769250.4882812500
154116030.3113817573 2839765.7294921875
149148350.4625623822 2330338.2246093750
150453241.8940971196 2738405.2402343750
151623198.9172801673 2812707.9257812500
151842136.1415942609 2816392.2509765625
151757748.9395945966 2815572.2978515625
158132049.0723555684 2853519.6298828125
150772638.2395239174 2767556.3242187500
149259660.4260925353 2452135.6435546875
149282031.2861474454 2466419.6679687500
153928371.7190358341 2837194.9345703125
150752549.1465001702 2765924.1953125000
150435761.5682034194 2738292.1777343750
150726832.9485192001 2763979.9882812500
150475255.5091625154 2742808.0253906250
154253821.8234438002 2840622.2490234375
150500188.9178079367 2743802.8183593750
150526184.7695371509 2747216.2128906250
150524978.2048930824 2746572.0859375000
154976424.8383331001 2845272.1435546875
157820618.1712170541 2852762.1064453125
155128901.3370023668 2846186.1455078125
149219461.5737614334 2376990.6162109375
149202864.7826026678 2376641.0190429688
150405134.8486901224 2732599.0546875000
155128549.4800323248 2846054.8037109375
149346541.0964915156 2494850.0361328125
149358325.4397048354 2501710.7021484375
149335255.6401022375 2488675.2421875000
153724752.1458233297 2833675.8388671875
149345412.5842347741 2494627.5458984375
149322659.6901091337 2480951.4980468750
149331605.9658962488 2488315.4462890625
149325943.2419784069 2481773.9687500000
153541451.6627522409 2832094.2705078125
149316932.1726549566 2477710.1005859375
149318428.0537801981 2478929.9394531250
149322046.2525847852 2478993.2851562500
153615392.6732089818 2832933.0498046875
149314723.6399023831 2473695.2207031250
153550748.8520968556 2832270.9345703125
153488777.4648172259 2831727.5263671875
