657816704.4971624613 95226.4339849172
657607504.9267842770 95067.8043708881
657597956.7633987665 94689.6004004260
769609189.1797192097 312246.8666687012
769234425.0876518488 311691.4392852783
657467758.5862267017 94309.0557899555
665654442.3765305281 136454.0678676941
666427340.6349989176 138657.0805733079
666637127.1726008654 139691.5667641038
666625230.9975577593 139691.5298988695
687594105.1488140821 195634.0481392518
715393786.0117141008 248374.5681095432
679130318.6623061895 174323.3828025160
679206575.5989133120 174500.8911432761
659304931.9441515207 103020.8089435077
761616152.6557763815 304406.9174118042
762657925.3611581326 305594.4450912476
658565411.6286067963 100925.9498601607
688602525.8105206490 198394.1560471972
761899825.0566611290 304900.4573287964
761955067.2381122112 305185.3454818726
769768282.3680197001 312395.1200866699
770496653.3982688189 312853.8952941895
770592784.7460536957 313095.8233032227
784854889.0385026932 317801.5155639648
665913600.0776889324 137315.5190639669
665874136.2515385151 136799.9172229940
665925397.3032904863 137558.5569935018
666145368.6643275023 138200.7228605921
668792159.5322828293 145819.2570240017
712307857.9879654646 244244.1072874899
713370691.2176252604 245837.8769771393
761736648.0317709446 304825.0034103394
787996552.6148535013 317821.3153076172
761652983.6922416687 304758.5125160217
668884965.0288441181 145884.2286778208
761828389.9218102694 304864.8741989136
762202831.4871817827 305459.1569442749
658781666.6946480274 102066.1575737758
668419431.8798327446 144905.6694995876
678890065.3368924856 173605.9905616909
715130996.0369933844 248302.3365060847
784790319.9779748917 317798.1830444336
665836320.5669673681 136719.4653209584
714543990.3304413557 247721.3524362604
715040784.4478536844 248260.5088693659
714539958.1700996161 247720.4575998347
772659215.3661775589 313827.1079101562
784548066.7271027565 317789.3248291016
688167574.4385548830 197470.7136681994
688719099.6600925922 198470.5102952441
761511693.7000473738 304169.2546615601
657184224.7010118961 90188.4286245187
687033237.3386797905 194851.2968095524
689034353.5287609100 199333.2495530566
688786148.3413261175 198829.5086472948
689286943.8812143803 199649.0500882586
657325130.6191129684 91837.5597601016
668622278.3829319477 145284.5368701931
713557521.6898599863 246026.9376613434
714433511.3223830462 247277.9106380279
714532764.2602288723 247495.0891013299
772002215.6075088978 313707.7818603516
714851069.1189435720 247887.3809749420
657163780.5227077007 90157.0866918643
657210059.0287544727 90923.9210882266
668458606.6102674007 144906.2872364040
668752253.1292351484 145817.9684275833
679036406.5603500605 174038.2061996001
709799764.5145908594 239147.9331157930
713287658.4108222723 245454.1428157623
714108287.6956375837 246982.5167476471
784547886.1680583954 317777.7738647461
784215474.2437934875 317729.4926147461
714495740.4329799414 247480.3234187897
770956379.2591576576 313180.8800964355
668593578.9207204580 145182.3111011501
714268077.8150948286 247132.0067178543
665608138.2752201557 135496.7907739679
665608972.8637908697 135679.5746072816
678608121.1216866970 172623.2447943229
686920953.3754714727 194560.7124589664
713692676.2205349207 246212.3417293365
713923486.9901033640 246773.0857173736
713617809.7315040827 246051.8021175201
713840959.3275183439 246557.2218257721
771922464.0976001024 313583.9913330078
665495654.6562519073 135440.4320279049
679053311.8880852461 174062.0076361743
665419774.2669100761 134644.2652932903
657110659.0886808634 86827.5111606834
678632800.5341107845 172831.4100946921
686648227.0269775391 193847.3961595279
713462347.4548040628 245967.3988582428
713028628.5758024454 245060.4237529571
688059308.4257336855 196971.2682560665
687687548.9506018162 196182.2882755977
709993805.2493144274 239686.8094280489
709704343.4272297621 239018.7813213594
665231363.3792930841 133459.3930265209
771696828.0837352276 313447.0910644531
787452811.3396563530 317811.1738891602
686834062.7049071789 194107.0095690471
787222351.5667133331 317808.4216308594
770082965.0187485218 312697.6398315430
770321554.5129799843 312852.3814086914
770299044.5274342299 312727.8972473145
770268956.0910452604 312714.6451110840
771866421.1693031788 313576.3555908203
658235597.5831108093 98361.4784059664
658362399.1415065527 99222.9086050792
658192805.2169076204 98309.9534048838
658189845.3554539680 98208.3296408458
665243856.0167275667 133497.3725549481
678483174.7544847727 172265.3264011282
709565589.3212119341 238733.3870952852
782628039.2850315571 316501.6280212402
782799035.0087716579 316832.2066650391
709809517.0721913576 239465.1576641329
782688663.4760843515 316815.5375061035
658041762.4753758907 97295.5164084239
709517179.9430164099 238728.6248272188
667309667.7415020466 140741.5102788428
657924778.6015056372 96377.4024827955
667170359.5844657421 140247.8933325888
783086525.5912066698 317038.4071655273
667161233.1079418659 140243.7491041312
772554569.4414705038 313792.9671020508
782575392.1874164343 316366.1710357666
772737865.3039135933 313835.0226440430
772559205.3327610493 313799.8653564453
657150929.5058418512 88499.9704790307
713062083.5965744257 245184.3059990938
780158830.4564683437 315631.1845092773
710321461.5981911421 240222.5074037175
709659053.1440967321 239012.9865101940
710137236.1387876272 239928.6893495183
711359102.7219892740 241837.8310138743
710938184.5989223719 241052.2614948313
711060481.5082463026 241471.4651081125
709596500.2854360342 238755.5839570622
709353765.8632912636 237840.2362855534
709477103.8326318264 238291.6189454655
709196506.4395869970 237640.6593431096
765009970.0936664343 307302.9776000977
677565442.3333294392 168907.2420077652
677495629.8793804646 168356.1450839371
709182064.9060987234 237534.8299134831
765245461.2788141966 307888.3490600586
765449658.7365841866 308021.0584411621
765617640.9293652773 308232.2666625977
765489135.2590458393 308113.3567504883
766234096.4618204832 308610.4074401855
677532530.4654002190 168668.9980502457
677247833.1918792725 168106.4987445206
661977416.9079359770 111095.8339132486
766700717.7891383171 308916.1859436035
766039250.2390992641 308556.9971618652
764817153.2472747564 307232.7367248535
663919204.0045893192 123225.6858234948
665080527.2008649111 129190.5494565827
678078060.1816741228 170789.6680533786
678043223.8746715784 170406.0653171439
686072383.9522770643 190290.1942958870
686001223.9873213768 189984.5518398323
686267866.5877079964 190444.0015826878
664872870.4323090315 127291.3656349460
677788714.5754677057 169677.9383335013
661503859.9101318121 109571.3981985269
677811582.2048302889 169876.4256076713
664982905.7460571527 128263.1159524781
665045342.2233022451 128878.4496011597
665040559.1881829500 128711.9909982544
778716880.6520873308 314833.4095001221
686375459.1945024729 190922.6350487388
661398731.3086677790 108708.4838123802
661354592.3604793549 108604.7293142496
664897359.7497276068 127972.1753303467
708099136.6212470531 235006.5041304166
664184715.5960060358 124487.6741255212
664095733.3148771524 124155.7285901705
708720402.3553239107 236070.4992170865
663542796.7455513477 120063.4777032496
663423945.2099969387 120010.9535222599
663550956.6778633595 120695.1761327336
661153163.7051416636 106859.7633839134
663144497.0030404329 118388.3175867034
660816505.0393017530 104302.3039045815
660995326.4727804661 105238.9609814171
663204516.4288405180 118457.2444334466
661000946.3098925352 105643.6832752709
661035512.2527935505 106032.2990894798
661030170.9688813686 105853.8097095970
780907130.3004800081 315807.5823974609
778773411.7008671761 315079.1483154297
662894992.2226172686 116496.2750325924
662929688.4179937840 116619.1057256721
662710834.9956556559 114939.7172369026
662344625.2938833237 112115.8785124504
662576986.0907342434 113863.7378701232
782107818.8463250399 315878.3954467773
782254062.4420467615 315925.9206542969
662532505.8030191660 113026.0398695432
662437344.3236055374 112439.5557598434
684504694.7716791630 185202.5494105220
684642400.3063926697 185240.6636963636
684864365.3873280287 185985.9732270746
684007619.4629004002 184017.3238453409
683679622.9212064743 183324.1928638956
683301310.5601258278 182289.9130177042
778010935.9526990652 314384.0263671875
778517688.3177531958 314627.2590332031
707234157.6350885630 231624.4024081822
707574246.8168309927 232458.6705737706
778234294.6802536249 314426.8295288086
778262878.6507772207 314463.3965454102
778324196.2725723982 314594.1263427734
777917328.6308776140 314094.1579895020
683020411.3690122366 181530.4246751806
683303390.1132961512 182443.4505543252
706898469.7608342171 231111.4043307896
706542057.6983106136 230188.5622211094
706400883.1501035690 230142.0144488748
706779044.2442896366 230858.6576495762
682948171.6917132139 181495.9188465616
681366523.8454297781 176445.8025412532
681015859.3484007120 175582.2249045344
680962970.8330694437 175391.7572772074
704713203.5248534679 223135.8594006663
704198921.7170743942 221471.3809240191
677116548.9888178110 157756.0500782708
705547507.4055922031 225032.5643703568
706259148.6456661224 226344.1518538511
706269594.9065871239 226358.1933485049
705789013.8096294403 225549.1609279739
704629114.1985666752 222371.6509054034
704393181.9180099964 222330.5499303668
675892826.3446649313 153673.2908252265
746192788.3600542545 277441.5060324599
676775569.4774881601 156697.7372420814
745732022.8292481899 276874.3433737685
676567348.3258650303 155826.8699706580
676608419.7688592672 155896.0784972694
676334775.1626055241 154807.7797301795
676084130.1288504601 154162.3027881171
676486626.9779763222 155520.3925971614
676188712.9625878334 154586.5266040351
703840985.5387978554 220794.5719716876
746564566.3462507725 277854.2119078566
745872541.6277327538 277006.0750632216
745361553.6697132587 276192.1155676772
745991728.9001417160 277210.8913474013
745535729.7003397942 276551.0363745620
745445549.4532115459 276249.4057822158
745266799.2991139889 275678.4425101210
703176776.8862181902 217306.5699764364
703069579.0154360533 217033.4984127157
703278820.7543162107 217601.0346675985
702294079.8812412024 215249.8096822225
702272245.3802934885 215113.7534383261
702212193.8370031118 214980.1148274862
700203067.6755089760 210534.7572189295
700302998.3523895741 210676.8733461577
699750232.6142148972 209759.9151779138
699238027.9761681557 208393.8478942835
699375872.0751371384 208696.9452377283
699344440.0674102306 208645.3101058924
699505025.3723142147 209211.2169967615
699128437.1930595636 206221.2314951789
698609199.1109358072 204601.5003319790
696774225.2938227654 200191.2999023306
696662582.0336146355 200017.3950790274
743231008.8695732355 272680.4563402045
696545727.3981783390 199717.2327163327
743372809.6198865175 272818.5313140615
743099924.0266193151 272510.3099778998
743086676.3896434307 272287.4327501166
742792200.2397298813 271928.6055920231
742897783.4327402115 272055.2281602728
742666590.0522098541 271668.5851301129
742590705.6942596436 271636.4644025739
743012325.8502364159 272236.3761705267
738154916.6393388510 262138.0921941660
738731003.3381754160 263015.3116985224
738949644.2603207827 263418.6714702509
738521917.7493549585 262900.8686290644
738854350.6375712156 263273.3023906611
738976167.0310257673 263557.1303935908
739077692.2151182890 263599.2515483759
739167234.7880766392 263666.2679715282
739175894.6936486959 263806.9766460322
735119917.4148317575 254177.4123018610
734891093.2060878277 253474.1428011286
734887794.5081654787 253367.6299532282
734899642.1064962149 253818.8711946832
734327414.3638414145 252006.5106752741
734967204.7192034721 253847.0788496363
734415961.9647173882 252046.1012056696
734573636.0184915066 252584.5526827204
734623772.6805605888 253105.9497774469
