92477591.5763480961 36986.3697048426
96677713.9533351660 48148.6470947266
91929445.4441737235 35118.5246981978
91992089.4443669468 35119.7098657489
92057343.6890302449 35350.3555850387
86801362.6237150133 13198.9723792598
92140301.0496516675 36030.4542636275
96675666.7361746430 48113.7035522461
87851303.3803632110 18813.4374635704
88208191.0817113668 20646.0144393034
92632272.6269638687 37263.4243229032
96154243.9150882661 46878.6194458008
96413180.2782595456 47368.5103454590
86886363.8715099394 13956.9285711646
88306967.7835557759 21399.9072158821
96619454.6915031672 47898.2900390625
88166666.9167574644 20612.5103347786
86502583.7669255883 9829.6446779370
86857346.8830472678 13285.5845921002
88065504.5930042863 20492.7103316374
87915010.9851055443 19734.3576458097
88251232.7831307948 20683.5426657088
96434148.6875557601 47554.9351844788
96545313.6017688513 47790.2346801758
88254122.4569436759 20730.9333212264
92224978.8387968093 36075.6524481773
86520523.0424582362 11240.9373301268
95960083.9202533066 46241.6489295959
88870624.6869312525 23220.0342548219
94191471.1581011564 41518.1780016422
96006216.7638831139 46472.4417266846
94206670.2397095710 41537.5641083717
95824084.0930406749 46065.5362396240
96477119.0420992672 47744.5431060791
94149726.3812319189 41514.8749351650
96052906.5900665224 46498.5528717041
86716545.6859884262 13044.9990057349
96098019.4973531365 46824.1616973877
96550308.3110008240 47834.0397644043
86426625.7971475422 8917.7151125073
86713752.1313033551 12367.3185183406
92673140.0276919156 37265.0096351057
94292245.6219471246 41551.2289910465
96777573.6064025760 48189.6618041992
96435085.4051753283 47561.0601234436
96784188.3505977392 48201.0222167969
92746033.0408599377 37279.0468050619
96391772.2319081724 47348.0237731934
87006354.7096368372 14090.1027528234
92299865.2672181278 36351.9626003504
93758740.8727116883 40602.7610969692
92444711.6491744220 36468.1508469582
93826288.2998688668 40611.5951754749
96669693.0644432604 48089.2394409180
86931114.6689382344 13993.3727700077
96790462.5691329837 48424.6417846680
86642405.8721908778 12196.6804920994
88326269.0269978642 21459.1081853425
86739759.3357573301 13081.4432045780
96363344.3388324380 47315.3255920410
96722391.0370334387 48178.7442016602
96604320.9272821844 47859.5711975098
96438444.9972093999 47666.0163269043
96774244.5904787481 48179.8728637695
87911340.4023786038 19650.3886971921
96508342.3505230248 47762.5744628906
88061282.9658941776 19840.0520111807
88219532.7951425016 20657.5944367293
88696940.9478152394 22523.8895253129
88420029.7452177256 21508.6485864967
92919734.4866406769 37825.3710314413
87982253.4644451439 19807.2249777205
93235634.7957924753 38836.3398147672
92824247.5698130429 37473.5907818079
92917692.0952097028 37780.5219341516
86914189.2083471864 13989.5540167503
93862342.5420741886 40615.8309684694
92603562.3884315044 37146.1148296595
88322463.1609683931 21456.8053610213
88087886.4880442023 20544.8757955916
86566683.6739625037 11465.3528122306
87742096.9675754011 18764.1763170101
88785193.7939594537 23203.0065590292
94148550.6146960109 41268.6055202633
88816724.5457098186 23207.9750330299
87809503.8409305960 18811.8546698578
88525079.5356680751 21566.5293701179
93877927.0195830762 40696.6650753766
86499055.4210528433 9785.8416808043
87878176.7372310609 19580.3930452354
88850727.1362495273 23217.3830914497
88619610.3560814559 22368.1568576642
86463486.9989261776 9774.2427091245
87678366.1468677670 17781.4567022324
93197053.3881850392 38740.7424713224
87513072.0275279582 16916.1869818121
93059675.0292175114 38145.5787960291
87593908.9804767221 17662.3967178017
93639246.2585750967 39908.4654910266
93401219.8427488655 39403.9180327505
93394101.0715875477 39297.9779678434
93199912.3127260804 38774.9201632589
88769524.3916445673 23004.2253382057
88542727.9362824261 22296.0454676002
88887127.1092742383 23274.5931298761
88952014.8817453235 23326.0202738084
86512042.9113686830 10398.8222727403
88563360.8633611500 22368.1510971077
86452273.6087233722 9669.1866771225
93442096.6709300131 39681.0279570669
93717212.1722107530 40346.8723803610
93189528.8402251899 38695.3749699444
88444956.8526415229 21533.7812369504
93748862.0853768885 40527.7025628239
93716750.6133923382 40312.6761580557
93358228.0288642794 39265.0563980192
93415922.1541126668 39605.9694229215
88632910.5428614467 22414.0907083787
86691047.6041944623 12304.6407075524
92978624.1291189492 38070.3134064674
88289434.5859311372 20776.7066824324
93007175.2425418198 38077.7253744602
88398622.7600627244 21502.7449722923
87690638.3229042739 17910.6748377234
92942629.8692460507 37843.7306743860
96269853.6953868270 47079.9959869385
95973182.7685068101 46321.3705291748
93879376.6154297143 40813.5882136822
86552570.8262148350 11363.4442099929
93649241.7209569663 39998.1024908572
86669367.5698731393 12275.3737754226
86974485.3845517933 14077.6398681104
92943542.2281969041 38058.0443950891
93182321.3511604965 38644.7712017298
96205753.6556755900 46955.7776336670
88658152.6073330939 22447.1185379662
93544379.5429367125 39883.0209952742
86761876.0172102153 13161.5264438018
86608473.6336867362 12152.8668955564
87400496.3521020263 16100.1962324977
93256000.3333120644 38996.1568957567
86494752.7856661230 9783.3535038978
93052168.2354981154 38087.3019939661
87724146.9370720387 17917.7468456179
87140130.8605730534 14874.3883901387
93635756.9585432857 39894.1725373268
93241755.1273328662 38969.9739605188
87128261.7186417133 14864.9835718423
87686154.5913063586 17814.1167017370
87105994.9812766314 14106.3904016763
88388063.0331591964 21491.1627403479
87234880.5002387911 14896.8738562465
87451614.0610077679 16859.2140070349
93038187.5505056828 38078.7444608670
87552565.1248447150 17044.9260584265
93108588.8415149003 38152.4351650476
94141892.4324658066 40899.7076803446
93127715.7958304733 38251.2449189648
94021124.4185659885 40896.9313614368
87739796.2901467532 18607.8181787878
87617160.9431734234 17753.0901562124
87732373.4435039908 18573.8276339918
87655355.8407772034 17771.1435724646
87430911.9810021222 16764.1006940007
87526623.3284420967 16949.9085642248
87514076.8224216998 16931.3788463572
87553603.4500628412 17660.8125940710
87299444.2139149308 15076.0235721022
87352312.3039036095 15842.9791537672
87263195.2418761998 14981.2323211730
87209407.7227707505 14888.7105441839
87189988.0001734793 14880.0055514723
89507078.6992804855 23386.3010910265
89430364.2851024121 23367.9648217894
89421723.2624392658 23354.5880982429
94630711.5942956358 41609.1217428595
94875463.1609873176 41627.7593958378
90028604.4555415809 24445.0728378110
89969088.2772670537 24409.5320300818
89862131.0403450876 24360.7169079706
89593822.7100231051 23517.1650945753
89800019.0326290727 24336.1236132383
89823119.8724598587 24360.6163042784
89528335.3234337866 23448.6867388487
89881542.0576869994 24389.5465582268
89740972.2981867194 23727.5174789242
91866388.7312041223 32347.3245958090
91774742.5323273838 31444.0391114950
91800816.0191760659 32046.4542878866
91761160.7790433764 31425.1583932638
91693063.8164925128 31103.1445001364
91829129.2498990148 32288.7400544882
90300963.9998425096 24703.0154551523
90236606.8907487392 24670.8063558893
90231346.7483230382 24646.5703118891
90587447.7173842341 26179.3167092940
90374232.9793150723 24712.4040939142
90719354.4322911352 26505.1875544349
90698338.1090110987 26503.5618720939
90428075.2179659903 25587.6508684000
91161498.3568599969 28314.2959623476
90875735.6529569775 27402.3663969180
91129460.7174641341 28296.8304947615
91369405.4358665496 29189.3703301214
90785165.9304592460 26868.5186093291
91641864.9266879410 30119.5124500990
90822881.8732316196 27083.2953480026
91574609.5051457435 30048.8777149916
91525880.6938839555 29896.8982778788
90688805.5649413168 26491.6295071086
91161949.9476232529 28358.9989168644
91654628.9895021617 30807.5031727552
91500950.8941315264 29545.0098775625
91349993.2488192618 29137.1865700483
91071116.9257755280 28163.8442303836
91307993.0182975680 28993.3084596395
91264726.3412739038 28875.8374489546
91336575.0127298087 29032.1448191404
91054917.5676473528 28084.9190930128
91041558.3318064958 27655.8174955919
90979831.9623958766 27511.1514172554
91119621.0499410480 28269.7445874214
90767360.4460420609 26530.7199932337
91179678.4036652595 28361.1598520279
91203277.8580143005 28365.3740770817
90907147.9869670421 27442.6495586634
90966056.2844339311 27487.5687460303
