448901539.8286433816 332728.8607974965
462318941.5269397497 489332.0392950941
462303380.5546904802 488870.3857306410
467342275.2120907307 539758.2310595913
512634799.2882785201 810177.8339645889
513213282.9112934470 813058.0690720108
519185777.4468710423 838311.1473774407
541052962.2415854931 918314.4153442383
540582650.9070897102 916442.9630737305
541196858.5256890059 919660.0543823242
543861458.2827599049 928001.0983886719
545465943.5277651548 930572.6239013672
547249162.8883948326 936003.2470703125
546862400.8500707150 934957.1306152344
547957963.3575015068 936120.1129150391
548003620.1903800964 936175.1381835938
545661239.1472520828 932016.1798095703
445784236.3895434737 253629.7360016068
446605432.1110661030 276305.2428447530
449018378.0991179943 333374.9228671007
448696431.2111068964 329431.0441243462
448980664.3711117506 332934.3208773546
519302078.6885237694 839106.3872456048
542983420.6523807049 925499.4259033203
543428264.4044258595 927475.1833496094
546032096.9589518309 934080.3531494141
546455672.7880913019 934180.2684326172
446069581.0292223692 258281.3451443501
449172082.1252912283 336684.2968295030
466459590.4733426571 532319.5323291225
467308425.8702406287 538779.6798912821
445922325.9845383167 257169.9148539572
547835226.4609016180 936038.3122558594
449100321.5746487975 336416.4036348471
449845592.3465595245 347878.2035395168
449532540.6046435833 343968.1176020168
466192888.7173654437 529787.0738092810
483433357.6950891018 655923.4395568143
513013297.2150217891 812278.2439636671
467547149.2164227366 540084.4273486538
484321105.8076569438 659989.2017028104
484494053.8338077068 660697.7583174477
448878025.6560965776 332657.2835332416
466994446.1598045230 536437.7448297888
466899015.9109777212 535962.1163134975
466687381.1150631309 532936.0525080115
478435217.5699027777 620437.4982151064
479939967.4012402892 632880.1852437900
480158671.1798861623 633969.0732902484
518314862.3660123348 834683.2603840325
466656956.4108821154 532887.1367365271
445606988.8252502680 250023.7333551010
446844211.1794327497 276797.2395866886
446859065.8048281670 276797.2795033231
448941495.1733714938 332895.5712447651
479796255.4576005936 631088.4226240562
541744618.4745428562 920886.2582397461
544664883.0771732330 929788.0354003906
445568539.9960374236 243162.9045598840
517999910.6655843258 833878.2254909966
558383365.5105645657 944948.9381103516
465986311.0673434734 528074.2326990515
466795457.1121071577 534157.9023923054
480003339.8400579691 633099.7483076500
518568932.1055028439 836866.1179584954
519774513.2671775818 840583.8538888395
518869668.5747851133 838243.5736469720
461799183.2425529957 487353.0020636488
466395285.2541390061 531549.3645349890
479544638.7845467925 629034.4333727108
543464223.2562506199 927742.1027832031
446693405.8332736492 276719.6977532282
482867457.8870021105 651619.5502133984
512898917.8379977345 811508.5579636124
518427564.1732975245 836043.8437652588
543953316.1161565781 929170.5270996094
450855109.7374238372 359550.2619622238
482676684.7066124678 650053.9292417187
540212312.8599145412 916193.2329711914
541551581.9115126133 920493.9735717773
541225809.0719395876 920469.4328002930
542337635.7911815643 921785.0177001953
448807068.1402108669 332371.8814242296
517985758.2677928209 833340.3877105713
541838848.5817356110 921132.4600830078
557216226.2004148960 943086.2287597656
514116514.6969582438 816319.3569652289
514212839.7787944674 817386.2063364089
557886723.9296524525 943965.1534423828
450753818.0521320701 359327.0114937313
466744321.5566658974 533043.5106271505
482522960.4414802790 649108.1748901922
542573223.4490345716 923787.0124511719
542873707.8557828665 924461.6818847656
513498583.3916878104 814482.2146392465
461417575.2309532166 482909.5652424041
518677939.1555435658 836888.0068511963
518821042.7704564333 837198.3174591064
449291768.0170731544 340054.5344151519
461791859.0771282315 486478.8184560239
482030339.8639902472 645939.4747739453
557491115.2775971889 943824.9445800781
449303451.9376373291 340252.0296808742
449021200.3310446143 336245.7815707140
450665602.6794540882 356204.2560005672
513166717.9695128798 812534.8340866592
512956191.8520891070 811594.7945358780
449215080.9348273873 338065.9317171983
446073710.2892515063 260707.3112521209
450854924.9935047626 359350.7263053209
464407006.6461617351 512644.6668034345
464617841.1567497849 514263.0043888837
464446265.3132271171 512677.6174870282
464287578.2024054527 512130.0126896650
450474631.0221094489 355646.5843697079
463949422.8549686074 508929.6711369306
463607084.8584777117 503756.9916164428
450547657.5581640005 355909.5038249381
450680339.0110033154 358129.8148077317
463629133.3019475937 504502.1548809335
517192918.2877131701 829138.9517116547
481025442.5330390334 638674.8396450179
481490614.3778038621 641408.2131191390
480913733.5337949395 638185.2702480452
480553606.9794666767 635987.1194669502
446033362.3224477768 257487.7346266787
463567690.8554935455 503489.6240016967
463811243.6856049895 505925.2631215602
517394918.7164116502 829746.8475867286
463869050.7468363643 506472.4431502819
517208909.8238628507 829294.4158229828
516813085.6896861196 828368.4316921234
448599593.2179453969 322027.9240632132
514823010.0039229989 819146.9200748354
556631851.9247720242 941976.7098388672
548721204.7758685350 936200.7171630859
463398342.0143772364 502832.3143093139
556120029.7677514553 940636.8067626953
463237972.3851174712 500937.2441978008
463224939.1189706922 499779.8216216881
556083090.6893754005 940445.8060302734
462884473.3744544387 497837.6630523521
486354276.3273429275 668055.6121221632
486410732.7526275516 668693.2905153912
448364398.8495013118 317905.6130280569
448459258.0557875037 318963.3124445931
486501930.9856397510 668811.4632168561
516755824.8203667998 827576.1870498657
462513732.2999840379 493823.5563628990
463001061.3794775605 497974.7939727623
486180708.6646060944 666994.8000799268
486223514.0513351560 667871.3323370069
515086181.6223762631 820204.6164293885
485962530.1288064718 666048.3586943820
515601827.8587008119 821913.3968965113
448253128.7241442204 315174.7103180960
515874101.5179467797 823224.1307321377
447689987.9843090177 291420.6476595933
448194845.4503428340 307631.4095810056
462801068.7987574339 495193.2508439068
447313164.5458367467 288755.4239002997
447153864.0665005445 287007.3048817450
448216042.6720991731 309647.9271934628
515748104.5731297135 822800.1288528442
554428004.2503999472 938348.8703613281
448049815.5306976438 307056.8523033261
448022350.3976963162 304255.5345978737
447153195.8122286797 283934.8565077567
447003834.5921850801 277196.0931203142
555209617.8275452852 939544.0201416016
460691936.9041208029 471462.2309923749
461070963.5112740993 475612.6331151333
460738423.0204876065 472483.2550633755
460440118.3075136542 469093.7361242380
554370347.7713830471 938296.9340820312
459889892.4683213234 461421.1430247333
459776817.0119763613 461053.0246374216
460118666.0656619072 465326.5726720896
460343904.2140571475 468048.6328527536
459689950.9778476357 459820.7501623239
554029904.9801478386 937724.4187011719
553469443.7787992954 937305.5576171875
540204818.0314699411 909601.9512939453
553742237.1480187178 937343.4965820312
553015859.9154740572 936541.0747070312
453366304.2506272793 370892.9292539014
453509812.9719205499 371416.2174617629
453341323.4097732306 367342.6235898389
539607940.2334924936 906897.8695068359
448019063.0414849520 292477.6230443865
447987730.5758938789 292435.0490087420
539384816.8877706528 905327.3394775391
453357857.0862572789 370649.1171985557
453021826.7493444681 366770.6182187451
453095001.8454375267 367156.4910715865
539418372.1125966311 906000.9864501953
539778576.2560170889 908514.0577392578
473201092.7900272608 575344.7490710951
478015155.7359903455 610842.4731325097
459431076.0044446588 441883.9911525529
478346172.5141665339 612762.4606565423
478185525.3535383344 611849.2305091508
477737461.7632874846 608082.3613397069
477807827.1587844491 609763.5600217767
477793121.8422678113 608778.4325808175
477757962.8168597817 608392.0181352142
477728551.9775763154 607696.9412232228
459580530.2794781923 448397.1212809365
475189307.6216786504 587515.0541963726
474945688.6925311089 586157.7275023442
474680078.0231654644 584809.9059691411
474345710.0015661716 582268.3254007385
474258742.6572163105 581099.8429198246
474334990.9914927483 581819.9304881077
474273202.3364903331 581200.5418656524
473964848.0887786150 579948.9228758793
512576410.8932701945 799446.2831522822
512465007.6530131698 798967.9291087226
512126678.1106111407 797933.4681712226
511146877.8829841018 792943.4563213424
471873695.6583504677 562194.6798129436
491505694.5286723971 684001.3852390005
471506069.2982519865 558054.1221957561
490965891.0776587129 681322.1356765209
490474306.3476424813 678344.7496138094
471821166.5988329053 560445.1514712330
471651795.2686676383 559417.0572329517
490282149.4207240939 676230.2293501375
511608966.4069921374 795166.2398147164
510827890.0332593322 791005.6770337478
510296462.0300444961 786809.4767810348
510303549.8022374511 788490.5056506637
509821892.6958341002 785692.7470447067
470956335.1380228996 553215.5163715538
470615709.7125852704 550330.9185407627
471040634.7919325829 553289.9536987003
470484323.1865312457 550011.7002807315
470263690.0917305350 546569.5820820052
510293219.7447194457 786628.1566793080
508702334.2167839408 779876.8431844711
509199806.3016285300 782627.3958602548
459264419.3558518887 434977.4802556643
493886036.6224851012 695583.0744194565
493076941.6714972854 690510.9824061608
493117945.3549914956 692020.3697352624
507470469.5385720730 769686.8587572575
493375869.0845087171 693305.4401449878
459185835.7230445147 432140.9085043827
458872048.7905287743 428018.7556482414
507818530.8202273846 772550.2256383803
508413940.7505481243 776242.0546304584
458630410.8992630839 423896.4446130851
493003713.2705380321 690359.7161236916
493105685.4917429090 690802.9748017703
505927906.4305986166 757651.2220260471
505612839.1560181379 756043.7348170250
505283918.1684926748 755447.6289668053
505102983.0591636896 755306.0499730378
504439737.0363415480 752131.1403408318
504285086.1382504702 751070.7484798103
504947638.7970792055 753204.1729336053
504251252.3209040165 751059.6397915154
503692460.4386867285 746422.5862056992
457812057.3373852968 404432.6523024347
458263706.3228783011 413860.0068666944
457873283.8039777875 407325.7632448683
457981448.1399625540 409876.1505739698
457850209.2899827957 407118.2214357862
457564147.4928490520 399726.3011281826
457611915.0702666640 403711.7405813076
457917231.0172324777 407695.7476613857
501476635.3787475824 733436.6191483706
501659513.0193245411 734799.8551276892
500939488.3829609156 731515.5716723173
501067971.5122706890 731739.6100331664
501354811.6161044836 732609.7328618914
500718976.7773568630 730271.5646840453
501377987.6596746445 732941.8295785307
457483079.8954155445 390509.3641036432
495386163.8356307745 699361.2157347809
457454439.4269305468 381347.2283531795
457482586.8803901076 385181.2678516638
456676913.3441092372 371604.0795070659
456665762.4406625032 371603.5136549007
456882723.7282746434 377165.9865912227
456709847.8727422357 373141.8264365625
456752497.2281985879 375184.0291072857
499114676.8416368961 719931.8310990145
498876920.5402132273 717706.9363789370
499147244.1663484573 719947.9800343325
498759833.9508607388 717598.2090763857
495661177.0953023434 700871.2871674288
498469105.9111865759 715442.4337449204
498521210.1795403957 716333.8419661324
497006020.0592486858 708607.9599767316
496892220.6628696918 707368.9163976300
496467032.7128821611 705611.6596837628
496804541.2809885740 706958.8821759808
496296689.3906589746 704762.2840314496
495913501.3578158617 702753.4694500256
