773727372.0168495178 91972.9786518689
773881529.6796602011 92307.6867274018
774003266.2997224331 92399.7014795244
798637217.8962901831 107267.0328174382
831226796.7316130400 122550.9164733887
830924855.4093871117 122392.4163818359
831278830.6414215565 122567.0393524170
768158851.4877209663 88510.7384474717
798678698.1500648260 107311.0032258667
798899791.1270331144 107499.0011119023
798205299.7153340578 107153.6039043218
798615435.2690273523 107251.1218982674
798249949.1499391794 107175.7532878667
798680713.6063293219 107371.2895828038
774484512.7697777748 92522.3309596600
773835589.3609719276 92294.0022997623
774012737.3909636736 92458.3416946949
798264305.6907435656 107227.4693218023
735431200.4653284550 55993.7130533714
735696884.1070263386 56360.0594066639
831003021.6632454395 122408.8941993713
735415917.3012645245 55991.1895548363
773840950.9314333200 92300.5151748555
831118887.4167480469 122445.8246459961
849287005.3617805243 124776.5187988281
830821954.1497676373 122332.4064550400
735562372.6802817583 56256.4798466225
836132924.0023179054 123658.7562103271
723798750.7468492985 32560.3785811661
723676486.7862544060 32399.0764944221
735725552.1460366249 56552.7611277834
833479129.8593893051 123163.8356323242
833577859.2927634716 123200.2623519897
833798107.9367206097 123344.3724517822
851313767.7529978752 124811.2729187012
736731959.9110828638 57939.5036620159
736753096.9876792431 58000.4420026798
767721333.2685033083 88137.6787878810
767798351.0419421196 88315.2088934718
723801040.9103485346 32697.9815803885
832087821.4781758785 122902.6887817383
736617419.3637638092 57733.9767705162
736416211.7510931492 57612.7986144085
736112524.4674811363 57181.4142996330
723660625.1012980938 32125.3785533733
723443223.7925081253 30668.3379187009
723635214.5155011415 32121.0486808288
733359232.6313952208 52591.2957264536
736086817.4244562387 57067.7836538811
735973569.6130322218 56951.4644705315
735741324.0519202948 56696.3306509514
735375539.4694120884 55910.5566717644
723358306.0149321556 30024.3184021056
735442872.7507728338 56247.8925196190
735598344.2291100025 56359.9746500511
724301705.8422061205 33185.7398550641
724178203.3354630470 33175.8139140180
764609855.9759888649 84635.8618731004
851167380.0090852976 124805.6257019043
732572281.4866249561 50924.2946833862
732819197.6682567596 51459.8521755521
768626164.0578448772 88732.3985886978
771704826.6082097292 90708.9036836659
734977736.3318961859 54986.3679546403
850301312.3063321114 124794.4858703613
734621897.1630222797 54335.0630077409
734771087.4506516457 54620.5497516642
734851201.8015400171 54698.8350825129
734672620.8523919582 54608.1438259172
734921102.7352026701 54728.8158840226
734344863.1066229343 53937.0485328721
769028304.6287975311 88923.5849551901
796688818.4549840689 106167.7579294238
734464171.9210293293 54010.3938200498
796517616.7179654837 106028.1749187503
772480757.2092088461 91442.0014935007
723572353.9898900986 30858.2378726863
743350136.5254167318 63477.8424782842
770760251.1586316824 90209.8832238398
771958459.7886372805 91065.8407491369
772114881.9650050402 91117.1640218419
849993738.0762672424 124784.0797119141
730828208.2839875221 47148.1660517460
734216072.4825882912 53654.6076454210
743492911.2445081472 63545.0897812932
730870332.6358965635 47264.8376496291
734170359.1776232719 53633.3831581163
743693078.1596285105 63871.2626988977
835603244.5675791502 123487.6229248047
835807903.2997808456 123556.8081665039
835655953.9553290606 123550.3829040527
833317576.1550042629 123100.5462417603
771402771.9913808107 90639.2090195341
795528424.5087279081 105387.6688671894
771878850.5407022238 90948.8357057142
733938844.7262636423 53260.3248218583
733669874.1038469076 52925.3558277177
732867266.9459211826 51633.4655260772
763202731.2647632360 83708.2912885052
832887077.9162876606 123047.8049392700
743557172.5950771570 63571.3135364219
743622325.0068296194 63833.3892731756
795862491.2491492033 105634.5545903035
763382776.8624817133 83797.4100858074
771871481.0069851875 90887.8326992912
730773909.6016086340 47096.4687332964
730656222.5187895298 47065.2571161991
732045552.5770627260 49628.7977869843
731881437.1379326582 49401.2857172821
795606268.6816495657 105461.4542485066
731954270.4860063791 49562.9074976776
731812536.8557920456 49243.1909652237
731542625.3682543039 48815.5912499387
743294267.3004046679 63331.3433766454
771814409.3211934566 90871.0437668485
835421701.9248281717 123437.1500701904
731659828.1323509216 48926.6299107845
731736183.3048136234 49188.2279780243
771902914.2673735619 90982.3058823270
796294547.8055304289 105865.2535992451
835630341.6103154421 123512.1075744629
731524917.2531362772 48494.9218506558
743817258.9319907427 63952.8741517156
835304199.7228502035 123432.7897033691
795962421.5255964994 105669.7618656941
795870472.9710744619 105658.6966191120
848625561.8179720640 124601.4296875000
731720367.3772757053 49048.2120556418
730266869.0942246914 46031.2567545634
743566086.4482246637 63694.5391297429
744519759.0829420090 64447.9460452507
744286372.7809022665 64314.5596565770
770965082.1206433773 90375.7737391067
771227485.2527964115 90478.2779817430
835432502.3336778879 123472.8586730957
769518870.8527848721 89216.6899476083
770336319.6744492054 89892.0757258011
770656341.9717439413 90128.6354029251
770528152.1443094015 90026.3421463927
727824827.3363403082 40316.0683522449
770054405.8909268379 89667.8006754478
835222730.9710563421 123420.9150085449
835520350.4525247812 123477.0309143066
731223406.9793245792 48024.9953611499
730604694.3635929823 46840.4942130788
730465822.4088410139 46392.2176199444
794126339.6314915419 104502.4298535474
794418638.7097533941 104559.4905682690
730522154.3082304001 46720.5644587284
848932091.9175016880 124668.0111999512
727950882.8785002232 40381.8207994924
794473436.9881025553 104668.6690741964
793833062.2649830580 104221.5901833475
769211104.0324790478 89005.4114640991
769976650.5035350323 89524.0494340698
794647501.5317975283 104760.2116614766
769299195.9193098545 89152.5964311401
730396827.6338186264 46390.4256342655
793900151.2938369513 104341.5341247842
742824602.4110171795 62544.0924787084
743054065.7167756557 62869.8715581457
794074065.7768386602 104348.0664581582
794261934.6147080660 104543.4020752236
765318879.2452217340 85167.4905656170
792797565.7660821676 103610.5366476681
766525347.7403486967 86347.5016809534
793048013.7911630869 103743.5555075314
792622108.1645749807 103557.3063162472
728085080.1427357197 40472.3014793453
792967276.7022470236 103699.8537327573
742591060.5224797726 62103.6206458064
742772144.1402993202 62287.9764343406
726215334.4679024220 35088.3954296525
729378360.0106647015 43326.4935762012
742588356.3982412815 61758.1201179652
765398425.8673979044 85327.0235522579
729152706.9924232960 42782.0416757182
846708453.1811510324 124408.6978302002
729163844.0151288509 42906.5407296732
729036238.3127800226 42530.9615569596
728967747.9742192030 42518.2948285357
728875053.4513599873 42179.9719830031
728660098.1036783457 41856.3151226515
728649327.4565094709 41813.5959521110
728823885.9607703686 41880.5217486198
791083692.2598534822 102228.6357262304
742492333.3630669117 61755.1215149070
846443643.6575402021 124329.3686599731
728181810.5781871080 40557.2851095443
728243300.7073895931 40805.7429271514
728280102.1803592443 40810.8908091374
742365008.9718959332 61503.2187066957
790978236.8605612516 102205.9884178808
790775058.9097989798 102030.0277397802
790667786.3424972296 101903.4986946752
848023936.9540916681 124546.4187927246
790930296.5961743593 102155.9033806493
725804295.4401767254 34734.5421395919
790864498.8180953264 102124.2996056249
790746349.0403543711 101923.4143241589
727516714.4019768238 38972.0860957634
741180434.0629893541 59660.0262096739
741335323.0536106825 59890.1444914831
740802939.2531656027 59163.8341458702
740975356.2637783289 59207.0567558992
765890485.3977229595 85819.9519479107
790408702.3953791857 101557.2490942647
727345713.8664722443 38105.7157720501
727423787.2005352974 38350.2379420063
765806164.6799975634 85667.5075318645
765735361.8180534840 85616.6679627727
765626843.6032724380 85574.1979310345
740912760.5913900137 59184.6800695161
726296915.9105224609 35247.2051859069
727373764.8514583111 38320.9187522166
727183039.0446550846 37816.2616627999
727093215.5872976780 37719.3457616159
727040594.5879318714 37366.1862659045
726887699.0931606293 36932.6272633160
726565317.9806013107 36352.6751924102
726374004.3799338341 35317.6374026024
726415895.9478547573 35330.5252066761
741033491.4314213991 59384.4349104191
726457985.2251822948 35339.2032448016
845718091.5601017475 124020.8799743652
762699753.1672495604 81680.2396381177
762884398.2059826851 81719.8550040960
762930723.9267501831 81720.9344567187
829661153.8997938633 120437.8211975098
829714631.8133878708 120507.7324142456
762979691.9935437441 82039.3890979565
830003812.1672790051 120566.1056060791
830048128.8076276779 120691.0960083008
845581395.5249898434 124016.5247421265
845927075.0290818214 124188.3888549805
845784684.7653766870 124138.6195144653
846185445.0406702757 124253.5177154541
846262927.9756675959 124262.8479156494
762608446.4951852560 81474.4820285729
789666899.6270697117 99743.4979385505
789491809.3143806458 99574.6295723091
789681281.0062699318 99896.2595123420
790082377.7439825535 100129.8462624786
789930306.3727235794 100040.5643468139
759560918.2919206619 77967.5131069929
759310184.8343641758 77601.9041292616
759754933.6635260582 78066.8613260737
827998487.0566717386 118923.1410939693
828242093.4267081022 119254.3266484737
828248009.9192284346 119292.8071858883
762145175.9435850382 80629.7425686675
762409257.0792818069 80994.8144542533
829001384.3305621147 119646.2878835201
829214787.2236933708 119666.5534474850
787660040.5581879616 98094.5908974857
787865728.8427674770 98168.7115959858
788316233.2037482262 98451.5844470877
787743244.9170587063 98136.2407232666
786865188.1371293068 97639.4007830208
786632861.4779314995 97411.4579301561
785129797.6953318119 96278.8051184590
785124297.5215780735 96272.3554419453
785156467.6964261532 96279.7143896992
784373529.7353892326 95599.8284058378
760502958.2509045601 78671.5900339205
761076233.6529484987 79108.1637859498
760765399.0035532713 78880.7213092004
760683962.2361992598 78766.5178014174
760728013.6391292810 78870.3008241807
760349606.1039816141 78505.3786964570
760324672.6088396311 78475.1076393281
781220287.5077567101 93174.9231902644
781727451.8659393787 93710.6561825559
781342408.0147030354 93426.0516364858
780916047.9718875885 93081.1009549782
780692299.2548727989 92793.7307933145
781106390.4227166176 93130.7545955465
780814286.6235737801 93010.5733058736
781242143.8392701149 93264.0444138334
758870315.7179025412 69249.3924460774
759081122.0524848700 69640.1231179601
758942675.3231250048 69291.6465897923
758827620.4414225817 69108.3686662083
758718136.5517686605 68791.2213568520
758725255.3448897600 68879.3814074416
758528894.0149050951 68739.3929334050
758360964.6251233816 68467.8650668031
758244240.4146834612 68395.4514613515
827690335.5008642673 111627.8496195078
827260236.1384797096 111357.0394846201
827269340.7279951572 111422.1434122324
827676250.7803075314 111556.9835764170
825455457.8872982264 109555.1335670948
824865943.2890974283 109326.0696184635
824844716.2906135321 109292.4178164005
825063215.3662701845 109443.2779619694
825014736.8478876352 109401.8188040257
825259702.3664072752 109516.0386431217
825512830.4656971693 109574.3660885692
825429913.8287274837 109522.3435665965
