238916290.3129703104 1585297.2578125000
226017312.1478937566 725058.0155075416
229375418.6081843972 1153322.5962246507
235842952.5113899410 1509717.8005371094
237094823.8708778918 1547635.3769531250
251581925.6278801858 1629540.4365234375
235981689.7851275504 1512355.3615722656
237624388.6425471306 1560352.1037597656
239313219.8324264288 1590244.6069335938
227214955.8738765419 916354.6485299475
231974198.4205208719 1337954.0248718262
237777832.0046450496 1565064.3750000000
243774339.5218473971 1621128.2592773438
231038637.8142051101 1280491.7856826782
235833324.1065622270 1509577.9313964844
238960821.7251108289 1585435.8759765625
241115062.4202611148 1613711.1992187500
241591043.6352703571 1616129.8862304688
235847483.9071477652 1510071.1337890625
240238793.5816318691 1603144.9204101562
226832385.0897234082 865373.1164348354
231719031.7219299078 1321768.3218688965
238087004.9804847538 1570730.8808593750
225691350.4369384050 637530.0292903238
234126630.4697681069 1442955.5146484375
233638327.0478056371 1420134.6546630859
229595759.8595614135 1174523.0404715538
237374683.1161787808 1556369.4226074219
241004161.9287588298 1613696.6928710938
226935139.4134108126 875894.4685161342
233738479.5824175775 1430765.6334228516
235934471.7237494290 1511623.2839355469
242725278.6432702243 1619123.3168945312
243325807.8273359537 1620473.7373046875
243578234.3201477230 1620909.6416015625
237771448.1966965795 1564165.5734863281
237385305.4006169736 1557265.7160644531
226903181.6943604946 871818.7718818416
233653149.0808151960 1426275.7637939453
235777619.8836383522 1509148.3962402344
237328325.1331584752 1556069.0454101562
240675377.7970314324 1611064.3051757812
241588440.6892552376 1616079.9833984375
225672593.1938640475 626316.1270468289
235549057.7829473317 1499006.3884277344
238036357.9924220443 1565441.0908203125
225712621.9037420154 637802.9544484168
226768744.7704775035 856948.8080547084
231142738.2830226123 1287859.8940811157
225931607.4338902533 700816.0318067500
226874894.5926608741 868526.1017656242
237680525.2042291164 1563250.4560546875
239005469.8154178262 1586180.7373046875
227362792.2014152408 930832.7355887301
240482201.6326635778 1608873.6704101562
225723873.6273384392 646287.3363498875
231803423.1734965444 1327137.8527145386
229423473.4444356859 1163262.2179287523
239399637.5759068429 1593955.2861328125
226905894.1806664765 872555.3754973640
226832568.2703597844 868178.2418315639
233545175.5417037904 1417803.0826416016
235739217.1463866234 1506880.9851074219
246051046.4306579828 1624206.8271484375
225994779.5220235884 721175.5879355946
229341615.6549519300 1151023.7524136156
231074557.1427306235 1281036.5564346313
235384995.2613923550 1496395.8859863281
225881408.7311471999 695663.1480685973
237135209.2637669146 1548879.8630371094
241155123.9680813253 1614483.7055664062
235441194.2886437178 1497850.5822753906
237180228.8232717216 1550869.5798339844
243681626.4428696930 1620951.2363281250
229245946.5480747819 1143642.3576687425
226130152.6640061140 728079.7423545399
238721826.2369244397 1578483.8281250000
243052429.5233676136 1619902.6215820312
242784637.3496310115 1619275.1547851562
252828321.9964085817 1629858.3857421875
227508639.3029079139 935166.1369559176
240738343.3746763170 1611732.1137695312
231422691.8790749013 1299112.4552383423
240903893.4738135636 1613013.9511718750
242021808.0621027648 1617100.2836914062
235737151.6261624098 1506756.0617675781
242856980.2819201648 1619555.0341796875
251226083.4959104955 1628610.4707031250
229340886.3752105534 1150136.4599636644
227305155.8705030084 927329.5495767004
232074851.6062182486 1342740.2616882324
244899735.0760111511 1622007.3784179688
251458117.2032448351 1629003.3281250000
242353958.6255681217 1617719.9555664062
242831210.0918122828 1619507.8823242188
247940706.7769894600 1625512.4975585938
229385780.7043912709 1158797.9667996019
235766423.5636139810 1507075.4909667969
231844511.8396538496 1331689.9060974121
232854408.3231255114 1382253.9061279297
225896272.3516243994 696775.9188726374
243160925.2420965731 1620244.6494140625
225778397.7717411220 665012.2848230207
225847763.9449890554 690681.5122755000
225938765.1591859758 710980.0480186024
241349659.2680621445 1614882.4721679688
241388031.8698070049 1615293.1035156250
252841807.8026795983 1629883.6118164062
226876935.3167077303 868526.3683111079
242403416.2445446551 1618572.2397460938
225791650.5317960978 668317.7119224535
231654908.6154122651 1319782.2565612793
252643453.8941354752 1629808.6157226562
251126709.4064601958 1628327.7211914062
242481164.5105371177 1618842.8901367188
229154228.1542673707 1129504.8599880785
227273752.7328243256 919185.2315821059
240666872.8504914939 1610909.1484375000
227360901.0540948808 928810.9298238165
241445229.4772218168 1615371.1059570312
227244022.2440768480 917554.8237752325
236816058.3709707856 1534544.6120605469
231290970.8627615869 1295770.7003555298
241911924.7801051736 1616703.7006835938
227046345.8106773794 882428.9264459021
227203219.7422288954 915271.9082631476
225766024.9229951799 663838.2703882062
233815136.4274820089 1430984.5694580078
236752754.9953998625 1532769.3471679688
247072087.0530776978 1625203.9667968750
233070719.4683840871 1396689.2593994141
236415224.6437207162 1521440.0083007812
231481768.8241063356 1308296.1522827148
232826772.2532214820 1380729.5634765625
236719046.4449123442 1525152.1809082031
252671417.6098798513 1629855.2895507812
245063649.3705739677 1622607.0551757812
241352813.2013483047 1615202.4438476562
252482524.3358291388 1629702.8330078125
236910129.1369688511 1539480.4558105469
239625039.2461511195 1595670.2885742188
231203420.3358593881 1290836.8380508423
236941439.1382911205 1541638.4968261719
244981829.3486552835 1622219.5810546875
236095405.8355871439 1513973.3762207031
239668287.2909043431 1597017.9604492188
242150317.4158729911 1617349.8491210938
225863651.1068510711 694344.0244590321
225750571.3824058473 656681.7783273065
242310338.9386776090 1617543.1162109375
227114320.3444763124 902200.3661717779
240895892.5082387626 1612138.3618164062
238464009.1021156907 1573704.3154296875
231623319.4059575498 1317123.9020385742
236883314.5943183899 1538324.2204589844
239522319.1823957860 1595282.1621093750
225863984.5167060792 694363.6299277821
227152387.3046962619 905982.8459848769
238725853.1948850751 1581527.6230468750
227120739.4411245584 903100.8312596686
241883511.2355385423 1616673.5473632812
239071454.5913690627 1588198.6835937500
245475362.8984970152 1623561.1958007812
245735044.1599685848 1623989.6958007812
232991389.1183312535 1393144.5904541016
227102250.4454791248 893164.0542210944
232856209.2014825940 1384483.0836181641
227149441.7912023962 903530.4069432623
225779757.2354108393 666783.7877375835
227059748.9610728025 892504.0500096686
227027799.1745134294 880756.4675893195
232755746.8170933127 1376697.2635498047
245893265.3006609082 1623991.9707031250
225811315.5274221599 676351.1686158979
225825875.6118354499 682920.8116174543
234910368.1446600854 1474618.7617187500
234994299.7329383790 1477396.2114257812
229316844.3804220259 1144441.4347866625
245496701.4109253585 1623850.6298828125
231335528.8817751110 1298864.3645401001
225799523.8896858692 672006.5986047590
235915384.3788501918 1510133.3679199219
236120858.2074430287 1516686.1240234375
252368852.0849982798 1629600.0981445312
236021861.2654629052 1512763.3005371094
232716941.9937971830 1365722.6093750000
231425641.1052140296 1304274.5647354126
232713138.3495171070 1364209.4426269531
229317735.4747912884 1145449.3443630785
233861965.3570016325 1433719.6585693359
235017827.3407434821 1477968.5693359375
225757709.7234276831 663568.4111047590
238822680.4050723016 1583290.1572265625
245138517.0793441534 1623241.9111328125
239843290.1058063209 1598426.0053710938
233428817.8493576348 1407443.3663330078
239937363.7537938952 1599557.9189453125
245020233.5689526498 1622371.7128906250
245427298.9743948281 1623291.4843750000
233989299.7930919528 1437582.0548095703
233952826.0208849013 1435793.7081298828
235189878.4023666680 1485564.8198242188
235167515.3179284930 1485280.1982421875
238558942.9059028625 1575549.2834472656
247138884.9536330998 1625488.1064453125
244743156.7791104019 1621753.7880859375
229957049.7721481323 1189399.9287033081
235164159.9756027460 1482502.0751953125
239322509.6732082069 1591214.1254882812
235333495.5795603991 1491163.5820312500
252327399.8588912189 1629584.4052734375
233282829.4338973463 1405911.3116455078
231243106.1155563295 1291047.7804222107
246868251.8885941207 1625168.2333984375
252281060.4275232255 1629565.4985351562
239822835.0631699264 1598017.0800781250
247108795.7590924203 1625248.0893554688
234211812.8913449943 1444839.8245849609
231007674.8538953364 1275449.4962425232
233311379.3928683996 1407271.1097412109
230850024.1276281774 1259678.3178367615
229998429.2255395651 1196505.3213844299
240228956.5666224062 1602982.8593750000
233160676.9327028394 1399227.9433593750
230085842.0054498613 1203746.1959152222
230974431.6801913381 1271457.1913452148
246309547.4596192837 1624239.4653320312
229962762.2772496641 1196160.5029220581
229768310.7743429840 1177820.3328466415
234867389.3026174009 1468840.5129394531
234720800.6414365172 1463558.5620117188
234617597.5838245749 1461724.1877441406
234551717.4599766731 1457892.3006591797
234710929.7156152129 1463205.8592529297
234457220.2410165966 1454978.4783935547
234331184.4601116478 1450223.9388427734
229799003.8783601224 1178501.8940353394
229841415.1217307448 1186632.5615158081
229886106.4347394705 1188992.7665181160
230923926.1381464303 1268108.8070335388
231034550.4679410756 1276678.9083518982
229748892.6784776449 1176130.3721394539
251422240.1495339870 1628656.9355468750
240095338.8337752223 1601599.6074218750
240030979.2469200492 1600385.7080078125
229813360.1701211333 1184052.6321492195
239902518.9166898131 1599459.2275390625
239896628.4451504350 1599328.3027343750
246603379.0919355154 1624725.2973632812
251055575.0811529458 1627947.5332031250
232636179.6015019119 1360875.9384155273
246723042.5977585018 1624841.6137695312
232320893.1263342202 1344287.6787719727
232672721.1886181235 1360983.8554077148
244618944.5941518247 1621153.6899414062
232618203.1174753606 1356652.2826538086
232541318.0578401089 1355143.9818725586
232511221.9544047415 1351649.2490844727
232437306.9359976947 1349995.8355102539
246294675.4012979269 1624229.2280273438
246557832.2614608705 1624392.7265625000
250720134.9721067250 1627550.9770507812
230736267.1785964072 1244861.2083435059
246663418.4698423743 1624792.7377929688
230747641.7733990252 1245560.8100891113
226572113.7563555539 773161.8023251723
226588626.3415372670 773911.6936978530
250619183.0563276708 1627274.7905273438
226597429.8473336399 774401.6618919224
250532647.9968225658 1627147.2158203125
226751159.8971351087 821074.0697499793
226542630.1145651639 771278.5952328872
230697546.7710402906 1240754.0122833252
230804369.4339018166 1250626.8291320801
230829765.8498411179 1251427.5188751221
230314591.5406111181 1211007.3802642822
226597291.5903846025 774296.8464535903
226609136.3985635042 785204.2740048598
250495205.7119198442 1626472.7197265625
226600300.4748943150 781632.5303219985
226760320.2032553256 822209.1195546668
230437896.2073589265 1212616.3313140869
226750417.0051338077 817378.8663910311
226733977.7321751416 816133.7121399324
230647030.6116468310 1227825.8478851318
230577682.4975387752 1223360.6912994385
230634369.3796331882 1225057.2562408447
226644033.9072172344 793982.8011044692
230609557.9861758947 1224136.2174224854
230553181.5742287636 1217903.9632720947
226713626.2692142427 808357.6405762117
226710598.2714441121 802851.7312802505
226689890.3347610831 802644.3079404067
250427648.1397845149 1626331.1523437500
250089450.0632303059 1626254.5839843750
249788293.4772827923 1625758.2124023438
250392029.6693004072 1626282.5966796875
