933101260.8743877411 8110.5042194128
932761165.7251949310 8104.0022357702
932501498.5687167645 8090.6143397093
933554343.6793935299 8113.5224298239
933723561.7244281769 8113.8714431524
933807377.4040784836 8114.7922586203
955838509.4193274975 8383.9987993240
956047499.3889882565 8386.2243824005
844257396.0294107199 3628.5896258452
843984852.1367033720 3620.9701159408
932818836.1675575972 8104.5209525824
932424025.8616155386 8087.8592302203
826741376.6073460579 1678.3596727005
826797069.7374368906 1695.9048883415
843964459.4792283773 3603.6024059257
829520313.7272325754 2078.1538221507
843727581.7205861807 3598.9575561485
874001879.1412516832 5631.9456801968
932095372.2553323507 8080.2344552875
874213519.9222574234 5651.1185108986
874638860.1338901520 5685.2930428353
932020303.9013386965 8075.9174405932
840714003.4787889719 3337.4827388028
874273885.8671777248 5665.0835263100
843535891.3855801821 3574.5253776915
874394227.9811075926 5674.6191593971
875090018.4716033936 5702.5829994966
931865592.0943249464 8073.1189548373
931661798.9950568676 8070.5144969821
827605106.7702442408 1811.4098702602
843725303.8220814466 3585.0805615882
843341990.6224957705 3555.2117390135
874811408.7998032570 5693.4127759476
893186697.0848793983 6635.4426720711
931504166.7224042416 8067.2529374957
955394940.2662024498 8383.6708889008
931222855.2524702549 8060.3946060538
930409276.9448163509 8029.6997845769
843677971.4256290197 3583.1093089246
891706695.1190222502 6568.8661567791
892535754.0829660892 6614.1410867794
952835729.1557922363 8371.6995582581
955008719.5362681150 8382.2751827240
826863752.3464959860 1698.7249922169
826734230.2549399137 1672.5960630880
843559851.4458533525 3576.6078883458
843328585.4630526304 3555.2043141822
843511879.4915577173 3573.9187992552
843450105.1851979494 3573.8178510169
874838139.1928563118 5698.1512984772
874705476.5713434219 5690.7560262223
950759176.2990131378 8345.4804811478
951032790.6395478249 8350.0500001907
953151857.6057772636 8373.9728908539
874832812.0160353184 5693.4948597767
875912207.4593887329 5755.2553835218
954356629.6050298214 8377.8826503754
874750164.4492188692 5691.7687544942
875476886.3291546106 5727.7450150986
875107526.3356242180 5713.2811569710
843207696.2592071295 3538.9510026897
876627279.8032120466 5793.3063582006
891733162.3092463017 6572.4671833142
891817428.1086611748 6584.1172935589
842847387.3751441240 3509.5439684117
839941730.1879509687 3253.6010118056
840088218.9569202662 3261.9318040042
839631895.8677901030 3230.2882388191
826949488.2638916969 1719.3185395226
843268892.8357621431 3544.7083581543
875385990.3216578960 5725.2186816473
892077522.4995640516 6596.3969552143
954335927.6079564095 8377.5265026093
843194514.4483171701 3537.2616528853
843089986.0162760019 3536.1122041667
929794857.8970364332 8008.6033331752
843019568.1765829325 3521.1500316222
842983014.5669752359 3517.5703996742
842556485.3400784731 3489.6232926623
875555835.4237911701 5733.1151085789
875717719.7204856873 5745.1237615112
875311274.6189723015 5717.5692029888
842273241.2591916323 3466.2678002418
842166704.0211679935 3444.4755704971
841764903.8032041788 3414.6439804454
842081157.9668160677 3438.6602973179
842010517.2912980318 3417.6956835677
841762342.3897670507 3411.7714781360
842061124.5836654902 3417.7069175834
841693259.8307536840 3401.5392485871
929880514.9677155018 8011.2262808681
930012693.7740129232 8016.9298636317
930333533.2495194674 8025.6109778285
829130610.6332101822 2025.8236222211
841710955.5301879644 3401.6865871543
891491465.3358147144 6552.3005610480
928911445.9420543909 7958.2692396641
840003447.6316033602 3257.4750062060
839923656.3704308271 3252.4345528813
952232137.4742305279 8363.5625238419
952618321.8990907669 8367.8249340057
839864153.3385788202 3249.5665322384
839915541.9455763102 3252.0120071082
952817487.0741530657 8369.2670764923
828715941.5590212345 1972.5268099045
891554950.3030127287 6555.3886652960
891405669.5947358608 6539.6241728178
928605943.8869019747 7933.2592489719
928674502.6655862331 7950.3083028793
928814565.4908004999 7950.9478521347
839736171.7367433310 3232.9428259069
890910536.6363537312 6519.6183310523
891145452.7370436192 6535.5801478400
890748080.0741165876 6514.2761987223
928781337.1701042652 7950.8317184448
928608155.1740893126 7945.8136653900
928498040.2135478258 7932.1012280583
928958889.3698638678 7961.0862350464
875709766.1073249578 5737.0354949235
929421470.0590673685 7974.4295632839
828030891.6413947344 1858.0580494504
838070513.0338664055 3022.1485679108
828864446.3396790028 1976.8468712679
828013115.2081987858 1857.6758507936
838035486.9906262159 3018.9055592004
839296990.7028446198 3154.3733034672
828688324.7690284252 1955.7505232039
828465162.1558160782 1912.9695945922
828509596.8950257301 1916.1595614570
828411303.6461297274 1891.0341362132
828510119.6414455175 1932.4154382887
828268890.8195394278 1887.6088922414
828153287.5287556648 1864.4734351327
828006239.9633815289 1825.4566354430
890664095.9471477270 6502.2941070030
838772103.2003657818 3099.3966192776
838280158.6286830902 3042.5727231685
838661198.8852064610 3086.7327910359
838596143.4178984165 3083.0611754233
838394371.4657137394 3064.7051173146
838174594.5371024609 3026.1838590275
838337029.3157747984 3049.0554944645
838771700.3984203339 3086.7542110530
852029636.8661137819 4089.2811367037
838106557.7359399796 3024.9008108485
851941134.8166743517 4086.9094755175
851682808.1986118555 4065.6125732965
852065869.1304798126 4089.6696485673
851960052.2959276438 4087.4873261507
834034629.6781059504 2511.0951731143
833883144.6456071138 2504.6857012905
851794302.8717906475 4074.7654326773
833691058.3617441654 2475.4572552380
833861741.5266052485 2488.7121756015
833705104.5744676590 2487.6346657214
851586833.7986098528 4055.1113166335
888535909.2728149891 6381.5777734464
851845780.8626552820 4075.4864641713
851635735.5618675947 4064.3554574969
887471391.7556369305 6330.1576364444
887880070.5987653732 6352.1138763235
888385138.7333923578 6377.9694196869
888468002.0395404100 6379.2293586384
888369914.2580690384 6376.2109649580
888556828.0527189970 6384.9473032344
887950192.6575145721 6356.2203348305
887608389.8416626453 6339.9804202430
887765186.5816392899 6351.1370368408
837308556.7074466944 2922.9509381533
837025683.0227173567 2899.6158532381
836800027.7678362131 2858.9497412920
836646731.7823704481 2843.1480209536
887226585.7896643877 6307.0084188098
834139179.0378969908 2523.0734901154
836629492.1720930338 2834.0956409801
836545158.1513983011 2828.1557952671
836498462.4879461527 2822.0861437253
836405188.0107692480 2813.4892946449
836397662.0182024240 2792.0288321394
836208908.4396060705 2789.1443361086
885788865.0620508194 6215.7933473632
836152113.0473744869 2770.9262329018
834150609.3629049063 2529.7017811726
886104965.3502012491 6237.8337538287
885484850.3472805023 6198.3483004125
850383632.5647650957 3953.8731789975
851269076.2603594065 4022.0630216207
851203159.0533155203 4007.8093435261
835359827.7403481007 2662.1502860470
835550566.2981047630 2677.3811149161
885164369.2558058500 6183.5631451162
835255356.5424935818 2652.9528973980
850718719.3304513693 3978.4998030713
850075301.3065003157 3889.4863605551
834872611.9303343296 2594.6454657734
834733705.4584840536 2584.9760129327
834913834.9105386734 2608.9280914486
850245178.7726699114 3931.7508194815
850104930.8197766542 3906.6749016305
850094935.8086494207 3906.4478854906
834864485.3618028164 2585.0412855575
834660731.5996026993 2581.2893251598
834613318.3979296684 2562.7617162758
834544327.9517618418 2560.5391836161
884568942.3990818262 6136.5097786039
884670756.9507089853 6146.8250604719
884751828.2603358030 6147.2827940603
884657679.4433666468 6146.0112829825
884613866.4785866737 6136.7870262807
884360807.3985582590 6132.1770329421
881419043.6052125692 5967.6996687532
880600396.6430438757 5922.8295570195
881604522.1695395708 5974.2796470553
881867453.0705158710 5989.2673964382
881205954.7492887974 5949.0615357638
880924001.7032248974 5944.2604647458
881750027.8557890654 5976.4447830200
880811592.6297429800 5936.7327252209
949990780.1558815241 8287.1008234024
949761185.1861079931 8284.6671791077
832229025.6273835897 2107.3446330311
832500540.8651695251 2192.5122928399
949915493.0999103785 8286.5961112976
950106117.1108992100 8289.2547035217
949545969.4799405336 8279.9313936234
832929626.0796942711 2238.4038556041
832658694.9766714573 2211.0399114649
950572931.9012587070 8295.2809486389
880423965.2599927187 5871.1603312167
880356669.4890127182 5866.1688620756
832825214.2712498903 2237.7649675495
833589384.3028783798 2330.9655290280
880406816.3597875834 5867.4773354559
880042682.9322292805 5852.0316813747
879984564.6288710833 5835.3897126458
950548310.2345302105 8294.5475692749
833086266.1760367155 2260.3693548773
950758354.7725708485 8298.0504693985
833164330.7009721994 2265.1629852253
833250619.5944048166 2275.4874798383
832999846.3494356871 2249.7770162086
849396702.9572403431 3808.4806875748
849376194.6829290390 3793.5458353897
849241242.9245405197 3792.6944824291
849581764.8542616367 3816.6271452053
849191409.4756762981 3785.9902538701
849034181.8014135361 3760.9325372771
848877639.0135971308 3743.6070785922
848862926.6749596596 3735.9601631799
848825613.0704734325 3735.7327385806
872324024.7308593988 5304.1884757564
872629012.2188005447 5322.1773085431
928242582.9011532068 7751.0477288365
848523004.4996625185 3693.2840662896
871990971.2935365438 5279.2800811664
871718566.4447989464 5258.0185208129
870779211.5386406183 5187.9578008400
870714933.2082272768 5170.4974565255
870721131.5783159733 5180.2096833931
869911899.2036523819 5118.3429989166
869469761.7027294636 5097.0248540295
869748417.6726320982 5113.8488336508
869082859.0118700266 5072.4688110293
869355339.3969897032 5082.2925206737
869432263.4350628853 5090.9930685566
869219517.2118003368 5076.6639674439
928345118.0718812943 7796.1559582353
867526881.1539020538 4970.9558134710
867432554.5877664089 4965.4435849702
867158622.8216099739 4945.7751650056
867297954.8064998388 4950.4304000987
867321685.6263452768 4954.0617075181
867098981.4015791416 4943.8880968308
866863118.7800794840 4927.4900432869
866803781.7393755913 4923.1554383563
866730522.8232414722 4922.1218985842
866374751.5134630203 4894.4274692681
865101906.5630735159 4768.8395423046
865191307.8550964594 4785.1693930677
864315203.2743525505 4698.7058668433
863884776.7555762529 4666.6096823363
863736007.1109886169 4654.3066342024
863898319.5071716309 4676.7046063093
864818654.5952286720 4729.8992124478
864770729.1019521952 4728.6960013191
864052329.7247573137 4681.1558649091
863653012.5296908617 4654.1709083642
860868395.9980930090 4435.7195097466
860689479.9190616608 4428.4985942225
860633241.3245999813 4421.5346657798
860222309.0175201893 4342.6932990870
859147869.0890001059 4288.4897354267
858732154.7774927616 4248.7077723465
858783453.1977200508 4264.4116247318
859061931.9267114401 4274.1430388060
858937601.4891641140 4268.9384417062
858601440.6500101089 4248.1758700333
858412372.6633116007 4228.0074560123
