102086858.9986335635 1755370.4970703125
101850718.5983851254 1752984.8291015625
104038529.3246912360 1765280.9912109375
103984913.2252028883 1765231.9462890625
107312804.4676597863 1767705.4638671875
97925674.0136481673 1599396.5224609375
96502727.9385595620 1488336.9062500000
97826999.7513535172 1596318.7460937500
98015411.1438156515 1607695.1406250000
98236063.3700717837 1619354.3847656250
100944906.6867347360 1734149.3037109375
101504049.7409694791 1748514.3662109375
100727224.7933277786 1729391.4345703125
95684933.2173238993 1397177.4667968750
95747441.3715949655 1405994.3286132812
97705208.8524423391 1585455.2373046875
100316941.5983286798 1715155.4316406250
100644670.6242707819 1727058.2539062500
100781285.5322101116 1732807.0615234375
101624405.6184025109 1751114.2509765625
96373391.7776363194 1474860.4140625000
104530552.8777427375 1765656.8740234375
96582362.7689979374 1492157.5683593750
102082240.1072644591 1755261.1162109375
97500879.6241593510 1571874.4165039062
98776172.2319132984 1650471.3720703125
99469417.2651109397 1683773.2958984375
103514814.3159497082 1763950.4248046875
95850539.9706384242 1418267.0141601562
96074519.2299389541 1444149.5634765625
96400417.9547518194 1476889.1787109375
98793805.2796376348 1650726.8828125000
99298493.3624719381 1676247.4433593750
100699269.9678764641 1728430.7812500000
103935727.9063992500 1764076.1435546875
96592828.4404383451 1494544.5791015625
99176294.7663467526 1670528.4560546875
99500412.0030521452 1684235.6054687500
98536187.9120092392 1636706.9033203125
99060250.8356848955 1665467.9316406250
100304911.9725443870 1714556.5419921875
100671447.2192390263 1727952.4072265625
97695726.9000129253 1585413.4912109375
99548432.0142413527 1687929.5810546875
95503201.4197605550 1367725.5869140625
101965851.6072954834 1755065.0283203125
95956481.7173523754 1431569.2832031250
97803953.6939523071 1593080.1591796875
97712268.2484848648 1586098.8408203125
104396378.3665196598 1765497.6416015625
95682372.5965267420 1397083.1254882812
101078976.1559322327 1739326.5078125000
95710809.7573826164 1401468.8642578125
96056620.1978086233 1440888.5571289062
97670345.6154729873 1585083.1103515625
98078355.8651449382 1607919.9785156250
99065968.4171575010 1667579.5644531250
103882202.2044206262 1764052.5458984375
95508652.5916144252 1369190.5449218750
101220801.5192437321 1743389.4501953125
98090397.4734790176 1611765.7978515625
103952642.2944852710 1764118.6884765625
96060440.6379601955 1443045.2529296875
98088918.0937038809 1610323.9726562500
98171658.6807519943 1617518.5068359375
99162120.7803816795 1669841.6054687500
100242155.7079700232 1713243.4150390625
103624233.1330184937 1764005.1162109375
96492982.6684844196 1486604.5664062500
102018791.3543058038 1755204.4228515625
101799750.2067001760 1752647.6943359375
106066129.7483737022 1766390.3955078125
98078946.1798439175 1608350.0791015625
101977828.0161137283 1755111.2744140625
102958034.8014138341 1761247.0185546875
96472570.8227721751 1485115.6035156250
96447606.0682756901 1483206.5498046875
98504962.6937251389 1636684.9521484375
101964807.2306151092 1754820.4658203125
97601511.4512056559 1578563.7431640625
99235118.5140067339 1672565.8583984375
100650264.6444574594 1727221.1376953125
101139181.0498840958 1741147.6630859375
101281796.8218093812 1743927.1904296875
98875942.9893080294 1656781.4482421875
99105518.5897684395 1668787.8271484375
101126718.9095052332 1740689.3544921875
95465633.8286187053 1352496.3593750000
103176645.4795222580 1762752.0751953125
95515202.0695160329 1371382.6713867188
99103789.6688910723 1668055.1914062500
101181307.0407901108 1742020.9189453125
101195001.6341599524 1743257.8349609375
101880061.5234766006 1753736.4814453125
103189266.4635328650 1762848.9833984375
95601801.3009634018 1384607.0092773438
97462865.5197779685 1568915.1152343750
97982717.1702883393 1606385.4150390625
99096259.0051054060 1667935.1113281250
103035497.5702427626 1761627.0419921875
95615661.1316511035 1387374.0625000000
97770895.4971500784 1590894.1074218750
100262345.1201087236 1713404.6757812500
101263113.6508756131 1743671.1474609375
102002132.8337303102 1755145.0244140625
96377974.4866729230 1475753.8300781250
98928287.9543187916 1659310.2285156250
99505311.9478529543 1686424.5654296875
102391804.5462312847 1757577.9072265625
107199561.4576460272 1767647.6181640625
96517776.1032269001 1489022.9384765625
97570517.6357107908 1576324.3388671875
99138289.9187983274 1669007.4941406250
101341666.5174321085 1746531.4853515625
96527640.4045105577 1490228.7705078125
96432724.4158789515 1480180.6440429688
96263943.6914510429 1463565.7382812500
103229930.1301914454 1762998.6396484375
95539206.0711543560 1373009.4985351562
96331617.8853305876 1473524.4414062500
106355460.0119892508 1767200.6748046875
99421997.4556819499 1682021.6328125000
99300669.3889709115 1678285.3066406250
99950363.9620237648 1702776.2939453125
95651161.4523389637 1394225.2998046875
102207260.1503363550 1756708.4521484375
101915918.0094695985 1754429.0927734375
103194141.6789204180 1762915.8583984375
97950104.9744503647 1600441.4960937500
101036811.7584914565 1738239.4853515625
95701679.2504348755 1401246.6806640625
102343410.4046901911 1757470.0693359375
100837046.9426677227 1733348.2939453125
95987163.1874873638 1435251.5893554688
95907227.3434187174 1427765.5791015625
96031025.8615748286 1439087.3862304688
100983930.8832711726 1737407.5341796875
95550939.7004263401 1376714.0913085938
97713381.8977521509 1587557.4755859375
97816788.6665702760 1594547.1445312500
97647673.7461418062 1580533.1015625000
100775325.8702661693 1731406.5576171875
100774067.3786295354 1730314.0126953125
96033224.1979065835 1440611.9477539062
97603544.7782683074 1578724.7343750000
97645226.0758065730 1580228.4580078125
97647682.5392788202 1584119.2646484375
98813244.1831062138 1653734.4375000000
102792781.9234635532 1759741.2646484375
99368409.5162581056 1679446.6298828125
102281189.1208086163 1757276.9384765625
107006014.1873778552 1767594.7919921875
95826644.2880692929 1415833.6723632812
99001311.1798659265 1665105.4726562500
99949070.8169936240 1701822.5214843750
99804588.2860341966 1696649.3388671875
95575375.7955823541 1382616.0927734375
95863762.8327311277 1418464.3134765625
95889047.3398053646 1424536.2841796875
100088860.2670692950 1707169.6210937500
100661387.8422205299 1727463.2314453125
102567461.5363775492 1758018.1669921875
106901830.9938967377 1767537.6083984375
96976434.2637207806 1526076.5908203125
100408647.9634368867 1719905.7880859375
98629055.2290139794 1644520.9912109375
102890325.9222453237 1760569.2080078125
101445559.5252517462 1748060.2978515625
95564821.7082722187 1382596.7573242188
98394975.9421005249 1627793.6767578125
101300546.7115813196 1745151.9384765625
97911304.6260733753 1597988.5556640625
98631739.6347958446 1644553.8662109375
102008358.2879573852 1755180.5458984375
95594755.0004628599 1382719.9428710938
95478360.1070392430 1364354.6474609375
97268701.4731458277 1548106.1113281250
99669960.4634595811 1692643.6630859375
102798941.1113461703 1760147.3291015625
100542112.9292461574 1723331.3994140625
97980530.4876606613 1604307.7587890625
98723552.6131605506 1648105.4814453125
101402845.1572903395 1747380.2119140625
102728448.1058561951 1758968.9365234375
95884112.2570233941 1418843.9033203125
100036971.0155088902 1705798.6640625000
97010375.4819330871 1528248.6616210938
98671572.9852935672 1646722.9365234375
99249661.6277123988 1675718.0820312500
102264169.8491666019 1757127.8251953125
102183757.1149509847 1756007.4111328125
99475553.1416411102 1683931.9501953125
103511632.4241421074 1763123.9970703125
100548332.2064941376 1724865.9687500000
101962988.4473220110 1754594.0458984375
96999087.5598542392 1528246.3696289062
100376805.8814050555 1719623.9570312500
100436730.9806222469 1720786.2128906250
100341526.6527544707 1717549.7558593750
98626987.4860212803 1643999.1601562500
98562836.3381429315 1640634.1611328125
101932765.4753518552 1754476.6826171875
98742076.2415796816 1649867.2626953125
95803669.2279059887 1413373.9018554688
102972266.2176509947 1761439.7509765625
106087885.6928815395 1766579.8525390625
95815784.6879088879 1413847.4448242188
101708928.4716490954 1751826.8486328125
97958304.9380864948 1601346.9521484375
95749509.8792640418 1407095.7402343750
102495912.1824464351 1757756.4677734375
102497015.3030943424 1757821.5751953125
95849562.5873430669 1416578.9082031250
95939200.8781988621 1429456.1923828125
95782439.5926744938 1411491.5415039062
95640267.6826232374 1392784.1118164062
103431695.5958840102 1763103.9033203125
95770686.3474246562 1408882.4306640625
102682012.8929269016 1758924.5244140625
101698168.3658775687 1751612.9365234375
96278531.3739240766 1465250.7084960938
96236161.1395786405 1461642.8315429688
96096832.3160234690 1446931.8188476562
96238174.4753969312 1462389.9897460938
106265990.0252844840 1766925.3564453125
95548296.0834714472 1374366.2832031250
96952611.9468366802 1522750.1469726562
99434379.9882759601 1682040.8027343750
106284979.2698905021 1766937.3935546875
105684445.3387513906 1765904.5966796875
100045006.2505651861 1706019.6464843750
99901558.7281628847 1700971.9687500000
95615355.5352136791 1384777.3793945312
101165163.0808869153 1741600.5605468750
106220580.9249915630 1766707.2900390625
101170163.9457077980 1741643.0507812500
96194812.1920713484 1455345.4213867188
97036395.8521727026 1531140.2866210938
102870724.6683856696 1760236.6357421875
96247900.6535800397 1462705.8271484375
97244174.2407036573 1548066.3574218750
100198155.4360712171 1710961.9580078125
96132875.6545246840 1448734.2827148438
99869320.6265974939 1700851.8398437500
98273506.6121361852 1622511.3437500000
98435325.4226977229 1634120.2812500000
105710063.7792427689 1766379.4169921875
106248629.5092757791 1766777.0517578125
106264835.4647625834 1766820.0791015625
96162793.5688691735 1452289.1381835938
96211288.8994123340 1460306.8588867188
98475720.6875391304 1635475.2294921875
100108293.3165940791 1708721.2373046875
99651376.9864369631 1689721.8896484375
98454334.6920066476 1634896.8447265625
97225510.3098284453 1548061.6367187500
99662968.3710017204 1690960.0849609375
96864160.2428131104 1516211.2124023438
96369988.1113142371 1474003.5024414062
97086606.0096943527 1533324.1191406250
98300572.0912556648 1623594.4726562500
98938850.2570170462 1659631.3476562500
97429252.2971151322 1562215.9033203125
97409919.4663071483 1560520.6059570312
96896620.9373350441 1520177.1181640625
96130931.6321930587 1447650.2031250000
97451120.0873234421 1563108.8061523438
98271692.9014624953 1621264.5507812500
96744076.7986994833 1507466.4384765625
96880484.6333676875 1518907.1933593750
97331705.4944181591 1555705.3183593750
100049700.8695399314 1706562.7714843750
99760929.5339993238 1695240.1445312500
99686674.4916349351 1693381.9189453125
96844396.9563980997 1516174.3696289062
96692618.8403847218 1503472.7890625000
96652018.3299897611 1498466.2451171875
96614427.6673487723 1496786.6108398438
96802096.0731602311 1511811.0732421875
98499138.6630226076 1636479.0224609375
96660732.6763316691 1498831.4394531250
96178215.2887242138 1453337.7905273438
98263175.6711900234 1620509.9570312500
98220378.2844922543 1618013.1357421875
98334431.6522804201 1626269.0332031250
99725509.7679998875 1693471.0595703125
96771875.5769481957 1509430.5058593750
99726423.1759313047 1693699.8095703125
97313114.1635960191 1553783.6132812500
96724729.9070360363 1504490.8056640625
98891691.1243286431 1657538.8134765625
97282217.2771137208 1551486.9082031250
97314606.0214192122 1554020.9765625000
97211448.1834361106 1546525.4433593750
97122698.0513216108 1537867.9199218750
97167115.1616447717 1540781.4912109375
97186395.6986979395 1541269.1923828125
97055455.5768098682 1533285.9580078125
96866613.0615891367 1516581.6289062500
98888171.3384039402 1657213.4736328125
