164067431.5485263467 1.0509294977
164494696.9538705945 1.1008104985
166625245.9659169316 1.2730474397
164291239.2114411592 1.0746839405
171804427.1018653810 1.5799262402
186853379.0946559012 1.8271961259
163944124.9362841249 1.0425146295
166238243.9565750659 1.2419946890
166172765.1848922968 1.2212784135
186892740.5358665586 1.8314773366
167388042.1505302489 1.3206352762
167247834.2603735030 1.3188047878
167095457.5464807153 1.3057206736
171189963.1083817482 1.5463923544
171425528.4196367860 1.5581077974
176430053.4884402454 1.7458063159
160670560.0820810795 0.5991416764
160978016.7644867599 0.6631730186
161308033.3233684897 0.7261937479
162040008.1891418397 0.8228263720
166414163.6777278185 1.2550390883
180878722.5201490819 1.8038330534
187277736.4879568517 1.8327788357
166389216.4846493006 1.2511711422
177146805.9861495197 1.7604198754
177089478.4460414946 1.7593735396
187150049.6131395698 1.8326898292
171654841.1378484070 1.5706190904
171532276.4132227898 1.5618101329
171484787.6936426759 1.5599323994
160909438.8407952785 0.6455625177
161889650.7616026402 0.8101753888
165277732.1142281890 1.1336608524
177183867.7381205261 1.7609132444
178702484.4870490134 1.7829153305
187421967.7022505701 1.8339503184
160449860.4898912013 0.4510213893
163896988.5318725407 1.0271533975
177578433.1502954066 1.7684704708
178241985.2883816659 1.7806713330
160445158.0792375803 0.4208740368
160998638.2836575806 0.6650035069
171534564.3252229095 1.5640229693
176222225.2339420617 1.7401032234
181039303.4518873990 1.8053982481
161216254.0871787965 0.7131586138
162046046.6313461065 0.8238849633
164090904.4132349789 1.0597980060
164844006.4998902380 1.1252077179
160449920.0194225013 0.4513344274
161151887.2820326388 0.6884688123
161253285.5262394845 0.7178256496
160750008.1899635196 0.6150280513
178599958.3802991211 1.7819795152
186349463.8436076045 1.8138566976
160730128.2735482752 0.6107175561
160910206.8190011680 0.6506340928
178169666.5474760234 1.7794870874
177369131.2901774645 1.7671489930
161221199.7417204976 0.7167511614
162134199.2111975551 0.8360643444
164235859.3423464894 1.0725267666
160430387.6315762103 0.4198842532
161281155.4163814187 0.7196561211
164080349.8229776025 1.0595582887
160780236.3670910299 0.6222680746
172166787.6834613383 1.5879802498
181274757.4469352067 1.8060088111
160722734.7139277160 0.6019645500
162075749.6669990420 0.8324920880
180065636.8849062622 1.7973260041
176328144.4147820771 1.7443594495
180505853.0564967096 1.7995951595
186366776.7509306371 1.8149431101
160773003.2806500793 0.6221014098
164788875.9808834195 1.1162209198
172093171.1109706461 1.5879108939
171659687.2395858765 1.5718408096
161228274.1209791005 0.7178256328
186411814.5968294442 1.8252690146
167994834.9505339265 1.3402688440
164954013.0472666621 1.1265653059
171536698.5919480920 1.5688070437
171735456.7268241048 1.5760885867
175900612.0105067194 1.7384927301
160859411.7819798291 0.6328209140
164960930.1984300613 1.1267243961
174637789.4278186858 1.6957645559
186389363.7583445311 1.8240795312
164798657.4735221863 1.1239405781
160449125.7730476558 0.4357405126
164563157.6196935475 1.1025526457
164179738.3840413392 1.0624004234
171595307.2081891298 1.5696876591
176238651.6662142575 1.7413346739
181253336.8880842626 1.8057371099
167182528.8103844821 1.3111440292
179596766.1368974745 1.7911583353
160806400.5767289698 0.6249236376
167620496.6652075350 1.3359279888
180094926.8093612790 1.7987272860
186578626.9199501276 1.8256325386
161287815.1438637972 0.7229101064
181533289.5251450539 1.8067773916
167202115.9949347675 1.3111482308
168092425.7151702046 1.3430913290
161342115.8129850030 0.7303810544
162144501.4861683846 0.8393928911
164389378.3408265710 1.0829214520
175729802.3131860495 1.7304965705
179491558.9339097440 1.7910491396
167430832.3941221237 1.3237983215
174634556.8992164731 1.6953590303
160655852.0509955287 0.5822103340
175742045.4555974901 1.7345409747
160476443.0351269543 0.4686666566
167154683.3810558915 1.3110511595
176723281.1080003977 1.7534402660
160632660.1946187913 0.5370556149
174806262.2271066904 1.7054327235
160549762.0072682798 0.5179090542
179703241.0699776411 1.7937909681
161213736.8343665898 0.7032895462
161927485.8784626126 0.8112689353
177831216.6342289448 1.7736851890
179849278.4227440655 1.7966466155
161161399.2188824117 0.7014590579
161975721.6626890600 0.8204065075
175417727.3259747922 1.7258014800
177345642.7992502153 1.7659346657
175684834.9932580888 1.7299237614
174867334.1576613784 1.7071016984
175066034.2432647645 1.7155766822
175090148.3872843981 1.7185459463
181954738.3201394081 1.8068405706
160491810.0156398118 0.4786426097
161942569.2777945399 0.8179418426
162068730.3650462627 0.8322626529
170861707.8828301132 1.5267521761
174979362.6071280837 1.7123381207
177743620.1797626317 1.7729109265
179397594.3691418469 1.7885526679
164444800.6760313213 1.0856946426
160538726.9610561132 0.4788540876
166273821.6510497630 1.2432084927
171095281.8731462061 1.5383367515
174545178.2456940413 1.6923555150
162354100.1618020236 0.8539942897
160504611.5656495392 0.4786433440
163565524.0449820459 0.9957447132
163568097.0719592571 0.9989109650
171032476.2823718786 1.5332013767
160459202.6921102405 0.4571915612
182035395.2294740975 1.8073738385
182240162.4791411459 1.8079820182
171198037.8050569892 1.5479214708
174532252.3579576015 1.6922152860
174730503.6105098128 1.7029384710
174829148.5421640277 1.7059315154
179241474.1695259213 1.7863629367
161705990.6637266278 0.7764870713
177053751.3203950226 1.7580869226
161129600.4018269777 0.6824092859
163721997.4420506060 1.0104190340
164446971.5584366620 1.0906937326
166294403.5336978734 1.2481089973
163731815.6030368805 1.0105631515
164301880.0537455976 1.0794225660
163469013.5297414064 0.9643823600
166731855.9366144538 1.2830662978
166857592.7077839971 1.2872056560
177967177.9153048396 1.7754658461
179311401.8628279865 1.7870153598
160545720.3102927506 0.4992979420
161129350.5939293206 0.6810190924
166800385.3389329910 1.2841685369
163669915.8159389198 1.0070700196
166337369.6659584343 1.2505037849
171009716.4574034810 1.5298230410
166215224.7183918953 1.2389783781
163498477.7777549922 0.9867788013
163921794.3064632714 1.0376097619
163738326.9307666719 1.0141790571
163494356.5865403414 0.9655084487
166223360.0337969661 1.2409678778
171058748.2162783444 1.5363462664
174334791.4579203725 1.6828502844
163831531.3207457364 1.0223269642
166415506.5773024261 1.2595208258
173779642.1619305313 1.6574054443
163749036.8838141859 1.0183695158
166445598.0990318954 1.2629303726
166421678.7483974993 1.2616152492
173839616.1319937706 1.6604056225
173848230.2103591561 1.6613406157
164661535.2071841955 1.1047782697
174038947.8206093907 1.6714092465
177133803.5497122407 1.7594295833
161078460.8363426924 0.6799446210
172932457.6834510565 1.6228360370
166394351.0098708868 1.2540553350
177035873.1365826726 1.7578702215
179450245.9410436749 1.7907542260
166633723.5328627527 1.2758650080
162266376.9604616463 0.8447558578
179637354.8248449266 1.7931597345
162224971.2698587775 0.8412084547
174024938.1749272645 1.6695899395
173433961.2108386755 1.6453073494
178598395.0132956505 1.7811523080
170674433.9987390935 1.5057127878
173511068.7180132568 1.6495204413
173214137.2330966890 1.6334459513
165623242.0242071152 1.1790257617
173525583.1883099973 1.6498512396
165464990.0288147330 1.1670659602
162128876.9408757389 0.8334305514
173318433.5740584135 1.6396301430
178942861.0633824170 1.7831730675
161067180.3583373725 0.6737954986
163886986.6288641989 1.0225554566
173053954.7035777569 1.6265589072
173044875.0638672113 1.6264831338
170729429.7742780447 1.5109474212
185896288.9673322439 1.8085488304
170580184.2827190757 1.4838682765
170815165.4527236223 1.5125574955
161784309.2974453270 0.7905284543
172775745.1733061373 1.6130113873
161642743.2744818628 0.7698141640
165621856.1848042607 1.1774476836
172502355.6235994399 1.6034570452
172531745.3343417645 1.6044210749
172641569.8940565288 1.6068857397
163862201.3341726959 1.0224564831
161770009.0975875556 0.7837284768
172372708.0851952136 1.5974283511
172248173.3531924188 1.5879953750
161361475.0896102190 0.7325650169
161500131.3717708886 0.7495135916
161723819.2899609208 0.7825413583
161611774.5583150983 0.7684999753
161558134.4550823271 0.7592579346
161452790.0745396912 0.7467694994
179104405.2976253629 1.7844344079
162761507.0860071182 0.8909362425
165370178.2105911076 1.1551540979
169711108.5016232431 1.4401829957
169585573.3762726784 1.4291752133
165425030.6354298294 1.1578024055
162952994.8540177941 0.8992683168
169549179.1990490556 1.4206844208
169623022.6592380404 1.4389587283
169619563.8910848200 1.4370962244
162953642.7089923322 0.8993707039
162585274.8419645131 0.8773061041
162711756.7791120112 0.8881652807
162641549.2837562561 0.8779160466
165434854.0200782418 1.1635283232
162568556.6269177794 0.8762406242
165326748.0750580728 1.1484540357
186122014.4298822582 1.8100577220
185930332.1087943614 1.8089036923
162454811.1786148250 0.8566200640
163270671.5882951915 0.9367224715
170595786.6349805593 1.4977091116
166145039.5091912150 1.2160479998
166108631.2780203819 1.2130855240
163340852.8478125930 0.9578065277
170586163.7653401494 1.4954736311
169832160.5593264401 1.4527970423
170225059.7580204010 1.4749914853
170321509.8664972782 1.4815680169
170050287.7376949489 1.4674305542
163270810.2361747026 0.9482476767
165349358.7052428424 1.1517406768
165878912.2376911342 1.1933520128
165830001.9936743975 1.1914171139
165900825.3008453548 1.1967437666
170264580.5313080251 1.4773621527
163196308.3351320326 0.9162557931
170004458.4412295222 1.4600063917
163204366.4023863673 0.9218379535
163263725.8590650260 0.9346398258
163131107.1807352602 0.9141541716
163223171.1864292920 0.9336555256
169433155.5098036230 1.4075896126
169490740.6216463447 1.4106010982
169330979.9869565964 1.4030706289
169059896.1173715889 1.3885479567
169260979.4931775331 1.3972020076
168951863.7827534974 1.3822737076
168350738.8258155584 1.3453232010
168480389.9201294184 1.3565266353
168667830.0320032835 1.3660701165
168633988.4893627167 1.3604222394
168727239.4673166871 1.3666924534
168715000.7287878096 1.3661246598
168551653.8683633804 1.3571919965
