110613224.6300539374 9.0531051606
111831171.0167124420 9.1084667668
96122318.5592471957 3.8655225905
96343350.8617575467 4.0016340008
100710940.2020067871 5.9950499274
108914033.0672192425 8.6557947714
112341184.0078110993 9.1299489960
110094360.6812428534 8.9984584227
109899475.3201599717 8.9481203780
94799518.8370192051 2.9948711396
98525368.7424078137 5.0576200132
101390396.0040685087 6.2848540676
101127105.1936055273 6.1641245745
101298792.8362976313 6.2715779252
101819806.3212456256 6.4422971837
108957380.1394684166 8.6695479937
110130702.7358283997 9.0211462453
109732876.0813460648 8.9045242630
110720497.9186896086 9.0583272576
93818384.1454423070 1.7864746535
94163017.1506374031 2.5920611162
94803652.1197490990 3.1137012260
95119101.6853076667 3.2877902608
94958613.2451442629 3.1406073850
95753511.6239276081 3.6649862835
95905827.8276528716 3.6804157505
98152086.3952070773 4.8853527721
100665432.0167866796 5.9771222249
108991951.0372772962 8.7148342626
109136124.7251769155 8.7551993765
93836614.7446608543 1.9457438913
94073807.7111645043 2.4757189102
94691977.1042087227 2.9791335352
95277359.4225191325 3.2882338912
98702754.9798371047 5.1892187839
101693521.9339016676 6.4072727626
101674181.6148498654 6.3838997288
94048395.3167097569 2.4612316497
94684106.6934069693 2.9775483771
95958757.7691705674 3.8142998079
98057565.0131270736 4.8808283325
101252322.7919632196 6.2701845979
109401349.8447542638 8.8282900341
109053370.1423962861 8.7377215548
93815944.4507950246 1.7741976664
93734196.6556246877 1.7741355029
94233871.9252870679 2.6081482513
94473323.9993445575 2.7866725950
95101108.2023806870 3.1621924767
112096474.5966542214 9.1189296171
93848377.5978595018 1.9460394078
94809700.0026296675 3.1152567454
98403241.1820097864 5.0524367209
101625296.2854419053 6.3195706032
93978344.9384555519 2.3102412548
94759219.8408041596 2.9843389165
98607763.0851870030 5.0703644234
101028810.7527610064 6.1355402991
101460023.4055013359 6.2848763563
108682085.7375289649 8.6186095029
108964960.2776552886 8.7131487466
110781785.8525574207 9.0634950697
101805308.8525378704 6.4314055972
94676976.2495867908 2.9523593605
94855766.0621464998 3.1290775378
101265613.4060951173 6.2702137198
100808053.9963319302 6.0999695368
109591733.9304455966 8.8889109828
110026551.2595359385 8.9859323278
110024977.6710669100 8.9707434699
111011079.2487606704 9.0743450224
101604867.9102420360 6.3166574285
101023149.8739436418 6.1279146606
98319933.6820421219 5.0316207682
101314087.6264768690 6.2848538235
102209699.2390085757 6.5516752743
110026804.0327075422 8.9929704294
94212140.1561152339 2.6074893985
94665576.8278071582 2.9475122905
94678894.0935474038 2.9721383749
100478592.7672021538 5.9416370466
102175184.2542189658 6.4815538068
100578012.6484803706 5.9465620946
102266945.7819266170 6.5556918260
109090827.9360772818 8.7468504608
109453606.9789268225 8.8624622710
110494808.0331346542 9.0304138660
94565961.5468419641 2.9439302753
101237895.5055322051 6.2516238940
100817821.4633069485 6.1132454351
109298008.0829082876 8.7699898239
94676252.0939764678 2.9514413658
109197875.8403588682 8.7595740203
109895581.2134777457 8.9241893888
94540910.3843583167 2.9436483570
99050873.6052471846 5.3601683195
109428044.8321252912 8.8493850771
111328923.2954944670 9.0926770121
110795415.6393851936 9.0730663240
112212123.2081717551 9.1244420633
93980140.9161199778 2.4358810101
102021256.8314081579 6.4506297474
102358172.9122547358 6.5941849060
102287531.1110533029 6.5650763613
94152333.5210344344 2.5852852162
94507333.0053322315 2.7992280459
94371784.6551359445 2.7769590775
94645847.0619114339 2.9460413136
96278832.4234606624 3.9859081963
98150465.2022838593 4.8837886829
102065377.9444554448 6.4622800487
94208995.6699305028 2.5988760607
98277320.3713632971 5.0177470745
94629725.4261012971 2.9454857947
98246852.5584848523 5.0169515427
98640182.5415796936 5.1885599311
101196969.8457841426 6.2302442424
102281674.0619910359 6.5597571832
93850810.2928177118 2.0981524017
93871499.0790903121 2.1109423785
93897185.3370116651 2.2691050254
94357019.9265816659 2.7738774063
101760291.4486733675 6.4232322824
108481982.3067047894 8.5513784182
98617208.7829566896 5.0800025802
108675395.7107144594 8.5941550287
110556732.3527545631 9.0323280916
111274007.6232825220 9.0811696500
96549638.2608374804 4.0441929521
108634238.9311802983 8.5746393171
109023416.8650661707 8.7262982959
109305219.8455248475 8.7726614308
109192109.8353110850 8.7582088728
100454279.7766206115 5.9077000309
101191132.4930651784 6.2129514360
94043500.8419218063 2.4452488577
95385980.1323164105 3.3443014784
96619083.9570560306 4.0653544748
96509043.6696305424 4.0236325273
98905893.2922726870 5.2282979939
99031233.0620959103 5.3266182732
93948353.7997118086 2.2888770130
98995192.8346351385 5.3075380643
94246186.8115493506 2.6138773217
98966096.7193151414 5.2353599671
100693768.0099639893 5.9931423765
108675437.8157636225 8.6001603273
100762150.1661316901 6.0394025621
109398741.5574413240 8.7964307778
101169665.0615085959 6.1923246522
100991183.2971600145 6.1141354280
100771640.7771723866 6.0800155055
98783130.4334618896 5.2125603895
99486144.9773626328 5.5198240993
99236212.7010621578 5.3705105749
99667854.9402723610 5.5335681979
99034895.4569492489 5.3482157108
110689625.4653579593 9.0573331639
98627249.1944534928 5.1770752113
110737746.4097993076 9.0595749766
110595816.8537047207 9.0324315801
96637545.9438398331 4.1575165847
95504860.9809817225 3.4681347063
98739026.5628468543 5.1983953614
108647601.4728984088 8.5869293804
94298748.4738857150 2.6152460790
95527284.1082232445 3.4924545884
97942682.0932806134 4.8183003904
95434219.4852930903 3.4576251110
98865646.3565049767 5.2266025933
100324542.9018608183 5.8153547734
108743928.2381848842 8.6239303793
97901740.2372626215 4.7147769274
100046608.7059791535 5.7262023406
108610254.9945072085 8.5687453448
95285282.6652861536 3.3038793108
95291928.7982663363 3.3209164200
100342530.1530423760 5.8493194783
96203366.3694617003 3.8773508454
99905142.5356767476 5.6777110899
108654772.3960112184 8.5935942096
94355460.3168207109 2.6276981140
96059833.0470985621 3.8149555727
99435019.5876173377 5.3751922462
100098361.1710141450 5.7399320620
108936489.1688894182 8.6635683808
94035970.0066643953 2.4429277860
97928950.1232435107 4.7160895521
94034144.9777857363 2.4422689332
96580099.7982989401 4.0596221471
98030217.9644007087 4.8469441215
98006661.6617254913 4.8464049416
99994754.1396608949 5.7044468838
100429516.8887963146 5.8760595619
108903824.6109190136 8.6365030627
96453995.0770944804 4.0216600993
96747133.4532054216 4.1909212850
99652751.8018862903 5.5328384953
99420816.6683663130 5.3743449299
99854405.2065264583 5.5581310036
99986055.5776264369 5.7037397975
95730265.2887880057 3.6292334995
95644268.1054958552 3.5061163618
99604030.3496689647 5.5321314091
104198477.6633219421 7.0906297243
104868644.1589947641 7.3046761730
104978975.0686688721 7.3114107340
110484645.0223644972 9.0225443467
99485736.4929874539 5.4139359014
99457155.5645479411 5.3933722021
98047770.3909972459 4.8654698430
99166093.8944523633 5.3605230207
105330363.5702870786 7.4227581726
96212267.6851384789 3.8826341676
97860789.4522725791 4.6963843310
97728422.7631814182 4.6960837821
97992281.5760141015 4.8456978554
96541362.2760150582 4.0358939292
96570979.9008904994 4.0455602827
104751629.0351681113 7.2774769726
105094821.1996039748 7.3712922202
104721409.5563765913 7.2663379870
96530823.5341897756 4.0334266033
96379992.9694970995 4.0187573778
103312918.7099158019 6.7903214492
98561798.8047676235 5.0638046288
95100671.6045836657 3.1410986910
99844796.8898229748 5.5456679975
99804296.0768292099 5.5442749817
99305666.7879572064 5.3726665932
105107144.4257341176 7.3847898574
104982953.2622319758 7.3302494527
104743885.4238888919 7.2715190066
103063408.2509171665 6.7210592257
104368631.1241982877 7.1557151503
104586674.3909004629 7.2197868652
104529747.6224172115 7.2138107098
96190452.4911827147 3.8694020463
103357913.6289253384 6.8173914666
96245185.6689324677 3.8878364498
104294499.4897432923 7.1508459975
105120736.1155864447 7.4121477432
96084884.2095822245 3.8471489893
104423725.5126669109 7.1801592163
105204363.9968595058 7.4175419968
104772728.7707833052 7.2797610846
105020071.1967706829 7.3606458022
104308126.6496687531 7.1512274868
103378107.1525978148 6.8388127000
104718460.1133612990 7.2623742596
105017650.0423348844 7.3437523409
104610591.7519254684 7.2622381127
103869770.0121961832 6.9421009745
104106668.0609836578 7.0652181122
95847658.1387417912 3.6755406009
97628948.5594210178 4.5349462869
97667106.9216267169 4.5503995547
103632515.1535111666 6.9103429568
103745687.5006573051 6.9172346185
97424106.9186591804 4.3900777342
97549036.4414130300 4.5191001471
103748155.7783165574 6.9349952407
103349265.4046727866 6.8057159506
97589105.1898450255 4.5225791361
102985148.0747168660 6.6786331706
97366013.8068744540 4.3697548749
97491427.4724212885 4.5139657984
97197409.5398224443 4.3621293975
97040811.5791824758 4.2392589949
97252504.6401244551 4.3627882503
103240988.8835273385 6.7701549600
102864695.2061060667 6.6672043115
97184179.9236985445 4.3347319326
103579720.6413709223 6.8863732689
103274557.0978343785 6.7721747289
103353146.9806176126 6.8138760684
102808696.5396849215 6.6244969242
97039927.7306078076 4.1913710319
103178668.8922331035 6.7650136455
103061028.9311602414 6.7189941373
103140802.8426918983 6.7632561312
103454731.6021917760 6.8494085990
102791048.8298736960 6.5943613421
102802040.2132356316 6.5957476170
108471188.1826130450 8.2991091430
