403360436.6504775286 6429539.2109375000
403218673.1470221281 6428533.4101562500
403964880.7141029239 6430098.2070312500
404060357.0856943727 6431090.1308593750
403853436.8099000454 6429881.7695312500
343618918.5761216283 3834894.5498046875
383127348.7638787627 6063699.8593750000
403968688.1112059355 6430900.6210937500
343115660.8706369996 3765603.4306640625
343047518.7602776885 3763496.6269531250
343243994.3806021810 3790300.2646484375
343680307.9734154940 3842122.0195312500
344896649.9152297974 3953994.6855468750
345344305.4694349170 3995348.6855468750
345123031.2665522695 3977741.1240234375
352141973.8160706162 4570796.3466796875
351987510.7530235052 4564978.4335937500
366410682.3471235633 5376691.7519531250
368177882.0939320326 5452200.8203125000
368258555.0561953187 5459746.2578125000
368411651.5120055079 5460446.7109375000
368905814.9128651619 5479646.9589843750
382077994.7004567981 6030497.9687500000
382700852.3120177984 6052534.9667968750
383897983.1245409250 6084724.6894531250
384440484.4284186363 6105073.1796875000
384853827.7061307430 6109509.0292968750
392102234.1681870818 6297512.9687500000
403116571.0510727167 6427596.5507812500
402690759.4665210247 6425231.4492187500
409825961.3923559189 6447971.8300781250
411450328.7793875933 6450369.2109375000
343187689.6962875128 3779308.2617187500
343606819.2960519791 3833170.5166015625
343362435.7686530948 3806502.1376953125
402894410.7208112478 6425592.8691406250
345573747.9833816290 4009778.9648437500
345523472.4455915093 4006782.1093750000
353409452.9518926144 4657910.1416015625
353071923.1777482629 4635254.7607421875
366544257.0580385923 5383125.7089843750
366603979.4213330746 5389251.4082031250
368480974.1757184267 5466196.2617187500
381508418.8665472865 6011641.6894531250
381884280.9125192761 6022599.4941406250
384443532.9184962511 6105477.5878906250
384533946.1244845390 6108968.0722656250
367192757.6671567559 5415574.5566406250
366939430.6066350341 5406442.2343750000
366548817.6687557697 5385215.9843750000
345605404.9557530284 4010674.5156250000
345511619.3075369596 4006310.8417968750
366798223.2847113013 5400285.1015625000
368612212.8271744847 5473523.5292968750
368647201.4295203090 5476705.4980468750
401796309.1198221445 6414323.0332031250
344289014.2777847648 3883601.5458984375
344251922.4777906537 3865849.5000000000
343972586.6826250553 3856176.5449218750
344297304.6853500009 3884027.6562500000
345661961.6436496377 4011472.5175781250
345311985.8675722480 3993140.0029296875
364569419.9164385200 5285171.8144531250
381932788.4452909827 6029820.4375000000
391389518.4883623123 6282866.9902343750
391876943.0516065955 6295932.5703125000
392119672.9600434899 6300497.9023437500
393222707.5696231723 6319268.4296875000
393352207.9218676686 6322858.3808593750
396661577.6447297931 6363754.5761718750
402440291.9764433503 6422483.2109375000
410998482.1137382984 6450329.2734375000
354506545.9005276561 4726156.4208984375
384277401.8830575943 6101556.9589843750
396077427.5678735971 6358663.1230468750
344679430.1521130800 3925900.2656250000
344566054.4017275572 3920380.5234375000
353895912.2753266096 4691878.4287109375
384061974.0748450756 6096806.8417968750
391592457.1704812050 6285769.9199218750
391992455.5848989487 6297097.9726562500
393043162.6772178411 6314652.0371093750
393885688.3572863936 6329610.1992187500
410893836.1183989048 6449393.9531250000
345249070.7511354685 3984311.4609375000
345089607.7327072620 3967773.0820312500
345000291.9794256687 3967012.3662109375
367961768.2758280039 5446736.8496093750
367741309.3712861538 5440498.3066406250
367460170.1315644383 5426295.2812500000
396783277.6605365276 6365420.7343750000
396389337.1990440488 6361457.2050781250
344523712.3216069341 3919893.9609375000
344460356.2439664006 3908796.4765625000
367187766.8034802079 5415297.0058593750
396178670.2716160417 6360021.7167968750
344330079.0043986440 3898942.6738281250
353734017.2984542251 4676422.1474609375
354841322.6373577118 4743915.6611328125
354803535.1898617744 4741471.6464843750
354622455.6927277446 4728792.1640625000
384009715.1710223556 6090953.8886718750
393222805.3763155341 6321312.8320312500
383428413.0435479879 6074272.5019531250
352529476.5980102420 4602978.8730468750
352447728.6412479877 4592989.4208984375
355052330.9408345222 4745159.3476562500
391741051.4199771285 6292508.2070312500
409775819.7304406166 6447661.6015625000
409570358.8646860123 6443906.4921875000
409851913.7865612507 6448587.0039062500
354828738.4701855183 4743230.0966796875
381753725.7265779972 6021468.4804687500
354064539.7865297794 4698733.3134765625
353596229.4862130284 4672531.2685546875
381294875.3339964747 6004579.5312500000
380972879.6225768924 5993268.6660156250
381266753.1189678311 6004015.2480468750
410083755.0887364745 6448943.8476562500
381101711.9095821977 5996134.4960937500
382120426.0587713718 6032003.9082031250
346182690.3455466032 4069338.1250000000
353733593.5995036960 4674657.5537109375
392621386.3329695463 6310711.2558593750
402878134.6806384325 6425468.9648437500
392138198.2115248442 6302788.7031250000
352636043.3800067902 4610144.5156250000
366021761.1364344954 5356481.6289062500
353534318.3207703829 4662800.2880859375
352726439.2365677357 4617626.8906250000
365597216.5317902565 5326706.6777343750
365678485.5168417692 5340796.1152343750
365363964.3614038825 5323600.6777343750
352549029.3836202621 4603888.8232421875
365237317.4129196405 5319153.3769531250
346624226.6909763813 4103929.5390625000
352204118.2483313680 4582632.3984375000
382444847.6941735744 6041125.5546875000
395372393.2790389061 6343872.9335937500
394738017.0182150006 6335160.7929687500
394829407.6349432468 6339339.5390625000
394806968.7432290316 6336013.5664062500
394415401.4270985126 6334301.9531250000
346459739.9107392430 4094852.3750000000
394298315.2290917039 6330247.0566406250
346282582.8356776237 4078701.9570312500
409143794.6221250296 6443769.8066406250
365557181.2080540061 5324250.4238281250
365525358.3115935922 5324154.9804687500
364194267.5623567104 5263708.8437500000
364055128.4195863605 5260437.0078125000
363979474.3886342049 5253446.8066406250
363646645.2647835612 5237492.7167968750
346382861.9128533006 4083555.9453125000
363261928.1870269775 5210969.3222656250
382382604.1359716654 6040300.6367187500
363349015.2436035872 5217047.5820312500
362927370.1303271651 5194819.7675781250
363163187.1560828686 5204449.7324218750
363039880.3338908553 5201518.8417968750
351669149.3813288808 4537671.7001953125
362711094.3291789293 5182795.6816406250
382592678.1410911083 6045586.0839843750
382295991.8104553223 6036982.7851562500
346056347.5642746091 4047997.4003906250
346678884.8701833487 4113121.2392578125
346586413.3362492919 4102914.7431640625
362491850.0499997139 5165628.4921875000
362602155.9443078041 5176062.7929687500
372528673.9751350284 5612586.7636718750
401789703.8264629841 6409780.0312500000
362326822.9249947667 5146468.7343750000
362427461.1892830133 5152541.7832031250
361476863.0266810060 5107527.3242187500
361224757.1253364086 5091069.6718750000
351618215.7734481096 4527517.3251953125
361079443.4273310304 5086494.8007812500
348190815.9314129949 4235710.0996093750
351584620.3549025655 4527400.2744140625
361791090.1347138882 5116196.6562500000
351270924.7762079835 4503728.7763671875
351237513.0246070027 4496568.5029296875
351069991.2738226652 4480990.1591796875
351043698.1889240742 4479573.8544921875
372671199.1139391065 5616094.2539062500
389449102.6113219261 6226466.0390625000
389303973.9199117422 6220364.2500000000
389253605.6472963095 6220318.9687500000
407964878.2601269484 6438006.4238281250
380673781.9788308144 5969066.2011718750
389647601.7384877205 6231835.0136718750
390619253.8466428518 6246286.7656250000
361349620.7099682093 5093788.1816406250
380682150.2333971262 5972608.1386718750
350665931.9527453184 4442901.7763671875
350934627.6276540160 4463279.9599609375
350768864.7021501660 4450529.4384765625
350391451.3837137222 4416477.8544921875
350352319.5616930127 4410316.3916015625
390714317.2502323389 6255854.7480468750
400956114.3891594410 6397801.7207031250
389811808.7733438611 6235071.2558593750
390400640.6104080677 6245653.2714843750
389828516.8422800303 6235204.8183593750
390137208.7444171906 6241944.4765625000
360855532.0154491663 5060460.2216796875
350149668.3560198545 4393362.3779296875
349756589.5190328956 4368467.1269531250
350029476.3082857728 4387438.6289062500
349748170.2982186675 4366132.9238281250
349662844.7546563745 4361513.0488281250
400808084.6381726861 6393899.6093750000
349177440.7542683482 4313295.4003906250
398961585.4181836843 6370310.7695312500
400449282.2048210502 6392169.2382812500
348736151.9054412842 4280558.1054687500
348943085.7935166955 4294963.9121093750
399097247.7219049931 6373272.7558593750
408113494.3338978291 6438648.5957031250
349162167.8909347653 4311095.2519531250
348834808.3634271622 4290347.1220703125
348632829.9912396073 4260998.3437500000
348454871.9563001394 4260616.0351562500
347852366.6359940767 4206485.8525390625
408101676.1501897573 6438106.2089843750
347631223.6437055469 4190135.4345703125
347839571.9984046221 4197663.1962890625
399136742.2468326092 6377465.0683593750
399387590.7944482565 6380991.1386718750
400163399.6625447273 6388884.4121093750
347590375.2849946022 4178100.5976562500
373302542.0954566002 5646872.9140625000
360072291.6247683764 4985330.0546875000
359845173.2015784383 4973116.4765625000
359632827.0076243281 4960387.6269531250
359707710.2591347694 4970181.9121093750
359500467.6758096814 4956340.8271484375
359652862.6686113477 4961036.8085937500
359416134.8620833755 4947660.3437500000
347756081.5722696185 4196459.5595703125
358437475.5290459991 4876866.6943359375
358322911.6770182848 4875509.3437500000
358383134.0085653663 4875706.1982421875
358220807.6164110899 4864449.3505859375
358148443.4154893160 4863930.5244140625
358109786.1997828484 4863900.5693359375
357753727.7551314235 4835996.4814453125
347402129.8017426729 4162708.5068359375
347411516.1987511516 4164060.2851562500
347166132.5975835919 4143260.2578125000
357273226.6729781032 4808437.6757812500
407551412.1757819057 6432645.5351562500
407375040.2198684216 6432196.2343750000
372081585.7362702489 5587342.8281250000
388883428.7985112667 6184632.6914062500
388843485.3458734751 6183263.0156250000
388300482.3705098629 6162788.9335937500
387940272.4968068600 6154175.1953125000
388066423.5178743005 6156783.7578125000
387835145.0719366074 6146114.5410156250
387944372.5503084660 6155140.8789062500
387622581.6554821730 6141963.9218750000
356549032.2416226268 4765629.6943359375
356368453.5687840581 4751337.6816406250
372355266.7861629128 5602916.2773437500
372013983.8715452552 5587327.8046875000
380322942.1213278174 5919748.5136718750
387038009.8542379737 6121170.7753906250
387274998.8508753777 6127925.5273437500
380021365.5901533365 5901851.0527343750
379600382.7953116894 5881826.0234375000
380076196.8056547642 5907149.5742187500
379653324.4117997289 5890779.9238281250
379798555.8402643800 5898823.9160156250
379646980.1725535393 5883275.2148437500
379405209.2020503879 5872558.3906250000
378105727.2507777810 5823773.9648437500
378188691.0604390502 5827940.8164062500
377685544.9989764690 5811462.8144531250
377911976.3080803752 5820397.5585937500
377044877.8011474609 5781152.7929687500
377081466.2562628984 5783844.3281250000
377285808.6060971618 5789441.0449218750
375523751.9670590758 5719328.7011718750
375414403.2755537629 5714997.7343750000
374960217.1306863427 5699962.2753906250
375435560.5293583870 5715097.4687500000
375901305.3035399318 5728408.3339843750
375214917.1355419755 5710913.8144531250
374774737.6318529248 5690090.9589843750
374854422.9477423429 5695357.0585937500
371636001.5422964692 5558521.9238281250
371264942.2946865559 5547490.6992187500
371447290.9726774096 5554144.1308593750
371065769.9418347478 5534143.6679687500
370664280.3935216069 5511155.2851562500
370830785.2372559905 5524663.6054687500
370279432.1825948954 5484285.5781250000
370465446.2015333176 5484424.2695312500
370506947.4039785266 5490833.5917968750
