525397508.3293111920 2140860.7623305321
545207152.6011861563 2534197.5869140625
491704310.9033387303 882876.6984636351
524963900.6366386414 2134145.2564987540
529678597.8935850263 2252909.6420059204
531921629.7748579979 2303260.8492431641
532539909.7054534554 2312398.0875244141
558462011.0857814550 2648412.7958984375
559441630.2423514128 2651848.4687500000
486841900.9787334204 404495.3552035503
502182951.4656279087 1385320.5873467943
559037829.9255105257 2651410.4663085938
559012248.8345192671 2651335.2182617188
488888998.1731954813 684949.7054118318
491939417.4820367694 901511.2357522710
507985635.1838994622 1596584.6531047206
503819819.6798899174 1457508.9747079560
503646331.5771052837 1448815.8427499481
493922246.2449786067 1007639.3212172524
503523388.6571923494 1447269.8964608856
503286962.2583454847 1433797.4041485507
531654508.8039094210 2298267.3138122559
558310333.1966776848 2647139.9663085938
581478557.2645519972 2679946.3427734375
502588041.9200853109 1409763.4489902277
489211075.8095731735 720792.1170329256
492780769.5199449658 946906.5900775595
507659784.2693294287 1589547.7756522279
507834672.4821416140 1592388.8222333738
529673725.3240032792 2249742.3834609985
543372397.3107341528 2500685.8847656250
558263996.4585567713 2645974.3300781250
558612374.5856354237 2650098.5737304688
560614208.3443200588 2653345.2539062500
502011038.3842825890 1384214.1928155443
524107166.4794962406 2110073.7994175474
556552056.7728741169 2640766.4355468750
486772900.6774763465 404327.9919963293
489294069.7721400261 724105.9464150388
492811642.0857319236 948022.2972213430
493696380.8558148146 996166.8973181979
507825967.0104931593 1591009.5383475404
507994969.4579625130 1597675.3765431847
525135629.0528624654 2140014.0288941860
543408555.2952830791 2507658.7133789062
543585809.2748543024 2512488.0837402344
545500347.2992355824 2536694.4152832031
560374482.2117484808 2652946.0834960938
582474165.0826724768 2683150.1289062500
494056136.2448230386 1009408.1291297213
489073405.7131152153 711645.7450236483
491777370.0912821889 889157.6745378538
502818631.1233061552 1417103.5649049431
491878097.8191064596 896952.2224077745
493906902.6435981989 1006600.9233395508
507499056.1515361071 1584159.7005289178
493944294.1229946017 1008044.0103553073
524827301.4701958895 2133435.9444870353
529117264.9451096654 2232062.4646377563
486917106.7007041574 417248.9791196836
487042050.2407103181 431608.3231443418
486920961.7428781390 419023.3219236387
524329100.0275776386 2117724.5893345396
529324432.5006048679 2242279.7921524048
529304530.7336433530 2241949.7833633423
559953160.8348305225 2652061.6635742188
581203535.0387539864 2679933.2626953125
580964516.3637208939 2676886.2817382812
489329651.0484414697 726780.7491436712
532890346.4701867700 2319217.0761718750
493945374.0560989976 1008546.2966938235
502889965.4135556221 1422345.9480938632
507295781.4881419539 1576597.0755289178
489406667.0796276331 727974.4152961858
533456284.5332750678 2326527.1740722656
529406829.4654191136 2246766.8663711548
533079693.9401127696 2322941.7935180664
488994706.9871062040 703055.2579031698
506861921.5674310923 1560947.7150552850
524030137.9406249523 2107831.2632847349
544703521.8447332382 2529157.7626953125
488887751.3128203154 684073.1567984335
543951186.0504267216 2519872.2099609375
544440045.5438530445 2527235.2431640625
580836284.8374871016 2675902.4936523438
532948651.8259162903 2321655.1538085938
523858984.7971625328 2100674.0508823912
524505063.7611689568 2123369.6298618834
523967218.4366395473 2106673.5440464537
492573789.9212879539 937364.0228072805
492471626.2545058131 928050.6663362188
506989349.1135144234 1562410.9291203283
501985320.6942607164 1382374.3889319170
532639336.9296173453 2317500.2539062500
506698644.4425407052 1553105.9690676944
506966753.3739884496 1561728.9877436177
529916916.3600237370 2256659.1361694336
524737310.5752904415 2127722.4876999259
506568041.6102047563 1550067.7766848819
557897547.3604663610 2644996.4252929688
493032259.9616901875 958552.6536066346
493484174.0919681191 982838.5505286590
524689176.7744486332 2127155.3242878318
553861832.9130253792 2626478.7343750000
493475460.3659827709 979699.7835119171
493347744.7671817541 972082.2023886871
501753393.7278663516 1368875.0125986217
557600576.5964370966 2644112.1225585938
493155914.3616204262 964065.4144621296
493254028.0886025429 971090.6225088043
530746637.5272192955 2275710.1692810059
501974403.8348672390 1378511.2884775279
530519960.4179059267 2271492.6329193115
544139423.4252266884 2522854.1372070312
544091410.4305251837 2522751.2324218750
557148513.1133635044 2642060.3544921875
493371289.8753626347 972588.9516969128
501900884.2788326144 1377168.7995554088
544016899.5793539286 2521756.8798828125
501901545.9630340934 1377289.9455820201
556966082.7510467768 2641847.9130859375
493226772.6612083316 964376.8552662069
552832322.9611716270 2615763.6066894531
530640946.4407293797 2272500.4596405029
530175372.1666589975 2264082.6297149658
530511264.0721434355 2269188.8001861572
529955687.2498818636 2257889.3458862305
529992401.1152528524 2260272.8075561523
580978610.9613867998 2678332.8046875000
501646349.3185806274 1360400.1697469829
501619872.1852902174 1353564.1764303325
501781065.2853218913 1370341.9034811137
492607766.7048795223 938199.4039336843
492378830.7714137435 925971.5240508718
492369691.6904410124 922501.5701578064
505591293.6008335352 1507734.1259525907
505072748.6877340674 1490287.9727418758
555185324.4187433720 2633868.0307617188
492373772.5195686817 923439.6586587830
505049497.2472528815 1483320.0316350646
492334852.1318103671 914865.8597129835
505173956.0776898265 1494069.3599489070
505063655.8068895936 1487854.0376832820
554659397.8495066166 2628709.2436523438
554840562.9369825125 2631651.8378906250
492054106.4721779823 904914.9268582417
487916291.6435558796 460076.2219378956
505122106.7237699628 1492592.6123903133
505172744.7547432184 1493666.8317627050
554345312.7617205381 2628100.5781250000
554511189.3382856846 2628383.8432617188
491448880.2439147234 866804.3487047059
554672127.3329887390 2630847.5209960938
491177550.2140845656 850428.4341596467
487782914.1171483994 454041.3026910902
487814225.4433233738 456599.2012183673
490881242.6453986168 827194.4724526845
491044412.8565552831 839997.1961225374
490862495.5545021296 827176.5834323608
490777846.8861123919 821753.5757953965
490796365.4005460739 823178.3609516465
542998274.2656284571 2498069.6560058594
543426578.7388070822 2509452.0717773438
490667065.3789041042 807021.3787288808
543031366.1052228212 2499832.3225097656
528710105.8172395825 2225477.3225555420
490605019.0993255973 796374.1817005989
490324207.4480002522 783790.4562262413
510977306.0292378664 1663210.0018209326
490063007.2971313000 761978.5231207726
543437594.9422943592 2509881.6762695312
489874444.5678837299 748594.7188474145
489906551.9433576465 750370.8628391144
488261534.9710756540 499726.0761160363
488198615.5289336443 487499.8674055148
488250705.7012051344 488963.5285560597
489714800.0183815360 737690.6038848216
489700459.5209107399 737282.4724471327
488457447.3249886036 505501.9231619347
488167159.2202061415 485414.5791372765
529022134.0141656995 2231724.3827362061
528601123.8406167626 2222828.3140106201
525886126.6674441099 2149868.9368128777
510336738.5296292901 1656898.9736846022
510583102.9873516560 1663136.4448242444
510080966.9805963039 1650067.4245207566
510019651.6039350033 1646812.9637129563
525908844.2207716107 2154166.8137660027
525823313.2683850527 2148735.6524620354
525649994.6506324410 2147591.2019495964
526750939.4340201616 2171465.2730741501
526760065.1585130095 2172142.8194608688
501167005.1154330969 1314913.3581259907
509565025.8392031193 1626880.4711592454
509521317.6873003840 1624907.7543623704
509385545.4220976233 1615002.9707376915
508870235.0360039473 1602005.3187601524
527795978.1366839409 2195338.7019519806
500740543.7232970595 1293615.2240821056
500689587.4717217684 1293613.9841465882
509413796.2561631799 1622194.2663919884
509094956.9105042219 1612374.3573343712
500533947.8988643289 1280619.9996735163
500405655.7022510171 1279377.7475211553
508965932.3940539360 1602371.4790384728
552342772.6818481684 2599369.8686523438
500227271.2600508332 1270873.1524992797
528026820.7133339643 2202945.3729724884
579668349.3493548632 2669256.1767578125
527194279.5341460109 2181622.6002225876
527848438.9252848625 2197457.4083728790
527895908.4293508530 2199527.9525623322
551593961.1857495308 2586137.6599121094
527154934.7539691329 2178511.6243410110
527568853.7870696783 2186166.8112659454
552450511.9091951847 2599592.1430664062
579038737.0225471258 2663764.0952148438
579221703.5238140821 2667735.9160156250
551754928.1551908255 2591896.4931640625
527779458.4963680506 2194870.5925292969
500487265.9367541671 1280471.3941932619
500566474.5156519413 1284150.3722656225
551904008.8210901022 2592973.2280273438
500012979.4263743758 1253841.9160490844
499848219.8988816738 1250648.1323024058
523781395.5555938482 2078137.9841499329
552022774.4548960924 2594798.1352539062
499776839.6462681890 1243090.0365859685
580034831.0498368740 2669616.7285156250
499101807.0341781974 1207729.3684488949
498797576.8370360136 1196191.4989347074
542160397.3712779284 2457152.0490722656
541847284.7315447330 2454293.2348632812
542478577.5669836998 2469157.6967773438
549638371.2967218161 2557789.6079101562
498111092.2120748758 1153785.0144316766
498323961.6219426990 1167132.7239650849
498385320.8888663054 1169733.6050759314
498234573.2584629655 1163975.0586211297
542195483.1695699692 2464912.3767089844
542187227.7671781778 2460848.1267089844
542370231.5456186533 2467869.1975097656
542405426.7517873049 2468384.1599121094
542211582.2241022587 2466178.1452636719
498225147.5785651207 1161359.9453941791
498046727.8276522160 1153196.5463463275
497964293.3096212745 1148214.8728531811
550093169.5230735540 2565539.9096679688
497434098.1796752214 1114349.1662738733
549316422.9664847851 2550991.9536132812
549535950.4289877415 2555543.4189453125
549184335.1077796221 2548750.8149414062
496352009.6435133219 1055028.3807130866
496423926.1082181334 1058034.4216563292
523659757.1238570213 2059684.0556058884
496180124.1037636399 1048432.9439667352
496320433.6741486192 1053773.1526664421
495958391.4817596674 1033648.7665238027
496134912.2872326374 1046875.1836454533
495977668.4143700600 1035113.2243485097
495909985.6070125699 1033469.7721390370
523442406.9985700846 2051238.3825616837
523389161.9625462294 2050076.3537530899
523216049.6742647886 2041859.8354425430
523182836.9764305353 2041745.4167413712
548682596.0074497461 2540850.4467773438
548661942.2043315172 2540661.5405273438
518213489.4928838015 1837703.9900360107
517997134.1179070473 1835516.7354849293
578280306.3334516287 2657790.4902343750
517631410.2161725760 1827464.9117889404
578537324.8986448050 2659634.1503906250
517500139.3475337625 1814666.3713573515
577703143.2571713924 2653946.9013671875
577950164.8961199522 2655997.3916015625
522211199.9399680495 1973965.4961035252
522132246.1980897784 1968682.8924658298
522294319.2542336583 1976237.4154150486
522111679.0240902305 1968571.9825842381
521903722.1940638423 1962258.7786047459
521998630.5641263127 1965305.1702978611
578148428.3787363768 2657138.8447265625
521008628.2260189652 1919663.7843595743
520843617.4155970216 1916975.1042906046
520962476.5120159984 1919442.8714185953
520320134.0028726459 1899832.9773298502
520007850.6804913878 1887856.5519185066
519682948.0479063392 1879846.7380757332
519668066.4014177918 1877982.3775554299
519774483.8817718029 1880160.5746757090
516514230.3866492510 1760249.9261735976
516891255.2078313828 1770196.9999651015
516647635.6791743040 1764595.2604631484
516170862.6391515136 1746909.6153139174
515098350.8193209767 1702245.6199907362
515084899.2540367842 1696894.0877641737
516095725.3574084640 1740995.3154253066
515887716.3202609420 1732576.9226125777
515995216.8857350349 1735047.2984575331
515524267.3880184293 1721087.6762651503
