142250078.2267401218 164588.4814453125
142002413.1379375756 163426.9866027832
133206075.2019386292 58743.4381102473
133161596.3419476151 56633.3002454867
133470888.5156829059 68884.1962192808
135176967.2667199373 97412.2034319490
133629324.8758116961 71385.3249668037
134438560.4370431602 88774.3895401657
134732069.2923339307 93088.5786192752
139035328.5770319402 139725.2224885374
135229525.2831526995 98992.6389788240
139707429.7224051356 145802.1618366241
142222599.9834243655 164165.5004882812
142143169.8443545699 164145.0793457031
134441589.2027508616 88878.3060712405
133484032.9142032862 68894.5895087873
136228896.6413939595 110850.4417621978
135919303.0207141936 106969.6934541948
136070501.0325113237 108853.5533479936
139502894.7628536522 144543.8545169830
142231675.1486759484 164496.6868896484
139592822.6764474809 144708.2206668854
141327021.7471227050 158455.8471374512
133189551.5400441885 58617.3137809192
133534643.0435303450 70542.4716380392
136191927.2022082806 109961.7392915972
136202038.6427522600 110328.8411632068
139458676.6134720743 144000.7282618284
141969204.0938249230 163353.9560852051
142058969.6438452303 164106.2587890625
133218014.1545953155 60457.2136846636
136227928.7120991945 110583.2708467729
133683162.2725134790 72796.9352573310
136002762.7759690583 108550.1290010698
141111113.6619117856 157044.8905639648
134434067.2848132551 88717.6180981137
136349138.4600514174 111898.8648027666
141509090.8721646369 159802.0543212891
142027251.2593488395 163784.8521728516
134458039.6005239785 89100.0210156180
135037281.3086569011 96959.4971331209
136073997.6401478946 108915.1458135135
138975000.8903208077 138781.1970385313
139630506.2824258208 144866.2438278198
134771596.8393381536 93305.7939776368
141084009.9202383161 156723.4839477539
141841277.1746574640 162370.0695800781
133266623.9801702797 60662.8709257990
133180485.3709162772 58503.6859246646
141034073.9897153974 156207.0025939941
136138107.5754376054 109627.4845183973
140984694.4550059140 156181.6861114502
133209251.1923651695 58879.8023611163
134604788.8572663367 91508.1430724002
136328782.8845317662 111507.6967497123
142263607.7213316560 165042.2009277344
133565666.6972622573 70774.0718873893
134445403.2397580743 89004.0792889334
141770896.3560146093 162144.2960128784
133168886.6312329769 58424.0718389605
133493390.6333378851 69352.1831211005
133625625.3643049896 71230.1809091871
133600008.7572302222 71216.4997104560
133218958.8984177709 60493.8159219180
135085056.2165240347 97225.7842017114
135914851.6450291872 106645.7804778699
139743274.5162680745 146057.1427860260
141043196.4203727245 156340.8096313477
134360043.1323112249 86953.5749101378
139339354.1573759019 142929.3694162369
133652412.9823161364 71539.5865024482
133439931.5218082070 68549.6925056134
133400778.4899555743 66798.2183531527
133538257.8855057061 70763.7934116279
134698642.9551475346 91788.2855294235
133461822.6526424289 68568.2183789765
134716235.6484441161 91803.5585253537
133388341.3785564601 66765.0887020384
134463600.6002019644 89164.6942808963
138920821.4296770692 137390.3201769590
141054972.1786301732 156392.3768920898
141884652.1535488963 162713.5999145508
134366986.8827708364 86987.0300183035
139034525.8907576501 138797.3174914122
133975903.8628767729 79695.6845186949
134487488.5334699750 89492.1929474659
141170845.1210391223 157980.8327026367
133168558.3067300916 56671.5704223034
134553245.1823965907 90739.1941479184
141964687.1268676221 162925.4282226562
141859732.0916368365 162559.3383789062
133366715.4527438879 65164.6587605034
141318354.8834779859 158423.6341247559
139484149.1613395810 144175.6848353148
135834985.1215738952 106258.2441772107
133438014.8926272094 67138.0822150861
134567686.3646623194 91055.4367735721
138924845.1370021105 138578.3970278502
133797790.5051292777 73817.4873418212
133366834.6189743876 65339.1265463387
134537584.1628322899 89804.2760773487
136320494.9382086396 111502.4658815448
139069154.8439404666 140158.0325182676
141958657.5657997727 162767.4850463867
135055719.2797845900 97008.5688433498
133303516.0375858843 62791.0552578054
141371782.3399516642 159184.1604309082
139565157.9064441621 144572.3072985411
133368270.3353442252 66516.5506599103
134903677.5742885172 95090.7421145290
134545740.2725757360 90370.3383373953
136196515.0108737051 110090.5326141004
141162252.0866042972 157772.2176513672
139103873.4271370471 140529.3414648771
139433782.4217255712 143257.4173387289
133326873.4582774043 64826.9155815993
135057686.7535100281 97010.8734540530
136101315.4135470390 109469.0010589246
133395396.0431441367 66795.4455493842
136182220.7191338837 109812.2538426407
133294961.7771289647 62752.6369655882
139109513.4112805426 140734.9746302366
134398169.7737888098 87440.3453411795
133324377.5286981463 64667.8309119497
133307611.9096754193 64539.1116665159
139079225.0480165780 140502.9295214415
141254524.9615760446 158369.7489929199
141234682.1602964103 158184.7231140137
133462932.3506861627 68584.9881292139
141395049.5913363397 159627.0977478027
134905747.8886196613 95215.6267425753
139272634.2778118849 141888.3751276731
141369043.9608477950 158626.0682067871
141247832.2725258172 158268.4542541504
134950606.2705513537 95322.3439836986
135025107.1373828351 95834.5831383653
133285433.1673965752 62716.0290594255
135970072.3149493337 107777.9047600104
136199036.4001113176 110090.6427864727
135978479.9933102429 108057.3907683973
135954863.9077544212 107491.0405784138
134720795.3836858273 92918.2393231131
134796020.6178663373 93595.4349129535
135166195.4730905294 97278.0443694778
134982980.8373531103 95599.2631635256
133416416.4690789282 66926.7694400102
139132559.7777096629 140799.1951502562
141662526.9668058455 160884.4465026855
135638312.8762474060 103822.4113859273
139501702.1099434197 144262.8567471504
139167605.5303398669 141230.0912379026
139433987.8250308633 143360.2655038834
134335336.1647188962 86774.1772885062
139279924.5670972466 142487.4399927855
134392421.7301300764 87117.6565278508
141543641.3118505776 160194.7551269531
134937611.0682648420 95218.5520842411
133974959.2537928820 78591.1037332565
139381309.6196358204 143165.2876687050
139784373.5919045210 146438.2237000465
140455370.7738766670 151334.4448013306
133251221.5968052447 60515.6984323240
141446970.9992969036 159709.2696228027
141512933.2181114554 160057.9938354492
133380143.1270500720 66533.3204101478
134881477.9433473647 94977.7316083498
134767804.6482862234 93256.5945570804
135777717.6220962107 105437.6257108785
134534957.7573017478 89627.7487225272
134769185.5771543682 93263.1363262869
133879543.6091050208 77718.2455253005
135810701.1554588079 105595.1171164997
141677031.4297045171 161315.3425903320
135874777.1488916278 106434.2189836092
141522012.0935486555 160103.1817626953
141470559.9241331518 159761.1026611328
135683104.2174247801 104153.7701675631
133275446.6235003769 62430.2585397488
141642377.1540352404 160375.7918472290
135514157.6695162356 101757.5156797506
135613592.2684655786 103541.7022489645
140949208.9570043087 155090.8306655884
134363124.3528253436 86972.8651928641
133953018.0299084783 78285.4182581156
139664160.9137314558 144870.8833036423
135899814.4909883738 106571.4373673983
133254319.1892555952 60608.2520890981
134677461.9149115384 91773.7999480106
135420880.2713689506 100889.4064463042
135703547.9674746692 104538.2955216952
139883466.0649915040 146687.4736747742
139974001.5216239393 147395.7696657181
139780370.2985791564 146282.4935941696
135758721.3080963492 104800.1715574749
134675549.8759163022 91528.1400917508
139815601.1126804948 146599.2749261856
134015830.5105808377 79979.7678958923
139980067.4142335951 147523.2830543518
135541744.0458069444 102565.9678468443
134063297.9659963548 80191.7628206909
140550943.0769936442 152325.7212638855
135386973.1805717051 100755.8864640929
134169040.7549650371 81989.6238147467
134020909.1896013618 80065.4713266194
135483341.8016125858 101480.9432267882
135762647.6071820259 105003.4989917614
134054075.8367692232 80187.1892344207
135438703.6734338403 101275.2735170461
140218788.5872566700 149355.6683235168
133276306.2108199298 62440.4098731554
135552942.6431715786 102706.4077954032
135594659.7776928246 103151.1622418053
134307587.6565431952 84906.7951697558
134111175.6847446561 80548.8031961471
135378422.0897172689 100734.6213884093
140066784.3275403380 148443.7378425598
134084605.8229058981 80294.2641959488
135543477.0565054417 102703.1862306334
135726752.2459489405 104766.3765667565
140221988.3565566242 149622.5569782257
140495099.0683065653 151612.2136421204
140920280.0656726360 154662.9470825195
140094565.5965575278 148617.0022010803
140666723.0605111718 152621.6933097839
140712891.6302209496 152960.2104263306
133769961.3917946815 73657.5464133620
134216856.8445308506 82051.9448275268
134122195.3065814972 81976.6699976474
134103171.0496138632 80309.0400751382
133959184.2801809609 78336.1427187622
140067361.5528180301 148614.5041847229
139972636.6075001061 146964.7306861877
140022821.6739548445 147687.5598526001
140699644.9864639640 152673.4567070007
134002641.4442807436 79940.0258523971
140794177.9699768126 153800.4098815918
135593655.5182236731 102988.9245731868
140427334.6401782632 151192.3120307922
135555817.1333561242 102706.8842815198
140519098.5672760010 152324.5163688660
133903057.3770881891 77912.4685861617
140433796.6636296809 151213.5810737610
140278293.5796088874 150489.2525863647
140133831.0964092910 148659.0354804993
140371899.9514673948 151046.6042022705
135333064.4804707170 99250.7810890712
135328068.1631066203 99030.2449162155
133834005.4484989047 76078.8816298842
140862074.5043415427 154325.4251403809
133877656.1023073792 76275.2155662179
139890340.8537503183 146905.3676347733
133784445.2045230567 73764.5320243239
140096232.4697932601 148653.1184206009
135218996.7767262161 97568.6132630557
133802231.7715374529 75690.6882590652
135186946.9200482070 97532.2322768420
135197631.2567943633 97532.3771891743
133741269.9755179882 73635.4001277238
133733400.9880946875 73585.0632334463
140981330.1725272238 155114.1174621582
133707562.8085702658 73319.8369218856
133638313.5177857876 71392.0776358396
133698306.7030850649 73176.2642050534
140638249.6213767827 152458.3947582245
140822444.0665323436 154125.5980682373
140716335.5656118393 152978.8290023804
140708370.8570148945 152759.2541656494
140923921.6422631741 154840.3995285034
138888825.5489379764 133551.6713401675
138865754.1162673533 133211.0008861423
138518631.0774992108 127947.5249152184
138363929.6779526472 126013.8969881535
138351619.7680026591 124564.5299923420
138680001.4018408358 130045.9964373112
138758925.1131730378 130618.4536790848
138564513.8765577376 128517.3545649052
138420404.6495874524 127087.2763214111
138357025.2494943440 124865.0978205204
138522472.1976443827 128321.5240328312
138634490.9479827285 129011.4631922245
138308045.4558023214 124527.4373843670
138613474.2591782808 128812.0235788822
138794006.4750456214 130824.2552874088
138377025.8363653123 126346.5856387615
138391143.6357885301 126510.9261839390
138413977.7704035938 126709.1188347340
138678278.6717666984 129366.3079111576
138572474.9561122656 128736.9524424076
138650854.9156050384 129135.0635797977
138744917.6599929035 130392.4123346806
138850119.4768069386 131025.9253044128
138151349.9970506430 122164.0560643971
138119710.3471215963 121981.9726066887
138061437.7413920164 120202.4441906512
138247183.5323023498 122838.7594375908
138080577.0384531617 120226.2799969018
138160997.8306460977 122234.4121475518
138288204.7858000696 122905.4381037056
138289905.7128377259 122910.8053672314
138303041.9447207153 123922.6569900811
