480166505.9537222981 319755.4574903047
479556865.6104347110 317731.7609956461
480216391.1492556930 321280.9056775767
491017782.6742618680 370623.5904950951
491224691.2062591910 371348.5988445804
511989077.8218334913 441424.8590545654
456751435.0659034848 133682.4674942195
458207780.6973961592 148813.2047471404
478377767.6071352959 309392.0630421574
512047382.3607686758 442075.7911071777
513064279.9456885457 443986.8006591797
517492291.8265693784 450978.4849243164
515860054.9560961127 449305.6937866211
515983005.7465922832 449677.6105346680
456716922.6533177495 132064.1566961706
463639607.3395894170 204062.9274080367
478556085.6123878956 311056.9592242936
491042041.8428882957 370991.4322862867
490643467.6146940589 369485.5949270600
491343264.2588728070 371925.8644292103
512590034.7737292647 443521.8369140625
512001403.1186630130 441643.3663463593
512196512.6046656966 442180.8767089844
512337567.2137197852 442962.8717041016
512232211.4878544211 442759.1007080078
512010943.0017353892 441664.3763732910
465573207.9645820260 218470.1973878116
512641214.4526909590 443551.3725585938
512384398.2612776160 443299.3342285156
515778489.8652135730 449214.9402465820
519853121.3267023563 452150.8919067383
456871530.8562197685 134361.0634332597
456761851.9044390321 134107.0910058916
457503011.7347977161 140859.0698059201
478281094.4942091703 309158.8702439602
512172415.8081919551 442082.4774169922
511937115.6487630010 441385.4035034180
488045816.6535922289 358341.7177059880
488810233.6353211403 361491.7675422273
490535441.0468875766 369473.2777189394
456627656.1655223370 132063.4330469072
457643034.6958273649 142695.4510851502
458451036.7814002633 150618.2912529409
490215223.5126785636 368057.2635667804
491328465.4451683164 371622.7391530545
517314853.2886390090 450692.6687622070
491216157.4593566060 371044.2598439725
479672238.6150944829 318174.0977347094
491028314.4814333320 370643.3790300372
519760638.9803131223 451897.3599243164
465698461.7947275639 220193.8891613752
479878601.1106244922 319537.5415418345
458289352.7479287386 149099.5838622749
479056153.4968084693 313848.0486096042
479069668.7058429122 313865.2177075046
479078195.7934982181 313892.4295910496
479774627.7011625171 319011.7452248234
479479432.5717257857 317298.1313332218
465504327.0965204239 218197.2693330020
479134366.5330096483 314104.1681164402
465610896.8260698915 219348.5569502086
458096898.0601011515 148585.1494072378
458041599.1641329527 147219.0466011465
463975354.6152911186 206648.3971375943
490351758.0560174584 368548.7805955890
456613418.5316612720 130523.5058494210
463982828.6409952044 206808.6455643148
519525540.4098866582 451783.3765258789
521940966.6758003235 452411.3071899414
478419708.0840712786 309843.5438903618
455989408.9449087977 117421.0084337909
478011627.8814954758 307241.5146412785
490769114.0694091916 370164.0192174795
490720044.8810981512 369746.8969228999
490807314.7534881234 370279.0928514483
465633031.2168582082 219704.4851225913
490392582.9266586900 368906.0612962726
478020221.8158531189 307295.1962854314
521602331.2097604275 452334.2571411133
458005101.5942253470 146732.6032141149
457945738.5844559073 146587.8664482534
463852031.7562870979 205949.9765616953
463677320.3944795132 204258.7119171590
479337948.1601670384 316190.2787731785
488132593.6562289000 358407.5921566329
490200603.3821999431 367880.2842547181
478087109.5915447474 308133.3257985051
488215679.1087701321 358665.3626644454
479747497.3396531940 318598.5025280613
489954773.4457327724 366556.5822226289
489823458.5301166177 366286.8014609101
478226465.9864245653 309150.7333049114
455810599.8120580912 113730.2853074465
457988831.2720476389 146661.3554707170
465695202.6537255049 219974.9474531383
478182665.1583728790 309087.3681569035
455932145.0596217513 115752.0328918640
455731266.7053693533 111698.5327221099
465641105.6409081221 219856.6655617923
514984080.7355164289 446628.5316162109
519318541.8317818046 451672.6576538086
465538724.1545128226 218229.2425233097
457767592.0143321753 144657.0779934525
465648202.4770754576 219930.4749667168
464156214.1888037920 208066.5233490765
465439516.6470134258 218003.9894322128
465251059.3752177358 216646.6583558292
465330695.0111177564 217954.3626404972
463886074.8849426508 206295.5466034383
464029137.9646137357 207898.2768891156
465114278.3818076253 215934.5166932315
464777177.9430757761 212954.3172854752
464879630.1797948480 214224.1620120377
517131509.4714872241 450521.0614624023
478877630.3835749626 313159.1312949397
478756403.5715888739 312684.7648301061
520264560.4190692306 452218.7550659180
457382766.8131846189 140623.1023464799
487972623.3852065802 357983.1600544296
457197902.1926335692 137699.4042555690
457142345.7368121743 137502.3106161952
478481119.1690791845 310921.2156910832
488035085.2004608512 358020.9312713585
489880277.8282517791 366291.3129003257
519785359.7420389652 452143.0319213867
519885471.6230779886 452172.5567016602
478835076.9141145945 312900.8934254582
520807363.6553195715 452299.6631469727
488275044.7716411352 359458.9670345626
488464342.4063007236 360208.5129077757
463552133.3850970268 202527.5898193837
463613946.6690856814 203916.2765564442
515057383.6234990358 446965.5277709961
517469650.3996942043 450824.2857055664
456549630.0733886361 127684.3148474693
456463293.5075454116 125488.5746414810
490020845.9901885390 366956.6361425132
516787466.6491221189 450079.8256225586
511890900.4180755019 438672.5260925293
489567570.3210747838 364403.3520280332
517163559.0252637863 450560.2327270508
488568957.2597996593 360389.1684588105
520365498.4813159108 452245.5420532227
521311226.8459333181 452302.9044799805
478983205.9493737817 313559.8985043104
519965778.4346911311 452173.8914184570
456133487.2207238078 117551.9347785595
456097948.5775000453 117539.8878004253
456275316.7377790213 120821.0305969566
456193280.7571891546 119380.8284250349
519155264.6009624600 451603.3978881836
489190840.3173701167 362760.2807402522
519104787.4734980464 451450.7564086914
487675600.3110488057 356197.6201324710
487571427.7841532826 355399.1842041635
487522848.1573649049 355381.7054443979
518852862.3264451027 451233.7970581055
518970964.2898857594 451296.8140258789
487333635.3165348172 353923.4645538949
513815701.8791588545 444199.0869750977
514236766.1579424739 444953.6371459961
486396190.8431581855 348676.0336466227
500112069.5013514161 398156.2894463041
514436881.6225363612 445274.8612670898
487241000.3077114224 353607.3897517999
514265976.9704204202 445054.9834594727
486217994.6055968404 348145.0529822987
514589369.1188665032 445540.5363159180
514110979.5769355893 444793.4009399414
486990206.1915008426 352438.5343548809
513702914.2311230898 444128.8790283203
486136584.9909597039 347888.4850073252
500585641.4102942348 399215.6273149163
500585994.8360167146 399304.9184143031
481378064.5974115133 322094.4091115892
481929148.1249048710 324782.5418066531
500168194.9578977227 398933.1362401927
486675613.1894595027 350743.2925351467
486606953.4633139968 350463.4653894994
486777270.2481489778 351226.8184847329
481789531.1041072607 324296.8243265748
481288951.9108632803 321532.7647562623
481542573.4666210413 323232.4118509889
500146284.4228039384 398689.5385524714
482218231.6372655630 326246.1344150417
481825930.1537218094 324397.9685928375
482356456.1225352287 326620.9487869292
485637416.4132054448 345147.7445159685
499935421.0548049808 398000.7144338572
485938917.9449614882 346389.2598815951
482855183.0634174347 329370.2641137051
483825404.1000877619 332657.5825579572
483518655.8485730886 331518.8829061049
499158528.7067345381 394855.6131627047
498713296.8478250504 393163.2054741466
485126318.2013822198 341633.7142898589
498542301.5519076586 392439.9897210086
498950187.5020968914 394193.0467106784
498652874.1303275824 392628.8335911715
498393747.4476722479 391468.2047175462
498625866.0294157267 392625.8302342379
499117667.3753342628 394652.2154881442
498827598.3525577784 393807.3203770602
483178696.6140825748 330928.7639168128
484598778.1938360333 337641.8599371030
484814705.9149577022 338349.6465581967
484938248.5769439340 339366.4356206967
483575862.7767141461 332579.8021223447
484535014.9449042678 337050.7086359262
463261944.5282068849 191867.2274757569
463284714.3163797259 192129.7216038294
463149897.5035757422 190599.7798439210
484480166.4182644486 335820.2073805332
484279780.4922153354 335469.5138380527
484258384.0546448827 334368.8904880024
484040278.0441394448 334241.3554990999
463163479.4808661342 191458.7800971977
463106556.3045451045 189790.9886309090
502122814.7400169373 402567.2155396254
502055650.4362130761 402049.9029949442
501543313.3777930737 400731.4479843886
502030116.5960775614 401985.8481143252
502007075.1552795172 401916.4632364437
501953852.0527911186 401676.6328376406
477771264.9103589058 295253.0400157049
477525113.7603908777 293513.9872004762
477739096.2882440090 294541.5466075018
477968709.8508423567 295350.0867381170
463060643.9489613771 180111.0073908750
462900716.8677959442 177122.1662924578
462668408.1077059507 174310.9108770329
474850795.5712436438 272761.3718262579
462808361.7596790791 176343.0399137835
475103720.9573085308 273957.0317257161
462789373.0636656284 176046.8704681156
476975659.5710484982 286250.7851420923
477048983.9926474094 286762.4229843004
476837297.0197941065 286030.7302104516
462938249.2869148254 177421.9673523041
462534112.1132425070 171882.9379958866
476835394.6428748369 285951.4161235376
462730024.0558038950 175415.1687850712
476332321.7585358620 282688.9337226434
476588978.7778923512 284278.1976787134
476765534.2242572308 284861.3372825407
476264333.9528254271 281283.5258868658
462123708.8417956829 162770.9800813328
472893742.8804738522 255332.6379306607
462366470.9952780008 165694.4339628522
462336157.7656096220 164926.4541761559
462215488.2631425858 164805.1478864830
462329702.5314456224 164910.6358501595
476107668.3001989126 279598.0145910654
462371699.3991802931 165972.3327063192
462480336.4822207689 167513.1028784383
462138406.2704104185 163240.2480261009
472855728.4856654406 253824.0201442533
473133383.1512436867 257360.4537000249
474336450.9122653604 268084.3303062983
474068616.9310229421 266157.6794273921
474319738.3526633382 267783.2046806880
474152307.5362430215 266171.3467247554
474355243.7788525224 268087.7795250483
473513391.3526595831 260139.0696728297
473604300.9624552727 261038.7527782985
472967070.2477216721 256986.4866612249
473844788.6854971647 262705.2635204860
473357767.4847141504 259086.9732315608
497323436.2789819837 379236.3264372495
497614862.7438184619 380032.8400460628
497371052.6539384723 379313.2347014097
472711798.8493543863 251947.3305236783
497262590.6212283373 379062.5017302183
497004046.6189457774 377555.0006082205
496974438.7145954967 376622.7739198355
497041551.0546959043 377805.5622537283
472639276.6776881218 247634.8873242524
496714283.9728963971 376211.6903779653
496366809.7233723402 373888.1142048098
471597588.0142902732 239865.7231304024
471227749.3244132400 237997.0987469826
471069119.7899763584 236631.5409541104
471483576.8508235216 239777.2942668770
471202990.0389097929 237878.0249097024
470904729.2327469587 235156.1447176610
470901792.8609098196 233956.9391513478
470983694.3586428165 235216.9428391133
470330595.1369051933 226567.0304963312
470042090.0423237085 224181.8322050294
470240472.7829589844 225369.8208529672
470058862.0765043497 224692.1959745607
469862659.5476139784 223090.7470419540
470023537.7054748535 223545.4692632987
511085974.2468851209 410022.2698135376
511472071.3602836728 410467.1940078735
511776754.0423001647 411188.5724258423
511566618.3789182305 411069.4455947876
511419946.0558579564 410397.3271865845
511879172.0241516232 411265.1057815552
511500465.1246873736 410738.6324844360
