116886672.3587153554 7006.1375122070
117550091.1960729659 7076.9418029785
119073743.8788456619 7195.2053527832
122954339.0266386569 7347.3298416138
111917613.7132540047 4458.5165156422
119268059.3964593410 7209.5717620850
120472718.5284976959 7271.1195068359
111759426.8085649312 4286.3273676930
116972351.5907413661 7023.5119323730
116527878.7134963870 6916.0575332642
118915718.6437973380 7191.8698425293
114617715.0653660893 5975.2437127680
116031467.2343836129 6751.3943297863
117757483.2122368813 7093.2994003296
117649923.0771205425 7091.8674240112
119419994.7853637636 7220.7195205688
119968324.1910410672 7249.9499588013
109504224.7290070206 2316.8883914067
111929989.7954254746 4464.3545705113
116112584.3787468970 6754.2022829056
116099422.2126974165 6753.5133028030
116129582.0295337737 6771.5201501846
117049715.5354086459 7029.6065902710
117958066.8936693966 7108.8634490967
116065259.4378334284 6753.4227905273
116744172.2492986619 6992.0296478271
117007571.0823871195 7027.5704879761
117816084.3247180581 7101.9034500122
111057341.0430660844 3915.7542680933
116916882.5136806965 7016.5424804688
120180606.7275684923 7262.6104278564
116895508.1216867566 7008.1434631348
111908600.7541888952 4450.6715067921
116364384.8638557196 6841.8674163818
116835726.2814372778 7000.0885543823
118752969.5357516706 7170.5719604492
110567208.9557157010 3509.0386127637
116578721.4804783463 6924.3029594421
115690098.2499440312 6567.6351907253
115876137.1966971159 6660.8771579266
119947164.7836280763 7249.1169433594
122051429.8071543425 7326.7677993774
111555002.7019483447 4250.2600916920
116480205.8173886240 6915.1576614380
119681833.7599722147 7232.4632186890
116424611.2140279114 6892.6122617722
118687102.1187436730 7169.1722259521
119765845.6720352471 7241.7727508545
116533199.0826746225 6919.8656864166
118772827.4996441752 7172.8049392700
120344035.9376754761 7270.5131912231
110744570.7561032921 3619.4325327084
115620169.6363600194 6509.9054849148
115726562.3476205319 6573.3346936703
119667532.8976280987 7229.9268035889
109786401.5397767574 2765.3268183206
120892488.9332764596 7284.9179229736
115759236.5167242587 6594.5030858517
111259330.4599003196 4030.5915328695
115566103.2104475647 6494.1813943386
117239046.6168576777 7051.5402755737
120108997.5408367962 7258.6430587769
117404443.6517365277 7063.7143249512
115536688.1531718820 6488.2665383220
116291347.8132619858 6837.0301609039
116393047.9193123281 6847.5040988922
117601510.5522657335 7087.7653732300
119141702.6545518637 7206.7457122803
120028152.0886368603 7253.9944076538
120272513.6408557743 7268.6125793457
118870213.4202561826 7185.4968566895
109572852.5916133076 2467.1287031798
111565850.7407446653 4250.5773337481
111559614.7577924728 4250.5056330261
114111714.8441354036 5729.6538537592
116004610.2202675641 6673.8973166943
111630136.4871017933 4260.3741062912
116278299.6626569927 6836.5674533844
119348318.5919827372 7217.5176391602
117387262.7037176788 7062.7930221558
109922856.9762632996 2886.5334567819
118822474.8782970458 7184.0723800659
109672099.2052308768 2569.2010244516
110914024.5513834357 3808.2984191818
111685671.0208423287 4271.0883625778
116777597.6945399046 6994.3090133667
111772289.9251177460 4365.8038319382
111618572.1256030351 4260.0525196823
117072845.3193439543 7033.4719161987
111581240.3702171594 4256.3436878952
114715069.3307237923 6013.8381570429
117330277.9744181335 7054.9736175537
109795951.1924080104 2782.5069904122
117156026.2575264573 7043.2019271851
118150312.9059942812 7129.9114761353
119316323.3381565958 7216.4651336670
116465945.3255251646 6908.3022384644
122114542.5939538628 7327.2598266602
110938009.0929240286 3819.3459837330
116910490.6388231218 7016.0065994263
119491442.2265270501 7225.5920715332
110813686.2271687835 3724.5597653730
114281304.3423955441 5817.9251444370
122730868.2316293865 7341.1608123779
119290263.3436845690 7216.0212631226
114259479.2518270314 5814.8702863306
121876592.7142109424 7319.5801620483
109551607.3269101083 2465.2636922983
121057690.1643890142 7293.4902267456
111433071.0098667145 4148.2488123474
110969012.9145524204 3840.5709910734
112898670.6943434775 4986.5380665231
115899272.8656950593 6663.2884910107
122331317.9467698485 7331.4363632202
113021425.1848254651 5004.9028934389
115678957.7576735765 6563.8666541576
120619634.2690485567 7276.7897872925
120749594.0363100469 7280.8283920288
114163090.9152178168 5729.8549150079
114193676.4094493091 5791.8959458917
115473754.3967629522 6450.9552409649
110590499.4935010225 3527.9382975222
119752692.8722377568 7236.1995315552
122900154.4913854450 7343.0562820435
111079052.3020048738 3927.6606281158
115855591.9462967962 6649.0127046108
110720144.7595708519 3618.7649491177
115794120.2769052684 6608.9866813123
111424630.0008639693 4143.9587961731
111552207.8778989017 4232.2044714707
115831428.3737713993 6631.2581002712
121302840.7422170043 7300.8391494751
121664799.4527696371 7315.7743988037
109624189.0006396770 2564.4568667803
111464809.1980817467 4173.9503255768
111397746.6435938478 4141.0454889832
111357908.7847079635 4066.0873477814
109793973.8076125681 2776.8000583444
111164036.4949955344 3957.5663346407
111342045.0668196082 4053.3742893097
122495315.7827776223 7337.7129592896
122796913.8319557458 7342.7736740112
111425849.4567964077 4144.6297327576
122616025.8881031722 7338.6886444092
110807797.0200346261 3704.9362863705
122341058.5201718956 7333.1567916870
109588957.6522071064 2507.5775746194
118077073.6420522183 7124.2589263916
121879366.9679901004 7321.6960830688
110662368.1172084957 3602.5676492856
111239383.2617731094 4030.0177750287
112773084.9676423073 4978.6002771109
110631674.1553130597 3574.9342500627
111232150.8348359168 4029.9174487946
116028914.5647602081 6728.2677590847
122195249.0237353593 7327.6088943481
120731305.6065233797 7280.0177307129
110771064.5884800553 3678.4023802107
121635792.0198522806 7315.3156814575
109468874.0490781516 2208.0284812949
122254241.7177242190 7329.6707611084
111132342.4882773757 3946.6534381254
121220586.8938805163 7299.7411880493
109704642.0681621879 2677.9941032563
109524874.9130462706 2398.1174305764
112626657.4450907111 4879.6583365649
118812476.9354420304 7180.0143356323
109511076.0661424398 2383.9295348517
116316536.9786267430 6837.5400638580
121417518.7022114694 7307.1384735107
117807125.0958170146 7100.5842895508
109685470.3596632630 2605.4983604361
110854753.7873223126 3739.0245192094
109692059.6113808304 2673.0468463693
110238767.8041907996 3199.8271962487
118799178.5326443315 7178.5271377563
114731323.6899249256 6019.8460229486
109521067.5321469456 2388.1053364066
111114216.9889686704 3934.7453875882
109479123.1828228831 2276.2355243979
110304579.5777897388 3263.6058808707
109678249.2605324835 2602.9843025118
109691528.2065729052 2663.6125499963
110951510.9106394947 3824.5032687528
109927725.1165894121 2893.1152142084
117967345.0030632019 7111.1391220093
110911126.2224609554 3808.2267184598
120802520.0430993587 7282.6091690063
109719496.3963765502 2684.5921640526
110684094.8102831095 3611.9275532722
120940326.4658341706 7289.2299880981
121504168.0744139254 7308.9493103027
109475463.3007957041 2274.1906009501
114864320.9213896990 6102.5220941156
114861283.4365077019 6094.6653966233
118703969.9355369210 7169.5051269531
112804787.5159876049 4986.3281213492
121595741.4859100282 7310.6845626831
109966609.7167508602 2900.0772192101
109587004.5410157293 2495.0955550297
109896964.5636581779 2860.3206824905
111286991.8708845973 4044.5484757889
111104204.5998493433 3931.5788644834
110210082.2410963029 3183.6298964165
114480351.2099260688 5924.4694169611
109837465.1135775149 2814.8915645576
114936764.4131490290 6161.2442544550
110542712.7959776521 3492.3144493345
109465977.5077249408 2079.9705719584
118345809.6449854225 7141.8875961304
110279842.6143210679 3214.7400343560
110719452.3889833391 3612.7830016855
118981538.7016725689 7193.5724029541
109833554.7835677713 2785.2749383822
113033926.0899048448 5005.2696654201
114743696.4122644961 6076.0459588617
110806944.8941502571 3701.3726539854
121958468.7353406250 7322.0703201294
112696071.9827611446 4920.7200970501
112611718.5232208371 4877.4323010296
118294100.4362242371 7139.0901184082
114541613.1209434867 5973.8614820093
112631590.0653923452 4885.0086153718
109905633.9209368378 2875.8112879432
112447327.3571667671 4775.5360778971
114213977.4410223961 5794.5125535578
114622044.9729005396 6008.4132693037
118573502.1129975021 7160.7522964478
112415148.8572594523 4729.9173612611
112539254.6644882709 4794.3162499762
112500305.6323958784 4791.2314808466
110360873.9526122659 3293.7091825979
112461940.8920740336 4779.4266579041
110368467.3979843110 3308.3848799395
115402345.2583661824 6370.2352159813
114527030.4042166770 5953.5059064478
114381778.3546229303 5878.5878633112
114413367.4892058372 5901.9001101255
114383956.1877368093 5891.8923371881
110445439.1987797469 3373.8096880475
118403624.2895779163 7147.5987930298
121017736.1451947093 7290.0948333740
112523565.4431390613 4792.2468145585
113847256.3636808395 5533.9350617584
114996688.2810708731 6171.5938653946
118502679.3742782027 7155.8874206543
110383877.3610769361 3318.9809839288
110511269.3729306608 3420.1297224169
110452322.9635618776 3382.3449250733
112175459.4432247430 4583.4787807851
110462892.9918578565 3402.5488588372
110127780.2992444187 3091.7506159532
113864760.9716373384 5559.8519490808
112026356.0148283392 4469.8431459949
113983149.5123279989 5627.4463234579
112137074.9981744438 4563.3836193078
112282219.0134405345 4651.2983634154
110350268.6648342162 3293.6713712374
112123757.5869843811 4563.3721825168
112291838.4048520476 4659.0457090572
115038682.0393212736 6191.6703637060
113949451.7920479774 5596.7929830085
112120725.3387177736 4558.9148689792
113878529.3212983608 5573.7418660651
110227924.4429296106 3184.6139204644
113995268.8285147548 5657.6128883908
115126254.8428720534 6208.4823494852
115021227.4464590400 6181.5534020364
113810476.4099893272 5487.1860309827
115209085.5742474496 6271.5540200174
110148638.7618678063 3107.5472242974
115196906.3145294636 6271.0423317850
115134232.4796244353 6212.8665286005
115356589.9152409136 6337.3165512979
115265929.8676259816 6298.9325137138
110043073.2384769320 3003.8879454278
113438173.1324667931 5278.7259011405
113485058.5454433262 5283.8232891696
113477478.1276170909 5282.2348840373
113503525.1385499090 5301.1998870510
113533722.6118655801 5370.3840034145
113682192.0378056467 5440.4170737217
109996284.9729751945 2917.4208454024
113661252.3473747075 5430.7996147722
110109682.2130016387 3027.7740453873
113634122.4862314165 5411.7236401029
113505916.5611985028 5347.1312806457
113686801.1897461414 5459.4843931931
110008790.7204725146 2928.7651135670
109982177.3853711486 2917.4207482729
113923942.4143389463 5585.7588783490
110027821.1295783669 2937.5245538056
113683014.5052421391 5445.8608675140
113346107.1135618985 5179.0923353398
113328086.1533682644 5170.2826963627
113199002.1037534326 5083.2418330386
113268265.4814207405 5097.7712367252
113325645.9284845442 5109.2830510810
113263209.3894654661 5096.8654485419
113322200.6309570521 5103.2555430606
