319728289.9821540713 16505.4184885025
320134286.8818433881 16583.2435274124
292891943.8993587494 6854.6104360097
292811848.0312957764 6830.0562683861
293812042.9771691561 7915.4820032482
293725639.5600157380 7821.3797707920
293799271.3618295789 7846.9745467072
293601348.1333346367 7797.2551844082
293545350.2680477500 7784.0666451817
319781161.6085597873 16542.7447443008
319420689.6796299815 16475.0294523239
319149093.2395922542 16394.6317977905
319682751.8595069051 16500.3481397629
319351008.2373670936 16441.2387189865
319474822.5774391294 16492.7119436264
337888956.0965862274 18149.4426498413
337757967.2437225580 18146.3475341797
292908069.3290848732 6874.3190003669
293447578.8291171789 7691.5240833898
293444894.1072415709 7666.3375755995
296277109.5144508481 9210.9313685792
303979812.9139013290 12357.1788065573
315429093.7604153752 15458.0345067780
319656987.7695911527 16498.0275373459
320128495.8687990308 16569.4047937393
326839520.9124404192 17530.0115356445
336900379.9898934364 18084.2522811890
337624286.0505544543 18143.1784362793
337298798.4777298570 18136.3415069580
337623189.1743447185 18142.4362258911
337944884.9871627688 18150.7740478516
320103915.2439838648 16560.0924119949
304043838.8292427659 12369.9793362888
304191767.7002696395 12372.5730842920
315181362.7621992230 15435.9132108490
315441561.8693369031 15521.0493078034
315426559.3333380818 15440.3228387635
317916436.5861701369 16132.3404603004
317612760.6141567826 16065.5641174316
317896683.3838587403 16113.2069516182
318035855.4365704656 16170.1666626930
317956148.1529088616 16163.1242127419
318227673.9977756143 16216.9159445763
319326157.7400141358 16423.8775949478
319394659.8853386045 16446.1217947006
325793250.6211639643 17395.2843532562
329067500.8637328148 17735.1825790405
328677632.1617543697 17697.9612464905
329126124.3167772889 17735.6392211914
328705149.0488046408 17706.4881439209
337085165.0262218118 18110.2228012085
338162607.2561668158 18151.0089263916
292871506.2052395344 6846.3106445905
292924819.3921487927 6942.6750559870
292836894.3708862066 6836.9465354432
292965100.4038581848 6961.3507684064
303804771.4196785688 12289.7193632917
318623400.3595885634 16284.3003873825
328826858.3586977720 17721.1140518188
292888097.2041831017 6849.6466322634
293447155.2717316151 7667.6355503974
295679378.1991317272 8898.3453552130
295932256.9950886965 9082.9780715101
302774174.5043224692 11935.8894948857
303521120.3708424568 12214.2942536445
303425793.9015033245 12162.1716447743
303654776.0275622606 12261.3121883841
303241568.8824638724 12099.4441495808
303511333.0988546610 12191.3379607546
303260356.2431163788 12133.5762430103
302948823.8712011576 12013.8529047864
304247049.6721178293 12379.4821571684
318964481.3212965131 16368.7024831772
318764187.6476019025 16318.4689397812
325883044.0370175838 17416.9850234985
328355212.5337330103 17686.1042098999
327884332.1895292997 17616.7596607208
303040887.8701741099 12039.3243899317
303122641.4088385701 12044.5805008886
318860842.1435431838 16334.4814124107
293015630.5256054997 7079.6898965614
293119858.1433721781 7237.1444387408
293094912.1181059480 7143.0376823472
293288850.2750093937 7466.1370172034
295852190.9084356427 9003.1655791744
304347099.6921190619 12409.1605026401
318275511.2764206529 16238.3768858910
325957419.7631963491 17435.1303310394
318549391.2491087317 16281.8883109093
303196865.1317914724 12085.9753572769
318903052.0718407631 16337.6388387680
318703606.9480407834 16316.3308234215
293274403.7234336138 7419.4448538394
295986441.7278481722 9096.8305206101
318938240.8214337826 16339.1714568138
326229993.1589887142 17491.0802574158
326786004.6374524236 17525.3511619568
293255344.1118335128 7405.5291662784
293210198.2215998173 7330.3499695388
293220499.1107352972 7332.6612762166
326643003.8391650915 17514.7888221741
326017459.4706380367 17435.4968719482
293164206.9691300988 7245.9541162736
294502362.1318244934 8194.4917563745
295639213.9907908440 8809.3058853972
296058168.3920016289 9113.7105498012
302605769.5978190303 11832.8935230006
316118787.1608983874 15690.8958444397
315736377.4693400264 15591.7607517045
326213839.1839839220 17489.8840560913
326063800.5133306980 17450.3373641968
326020656.8478901386 17445.7860107422
326044966.5242087841 17447.1381721497
326201982.0667740107 17489.7443161011
295659001.8550918102 8870.2334231315
295896966.0707006454 9011.2573671530
295728131.6161390543 8972.2204121528
295773954.8793802857 8997.3220166145
295372367.4806469679 8745.4416785467
302242702.7998158336 11671.2958666076
315577373.4525409341 15550.2025909226
315814428.2061635852 15622.3840961258
316899563.2166814804 15875.4668427110
302760759.1998663545 11888.9544333448
302542774.1064062715 11776.3134180536
301996796.8118705750 11589.2738636034
294591725.8331645131 8212.6534750411
302246356.9256456494 11698.2636390668
336583554.9747307301 18052.8059978485
301859788.2115038037 11519.8716866989
302738273.9472374320 11840.7670748318
315760316.4273818135 15596.1308732001
317767135.3119835258 16089.5945887566
329764567.5851845145 17743.3311691284
337034328.5416164994 18108.6571998596
328296577.7763592601 17674.9149780273
328324467.2868645787 17675.6903915405
317504557.6882845163 16005.9311180711
317115041.1426505446 15926.4370003343
317320020.6162254810 15986.2524834275
317163029.6291812658 15949.7877026200
317496656.9788614511 15997.3352928758
316926164.0016824007 15886.0156498551
315813258.1429859996 15618.6544938056
315943198.0743299127 15640.5004782645
316645159.6549203992 15790.4414852262
316542411.5176314712 15778.7542430460
316658124.7112130523 15809.5266810060
316420238.8007242084 15752.2293941677
316081495.4047874808 15664.5933163563
316335850.9440296292 15731.2331040303
316045267.6988480687 15660.0623915592
325801881.5336188078 17407.2432746887
327926109.9183596969 17634.3571510315
327452313.3795558214 17553.2896203995
328050840.8542244434 17651.0978317261
336515292.0287450552 18045.0689697266
336436056.6215404272 18042.9274902344
336190480.2345766425 18005.1739997864
336428431.2933391929 18034.4025497437
336626186.7650913596 18069.6632461548
336613166.9553403854 18069.4183807373
336301540.2157071829 18010.3302612305
328176646.0981464982 17657.8509712219
295422184.0462912917 8761.8006985123
295075452.4383970499 8575.4014384421
295001334.7500577569 8554.0714927586
295181330.4701362848 8641.1468854184
294803832.8637251258 8400.3309421028
294681696.7207056284 8323.3905667970
294975104.3047857285 8534.6444635625
294910684.9650179744 8455.2705780232
294904004.3059440255 8445.4791160238
294838878.9229655266 8430.7789284067
301638997.4892898798 11370.8539496656
301828607.9785349965 11430.0572283654
309841114.8991968632 13797.7488151982
301988349.7629175782 11520.0279873940
301749987.0030468106 11426.9440069082
301821364.3964107037 11429.9781811722
301714643.9146305919 11393.5424109842
309937191.1669910550 13828.3176962331
309501371.5279288888 13701.5223220988
309626655.3175697327 13748.9034887746
325022662.6217551827 17280.5992660522
325580425.2441007495 17382.9501342773
325330178.0208632946 17338.6219596863
325522227.0482565761 17371.2572288513
309594454.6773009896 13718.2779155281
309784938.2071650624 13776.7942348912
325245920.0550937057 17318.3959350586
325122740.8248801231 17299.6850738525
301166969.3656660914 11105.2610808051
301170049.7164875269 11112.7642903094
300918616.1992683411 11025.1678852801
314714295.6981996894 15108.2040041452
325157799.0393598080 17302.5294609070
301019282.5587658882 11033.0004135313
300349110.2366114855 10806.2314928015
300476404.0805659294 10849.5199321424
300387594.3688368201 10833.4227254828
300266883.5786501169 10779.5994191151
300384801.6153650284 10824.5209240685
300136373.2895542383 10706.9911426021
300152844.3661192060 10710.6066429598
300189686.3494855165 10742.4438748131
300043583.2965542078 10677.8993666856
325267677.6251965761 17328.2785491943
299451552.3191475868 10400.5513923852
299896596.6319769621 10556.4038222795
314624178.6990666389 15079.7031172998
299619389.2977366447 10447.2407566858
311946020.2797322869 14392.5572732219
314519752.6314964890 15073.0621946817
314903597.6828827858 15163.6280316003
313933169.5448697805 14912.5968000842
313791763.1503517628 14869.8019564105
299434450.4888091683 10366.5571197364
313605994.3008199930 14822.9803354694
313462539.8572012186 14765.1447720467
299228713.7827513218 10257.1843006746
299358838.6192061901 10339.0420266743
299150859.3169207573 10251.3671868583
299407334.0113533139 10364.2184330057
299333341.0437948108 10322.7884012302
313410949.8248023987 14754.8546793414
313263127.9205855131 14728.9404308749
313299096.9061291218 14752.1700022174
327627214.4429526329 17559.6111526489
308972887.0138567686 13516.2994324162
299048493.8145053983 10188.1872271141
298986075.8215287328 10117.4128013467
309233975.0611900091 13584.4194685414
309322626.5995755196 13632.3411308720
308808963.5512819886 13440.2735770521
313178559.8974286318 14703.1493908325
313144774.8443903923 14667.6955225421
312691745.1096763015 14573.4016082484
312448309.9718712568 14506.4958467891
311843094.4490676522 14360.4690339489
312129850.4646098018 14446.9470043590
312018778.8348879218 14409.3374424388
312030572.6357503533 14412.4216328075
311807535.0123616457 14349.9341291718
298960091.1794335246 10079.4320741286
309113247.5268310308 13556.3300504176
308894926.5939355493 13473.8348477659
297753462.1970179677 9457.1507966192
297768283.2899830341 9574.0954319592
298529403.2960571647 9911.9193483265
298468389.6358105540 9885.9798849756
298433623.0882018209 9874.9981319014
309082215.5312070847 13546.9578240690
311045559.1491156816 14073.6436838491
311278341.7991930246 14160.4210109098
311649989.6253743768 14263.7715367658
298042569.1482812762 9706.9035555478
298367746.6596295834 9848.9735330632
309359045.3578644395 13634.3961713791
310941953.4238205552 14057.3571693992
310979879.7782859802 14068.6953620298
310811429.3340333700 13990.5037395341
310731186.3178695440 13970.4967859454
310856377.1693999767 14054.2095870359
310759772.2036253810 13970.9941045474
298265422.6524222493 9765.5004149251
298164467.0659268498 9754.8749888348
298297024.0577971935 9802.7298723794
310185318.8389962316 13863.8883477305
310460341.5140733123 13950.8495454930
310274316.9119516611 13879.8989685208
298341579.7650424242 9811.6832114090
297356734.8106099963 9289.1928041692
297764635.2935789824 9484.9486869632
297764200.7769412994 9478.6343797857
297542255.5023169518 9379.6432907324
297462254.0943897367 9347.2587390117
297583950.5060631037 9390.0159416295
297334312.0476159453 9216.1566043043
308694507.7512512207 13326.8872990104
308646135.1281750798 13256.0927583544
308499960.9820556641 13206.2136462984
308568257.8523379564 13219.0461701211
308575507.7903296947 13221.8764804658
307924567.5324993134 13033.9391381095
307828667.9549645782 12971.2402379082
306718834.9691823721 12645.8119862013
307553723.1422637105 12917.7814261877
307450557.0267451406 12870.5650939500
307675282.6186881065 12959.0760530259
307477202.6296454072 12873.5668109190
307210425.2382628918 12812.6456082992
307301686.7518776059 12860.3531941926
307123676.4902369976 12805.0831822090
306745651.3580331802 12682.6759235792
306432018.6673714519 12513.6176072292
306513094.9502177835 12569.4940239124
306432564.4158390164 12554.1776086025
336002152.8603875041 17753.7102661133
336111958.7629806399 17754.8400917053
