815998871.0253596306 112417.8414459229
712982518.6448036432 25783.2966553692
713373462.6583156586 26701.2236930597
729221053.6939547062 52523.3201724309
743898134.6030685902 69397.3210392594
775273786.0496751070 94670.3314921800
775483954.2968670130 94842.5360515062
798865984.1015120745 106805.1672058105
815669144.6773734093 112217.6473007202
776570328.6695582867 95456.9112269823
712203954.6299605370 24062.4743472528
743746434.4840921164 69239.1225681901
744391369.1959455013 69912.5390101075
712878060.0572967529 25502.1436227087
725576290.2833740711 47795.7912990330
725831954.8823992014 48091.3989709924
727811418.1624724865 50766.3704136964
729315144.7892071009 52627.2931385913
725343193.3961696625 47445.6522673770
729271507.9727503061 52586.1096216943
776412322.3211675882 95400.4992357884
815787736.6877167225 112331.5834197998
744525840.3364280462 70030.1201000810
744462435.5302706957 69969.1216171570
816987765.9410586357 112540.5438690186
718001634.5195118189 35532.9930591399
744615867.6533771753 70113.4175806642
744752061.1689518690 70158.6074762940
745001616.6835336685 70288.7743541133
744881876.0214982033 70227.5088886749
776250726.8733344078 95339.1520030443
744971363.5730299950 70234.7275502812
745266315.0191168785 70423.9093327057
718446855.8094937801 36263.2119739479
744547853.2108860016 70077.9511188995
713488556.6978397369 26921.2648054826
729211200.5730942488 52488.3392013852
713336310.5000311136 26561.8224901603
776503246.3878777027 95454.5149714891
759703246.5459803343 82530.0630031523
776022783.3548051119 95235.9083583299
775801238.0168083906 95081.7460963670
775423185.3353626728 94832.8457438890
710068382.1570018530 15151.8137486926
729329790.4686708450 52747.2035512272
759695789.5475081205 82514.9723201689
775559919.0720698833 94958.4522883836
760056187.0962470770 82786.1232546435
709878662.1479479074 14495.0850474068
729402756.5678533316 52780.6257330682
759831878.4934310913 82714.7559352812
710081040.8314300776 15156.4003455897
713495815.5904192924 26931.6742913569
759494224.1252350807 82367.2044673857
816343871.4858217239 112485.2376098633
816442305.2031924725 112507.2532958984
713479304.4476790428 26869.7889186609
713282330.5004307032 26545.4913112390
728721095.2574840784 52009.8414847162
831029491.9214063883 113539.5341949463
712377219.4428890944 24443.9657254975
713078207.3168873787 26056.0839513000
709881979.6086436510 14519.5823970248
728354555.3683640957 51438.2446407583
709843420.8662017584 14171.3557772389
709806870.7623034716 13842.5358969918
728521134.1246961355 51756.8538688924
728282153.0000518560 51398.0018475168
712706242.0665023327 25313.6473096515
728497548.7202873230 51556.9713936281
772105464.2199437618 92684.2713387490
774731243.4889956713 94367.9322612230
725205291.9820497036 47277.3332823916
728414208.7393983603 51534.8812265825
799146345.3669755459 106916.5034179688
833162840.4871619940 113607.7919464111
712569000.3064051867 25014.4973577123
817042639.9144119024 112568.1009521484
712467477.2943245173 24704.9561132055
774783150.2295076847 94435.2924830858
728249799.9240391254 51383.7833557557
801824804.6326583624 107879.5097885132
717871657.7316113710 35130.0658493488
725256617.2382172346 47321.4035357936
718160024.6749452353 35798.5433000582
725448075.7885841131 47655.1995105250
774651465.2681499720 94306.1382396165
774471003.5082716942 94208.4740016405
799387596.2085151672 107014.3006973267
801986593.1392940283 107961.3109817505
725586931.7599071264 47818.0698535636
718064614.5752232075 35564.5458469837
718290211.8500233889 36032.3818693607
803941474.6724910736 108701.0858154297
804399120.9690835476 108862.5664825439
759593806.9162352085 82500.9147421081
726676424.0699547529 49331.8638922926
726858990.8013501167 49512.6806671277
803674454.0849549770 108541.1427688599
717861979.7239949703 35118.7271115179
726624205.8353608847 49262.1116672512
726207313.8524572849 48663.7001911160
726360003.9998573065 48906.5208469387
773912387.2669420242 93824.9426371995
830465026.1162434816 113397.3438110352
725630738.8116409779 47852.1023105576
726061019.9783759117 48397.3842373646
794530572.8898464441 104825.1499557495
830334267.8761954308 113256.4500885010
794329341.1249248981 104706.0348968506
742881698.5186518431 68292.7067907602
718111181.2939505577 35713.7499237292
717830877.5888364315 35087.0759429331
797816361.3157333136 106354.3398284912
742696932.2118196487 68126.1843381673
832336096.8483966589 113560.0258789062
717737159.7945473194 34697.6839901320
759751554.6385272741 82633.4681697782
760434610.0688230991 83149.5907617273
832789217.9917913675 113570.2825469971
801526906.5234277248 107809.9591598511
797236441.2706995010 106112.1967391968
797569915.1511690617 106302.2879104614
797395791.2905467749 106225.8736495972
759892336.5337224007 82744.9885118898
760683642.1325187683 83263.2466350036
801379519.4377262592 107665.2812118530
760397741.3886482716 83133.5636971396
760162433.7548954487 82913.8147103666
801223371.7138843536 107638.2068862915
711834050.5099359751 22063.2029904104
801387400.5269936323 107680.0824584961
797343059.7089698315 106158.2829437256
711819222.3058470488 21774.6741265035
717740012.5314012766 34747.1573539259
759390280.9686623812 82236.1405305477
711873356.5447987318 22162.0703647388
777449556.0723857880 95535.8359130788
812468258.7360082865 111332.4929504395
742072064.6951224804 67288.0100887474
796888940.2985857725 105991.0837326050
714626427.4881945848 28511.6969019715
759262919.9578669071 82039.9389221283
724745967.8023965359 45652.8289088773
724626467.2583962679 45507.3997356462
714685260.8804900646 28541.7565909811
812380338.6555912495 111308.7159423828
741500079.3819150925 66586.9085033592
741680507.4138000011 66672.4211948570
741734915.2466019392 66846.0330722984
741416614.9703593254 66476.9914332088
741216197.5603471994 66101.5565072834
741109595.3977768421 65917.8666728442
741393953.2764276266 66474.9636270343
724485512.1531518698 45507.2445079788
724435969.1162418127 45467.1807926969
796127754.1902272701 105594.2689819336
812785466.2867883444 111390.8457946777
740034405.4136533737 64840.8238960137
723800099.8945739269 44390.8660023744
740598573.9138834476 65540.9679768984
740321043.8894350529 65222.8348880936
724252552.0560125113 45147.4385974939
715084085.0944101810 29349.2357791593
723883967.4404252768 44611.5186226704
740444482.8202612400 65341.5314475228
714907190.2526146173 28963.4976339005
717077045.7790063620 33228.1242795234
803215151.9447742701 108336.4608001709
803129649.2629203796 108332.4246978760
722245921.6499860287 41916.1948545651
741343566.8862072229 66227.5902115968
722867739.6588333845 42929.1460522508
716712449.3096126318 32481.7346609804
802942338.7918897867 108293.0060729980
716555645.1485441923 32129.7538717046
722376640.0398681164 42188.6426886415
722566852.2709687948 42361.7198868155
716573471.9612838030 32132.5371015324
716511860.9628868103 32095.1345670476
722145527.3549404144 41818.0272687153
716340358.3269708157 31708.7825450782
722509708.3162086010 42277.5552342610
813916125.1007390022 111641.7985687256
803219129.9159073830 108356.0238494873
813378149.3100534678 111440.3092956543
733085899.3038921356 56281.3312233261
813594252.1596041918 111535.7936401367
710718628.9446874857 15970.2758102935
716421942.7747244835 31850.4759883127
733277391.9511606693 56947.1298139862
733191393.8840036392 56745.7722509674
715831869.4826539755 30609.1676196556
722014073.6367077827 41288.2593258192
813146560.9038478136 111438.7294464111
739588482.6413928270 64156.7306193192
771776434.3692649603 91678.2462853286
771850204.1641871929 91710.9751824234
771845227.9694452286 91696.2891625259
757394202.8363124132 80404.6518881610
800184132.5257374048 107111.1107177734
771369399.6266243458 91348.0890587661
721910514.5775277615 41104.5218398982
721527856.0607991219 39972.7034242934
714233606.6499073505 26952.7951464386
714440898.7794314623 27364.3180163292
714307436.7990419865 27021.8701083188
711167739.2237498760 16992.9867151874
711176162.3398396969 17084.3716035581
711135158.6700241566 16991.0064676898
735982995.4216020107 60014.8003426970
735455599.2833105326 59326.1478024900
737403906.2202342749 61630.9281664607
711222632.8252580166 17334.5564650837
737626969.2977185249 61905.1682482478
711257979.2242906094 17468.3546785292
830108667.6443765163 112914.7915802002
737448276.4567949772 61685.0650107380
737861483.2908184528 62085.7007737872
737891491.9909979105 62118.7501078364
800615246.9269365072 107229.4114608765
790607443.3869372606 101877.2295713425
737592911.4287797213 61811.0687667843
737320269.8906005621 61533.8247698661
737317396.5674074888 61533.5978443142
720537981.4999209642 37945.4551906555
800739671.0870851278 107256.6727447510
756923339.1596604586 79629.1505434172
720679644.0774102211 38367.6072807282
711728823.9568896294 18986.9347782633
790546583.2653225660 101858.7025413513
757039943.7794861794 79714.8596803801
800895436.5472956896 107299.5583724976
735534017.1564323902 59326.7862437719
735576332.1301559210 59407.6649287694
735175986.2130912542 58828.4647887700
711579921.0830006599 18524.9007081446
815214868.7893407345 111699.7478027344
769619727.1609787941 89533.5067551711
769510984.8706119061 89114.2154973128
769919515.6918889284 89851.5186274626
711514352.3544406891 17919.6666389194
734858405.6029561758 58427.6385179215
734911215.4433066845 58527.4551471227
756898204.9138067961 79595.2467767851
756543821.2176340818 79219.0999204771
721193879.9009196758 39211.5818462193
756458271.9915722609 79129.6679202598
756210109.8728173971 78812.5106057919
756384041.6405973434 79076.4069226813
755997868.8191001415 78600.4176729920
721297797.5501680374 39306.5922250460
790485349.7509311438 101786.3425559998
721155112.1327540874 39108.9485025118
721072250.5245407820 38933.3656545149
720860418.6743957996 38567.4371831857
768736404.0370990038 88230.0286180873
808000648.2967243195 109241.0561370850
769065793.6949230433 88454.0493318934
769117866.9811862707 88485.5109674830
769159470.4467592239 88524.3382646937
769302534.8922257423 88682.6025659938
807079956.3428385258 109197.6609497070
766277741.3831235170 86201.8927628293
765376404.1142817736 85408.3836904659
765251747.4054270983 85406.3913808956
764979399.5683664083 85157.5258222714
764992534.4532260895 85159.8896528378
765199863.5325778723 85398.4119424566
764763612.6066521406 85119.9172297784
765020831.2546578646 85344.3662611141
731679537.7728749514 52922.7647540357
762735606.1961550713 83509.5428108647
762577714.5959385633 83373.4287399724
808369238.8404674530 109519.0789184570
808775594.9753460884 109627.3997039795
808867054.1975493431 109697.1965484619
793373394.1637065411 103016.3810844421
793474017.6842782497 103074.3233375549
793694933.6234748363 103117.1885108948
793885861.0792124271 103277.2254905701
794053088.6767642498 103294.8083381653
794227218.0349335670 103431.9731712341
794210771.3290007114 103390.1713142395
755532998.5110979080 76928.2316870135
755378804.8659812212 76785.1884097089
755582781.4354062080 76971.1055396464
789841778.9410396814 100225.4810771942
790243487.3437179327 100339.8068637848
790283997.1834057570 100409.0755062103
790092508.7508548498 100333.2983150482
789951628.1376678944 100260.4624767303
790306090.2427531481 100443.9321727753
790003743.3903421164 100309.5237731934
754180698.1258435249 73326.0877997399
754059448.2008365393 73188.7340366910
751853921.3801939487 70662.0892232225
751598182.8346471786 70457.5379124572
751540013.6955674887 70447.4821460386
751830302.7143468857 70647.6135581722
