357181930.9740190506 2181755.5468750000
358836995.9551948905 2185815.5712890625
352449414.5034884810 2092687.9404296875
343765603.5590108037 1310526.2089643478
343803737.6607071161 1315552.5450256169
343812386.3924083114 1317650.2322814763
344348468.3336704969 1414703.8193845749
344424937.6959620714 1425084.9155130386
347746024.9395732880 1818356.2294464111
347633099.9992820621 1813632.1878051758
350416202.2259315848 2000935.1262207031
350452710.8265883923 2001258.9931640625
352600877.9565820098 2099441.4350585938
353083025.4288843274 2115574.4531250000
354584610.2532576919 2154037.1103515625
354545843.8512297869 2153869.8896484375
355368463.1261038184 2162980.3125000000
357109470.2639209032 2180840.1621093750
350868683.7821989059 2026946.0771484375
350636245.0361985564 2020009.0922851562
350579594.3939368129 2016085.4543457031
350690164.9352968931 2022180.2724609375
352697954.3606144190 2101595.4768066406
352326545.7812826633 2091261.1218261719
353247704.1313371658 2121396.3793945312
353722606.5339826345 2133118.6372070312
354160461.6052030325 2143710.7871093750
354543297.1906175017 2152628.3393554688
354762826.6173623800 2155662.6767578125
355116263.4658179879 2161689.3007812500
355213129.8017024994 2162503.2705078125
357679700.4845668674 2184173.4667968750
358563947.4897474647 2185536.2988281250
343000356.7360099554 1059087.9990961701
350805725.7343729138 2024736.7795410156
350880928.4325960279 2029302.5187988281
350913435.6197515726 2030597.0991210938
344323926.6493021250 1407982.3478860855
347443841.3329954743 1801671.6834106445
347679563.7068583369 1817082.8017120361
350626468.7999987006 2019724.4904785156
351102828.5607331395 2031983.2944335938
350658105.6621157527 2022147.7131347656
354092675.7519996166 2141766.9863281250
354798702.9405885339 2156429.8081054688
355349327.6646703482 2162689.6250000000
358002949.4678465724 2184846.0507812500
351006417.1125975251 2031280.2309570312
350875530.4601857662 2026959.0859375000
351216619.0583845377 2032851.5917968750
350718752.6574241519 2023042.2600097656
343711390.4534465075 1296424.4808776677
347479540.7818256617 1802938.6448364258
347493062.9102808833 1807780.2200317383
348950661.7000464201 1890021.8709793091
350850552.8663577437 2026273.0295410156
351077735.9826626778 2031355.9282226562
353493685.7476768494 2127138.3139648438
354819027.7737821937 2157328.5141601562
342973501.8015714288 1050072.2771751806
344490537.2359992266 1426180.0782938004
344477927.8415402174 1425237.6251688004
344375337.0709148645 1416205.6458597183
347384048.6026271582 1795804.5696411133
348952361.5039325953 1896292.4994888306
353148999.7952748537 2118939.0830078125
352856591.2374379039 2111321.4916992188
352883944.1366207004 2111804.2602539062
354060862.8296470046 2141181.5195312500
354093493.1035824418 2141967.8828125000
354874600.0269237757 2158158.4565429688
355436083.2118580937 2164344.3554687500
356953336.3372784853 2179438.0068359375
358155797.5419970751 2184847.0820312500
353102967.3266318440 2117398.4951171875
356838513.9934797883 2176930.6713867188
347479772.9202909470 1803922.2983093262
352956035.4785771966 2115562.2031250000
353864675.7350721955 2136332.5722656250
354129280.6816811562 2142486.2119140625
355035857.5419071913 2159837.8535156250
355259143.3347138762 2162571.7158203125
357003617.4971761703 2179524.6884765625
355401066.5422304273 2163062.6542968750
343039353.9552311301 1065497.4354147837
344383515.6123536229 1416435.3185539246
344407211.5454261303 1420668.9062662125
353908623.2237351537 2139911.7221679688
355162946.5505484939 2162374.6992187500
344407139.4734734297 1418860.3885736465
344413949.9663562775 1421839.0978250504
344638709.8878552318 1427921.4032249451
344324680.3800143003 1413813.0243387222
354170915.5551228523 2146010.8457031250
354882309.6945480108 2158924.0185546875
356733154.5359498262 2175488.9848632812
343059431.3949730396 1073301.7075629383
347389395.6638538241 1800260.1052856445
349103219.2203875780 1896725.9686279297
352953486.2009983659 2112223.5410156250
355533174.2469667792 2164981.2304687500
356843384.8756284118 2176973.3330078125
343026761.0583472848 1063939.8475245312
347588197.6410788894 1810580.0960769653
354389747.3129066825 2149777.2338867188
357880581.4831855297 2184597.8085937500
344364507.1866414547 1415051.0956277847
355423124.2470970750 2164129.0126953125
353329656.9430758953 2125649.9975585938
358236882.9330636263 2184980.5634765625
358533349.4297711849 2185260.5947265625
354352740.5490463376 2148247.0854492188
354300403.3344506621 2147910.9912109375
355313111.7065252066 2162644.3691406250
354272214.3659389019 2147887.4990234375
343061015.8571856022 1073797.2432135269
344187036.3224222064 1390325.2323770523
353679656.7108761072 2131556.6904296875
354674035.3826304078 2154958.5493164062
343048574.8740538955 1071424.2806545421
343092739.2481233478 1083434.1268459484
344208733.3209795952 1392065.7741250992
352849666.7527249455 2110943.7363281250
354430905.0536879897 2150370.5708007812
357935511.4982903004 2184716.9746093750
357804358.6441028118 2184279.0019531250
344152490.2529538274 1382568.5768766403
348608665.2096095085 1884312.8659591675
343128921.4439181685 1093709.6396118328
343104460.2659585476 1085182.0021816418
343076461.1092103720 1081115.5669094250
343129705.0238484144 1095661.6463371441
343121512.7942214012 1089492.9461721107
343193206.9402337670 1098234.8821241483
344236194.2691226602 1396841.8336954117
347356577.4836269617 1795497.8607749939
344215865.7259601355 1392110.1657037735
352285044.3175839186 2087936.8383789062
352707910.4610068202 2104079.0800781250
354654606.4003263116 2154853.4277343750
344171134.4329051375 1387707.8698282242
352759004.0040202737 2108534.3217773438
344277100.1572548151 1402251.2213068008
347135484.8820251226 1769866.1952476501
347256513.2617491484 1782646.0633125305
343747052.0699345469 1307605.0640380681
347219271.9054317474 1779445.7789878845
347099177.0799298286 1765993.8828077316
350316004.4672450423 1987288.8513183594
352484975.9541537166 2099337.1430664062
354801432.4420475364 2157066.1166992188
347110436.4099661112 1766029.0790967941
348478514.9484905005 1874985.9462814331
353641927.5215197802 2130441.6201171875
354641372.9590634108 2154318.9956054688
354488410.8106827140 2151184.1645507812
343706006.3213607669 1290180.0312497616
353582470.3383105397 2130007.1943359375
347079996.3081169724 1760327.3748083115
348375546.1187009215 1865197.9877853394
353594852.2541214824 2130170.2397460938
357501642.9267064333 2183515.0195312500
344086661.2969969511 1361601.6336832047
348463179.6004415154 1870728.1728439331
347113616.2529357076 1766909.6777296066
348464702.8127908707 1872885.7605972290
350200840.3965159655 1982463.1896972656
352310492.9997815490 2088197.7512207031
353138048.7544541359 2117458.7856445312
357599944.7826046944 2183679.3300781250
347188836.7470373511 1773367.7646436691
357426949.9224839211 2183114.8994140625
347217578.7265546322 1777974.4074659348
356628007.6093033552 2174748.0742187500
344136872.4171280861 1373242.5523843765
352268685.4548467398 2082756.7757568359
353264115.5685489178 2122111.6484375000
344090493.1990896463 1361788.0767984390
343304587.8754401803 1118690.6211797819
348468095.4824679494 1874000.5873947144
343793081.3408834338 1314766.9364011288
353672738.3253625035 2130767.7880859375
343248561.2256936431 1108736.1869737729
343293303.4773442745 1118089.7272111997
343274025.5970183015 1113411.4935191774
343937578.4114515781 1338675.3533811569
353193696.2295411825 2119418.3637695312
353282684.4969851971 2123991.2119140625
348662194.7452804446 1884322.5077362061
343308266.3308331966 1121845.8488657102
350375057.5628705621 1996770.9353027344
350178221.6222690344 1981977.4725952148
356559138.0094863176 2170068.1826171875
356554395.3910437822 2168551.9335937500
348514854.6801411510 1876738.3556365967
357298147.1544381380 2182345.6738281250
357545158.5365501642 2183667.4472656250
343360008.8777718544 1133248.1906332970
343326467.4738415480 1123750.0814204845
343379165.9516857266 1142385.3503792915
343354837.4084624648 1132959.6974120769
344096894.0469028950 1369468.4652261734
350228355.3667408824 1984168.1357421875
350246961.4735011458 1986093.6911621094
356888252.8813506365 2178261.9501953125
356582322.2235900164 2173292.3925781250
348413380.3260707855 1868886.2880783081
350264033.5482030511 1986110.0207519531
343367600.5681571364 1133760.3637099895
348474890.0152969956 1874064.8920822144
350327083.8261680007 1993804.3571777344
353180063.1348816156 2119221.8452148438
348260109.4243749976 1853573.3730392456
348355785.1514821649 1861368.5195236206
343452866.3760502338 1157542.0645328197
343428421.2058428526 1156773.1011446714
350346416.2256994843 1994561.9182128906
357436065.1278116703 2183137.9345703125
354146308.3698757291 2142518.9829101562
343493119.2587645054 1165194.4265990886
343386961.2760704160 1145316.9054809245
348305232.6836277843 1860885.6821212769
356573654.0006790161 2172398.9589843750
356910323.0759332180 2179139.9814453125
357353106.7683213949 2182984.4052734375
343456963.5320829749 1162736.7606923017
343417316.4673398733 1149897.4159314069
352216219.6264824271 2081930.6379394531
356868532.6637296677 2178203.5449218750
352176976.4576787353 2080574.6252441406
343546028.3155058026 1180643.9164090157
348168354.6706060171 1846277.0891036987
352313992.7909850478 2088653.6242675781
343558188.0935941935 1188638.6921154889
343893326.3445643783 1331088.9415607452
356824758.8453767300 2176098.8388671875
357194243.5979802608 2181949.4453125000
357186993.8964681625 2181915.2128906250
343510734.3467763066 1179630.2998425397
353189599.8555922508 2119363.9296875000
343506576.5433393121 1177801.0099255475
343929838.6952646971 1335606.8575050235
348003718.2726993561 1834905.6742172241
348081534.6794418097 1839070.9767532349
343977513.5876512527 1344685.1472732425
343900271.3957686424 1332156.9335739017
346932501.2553840280 1733230.8580379486
347876355.7198788524 1822268.1614112854
347936431.0074409246 1826685.3102493286
343979291.1750997305 1344996.1451732516
343912546.8253375292 1333582.2433273196
343862220.5004724860 1322984.5619308352
343889707.5785889030 1328028.9416387081
346984020.4496881962 1742030.3533992767
347921503.3398460746 1826012.6692581177
344043728.0450620651 1356169.5756158829
348023256.4550568461 1835692.8136672974
344039928.5317376256 1355710.5152521133
346968181.5243027210 1735802.7369136810
346905844.8171002865 1728398.9325923920
347023225.9689589739 1743216.6917476654
346969577.5169869661 1737318.6343746185
347033487.5357155204 1743745.0044918060
346947184.1625037789 1734224.9605464935
356328194.1685289145 2166469.7578125000
343669994.5587445498 1203924.0802846798
343698811.6185953021 1214325.5825967789
347869742.6484321356 1820375.7687854767
343698279.6111743450 1212289.4987622797
356354854.5271794796 2166592.7792968750
356437258.9291644096 2167090.6914062500
343678935.1076515913 1207533.0840885937
346878113.5627166629 1717320.3478755951
346902666.0046276450 1718806.1249752045
356070709.8525559902 2165045.6445312500
343681541.4101126790 1210339.4379704297
343681655.4324184656 1211460.3935368359
352075579.9099332094 2055414.5817260742
351964440.4054535031 2048845.3269042969
351808409.0369260311 2042904.0323486328
352121713.3781532645 2058005.4460449219
352148765.7508897185 2059577.7277832031
352003738.1739397645 2053333.6198730469
352036785.9737769365 2053620.3095703125
352040906.5386400819 2053698.4313964844
345508140.9183026552 1432661.1898307800
345372542.0296332836 1429865.0179557800
346816284.0706040859 1570173.3014011383
346857442.2339015603 1579335.9339389801
346815183.4852885008 1559247.6709384918
346787007.8943927288 1555231.1067295074
346433845.2094967961 1434199.0628967285
346553115.6683064103 1437225.2066955566
346422303.1037749648 1433208.9574279785
346449521.3447763324 1436344.8721618652
346651716.6125973463 1446051.3592224121
346759773.8536185622 1448676.3302917480
346642013.3511405587 1440673.9708251953
346593579.3111271858 1439080.4501647949
346640313.5092664957 1439597.0084228516
