183812575.6278060675 3494133.9746093750
184016131.4039731622 3510552.5332031250
184551766.7115142345 3541585.2285156250
184584441.9513585567 3544789.3105468750
184842355.8954441547 3553122.5957031250
188950115.9548810422 3729114.8671875000
188983941.0874509215 3729722.2597656250
188615893.9818119407 3718859.8828125000
189038041.0847548246 3735018.0878906250
188889221.4858518541 3727874.7597656250
192228631.9157999456 3813128.2695312500
191806750.5181657374 3807202.6152343750
193238686.5938581526 3820295.1640625000
178535265.9661193192 2861573.0527343750
178699371.7480299175 2886200.5878906250
181165511.4805991948 3262963.1796875000
181179607.5991098583 3267734.0703125000
181548513.3280688226 3299182.2324218750
181403383.0167589188 3291923.2695312500
181636988.2953319848 3311519.2832031250
181588796.7016645372 3303160.3906250000
184754988.9618675709 3550137.1503906250
192145540.5107537508 3812711.7460937500
191894849.1495282352 3807464.5800781250
192656858.8333739936 3816706.5390625000
178364765.9161635041 2752920.7880859375
178481851.7476197183 2848807.7343750000
178566208.7522147894 2876470.7089843750
178491330.3807078898 2860336.6035156250
178674419.4581639469 2885784.6396484375
178737592.1280338168 2892251.7060546875
179537764.1469213963 3064931.1796875000
179404892.1198283136 3049203.4042968750
179523348.1511732042 3063539.6796875000
181077084.4325371683 3259496.2363281250
181436303.1005216241 3296152.0859375000
181317858.1686319113 3280668.0996093750
181283555.8064247370 3279421.3593750000
183960643.1879315972 3502911.0605468750
184305271.3459582925 3528407.7421875000
184154241.8548860550 3517854.9160156250
184440401.1257507205 3531997.2246093750
184205547.1533412039 3522558.6386718750
184481026.2790752649 3537216.4433593750
184525520.2814607620 3537400.5312500000
184686029.1370448470 3546153.1093750000
188901761.3709637523 3728081.4472656250
190500078.5087082684 3778545.5371093750
191725779.7148699462 3805803.0351562500
191994000.8529100716 3808935.6406250000
192045044.5246092379 3812075.2031250000
192856561.3789915740 3817932.1406250000
192525414.5936997831 3816296.7031250000
195665836.9189517796 3826372.6367187500
195664394.6439459324 3826143.1914062500
184526199.8159294724 3538227.4980468750
184469835.3959494233 3533357.6074218750
184134903.4652474523 3513611.6503906250
178786490.6241771579 2900828.4687500000
184459793.2771257162 3532167.4140625000
184365112.4862464666 3531827.0605468750
184154857.8795675635 3519756.0019531250
178583500.5396341681 2878437.7744140625
184107957.9414337277 3510742.5175781250
183872067.4440926313 3494573.6210937500
184132879.9815225601 3512001.9492187500
183992463.3837317824 3508941.3300781250
184989378.0390025377 3557806.2929687500
190638140.3861620724 3782124.1054687500
190951543.8096253574 3786495.1875000000
190620167.5446791947 3779257.6621093750
178368532.3533296287 2770637.1474609375
178482230.5311466753 2851332.2851562500
178546176.1632109284 2868147.3027343750
179509372.5422342718 3063113.5273437500
179459320.8268386424 3059522.8398437500
181272596.7278044224 3273228.9316406250
181698697.1541728973 3314944.6953125000
184347204.3996337652 3529480.7949218750
188992624.5821078122 3731051.8496093750
188728256.4419384897 3722502.3085937500
190453008.8854404986 3771441.7988281250
191181660.6544868052 3792710.9511718750
191548564.8889773786 3801059.6738281250
191591355.1420215666 3802748.5996093750
195677670.6162335575 3827071.6679687500
195455864.5751387477 3823513.7890625000
192727434.0165037215 3816919.5195312500
192397280.9258232415 3814472.1054687500
178478763.6995735168 2848632.0078125000
178542870.1948769391 2865363.7285156250
178455147.3147401512 2845187.8769531250
179419661.4331752956 3052629.3125000000
179445660.9206250012 3054395.2988281250
181673651.0300406814 3311745.7050781250
183364805.3011747003 3448869.5878906250
185145096.9749811888 3558276.4257812500
185258023.6887776256 3566186.3105468750
185309197.5355591774 3567299.5859375000
189215585.3517398536 3735874.1347656250
191370711.8824813068 3798471.4511718750
191497944.1173532903 3800654.4160156250
191653986.0602790415 3805008.9394531250
192021973.8794875443 3810340.5507812500
192256223.2714342773 3814198.2812500000
192456802.8284349144 3814740.1562500000
195535824.8726921380 3825906.3632812500
185440163.9672686458 3571918.0546875000
185482017.1646364331 3574593.4765625000
192041349.8417609632 3811375.9648437500
179429098.2028304636 3052699.5898437500
179259845.2269090116 3033017.2050781250
179493848.0994178355 3061152.0214843750
179387424.4897472560 3046996.9160156250
179336617.4459911883 3043256.6113281250
179309763.8404737413 3041735.4335937500
181263238.5898254216 3272074.4941406250
181617394.0746278167 3306617.5664062500
183322958.6565197408 3445945.6621093750
185149249.2059116364 3562311.7500000000
185314422.7897131443 3568754.1582031250
188798241.2624192536 3727643.3105468750
188750258.1364074349 3725435.2890625000
191000063.2300839722 3787845.0000000000
191098295.3486017287 3792155.6816406250
195787839.2927088737 3827385.5820312500
195731063.8421662450 3827253.4375000000
195615208.7644122839 3826128.5429687500
195838204.2258768082 3827507.8632812500
178416558.0270737410 2801499.5761718750
179234249.1133541167 3020006.9296875000
179972224.0688674450 3121612.6757812500
181035943.4204621315 3239082.4433593750
183198249.0041097403 3429675.7539062500
188481287.0550560653 3715175.9765625000
188641698.6962841153 3719444.0996093750
188769793.9200248122 3725991.3125000000
196271001.2299418747 3827793.1914062500
183228242.5113523602 3436956.7500000000
183446190.6157721877 3456282.5156250000
185225178.4938484430 3564727.2246093750
185389361.5279847383 3569203.0371093750
185277312.2910801768 3566756.1933593750
181140236.1917446256 3259700.7460937500
181195239.1221485436 3268406.1738281250
181505795.0428920090 3298955.1679687500
183251691.5070950985 3445467.3828125000
188515970.1749641299 3717420.1015625000
178378690.9912063479 2784062.0751953125
191045562.4708013237 3790459.6796875000
178395158.9105269611 2798189.4960937500
178449096.6059034765 2813967.8007812500
179685859.9302562475 3084240.1503906250
179174083.5024990141 3010189.8105468750
179197623.0464857519 3016943.8398437500
179184468.8529544771 3012368.8339843750
181328301.2876808643 3282457.7851562500
188300901.9132008851 3708734.5488281250
188300928.3732205629 3709191.6933593750
188373598.6176607013 3710926.9472656250
191335960.6412525475 3793904.3769531250
190838018.8106498420 3785742.7070312500
183579090.5127945542 3465237.2421875000
188389902.8251824081 3711036.1308593750
191072944.5941018760 3791245.5371093750
191280645.7475440204 3792913.8300781250
191366404.8048146665 3795729.4667968750
191048892.1325745285 3790527.9238281250
188438038.6756399870 3711697.1679687500
183729991.6624244153 3476120.9921875000
183738227.5206869543 3479981.2851562500
183638439.5368897617 3475117.9238281250
188184794.7647787333 3703399.2871093750
187983975.3368627131 3690280.7441406250
187943313.6688545644 3686991.2031250000
188042148.8007871509 3695993.2656250000
188250022.1536569893 3703959.2929687500
179757696.6305481195 3094228.1464843750
181784336.9302459061 3315758.3984375000
183328869.2824492157 3447212.5800781250
183388085.1908598542 3455884.4472656250
183496349.9474330842 3461092.3183593750
183612648.9811647236 3473234.3457031250
188090592.7628295720 3697368.0000000000
187975178.1863752007 3688052.8652343750
188000677.1503804922 3692020.4570312500
180058558.1376561522 3124491.5175781250
191362667.4138017595 3795153.4316406250
196223851.3467754722 3827604.1640625000
178422860.0294526815 2807325.6210937500
178441772.6739662886 2811715.4589843750
178452500.6339204311 2823962.9746093750
187637382.1453821659 3669986.4550781250
183580081.1851337850 3468865.9726562500
180141952.1534253955 3140205.6484375000
195510441.1216094792 3824104.8242187500
187762870.3754552305 3675130.3710937500
187766543.7761575282 3678999.2226562500
187813140.5251184702 3681830.6074218750
187462897.2527802587 3665277.3457031250
187551173.6385133862 3666523.9843750000
187567653.2929642200 3669309.4277343750
187560446.5007264018 3667785.3027343750
182221463.9439439774 3355992.4414062500
182346621.2384347618 3365045.5117187500
186280088.5177993178 3607683.5996093750
179146862.8776663542 2980172.9199218750
180086435.7015633583 3132768.1171875000
186486217.5040247142 3618404.2597656250
186556897.4930147529 3623270.8437500000
186544679.0527992249 3621659.3574218750
186768252.5902998149 3628598.6054687500
186442936.3379097581 3615525.5878906250
186584572.5221826136 3624535.1015625000
186735222.9742017388 3628460.4746093750
179030598.6859511137 2948170.9511718750
187437121.9520671368 3660559.0273437500
187210376.5419223905 3651363.9199218750
178887936.9318647385 2919197.9062500000
182586248.5378227234 3378994.0273437500
187320788.6652929187 3653790.0078125000
187274601.1965702176 3652636.1250000000
187262495.8416679204 3651744.9414062500
178857398.3929201961 2905247.4257812500
179901848.4879149199 3111155.4628906250
187054927.3829042017 3642605.0859375000
187043444.5420087874 3642101.3046875000
186966763.0224178135 3641666.9609375000
187182640.0587690175 3650852.2656250000
178893686.4653658271 2921168.5878906250
180077178.9765263796 3131026.5781250000
178907282.5679674745 2927607.3242187500
179948143.9073960781 3117849.3378906250
178951528.1055399179 2934135.6015625000
178929856.7308251262 2933877.9355468750
179068814.2269906998 2968382.8691406250
178982309.2275841832 2947798.9355468750
179033166.2541272640 2958799.7050781250
178957916.6004859805 2938613.1699218750
178980859.4910786748 2947622.8183593750
179048628.3827326298 2959401.6269531250
180421568.6561290026 3141894.3906250000
182592506.8070559204 3382000.4687500000
195097866.1624396145 3821195.8984375000
180195893.6093996167 3141571.3789062500
179836290.2671913505 3100720.7148437500
182599761.9086522162 3382823.4453125000
182714299.5426681042 3387027.5253906250
182688420.4351499379 3384072.2109375000
185997364.0005631745 3580173.0234375000
195297828.3701324761 3822637.0507812500
183182583.2901954055 3423013.9199218750
183146718.9583415389 3408156.0058593750
182944952.2751136422 3406012.4082031250
182937897.0362488925 3395761.4726562500
182753129.2707447112 3392737.2949218750
182593186.3730276227 3382125.9121093750
182434545.9877315164 3371647.1621093750
179863499.6199352145 3104163.0585937500
182296561.6546522081 3359856.7480468750
195394953.3127362132 3822934.7109375000
185921490.4223506749 3576369.1894531250
179104305.0118306577 2970181.3007812500
179747613.5176727772 3086196.1738281250
182149954.0476883054 3345982.7578125000
182202840.2647207677 3346351.2792968750
182214103.6269212961 3349170.8691406250
190345877.7872477770 3757255.0195312500
190293594.0480834842 3751818.0019531250
190223266.4811405540 3749117.6132812500
190447544.8700243831 3758023.7207031250
179097585.3303056061 2968947.3886718750
181758557.2095453441 3314956.4179687500
182094056.4328855574 3340837.1210937500
181907199.7903080881 3325245.4824218750
181999700.8918773234 3334447.3984375000
179633572.5200690627 3065048.1035156250
179656412.8305145502 3066950.6894531250
182071093.9136441350 3335418.4082031250
181825333.5902082324 3319619.8574218750
186150921.2253941894 3584841.6582031250
190064097.2663897276 3736455.8027343750
186070560.7425173819 3582080.2246093750
186217375.2226370573 3589618.8710937500
186202981.6864451468 3584989.6074218750
180705675.1290740371 3179263.2949218750
180658431.6283614337 3171316.7109375000
180645506.7314480245 3171272.4140625000
180796594.4088059962 3187863.8691406250
180558307.0998331904 3162357.3828125000
180593365.6892320514 3162870.9335937500
180609125.6304957271 3169265.5585937500
180555095.8528073132 3155762.3457031250
180917179.8957673311 3194537.7812500000
180967783.1811255217 3197045.9824218750
180991115.7073738277 3197642.0722656250
180926117.9602550864 3195886.0625000000
180553762.1087875366 3155249.2519531250
180510505.0925086439 3150907.9433593750
