778240985.9198811054 589785.5960083008
779089873.9029710293 590679.0458374023
779381456.5588254929 590809.7671508789
786176321.6754519939 595146.2565917969
810542680.7828546762 609006.1238403320
810441221.0275864601 608754.5141601562
726000321.7867673635 375745.7564586941
713871215.8055446148 240534.8819063194
725981554.4298275709 374391.4756636191
739948152.8529299498 461835.2715491522
740133092.3898161650 463048.1688734014
711408578.7312632799 181750.2623954588
713883423.0405061245 242307.0410124250
714312700.4314061403 247347.4164694808
714336154.8261265755 247532.5436498113
724079083.7341908216 356500.0771997999
725595004.2176901102 372481.3047239352
732108222.4730640650 414532.0411405182
731780260.6227651834 413366.9439313626
738570130.8589589596 454898.9044483403
739729025.5138088465 460639.5614320729
739820171.2467585802 461811.4216193426
711340285.3695707321 180010.9321980202
711447520.3327085972 183486.5303806486
714083404.0856814384 244926.5838601626
714363630.9329358339 247745.5834245309
731793554.9874807596 414246.7557668751
738531398.3873538971 454858.7288393403
738705919.5782566071 455701.4810702825
766818414.7207477093 565395.9659118652
714143744.4123138189 246064.9178122543
714137208.7348232269 245352.9066631384
738587665.4737205505 455677.8931468750
738412499.6525087357 454846.7567399448
751742084.5385006666 512877.0304822326
786660451.6119400263 595232.0113525391
726154929.3405050039 376293.6886615325
738250253.1944868565 454248.4089891618
738160547.1102900505 452897.4820595855
751980174.6080129147 514204.1054199934
714032403.4628305435 244267.9438031465
713996573.7284309864 244034.1469966955
716425410.1376593113 275281.9417765392
739799408.2506374121 460808.1256606672
716566758.2993793488 275905.2781537613
716571999.9937044382 277088.0430155220
716467253.3974915743 275632.6863718452
716362748.6308420897 274562.7948437156
716721175.1991170645 277099.1642751526
716721187.4898875952 277243.1273317756
726000136.6212939024 374639.1057140175
731592555.9092816114 412679.8532437896
766405061.0036667585 564479.3620758057
716407429.3924980164 275279.4779978218
767162937.4185441732 566449.7611083984
766859284.1178264618 565858.4454956055
711709414.9244706631 186939.2590635158
711885855.3463329077 187353.2864585212
716242928.4199984074 273250.2777514672
711642372.0195257664 185211.3345358744
716207059.6143174171 271307.4576785620
766318782.6844067574 564186.2184448242
778332171.5942404270 590126.6353149414
739572178.7670894861 460446.4088643584
739507883.5312825441 460107.7843994587
777637599.5195689201 589034.4160766602
777946389.7468087673 589698.1967163086
731642881.2718700171 413331.1393345082
739219247.4753662348 458354.6469937954
739445890.5967637300 459886.1849805508
751290232.1170407534 511471.1408650279
725862746.2375324965 374380.2118231226
777393534.8575656414 588836.4949340820
725447337.3436387777 370856.1325456370
738909242.4844248295 456858.3068486676
777208347.9655547142 588319.9082641602
777065199.5789372921 588137.5383911133
739127430.1056636572 457758.0828690324
751067104.9173682928 510998.6691072881
777016807.5545363426 588096.3214721680
731436929.4578226805 412189.1008562660
775444798.4700158834 584156.1597900391
776248555.4748357534 586183.9593811035
725343930.8102895021 369236.6203439850
714570572.3258365393 250588.2871277886
750628233.9041713476 508398.2960947454
775925272.3770031929 585734.7915039062
775558899.1988921165 584835.3747558594
775060840.6269477606 583302.2821044922
725298476.4568351507 369090.0438147429
716096499.1760576963 271084.4350545462
806374953.4264692068 606662.7890014648
784568657.8416643143 594673.6835937500
714486022.3545556068 249330.3520215801
750044110.7502378225 506238.6616501510
714579213.9498847723 251146.0842818725
714436989.9513332844 249019.9393851343
784456227.2056769133 594605.8117065430
724202278.1137751341 357899.3787103202
724551117.4727145433 360859.7323202174
725172311.7203356028 365977.7629694808
724681415.0575095415 361625.9675007816
783980592.6433950663 594190.3108520508
724012337.4553345442 356113.6351780575
724397092.3208929300 360115.8133588191
809080652.0898221731 608033.6178588867
809419059.3862386942 608291.0309448242
736593535.6555010080 443336.0141407941
775023150.0053750277 582588.7772827148
736914329.2504714727 445537.0341726262
724951438.2040137053 363269.8272548895
736943002.9995077848 445609.6687551457
724844269.7326520681 363199.5879285913
713770024.3087276220 231640.4591012474
783537937.7998987436 593601.6251831055
783988185.6426810026 594203.5415649414
736335049.5497189760 440895.3715327457
736472048.8991349936 442256.5252236724
736113949.2339388132 439815.4104964361
736163829.6159235239 440563.0793598890
715814291.7280113697 266308.5118214022
749649575.6372305155 502669.1434322894
764530359.2326567173 557312.0539455414
715507694.1933600903 262936.8213694710
736369472.0398331881 441564.9447824284
749588220.9644294977 502315.2838434279
749544161.1091960669 501916.1130532920
764232783.3064919710 556136.5357875824
764379462.5929033756 556625.0920162201
763818730.0869135857 555228.0832424164
735896545.3020642996 438159.3934235722
764249360.6186317205 556562.5630397797
763809887.9425501823 554912.5360927582
712469711.3754154444 194646.4999688116
712423551.2394820452 190707.9429259093
762809201.5034610033 551792.2315959930
749424555.9598354101 501488.5767267048
762534760.5888398886 550574.5467510223
715371358.2669641972 260718.0534246396
715317681.6234831810 259518.3380521443
749670660.5892022848 502777.1320909560
805222840.9102592468 605771.2655639648
715360523.3614339828 260206.4619060028
763716596.3275982141 554570.8851985931
712446120.3248760700 192658.5351176762
713828929.0520521402 233526.3660157807
805131577.3273961544 605285.1305084229
712460293.2952119112 192739.3006799722
749626800.1154819727 502376.7116423845
749321160.1580299139 499693.0789748430
735808215.2802723646 437444.2609245703
748970005.1648944616 497722.1965388712
805404975.9393835068 606289.1703491211
805021703.3609180450 605222.9021606445
748850752.6600083113 497573.6473372635
783460904.3393112421 593333.4857788086
805776801.8148404360 606568.9882202148
762487620.4984475374 549313.7431545258
730716219.5119601488 405212.3675190061
730683384.7835716009 404592.5068886988
715032130.4999587536 255626.8648446910
730805949.3151990175 406307.4890618362
713625694.9019378424 227452.6997032575
713698593.2324906588 229158.3759101182
715093532.6914117336 255893.0693599861
734078445.1776663065 426427.3421993889
734058058.7459424734 426413.0503385104
734177947.6948784590 427250.5644085146
715244199.2441049814 257808.4412129531
734019187.8416007757 426346.8264850955
733905932.4695619345 425833.6071977708
730540702.0534819365 403433.0748805590
748727156.9989254475 496811.8539392408
734316506.0994201899 427962.6925122868
734320532.8798171282 428069.5462612249
734081400.8520363569 426853.2085546590
712806058.5900137424 200411.7259743318
783317435.7549926043 592988.1596679688
730597086.0930851698 404297.6783046313
774199375.7725272179 580552.2810363770
748970670.3759214878 498455.2187151369
749057035.9406757355 498589.3453020509
774210697.4099314213 580723.5981750488
808800367.7261102200 607410.4869995117
770028124.9759271145 569777.7483978271
762130503.5109419823 546489.8896617889
733062406.2268615961 419728.1617738921
769930140.0747985840 569378.6938934326
748573300.2682830095 495786.6386004742
732903172.2564939260 418751.5113215540
732784261.1105018854 418544.7717633341
713132556.8993608952 203896.1095581260
732594216.3992604017 417098.5182025675
732735429.3270629644 417991.1038305946
769833910.6985025406 569071.0912933350
770112006.3252358437 570201.1664886475
761999951.5232167244 545847.0231151581
713106441.5029647350 203893.2175338771
748539368.0878268480 495026.3183963951
782882918.4926539660 591912.8632202148
713140876.1086515188 205247.2432649229
713177528.6468722820 206423.9045342118
748433764.1281620264 494498.2805678900
713037073.2980661392 202006.5883313324
783231849.9544315338 592708.5755615234
730319054.6619187593 400393.5494989008
730330138.8249667883 400979.1361125559
713381742.9048924446 210466.0808935692
808578888.5894396305 607295.9475708008
769021782.1222133636 566939.6821441650
769619660.7703285217 568778.9644165039
807757792.4403840303 606985.8906860352
713341717.4563677311 208232.2168754330
730151303.2173587084 399098.1325546354
807788471.1804286242 607056.8222045898
808149263.9917864799 607175.6478881836
808406125.7705113888 607216.8464965820
713624751.5821752548 214173.5300238701
746425044.4790052176 483150.1207355210
746424493.4694186449 483086.1805120655
746657572.1983810663 484361.9962924668
746357689.0245416164 481975.9624160477
771445955.4102021456 573145.5910797119
771044249.5720196962 572151.9449615479
773110368.2462375164 576670.5944976807
771175860.7097357512 572273.9710845947
728655512.3708022833 386841.3505598269
772942461.7128379345 576249.2484283447
773155684.3947486877 576965.8500518799
772646123.6001456976 575699.7027435303
728730685.4228068590 387296.1081294678
728655518.8025058508 387239.4002809189
728501550.6083666086 385588.3920161463
728394184.6418973207 385400.5592583977
728153367.3808256388 383659.3781993559
728138895.0859950781 383456.5733716657
727885276.9671076536 381898.2613246610
772259889.6365368366 574881.0509185791
745850399.0284792185 479844.7044356116
745988719.5349441767 480704.9086057493
745834971.8274117708 479824.3394289562
745658501.3993973732 478299.8757974603
743762015.3454909325 469420.5237130527
799417825.8946733475 600485.3453979492
799209981.0603072643 599597.0225067139
723719431.0714880228 341782.1611823495
723917295.8424345255 343665.9757203276
743670812.8250373602 468142.1907022209
723856876.5700582266 343609.1571105206
800101754.7778542042 601402.2042846680
743587818.4150215387 466894.6083180807
743704586.2318615913 468490.8074090690
743158884.1334023476 464887.3451717407
743088564.6798079014 464303.2519529448
761870861.7755081654 541243.8031539917
761750509.0550717115 540488.4291076660
761854985.0903989077 540801.4135742188
761645551.8330966234 539192.1182098389
742793682.4933285713 463279.7651116629
743005057.1719541550 464216.6330738296
722989055.0758296251 328290.3373859902
722809122.0716775656 327269.7309359731
722644971.4370833635 324838.9826159766
722948896.2801047564 328198.3418350546
722731053.4709676504 326563.1022238499
761683021.9876279831 539886.7417068481
722704678.6452249289 326410.9419970801
722507922.2768937349 321508.8729606137
722514932.6848856211 322083.3441371244
721857867.3845432997 312726.5160623947
721922186.1052712202 314028.0088134008
721883863.2034255266 313022.8271179525
804935808.8116964102 601647.2391967773
721525245.4525593519 309048.6147972336
721144892.2922943830 304431.0440324312
721007044.0085510015 303095.4585186532
720906538.5883642435 300809.2795702433
721091797.5420132875 304368.2592094904
720933059.2700976133 301042.8421177836
720841169.4953385592 299347.3784869360
798756396.5969331264 598330.3450317383
719999598.4136123657 286594.6982680294
720500236.8910168409 292601.3091667402
720019961.6996207237 286794.5977226677
720197123.7295839787 287811.0486310828
798620465.2799389362 598155.4067687988
798862907.6920546293 598731.8384399414
720272750.7002556324 289276.6412218320
799192740.5935840607 599311.8943481445
720043443.9847068787 286926.9560076627
719967700.2823212147 286030.4156813729
719998822.6049733162 286415.1191785443
760132481.6677794456 526391.6301671444
760805709.2554731369 528864.5712453304
760979467.6677258015 529304.2787953792
760033633.8985481262 525806.5495091854
760123622.3777430058 526071.0508061824
760304582.0421652794 527022.5316029964
758825286.5026334524 520326.7605992733
758716610.6930216551 520059.0620390354
