81535706.2605774999 1625839.7734375000
81475055.3578201383 1623385.1708984375
81609736.9364346117 1630522.4882812500
82380274.2976392210 1633993.5800781250
80834947.1765056551 1586744.2041015625
81865786.5029217601 1632673.2558593750
79313942.3325751424 1445797.5595703125
79285475.5762832910 1442961.0292968750
78868123.1598460674 1381425.2207031250
79825024.5816849619 1500363.6025390625
83248573.3663863391 1635032.4482421875
83421123.0474055111 1635087.9921875000
78305653.8591357619 1262941.7968750000
79833833.9418365508 1508346.4970703125
79965567.4993682355 1518756.2246093750
81428231.9380189776 1622433.6269531250
83385955.8281829953 1635073.4941406250
78158827.1716030687 1229536.5297851562
82476541.0273363888 1634395.9980468750
83022274.6198995858 1634697.0371093750
81564196.6102140546 1626811.9843750000
80180416.5611253530 1539724.7792968750
81446441.3692474663 1622722.7910156250
81612074.0882050097 1630548.6640625000
78186600.0091371536 1235024.8857421875
80733331.4191738665 1579532.6523437500
78969463.3096700907 1395408.1962890625
79395236.4339692295 1457520.5673828125
83167435.7021285444 1634955.0771484375
78171058.5768871307 1233483.7436523438
81094286.9202910215 1603001.3505859375
83329030.0465061814 1635055.9531250000
82012638.6519738436 1633162.9160156250
83641576.2216570824 1635129.0380859375
79531032.2752080709 1472453.8779296875
80016857.5757563263 1524788.6230468750
79916404.8841543794 1514270.9628906250
79931346.8982435912 1517671.5722656250
80869947.9140260369 1590340.7744140625
80813538.2540351748 1585815.9326171875
81302512.6357547194 1614472.6816406250
79956368.0598891526 1518046.9609375000
80839328.4818443358 1587330.3750000000
80031641.0492476672 1525495.6386718750
83111772.9325860292 1634741.2578125000
80059085.9423023015 1529752.2714843750
78858130.6184296608 1377286.8505859375
78147110.6635305583 1223416.2968750000
79150884.0640427768 1424740.6357421875
81661765.5290963650 1631156.3613281250
80897832.3440495282 1592854.1767578125
79865037.1649568826 1509355.2070312500
80267010.6891937703 1546461.1621093750
80201772.3854680508 1541304.5390625000
79013029.4756079614 1406503.7509765625
78898266.6242908537 1383617.3925781250
78985874.6298476756 1401688.6250000000
78226911.9814779162 1246540.7294921875
80241391.9326537102 1544669.1855468750
79193599.1493439525 1432851.4199218750
78011567.6512763649 1159194.5927734375
78234911.9499879926 1247400.3247070312
80099732.6646810621 1534338.0097656250
78126257.8936755508 1213416.6967773438
78151134.8703541756 1225979.8168945312
81167799.1660533845 1609043.5957031250
80338357.3879482001 1553818.9921875000
79328197.6174507588 1450978.6025390625
81286757.6743280292 1612648.9082031250
78198006.8783252239 1236826.4282226562
78910467.9228539169 1385147.3476562500
78067395.2117668092 1195018.1621093750
78152397.8337219059 1229378.4487304688
79056979.9616085440 1412072.3349609375
81990975.2578785568 1633133.8945312500
78046830.6385386586 1182189.8793945312
78243919.2283238918 1248792.6030273438
78254136.2518103570 1248923.5405273438
78863888.2419387847 1378112.9853515625
78047931.6605134308 1184347.6660156250
79250596.3231676519 1436197.7089843750
79131166.4469886422 1422098.4091796875
82616178.6129000187 1634451.7031250000
79041243.0261421204 1409694.7744140625
78209238.0219287276 1240142.0815429688
82452259.9291379154 1634097.4277343750
81303879.2256793231 1614532.0224609375
81325454.1513146907 1617463.9804687500
78945160.4230701476 1395080.1181640625
82672411.9964972585 1634511.3583984375
78262184.6737166047 1250151.5239257812
78971918.2377175242 1398306.3750000000
79980969.4205395132 1522568.3916015625
79164032.5499067903 1429412.6894531250
78172876.3757067472 1233768.7846679688
78851223.9497002959 1373088.4189453125
81410599.3194512278 1621696.9667968750
79901535.2880938202 1512948.7802734375
80807118.9163360298 1584783.1630859375
78222737.9483185560 1243706.4399414062
79853576.1690067351 1508631.6962890625
80383668.5830421895 1555951.6640625000
80391200.8489062041 1556419.8359375000
78206869.1241604537 1239819.1445312500
78911211.3314724118 1388333.2216796875
78114320.0054738075 1213119.4409179688
79113148.9687194675 1420106.6787109375
81151687.6643447131 1608226.5410156250
80322605.2481599003 1553348.5332031250
79131537.3273261040 1423165.1982421875
79079542.7095626146 1416575.9091796875
83622588.0467813611 1635128.1660156250
79546694.9630145431 1474415.5888671875
78134316.9856284261 1218042.3901367188
79134286.2079371065 1423296.3154296875
80484040.8361830562 1563524.7597656250
79554516.4027644992 1475014.6982421875
81985246.6673233360 1633101.8007812500
78103501.5208341777 1208017.1928710938
79538745.9492164254 1474040.1767578125
82643417.6300763339 1634502.2382812500
83015805.5239604563 1634588.9843750000
78151410.4458082765 1227806.9194335938
78705946.5472404361 1346120.0849609375
79045377.4504671246 1411911.8261718750
82676670.9642525017 1634521.0097656250
79923334.3498082012 1514392.2753906250
82462000.9039067179 1634101.7363281250
78075392.3885640800 1198725.0288085938
81432291.9135177881 1622566.6650390625
81021699.9638819695 1600209.9082031250
78411224.5693441629 1278773.6567382812
79070150.5611406267 1415885.5751953125
80312897.9990242571 1551026.1552734375
81194507.6616802663 1609279.5468750000
78835471.4796059430 1370234.0947265625
80421658.8533840925 1558011.7275390625
78295013.0612733662 1255758.2729492188
80417045.3767805845 1557755.7568359375
78033084.1402970254 1178330.9262695312
80033963.0354825407 1527657.6181640625
79564357.7616708279 1477060.0263671875
81463899.5396261066 1623250.6816406250
81718004.3139600158 1631801.9648437500
78097265.6761801690 1204263.7817382812
78815727.7183856070 1362854.9189453125
78410836.6637493372 1276828.8364257812
78022878.8226794004 1160951.0385742188
79301809.9154816121 1445706.4423828125
79981708.0095406622 1522850.3632812500
83577982.3177401423 1635096.0810546875
78814302.1605291218 1362763.4091796875
78726718.1799173057 1349751.9628906250
78096477.6043877304 1203778.5258789062
81477900.3249846250 1623787.4765625000
78364115.2588142902 1270773.4970703125
79573349.6057021320 1479189.2773437500
82585187.7989630550 1634397.4169921875
78375405.8225673288 1272200.0483398438
78759317.9501330853 1354196.0576171875
81061329.4093063921 1602236.6484375000
80860653.1261496395 1587711.9179687500
80293909.3627858907 1550717.6015625000
81914873.3755033165 1632979.4580078125
78105762.9105703235 1209535.7446289062
78814041.8317122906 1362634.8818359375
80377574.3809793741 1554524.9550781250
79900219.1980048269 1510492.2529296875
82600168.7905118316 1634414.7197265625
81873598.2865638137 1632896.9609375000
80402820.3046182245 1556805.7939453125
78062822.9530676752 1189946.0278320312
80454053.8475288004 1560599.3740234375
79403039.1549749821 1459744.2099609375
79207156.4195396304 1434146.6630859375
81079363.2294796109 1602541.8066406250
78279091.2950452864 1254091.6225585938
78268766.1308208108 1250992.7304687500
80283065.9559149295 1548016.6328125000
80284488.4613045603 1548531.4199218750
80291682.2851617783 1550713.7451171875
78743713.5749401748 1351179.5468750000
78779572.7130583078 1359026.4287109375
81462023.5499705374 1623122.1826171875
78677985.1662400514 1338243.4062500000
80784402.1309010983 1582795.7119140625
83324196.4910738915 1635040.5371093750
79244412.1216776371 1436060.4882812500
80929228.9318869561 1594715.9335937500
78716560.5623758137 1347967.3378906250
78329442.8514103591 1263778.7885742188
79507715.5885410607 1471835.4716796875
79427834.1805249155 1461925.0810546875
79367512.5586938113 1455736.4697265625
79260618.8702929765 1439525.1318359375
80173678.5052541941 1537438.6542968750
79994538.8781175762 1523550.2109375000
78748472.2463535070 1352779.8437500000
79793690.0645567775 1499129.7832031250
81321724.1105547696 1616558.5644531250
81093591.3690598905 1602749.2138671875
79740832.7702183425 1494518.9628906250
78345876.1490388662 1266644.7998046875
80141357.9616940767 1537419.7294921875
81015251.1285706460 1600167.7099609375
79609847.3365899622 1481950.0898437500
80954304.4129601717 1594800.4355468750
79556232.0255722851 1476554.6933593750
79769244.3014907688 1496872.0810546875
79275080.6534792930 1440213.6425781250
79434322.2740100622 1462869.7763671875
78702245.2551063150 1342670.0429687500
78094396.5198088586 1198883.7490234375
81810648.0519804358 1632590.1113281250
78029116.1576573849 1174688.6738281250
78026538.3280263990 1166593.3007812500
78796711.2617447525 1362393.2968750000
79694174.1965211928 1487246.3046875000
78817114.6033644676 1367692.7314453125
78678617.2806732357 1339733.0537109375
81030662.5526180863 1600294.4101562500
80251413.4474141151 1545189.5898437500
79445941.6410483271 1463412.2158203125
79804816.2322182506 1500045.1806640625
80137855.1342813224 1537074.5527343750
81107110.1647030711 1603437.5683593750
79701055.4588303566 1490341.3994140625
78783691.0456983298 1360622.0439453125
78762604.3867506236 1357966.9667968750
78763967.5673125684 1357968.4414062500
79652473.2809423804 1486020.4228515625
79627585.0335181057 1485315.4150390625
78786714.5882290900 1361769.0644531250
79607725.1682046354 1480117.7978515625
81116816.1655293107 1603669.1582031250
78847029.2036495209 1372682.2373046875
79272677.9846159965 1440150.8671875000
78772600.3076768517 1358333.3349609375
78694611.1077692509 1342523.4609375000
78762479.2528784573 1357962.8867187500
80279821.1071118563 1547270.7011718750
78048042.8424820006 1187596.6967773438
83617765.5915578306 1635113.9648437500
78746934.7127743959 1351521.8417968750
79235028.7772561461 1436049.9072265625
81967143.2615011632 1633025.0673828125
78402827.4943201393 1274560.5234375000
78356298.7046362907 1267472.1269531250
78813027.8742886335 1362489.3505859375
78467073.4773758650 1284600.5166015625
79583167.8962820023 1479332.5996093750
78434288.3479734957 1280868.9111328125
81126406.0501686633 1604085.9804687500
79676721.7477070987 1487233.9257812500
78097989.2564744055 1205352.9897460938
78102416.3146505952 1206832.4418945312
79383088.0242961943 1456033.6083984375
79501804.6414601058 1470753.5517578125
79356400.8665416688 1454190.3837890625
80566173.0355435461 1566872.4511718750
80590469.0766373724 1567001.1015625000
79462415.7522980124 1467117.6064453125
79477105.4949246496 1468970.6748046875
79525671.2895560265 1472137.7099609375
80668743.2462209612 1570694.9492187500
79315159.9373991936 1446585.6777343750
80627034.7970792502 1569024.0898437500
78344340.9453431666 1264472.2734375000
80619900.0036454350 1568742.5117187500
83597493.1619544178 1635099.0976562500
78430127.9744115025 1279446.7109375000
82149725.8859741688 1633298.1298828125
78028472.9472915232 1166918.2255859375
78039885.0079857260 1179851.0717773438
78434120.1137229949 1279760.7802734375
81754314.9418912381 1632011.7412109375
81797013.2303632647 1632472.8183593750
80670828.1578515470 1570862.3906250000
78094404.2764381915 1198925.0834960938
78031229.4542727172 1175413.5429687500
78631464.8162433207 1315520.5488281250
82967974.3496115357 1634530.2353515625
78580896.9495897293 1306730.8730468750
78494014.2843810618 1290227.0029296875
80777880.0746600330 1579901.7070312500
78537572.3962125182 1299583.6767578125
83001414.8715933114 1634539.8867187500
78584384.9517207742 1307884.0947265625
78617692.7162704319 1313182.4775390625
80703978.0570515096 1573140.5195312500
78488405.6103751063 1285500.6376953125
78648125.2893623263 1317805.7724609375
78570564.7028891444 1304418.0791015625
78535215.4797317982 1299577.0263671875
78494119.7319158465 1291117.0380859375
78451784.1067634672 1282264.3867187500
78665802.1181829870 1319187.4072265625
78658964.1871255189 1318841.6474609375
90338433.1148233414 1635197.8232421875
88478957.0495198518 1635148.1738281250
