553882302.5717554092 109547.1834230085
555086334.9175311327 112411.2431699898
620953470.5290272236 205258.5700225830
555332484.7315877676 112821.6313230660
536891240.0304070711 49753.6604042854
539182186.3616650105 60190.4782824013
544273260.7002947330 80515.2735579729
544457091.0126979351 81171.2275676846
554799698.0785248280 111992.5694334175
554510136.5428751707 111327.2022459175
563111731.1754094362 129718.4742841436
621145304.7451698780 205449.4266357422
621646855.1781136990 205653.4289855957
624351250.2320790291 206078.1866760254
536311902.8165006638 45179.0640795678
536519703.7087508440 48003.1749077644
563815437.1493191719 131307.6448114275
563463265.5740746260 130377.2438723557
563972349.2240048647 131594.8242556565
563988043.9960086346 131687.7402407639
563605470.0905101299 131173.9691836350
553736931.4661879539 109096.2596559187
563162790.9875072241 130033.5791167115
563470410.6971230507 130679.1426543091
538429219.0624240637 57011.3787720185
561179469.7092380524 125823.3392356863
562506504.4930229187 128543.5221024209
563555143.9994064569 130697.2201689575
538512097.7055841684 57537.8681344893
539276104.4945727587 60742.0781037007
539624060.7322721481 60749.8644474540
539239872.7472300529 60513.8184601460
561588468.3100984097 126868.3947372152
561745278.5066668987 126905.1982361986
562960731.3693786860 129686.5564726685
621391827.9362161160 205559.2414245605
562475139.9393167496 128464.3199042176
563180860.0118399858 130098.3491972779
562736643.7083631754 129376.1217802857
562586317.0193377733 129042.1822156621
562860015.5279062986 129507.4368695928
562892588.9200463295 129654.2940015508
534824034.5046645403 28715.1880159359
536203090.6789910793 45022.7178115584
610693165.3271137476 199959.9479980469
610893622.9067840576 200104.5695495605
623896914.4047024250 205840.0072021484
534907575.3225845098 31382.1455184550
607295816.1961636543 196743.7700958252
544843898.0726236105 82203.2865291934
536841797.2833417654 49628.2504311409
539169904.1967428923 60114.7895898597
555030996.4245078564 112216.2183939464
620484699.3518266678 204875.5224609375
620374507.9200181961 204791.8142242432
553793302.4653176069 109120.3246249796
544726689.5471752882 81682.9538265567
591923433.8797456026 178338.7967337189
610265315.5935745239 199559.6512451172
620663814.1370854378 205131.4800109863
609003443.5903935432 198264.7255249023
620538341.3112797737 205020.7159423828
621282170.4371552467 205450.9120788574
624630966.8016781807 206275.5491638184
592554542.7523695230 179051.7622860111
592601243.2776814699 179331.1874263920
534989786.4535951614 32093.4890724333
592334442.8565212488 178810.5789974369
592468744.1765598059 179031.1468630880
607814999.8706967831 197305.0893402100
608679672.0719478130 198060.4502258301
609143157.6834745407 198511.1556396484
561842361.0318064690 127276.9655532552
554033614.6658102274 110113.7560724452
620296701.6694815159 204723.9953002930
592131269.7327147722 178660.8952510990
544592264.7933578491 81472.5540760032
544560713.2055763006 81452.3092342715
592202992.3534327745 178694.0277212677
592385985.9192970991 178841.3388546146
620967081.6511840820 205317.2099609375
561290124.9881609678 126189.8826980306
544232363.8945049047 80323.2937446504
554610871.5516480207 111343.4628676739
592441584.2506753206 178845.7146785893
590820326.1018208265 176687.7802393176
591785523.5201269388 178207.9612301029
554341233.8315153122 110846.3678512242
624913786.6243574619 206378.3948669434
606737912.5303826332 195347.6100463867
554141485.0906181335 110392.8541013863
606708110.9676387310 195163.6496734619
606718247.7290556431 195311.9490356445
620502607.3731997013 204884.2917175293
624425898.2215762138 206211.5871276855
624897005.0134408474 206364.5463562012
610461076.5710690022 199648.7251586914
543372025.4170855284 76786.1145094291
543929885.0340149403 78981.5885293602
543536295.4407893419 77158.0544458905
543629129.6608812809 78000.6859669487
543422103.4764226675 76887.5059278861
535163693.4370492697 32408.3837906333
591574924.7586661577 177912.2680438934
536192399.7204694748 44419.5502115814
538731264.3131412268 58271.3818996549
536455858.0968942642 47084.8470288478
543802948.2238359451 78498.3732278526
535224998.8233717680 33074.7900393909
560478381.2679840326 124137.2940363680
538170500.8149167299 55587.3104463220
557662214.8271603584 118067.5736048414
591340051.1626089811 177573.6964496551
606520421.3304750919 194804.1669769287
543789770.6662175655 78394.4476709098
543536620.6984242201 77586.4982374564
557479152.4044834375 117646.8656188550
609930760.7081384659 199265.8799438477
560019035.1207197905 123054.6735682283
583265100.9237244129 164099.4031383097
559732916.5550423861 122486.3527213429
559432494.1116948128 121570.7216334139
559260759.8918977976 120331.2210383211
543455739.2155942917 77132.4714735404
559333332.2604207993 121436.1538734232
558845619.1057099104 120163.4621119295
582031070.2583220005 161823.6690145284
609697174.3515980244 199055.6615905762
566735960.9768522978 134824.6139967572
582043934.0278187990 161855.3312688619
557937191.6910445690 118740.5788643553
558111911.6760594845 119036.5310023024
626413172.0941045284 206407.5191955566
557628960.9773374796 117958.6076083535
566940768.0508966446 135148.7357411440
566655013.4023575783 134742.2395193707
566977377.8616952896 135299.3098168224
557264164.5007680655 117085.7259419157
557329306.0997681618 117165.0818210000
557497192.2457444668 117775.2683139199
566758078.1047648191 134962.2923414838
536282563.6639910936 45122.8178885579
556981371.1002688408 116580.9922173216
566829221.9346835613 135132.6968519818
536196371.5098818541 44998.7040026635
543236678.6388869286 76286.6054539487
566399591.4436160326 134439.9579908978
566547310.9166427851 134446.8770582806
566186297.1649410725 133680.8721144330
556665009.3336435556 115556.5252983763
538031919.5798583031 54792.3258152604
537899128.7002955675 53916.9200592637
582423741.4721906185 162697.6317244917
582680254.8543739319 163204.5024266988
543154722.1356397867 75965.7007717893
536328793.3971415758 46021.9279533476
543169447.1749583483 75968.1603054807
538027127.7004970312 54781.2573166490
607736448.4515795708 197152.2309875488
538063015.2561851740 54857.1828338373
537951933.6030274630 54751.8987351060
542931491.0321978331 75016.0762856230
537916444.7901095152 54061.7168655246
536491627.5933279991 47126.7623640671
537338062.3304519653 51260.0076112687
542983644.9291366339 75203.9345399758
536365303.9658493996 46305.8761190251
537515931.7810178995 52042.0300410758
537525662.0162799358 52317.2363891541
537505009.3631989956 51517.5496797501
537396585.5147755146 51371.6225096076
542605184.7874131203 73621.2376993075
609627207.7793898582 198990.3086547852
582492703.7603957653 162813.8396917135
617848609.2091414928 203392.0677185059
582264861.6126068830 162560.3517156392
542464840.6677104235 72886.4029070837
582644033.4449013472 163122.0769658834
542343136.0986430645 72618.3147729290
542259637.5987952948 72080.4208753099
617102960.5889267921 203028.8152160645
542178525.9133529663 71830.5275952806
582935443.1017783880 163641.7812352926
582533049.1000798941 163000.3285699636
541751709.7467811108 69948.7555927615
541559379.7446300983 68305.4162369799
541321926.1972018480 68089.6044677943
540860270.3102391958 65608.5269836634
541313236.4362770319 67407.7575744390
540963014.4640848637 66515.6386169642
616002812.7245206833 202270.6151123047
616434322.6411154270 202549.2579345703
615701583.0625777245 201826.9475555420
540885440.9927027225 66065.2692877776
540809557.7628436089 65314.2703864104
616623359.2508795261 202649.9469909668
616271876.2812016010 202534.3920288086
623667124.1446073055 205750.4226074219
590230747.5247586966 175562.2212062446
540489517.4732528925 64324.3429666091
540444348.3376394510 63647.7242227127
540303384.8767421246 63451.4741921951
623078747.0401501656 205674.3637695312
540331326.3980293274 63451.5899906638
615955022.3819928169 202214.6973571777
616518074.7417919636 202602.0359497070
589422084.6392253637 173534.8774005175
535572870.0955215096 33286.9689187582
535608323.1453046203 33485.0906032051
588931266.0031034946 173228.4274376350
589226782.5126823187 173494.9353742152
551834694.7183831930 101486.9898625446
551998941.5289148092 101703.1206303668
552045899.9338266850 102253.6458989215
552292841.4373252392 102851.0990146232
553041411.6559642553 104881.6364457776
552966092.5866757631 104610.7480444779
552687456.2368407249 103767.6566714627
535917045.9265574813 34313.1724728495
552716802.1875265837 103840.3075018738
580258377.9544689655 157640.0133231211
549412602.5092024803 92329.0190418008
549240451.1454926729 91244.0654894355
549290436.5202523470 91652.5134994927
548826723.4008346796 89943.6646133903
548987825.9838371277 90355.0476976875
549008760.0003772974 90905.6753527168
548589803.6003550291 88897.6025603655
580850636.8964585066 158795.2771323252
606135176.5634965897 194022.6570053101
606147098.3558635712 194110.6638107300
605814450.0919156075 193676.8971481323
606125286.6149146557 193996.3293991089
606191444.6090886593 194150.1108932495
606370398.3534314632 194488.0611801147
580507700.4450767040 158271.1778586436
580752055.7274647951 158641.9019449055
580982088.1715459824 159086.2532713938
580654348.2799967527 158509.4177878428
580987798.2729566097 159140.6466887522
586552988.9757142067 167843.0962464320
586839452.0174202919 168228.6557745455
586908927.9666162729 168589.7618827405
586897547.3047132492 168574.8401312349
551270661.0834306479 96357.5155800636
586652323.3208494186 168072.1481492030
586267005.2127430439 167700.4510972011
586265769.1007981300 167573.6442828845
551464779.1869977713 97070.8386360760
551340846.9911030531 96644.9583970741
551485817.8313496113 97156.6013795570
551084158.1013976336 95811.8198281879
551131660.0757895708 96310.7005654926
550835383.9886752367 95364.9357980842
550594767.3880608082 94771.2353418994
585315366.2609699965 166210.5495520500
584868167.0883215666 165365.5507403006
584571765.9504281282 164973.4991980461
584742487.0056059361 165149.1903582482
584371823.0847680569 164624.7483416466
547976080.0533123016 85947.3506248615
548080709.3449347019 86277.4305110596
547411618.7429895401 82652.1760468981
547820688.5425511599 84140.4093517151
547832474.1152157784 84284.1519241419
547664708.6579107046 83041.8238084403
547571708.5856100321 82981.0242706308
547500085.7570952177 82776.1042498288
601554509.9500093460 185100.4528579866
602062644.4907975197 185615.4186736345
604457683.5800254345 188102.1273450851
604253307.6574747562 187945.2866792679
604750877.3409628868 188489.9247083664
604242164.6922714710 187828.8543825150
603825173.7697241306 187497.8538618684
603133234.8659601212 186670.0056524873
602873455.2568786144 186166.0116434693
603110014.0114233494 186529.5686197877
600598661.0505406857 183535.2127820184
598778311.8679456711 181304.9206448522
600169605.1338980198 182834.0518289613
600597773.1867239475 183306.1173502016
600587001.4201841354 183175.9553323793
600503086.9757423401 183143.5686136293
599933201.8495573997 182475.4206834840
599791462.8198807240 182173.0075093236
578753540.6731742620 144766.1774000195
578722999.4712686539 144549.0323194531
578205443.1808698177 143091.1432609413
577755389.9652726650 142386.4500846718
577694203.0244156122 142169.8744049300
577380188.3952039480 141574.8731855084
577387755.6861382723 141594.0397962262
575956402.3101501465 138397.3952536438
575608538.0971701145 137834.5950674866
575949917.9559205770 138093.1828875695
575912898.0194418430 138026.5989432190
575279175.5923773050 137195.3064017151
574765102.3206603527 135994.7922685147
575111104.8720095158 136688.0556313992
