217709494.5523487926 466963.5294772387
218910948.0671039224 479806.5574179888
218836464.0989878178 478980.0551400185
222899671.2723236978 521782.7078247070
222967894.9147088230 523083.1015625000
223688454.7524546385 529257.7952270508
223436070.0356432796 527872.9215698242
223385859.5938034654 527387.3356323242
228039963.5137447417 554571.5869140625
227768731.5027519763 554082.3146972656
227989994.5782099068 554153.9860839844
208289767.7881519198 232235.3753355631
208209626.1078801155 228134.4134100565
208274400.9043379724 229370.6120794901
214570492.5033287406 419079.7058637142
217346290.5675261021 460836.3717776537
223177947.2760612369 525478.2351074219
226843073.4197396934 550307.7648925781
227276805.8438865244 552465.3127441406
227133075.0466962159 551595.3232421875
227188339.7707421482 551888.9948730469
229801581.7929555476 556069.3339843750
210105812.1241745055 305439.1946919933
226730443.1461336315 549869.7756347656
236679146.5047513545 560879.9702148438
208350687.1399593055 238570.2520546764
210028619.2992076576 304518.6660665050
213884304.8367889822 405240.5844530920
215438719.4992851317 432941.4991585314
220191956.4350113273 494773.0817528963
223512075.3577655554 528711.2761840820
223023543.3499984145 525179.1615600586
223454004.2679917216 528636.2284545898
223742978.2206059098 529628.6069946289
223201059.2705266476 527101.7360229492
225566444.5839695334 541954.2699584961
227243955.7794767916 552180.6640625000
236545243.6161709726 560855.4831542969
236286679.0703206360 560590.8618164062
209944536.0011477172 301242.4660602361
214404840.4310315251 416634.1426384250
215399813.4348501265 432741.1875826418
208891288.9472151399 265641.1928711520
214343801.0338169038 415551.8402757645
214478536.9150967002 417469.0209258609
215613994.2697825730 435642.7983533442
217647985.1694046259 466208.7382174730
218835789.4829325080 478916.2606650591
220234209.4443654418 495002.4304866791
227415054.3542931080 553172.1108398438
236343791.5876445472 560618.4792480469
208472523.6239700019 245670.3801046461
218074283.8215397596 470917.3272677660
227634094.9424920380 553592.2692871094
227316397.5956630409 552672.8022460938
235863693.5248084366 560446.9606933594
208995985.6973199844 269458.8622667715
214435236.6316037774 416810.6136395931
219317487.1652193666 484843.3478451967
218724222.8020577431 478470.7573691607
220152025.2250124812 494088.8123666048
208395510.3002476990 241679.3268118724
208461829.0003404617 245112.5359274000
215147716.2984113395 429097.2048474848
217518590.9240664840 464524.7354530096
217751461.7818665504 467608.4491549730
229332352.2098599374 555635.3200683594
208688995.8122273982 258517.2300951406
217769683.2771783471 467842.3644849062
217457395.0900794268 463630.7812014818
218940319.7450776696 481084.3218626976
222930782.2958015800 522074.9886398315
229558687.2609448135 555896.2321777344
229232346.0668682754 555614.3928222656
210959979.7856125534 329684.4392247796
215577235.5716885030 434669.6870404780
232175465.3043877780 557686.4780273438
218104172.0311294794 471786.0026808977
222847230.0973759890 521238.2288208008
213330391.4880541563 390577.0860123038
209861194.2041529119 297074.6690558791
226624802.2050397694 549319.5446777344
209934375.1265063286 300693.4791736007
209943592.6273392141 300903.8504765034
209773205.7109591067 293731.6536750197
208955759.1244082451 266485.5259067938
217784548.2398582697 468357.1119967699
220013254.4030486345 493049.8551903963
209014624.1513727009 270183.7792160437
218637276.1107001305 478289.9949980974
223735550.7634323239 529396.7785034180
226047930.1696286500 545738.2391357422
209830084.7488583624 296901.8211554885
209899463.4003715217 300491.0366019607
215355513.0815276802 432490.7757737637
226901172.8522449434 550446.2802734375
215602537.0450412929 435118.4665819407
215479683.0509395897 433633.9810220301
223821543.0409184992 529866.6333618164
209006465.9416140616 269643.3316861913
215305281.3632371128 432179.9843274653
219971635.3064000010 492583.9856835604
219813257.8858636022 491635.1578637362
224030188.4500609338 531407.9578857422
209721568.5308263004 293085.1107062697
208306909.8334243894 237521.8849892467
209777342.2716755569 296482.7115363479
214485789.4916682243 418213.4742190242
215200876.3976700604 429309.2150022089
214210420.3199833930 413525.1454836130
208966136.2529138029 266700.5596785247
215064472.2330302298 428171.3660031855
229179974.1553069055 555284.0451660156
208855332.7601329684 263137.1535042748
209040949.4416103363 270211.5159175321
213255418.9929528236 390314.1320423484
223932614.2751187384 530989.3731689453
224600679.4711471796 535702.7077636719
226455781.6101453602 548378.5461425781
226324284.4151363075 547490.9598388672
208930082.9071479440 266464.6628038809
210977205.9364235103 331146.4956212640
209049781.3628644943 270417.1663157865
214352970.3238304257 416155.6434084773
215019690.7350486815 426113.4121095240
225592397.5120659173 543219.9913330078
226834449.3579068482 550082.3837890625
215122650.3012509644 428403.2084195614
219606942.3079385757 488630.7250862122
209434183.1602721512 281409.4187917933
209505507.0167914331 281416.7144800648
209404548.0098222792 281336.4067162275
220061767.4822925329 493333.8455849886
211004847.5118925571 331314.6847081780
214312375.1171451807 414661.2280122042
219570789.3011239767 488288.1268883944
219676077.3319473863 489901.0067101717
225432487.5354980230 541878.6463623047
208439130.5866380036 244776.7388082594
218043102.4063792825 470620.6603542566
225248447.9156696498 539696.6812744141
235767487.7552299798 560205.8430175781
208330647.2735849023 237911.8302003294
208290806.6986039579 234760.2321073264
208637882.7630204558 252456.4176316410
208584577.4067116976 251586.3444790989
208610616.2120490372 251978.1563835293
208620480.9095249176 252221.0572095066
208790605.2795905471 261992.0956652090
208706218.7477160096 258719.8344347402
214285018.2960572541 414339.0525766611
216992121.8133107126 456796.7133216858
210907168.9696458578 329286.9894567132
208328555.6268076599 237830.8719523400
213252257.1055513620 386941.0683172941
214965011.6672573388 425108.9233052433
219347543.9171922803 486480.2567712069
219443862.3434336782 486762.0124397278
219117792.6650666595 483726.3879967928
225406232.7002979815 541493.6231689453
208656853.1074347496 255263.9537083060
208383645.4806225002 241085.6860296205
208500962.2528639138 248273.1860318333
209139884.2944004536 273537.5791841373
230037274.5343717337 556144.9223632812
217744574.6343976259 467533.5496975183
219045168.5393080711 483054.8118125200
224277202.8709567487 533190.8039550781
209210394.2633076310 275091.7995630726
209247939.0552830696 277536.9180727229
209268685.2886884212 277750.0659227595
214230378.3578946888 413978.0225530863
235458391.8722233474 560124.7868652344
224759688.4475254416 536212.8503417969
224825719.8073378205 536685.7528076172
209216771.1313569546 276601.2754945979
209115147.9729158878 273505.2786684260
225393981.6138570905 541467.9893798828
214329010.2121533155 415150.4986667931
218686892.1009785533 478396.5562278032
218987070.0722560287 482011.4177695513
214263664.2874994278 414126.5716580590
218009300.4385570288 470480.9869328737
217976627.9610598087 470313.7283297777
224543365.7740704119 535319.4079589844
217721491.8016403317 467510.0658107996
217648800.6416835189 466326.4745761156
218249070.1438452601 472426.7187339067
217392626.3350206614 462407.5191928148
217053392.5188325644 457858.0283739567
235828195.6333871186 560270.5756835938
224709738.1931445897 535740.7403564453
224940438.5624862313 537838.5970458984
225304823.2221640348 540006.4641723633
225086302.6809750795 538701.8775634766
225338649.8646124601 540744.8494873047
225590438.9537788630 542816.2279052734
229671275.6595617533 555964.7868652344
211265039.4952016771 339018.5836391449
217097888.5941581130 458704.9452139139
221114094.6443250477 500044.8777313232
216955890.9950772524 456105.2877291441
211454705.4534395635 341170.3881242871
221260058.0560573041 500943.2931365967
211529871.4286144078 341302.5962992907
211345182.7798556983 340826.7413845062
221429811.7575008869 502850.3878021240
221339579.0434636176 501582.7454071045
228814064.5027562678 554734.7634277344
216793840.2483609915 454467.6822081804
220976357.4640926123 498105.9596710205
221453844.9574764371 502947.2331695557
221410213.8577452898 501748.9058074951
235995928.0919092000 560496.4313964844
220987439.5308876932 498258.1858673096
216610250.7865628600 451449.3603669405
221160366.0112980604 500826.7042694092
216573319.1992864311 450442.4396735430
216657287.4952110350 452121.8952399492
216136769.5418326259 443730.1245366633
216429561.7815381885 447836.8526894152
216323172.4264199138 446074.8133599758
216362276.0283297300 446782.5092903674
216007972.1969054937 440525.2090703547
216272480.1375228167 445325.6233516177
216206934.6278045774 444187.7444719760
210836592.4270832241 325038.6754550934
213354109.7903204560 391407.3695968986
216026408.1852017641 442172.6200491488
216154900.8096365929 444103.7822515070
215870939.8239489198 440003.1395112574
215676879.8953309655 436331.9381844103
215051950.0888102055 426572.0667015612
214805817.6127505302 423265.1468407214
214657935.9276909828 420911.2807518542
214915800.0359287262 424610.6169330180
235288620.1702910960 559620.7751464844
211367674.4609895051 340905.9093837738
220689523.1250662506 495502.1624755859
211159727.1503275931 336783.5983486176
213826077.0903263092 403919.8963120580
235252959.8989750445 559310.4736328125
213781666.5644368529 403360.8114731908
231888034.6457272172 557642.7531738281
235451609.1218741238 559863.9899902344
213751148.7908225060 402026.7086403966
213735223.0098875165 401961.1668761373
213730594.5362742543 401676.7040360570
213585302.1515985131 398030.6690506339
211438252.1761442125 341051.4700402170
213411794.8896490932 394509.3387283683
213560676.9575262368 396987.1286835074
210567860.7722694874 317309.4945091605
210424699.7366856337 313318.3277611136
235084958.5442430973 559216.6599121094
213368685.1031775773 392486.9023041129
213396385.5399756134 393867.1884369254
213229130.5788228214 386358.0897617321
210858468.3663915694 326515.8941574097
231190605.6495710015 557117.1584472656
231560377.5708908439 557490.7958984375
210315071.5180502236 309170.8285936713
210408353.4726866782 310398.3765282035
231556561.6787306070 557484.5175781250
210316672.4598491192 309745.2164329886
210388553.7502455711 310295.2128034234
230731837.9653967619 556577.2485351562
210698425.6383947432 318963.7492299434
230845016.0082077384 556780.4172363281
230915543.9079111814 556808.5109863281
231232936.2293072343 557224.4392089844
230974566.8190851808 556900.7087402344
230612342.2119213343 556175.9118652344
210738547.6075976193 322236.5509877559
210622106.8601096272 318213.3935170528
213067675.0457010865 381273.0912104492
210374328.5655140281 309993.9629941341
212991118.1494685411 378681.9920767546
212961216.0845374465 378516.1793631315
212908485.9583092332 377247.6796988249
213055116.0168340206 381262.4995230436
213049623.6975325346 380064.0356558561
212892621.0547869802 373955.9181318283
212781067.9275237918 373159.7132123709
212735229.7269639969 370360.7895898819
212616130.6652412415 363979.0913476944
212595242.5248179436 363720.0010004044
212447279.5241324902 360389.2274055481
212594024.7473635077 363623.5457992554
212487344.4159185588 361574.7874380052
212432176.4245147109 358828.0612068176
212487658.0391862392 362158.4590950012
212421287.5088207424 355311.9082256779
212038245.3168292940 342887.1432773974
212349540.3287463486 350141.6359619126
212372815.3767392933 351539.6280273423
212249117.1402010620 347185.7762490045
212199275.2766119540 345304.8798045646
212081494.1292088926 343183.2900218498
212219471.5054352582 345308.0346348193
