239871929.9678205550 1510662.6401367188
241370923.3594875038 1521599.1381835938
246839065.3324440122 1538234.2749023438
247145627.3720315993 1538646.6049804688
241739234.7375044525 1522203.4975585938
247533875.8861505389 1539044.4604492188
217897516.8417685330 553460.0569820462
217849907.2873352766 542612.3925422488
217946618.7466535270 580016.4416180125
218760670.1512504518 719360.4584271759
219884570.7928444743 839761.2249417081
220146666.0003633201 846755.0218696594
220358703.0887278318 857808.9306639433
226958639.2739750743 1184941.7227783203
226667763.9807266295 1174725.3415603638
229423163.3949768245 1263505.9400634766
228883456.9446465373 1247239.4595947266
237165830.6258522570 1466485.8750000000
236745566.6996062696 1461537.7927246094
246949718.3289664388 1538402.3354492188
217844948.0959167778 542361.2218596882
217817056.8459588587 542038.0177147447
217858706.9070469141 553052.7617332451
226800995.5744924843 1183429.1418533325
226705915.5954727829 1180609.8796539307
235803265.9792716205 1443092.3593750000
235843528.5270068347 1445180.6691894531
220197244.5995995700 857494.8909687772
219776559.8551178575 834527.2377552763
219760665.0169630349 833586.2969593778
224686758.8122644424 1087935.0004911423
226204099.7804038823 1161330.1466140747
229308776.0332864523 1261014.5074462891
229477387.9873170555 1264341.7984619141
236060311.7601058185 1451249.2517089844
236363591.6219052970 1454044.8078613281
239504829.1412317455 1505720.0244140625
239444710.9067420661 1503217.5715332031
243531285.2187733352 1527356.0283203125
217816151.4455683529 541026.3628075181
235990920.7876113355 1448584.4321289062
218023268.3703028560 585233.8002889028
219812985.5691205561 835323.8801655546
220573758.6502813995 859945.8949246183
225696572.1125677228 1140126.1502761841
229401222.0360481143 1262251.4970703125
235581433.9266626835 1436027.3259277344
235673524.9288464189 1439809.4541015625
236388207.9066711366 1454296.9946289062
236931788.3996293247 1466090.1594238281
236393862.9758055508 1458091.4470214844
235899029.7335904837 1447002.9987792969
239311221.6436658800 1498735.3950195312
244103325.6985609531 1531924.4389648438
217996139.4403643906 584626.3292494884
217910796.4423911572 572954.6164346209
219676579.1449564993 825890.4590840116
225796999.2448594570 1141144.6703567505
225897558.3697085083 1150658.4218826294
228763996.2693482041 1242816.5446777344
235499081.6526966989 1433801.3514404297
235441027.8410472870 1424406.4904785156
236738074.8601072431 1460141.5759277344
235735456.7304295897 1442740.6389160156
236175548.3469339609 1452990.7072753906
239399551.4489749968 1499700.2124023438
239782504.2989182770 1508704.2773437500
243776928.9776197076 1529589.9165039062
229060627.0244183242 1254712.0823974609
229623415.9494473934 1265387.0018310547
229147605.0765132010 1257367.1287841797
229251723.0822160244 1260540.5408935547
228977367.7225492299 1253332.0980224609
229345047.2414835095 1261621.1553955078
235990666.7373080850 1447215.4020996094
239882139.0723374188 1511137.1674804688
226117363.3124212027 1155758.2042312622
228467399.9539054036 1230611.8991088867
240369731.3654363155 1514490.1298828125
239592432.7332395017 1507392.7495117188
239946408.7472555339 1512658.7065429688
226130385.2472997308 1159265.1508865356
226544097.5486896038 1173312.4710845947
243645608.0451686382 1527626.2612304688
218258785.1498838961 644410.9676536918
240459619.0286209881 1514738.9067382812
228779120.9921087623 1243362.5631713867
226284701.3155307770 1163896.8853836060
228651915.3893905580 1242645.9352416992
236321146.0372772515 1453270.3581542969
235668454.7404212058 1436551.6499023438
241066479.7625981271 1519206.8530273438
243876486.9242177308 1530480.5034179688
241149047.6090832651 1520165.0014648438
240460604.5651424229 1515036.6665039062
240149085.4867589176 1513742.7114257812
241159663.2863781154 1520534.2827148438
220303369.4162197113 857730.0037121549
220041233.5869279504 845545.7918820158
240582539.5284057558 1516687.1176757812
218289248.8835341930 644699.6211552271
218716649.0598799288 714776.7945307344
226258863.0634363890 1162008.4942703247
218881006.7482129037 732269.2078286856
219213813.3949985504 782757.7459653325
226361183.2779233754 1168662.3438034058
246819861.4828549027 1537441.0917968750
246833207.4770858586 1537561.1821289062
224607487.3786112666 1085143.8219022751
226229370.3586355150 1161367.0391921997
228545258.6090371609 1238932.0004882812
219272901.1326470375 791471.9108823247
240910620.3246923983 1518972.6215820312
219277323.4123072624 794951.8576596684
219386948.5334406793 800253.5691941686
219493386.1202295125 810711.9152652249
219531758.0520252287 814445.9567169920
238190495.8167272806 1476663.0021972656
240686131.7616268098 1517661.5200195312
226263002.7248280942 1162297.7537918091
226778013.2218706310 1181655.1991119385
224707934.3207830489 1093523.3270292282
226377706.4662121534 1169652.5870437622
227207889.4523478150 1194590.5905151367
227404235.8760199845 1199812.6813354492
226079560.0638373792 1155541.7008743286
219323474.8972320855 797494.7690366216
224963058.7693267465 1104397.9498310089
227470094.0354586244 1200508.3316650391
239496139.0266811252 1503263.6918945312
243371471.9765371382 1525180.6074218750
243957631.4573161900 1531620.4536132812
227314756.9186322689 1196304.4307250977
237427949.5465989113 1469956.9567871094
244330807.9814346433 1532532.9409179688
244607760.8250162601 1532741.6582031250
219486407.1779617071 810373.8404221311
219614258.4069042206 816624.8170399442
218274187.6514712274 644648.8669819483
226016464.0036521256 1153270.0811843872
237983569.4614495933 1475773.6154785156
237476139.3994752169 1470759.8806152344
237455494.3616266251 1469973.5983886719
244404268.3547662199 1532673.4711914062
227121776.8946826160 1191662.1865844727
227298266.0659844279 1196045.8959350586
221393514.5352239907 914339.6462020874
221357525.4624213874 914068.7127113342
225886048.1271395087 1147420.4166336060
226999127.3327258825 1188762.7860717773
228863342.7335056365 1247091.5516967773
222334650.5894472301 946473.0333328247
237654741.5442481041 1473637.6442871094
237997050.0598545671 1475981.0852050781
246568161.9733388126 1536847.9282226562
238191784.4690034986 1479187.6425781250
237367765.9279623926 1468070.6335449219
228489134.5565148890 1231976.1480407715
228809443.7968946099 1245246.6793823242
244627600.2395367920 1532861.1049804688
219136614.3828344941 756809.3778781667
219081252.3250130117 755611.2033996359
222006572.4660440981 944611.4555473328
244803748.6838609576 1533322.4135742188
221736046.7728249729 933077.2073783875
221769340.0399412513 933615.3633804321
221785498.8708139062 935270.0042533875
221905439.1967767775 938523.0093803406
218540685.6941371858 673844.3783519864
221702388.6693272889 932834.7488822937
218318009.0715469718 649981.8685787320
245265994.0826463401 1534175.0493164062
225025621.8603342474 1104565.4626693726
224862061.1514105797 1100390.6859159470
244634187.7246076763 1533013.4643554688
221111863.2789490819 894950.1325492859
221569312.7896115780 924919.8774032593
221663572.9760708511 929949.2057914734
218381686.2795562446 661923.6032055020
219144971.8239238262 758413.4246873632
225177996.1406941414 1113122.3828458786
227856190.0182869136 1208467.2873840332
218240956.7339597046 594474.6516886883
225319378.9090967476 1119659.6848640442
245586054.9026420414 1534587.8813476562
218251516.8607816100 597838.0100189381
238434267.4872701466 1479813.9653320312
225100307.9146687388 1110404.1499357224
225851275.8451125026 1142915.2924423218
246199661.9846997857 1535631.5893554688
246310428.5670000613 1536050.7690429688
219156256.5495273173 765305.1122007146
219147217.7415435612 761354.2861175314
225231681.2447223961 1115093.7723922729
218212202.4096443355 588703.2993914373
218437797.0309461951 665242.2601211667
246534989.1033608019 1536572.2485351562
219038284.2823911905 754358.9140929952
221353723.4034401178 912010.9750785828
245920579.3608082533 1535288.8247070312
225565339.3671355546 1129105.8131942749
221128476.3570740819 899082.9993095398
225616532.3661307395 1132403.1723251343
225511541.2131804526 1127579.0985946655
220873637.5842117965 878536.0777091980
220931861.8720616102 885976.0409049988
225519258.3216969073 1128134.7227401733
220875398.3060319424 881301.1096000671
228291603.3555795252 1222268.4862060547
220781344.6219517589 876086.2166862488
231947862.2667390704 1321156.2944335938
218427694.9801241159 663449.9112442136
225276845.9127617478 1115646.7705154419
218942260.7698227465 742241.3130369559
227910406.2903655469 1212339.2958068848
218509661.4675835371 672704.9512909055
218468919.3526721597 667425.3125055432
218499293.1448276639 671144.0630310178
231903510.0604003668 1317507.9313964844
239185663.6733514965 1490267.8632812500
218930495.2516955733 739880.6541114226
238635706.9630142152 1481982.2253417969
239010144.1271567643 1487752.3627929688
218605536.5512404442 689777.6271717306
238618504.0120845735 1480145.0366210938
238749188.2427039444 1483878.0327148438
218881763.4977147877 733096.4927306548
218812587.4168971181 727544.2308936492
231985277.4783062041 1321822.9094238281
228154357.5221018493 1219803.0451507568
220926482.3883472383 881500.6139831543
220927067.7426247597 882556.5705261230
228113702.2134180963 1218873.1019134521
234376508.9881163538 1382481.5785522461
218680727.8045264781 709215.7052314039
228064075.1871142089 1214459.6258239746
218824687.7562323809 727984.5554447174
218770724.1598514915 722439.6200949904
218684858.4320900738 710064.6280905958
228064774.6346852779 1216313.2891540527
218629579.6857142746 693994.7830931898
218654835.4812519550 703162.8172204252
227791226.9847691357 1207287.6782836914
220616189.6095520556 861708.3507289886
234573089.9266099930 1383334.5082397461
218652866.7938558459 702951.5123994108
235027230.0946749449 1391208.3275756836
234935336.6011868119 1388905.1935424805
235031478.8639793992 1392461.6467285156
234409933.8392645121 1383066.1784057617
243238431.6123016477 1522310.9790039062
232365741.1510810256 1331927.8671875000
243178651.4636089802 1522292.6757812500
232218468.5536689460 1330223.6325683594
232323076.6973467171 1331672.2555541992
234652936.3401541412 1387121.3983764648
233825019.0405107439 1369616.9249877930
233662023.7079634964 1365446.9415893555
234169505.0291748643 1377760.6417846680
233799997.5548210144 1367334.3886108398
232474696.4129034579 1336878.6757202148
232788544.4663624763 1343691.0994873047
233296977.8135624528 1355000.7161254883
233541739.8166991174 1361401.1664428711
233288812.0766035020 1354018.5715942383
232645084.1201105416 1340132.3838500977
233550065.5934731066 1361641.3180541992
232542583.4091411233 1337752.5646362305
233026668.8300665319 1349685.5012817383
233419584.9416085780 1357260.5529785156
232869829.1940180957 1345747.6868286133
231440735.4147787690 1304247.0547485352
230959130.0989497900 1289880.5337524414
231079447.9918614328 1293078.6414184570
231250307.8000444472 1299047.7160034180
231521268.4325155020 1305870.0386352539
231632332.9816652536 1310697.2651977539
231879367.9146821797 1316898.3999633789
230382656.5182970166 1274233.6262817383
230401779.4421514273 1276145.5625610352
230499951.0932660997 1278642.8201293945
230228108.4545825720 1269535.1040649414
231346946.6017772257 1299848.9597778320
230905398.2506906688 1288996.8782348633
230450919.2830482423 1276833.5889282227
230486316.6598156989 1277406.8320922852
223576326.1447982192 962636.6596069336
223587170.1804845035 966948.1920776367
223635152.8669090569 971555.9014282227
223557922.3519853055 961732.4662475586
223581411.8352037370 965186.8328857422
224336152.1497396827 1004310.6061248779
224413377.1681650877 1006603.7844696045
224286265.8264333010 996980.7379608154
224153635.3259683251 996946.2604217529
224035507.0786486268 987845.1454315186
224304547.5997864604 1001397.7501831055
224115049.1508562565 994388.6930389404
224097716.8904975057 988355.0756835938
223551542.8352526724 949509.2767333984
