308336986.1580933928 162.5619283982
345194087.4098941088 342.6679373178
345780580.1879947186 345.7690983209
348936622.6087259650 356.4076116477
350222973.0514920950 362.7714729265
384240793.9643703699 471.4609187096
384299972.4847974777 472.5394689292
384051281.6823999882 471.2982610315
384526128.6201406717 473.3540957421
300386123.0984838009 102.8864864604
308218876.7147549987 162.1959534951
315336947.0105370879 205.4726999195
391386725.4703872800 482.3782335967
300062554.3068500757 102.7680954666
373748918.9490527511 439.0924450702
383713109.3730344772 470.4341965169
297084954.1798086166 71.9382630133
301030381.4585683942 105.7409287097
307911900.0101820827 161.5230320560
307520986.5322544575 159.4848245450
294757027.6864612103 29.4259087564
296963428.3891624808 71.9232473391
299360090.9521582723 96.0377748609
300024402.6926692724 102.6305881323
392206724.4503791928 483.8824447840
296612793.3556708694 68.8406464005
349554399.2753474116 359.8301207975
350377329.1231858134 362.8518100397
350441548.3647422791 362.9582393279
384295217.1362164021 472.4307676405
391982133.6563689113 483.7176014632
391460860.5638654828 482.9100289792
374458845.2430408597 442.5935433395
392243736.6670033336 484.0739018172
384245572.7937643528 471.6297551244
314328105.1860920787 199.0193480754
349808091.9926903844 360.3733266548
391501750.5264849067 482.9475455731
295345808.7566710114 38.6825147337
307667558.4858180881 159.9715564274
350200526.7836923599 361.3879899207
349432993.9558188319 359.3941923336
349920122.4974140525 361.2439921514
349562410.9819616079 360.2788674788
315814961.4052518606 208.1937601709
348670769.6834540367 355.7611145929
349152314.1192837358 358.5090450005
295411968.3941586018 41.3439281601
294896612.7072258592 30.0185112912
345594189.5161460638 344.6542656316
346174565.3614142537 347.1407650120
346827918.5235549212 348.9761316160
345976374.4791488647 346.4836000780
346327308.2393699288 347.7310652627
373908657.6185929179 440.4556593038
344034834.2651884556 338.3875801755
349387752.6009060144 358.7803889944
307496838.4503913522 158.7345175960
374366079.8574640155 441.9695118852
329964035.3023415208 274.8224785665
344726067.2140129209 341.1024093252
404834502.2910111547 485.5504693240
306674817.5888305306 152.6367004221
307259697.5476048589 156.9934682123
329276753.2626292109 272.3170004139
307490855.9291768670 158.7343947521
328682135.9030073881 269.5151908646
296507588.9613420367 66.1696649019
296723529.2704539299 69.0098601036
405160856.5221430659 485.7605194300
365264265.9146872759 412.0263596026
299122182.5500329733 93.6928136617
306826615.6495830417 153.9463874927
387975458.4436815977 478.3780993670
299656380.0672087669 99.1676846644
383850626.4500586987 470.7855665535
317412343.9580473304 217.5013158277
344179963.1994537711 338.6195478035
315593027.1336802244 207.7863719873
316530323.7339846492 212.3201197230
317917555.9870889783 219.7856745333
389065196.7169514298 479.4823652953
388230378.2935085297 478.6337614506
295117354.9577111602 35.9206131324
295000427.0513452888 32.9580274029
329500251.1125902534 272.6154364475
296987851.0765604377 71.9248315297
383397636.5982954502 469.4589258283
374394681.9319656491 442.5870564468
298402845.0166614652 87.1393597584
386568997.4912806749 477.0588158816
387643659.2730424404 478.2377524823
305458521.0449826121 143.5056860019
295146183.5750627518 37.7901566494
305634073.3817379475 144.0644535766
306543024.5317441821 152.5801870456
344517640.4308730960 340.2783177091
365570370.1277750731 412.6390865294
317601272.2681584954 217.9933911138
318171581.8499479294 220.7957005114
298747133.3047399521 90.5417337516
383621863.9924874306 469.8749196380
305712668.4325666428 146.4095344214
374091126.0231345892 441.1426811323
387503439.0116442442 478.1122322530
387287166.1252570152 477.7842479199
329619722.1477369070 273.0967329016
374608909.9462589622 443.0536215790
298608074.4818785191 87.9263688594
305429935.9195309877 143.3618338272
346998260.7970889211 349.8855011145
316744998.0374323130 214.1468558156
304793987.7247767448 137.6944892897
317779313.2955287099 218.8958418170
317127738.2483907342 216.0078294345
303934527.3506940007 131.1810370751
328847233.6473305821 270.2519918808
375760252.5497239232 446.5269058533
304662547.8954402208 136.1223968758
346666903.6641278863 347.9238977710
373978637.5305957198 440.9883012064
304615341.5576670766 135.6592747463
346727486.3940409422 348.5077665130
385728820.7264573574 475.6804310530
298163244.7145228386 84.3025451761
304312924.6473929286 134.6173854364
346962148.9940094352 349.3264017771
345949035.4222959876 345.9372830668
391144410.3517380357 481.0652667731
298238318.0488696694 85.0352599805
404563305.5528393984 485.2978119105
297815777.4838702679 81.5384276717
316626286.1408494711 213.2121083804
312431517.1570073962 186.3071586142
314354757.0979416370 200.5674235336
297763141.7569496036 80.8655482988
328230068.8357269168 267.3918204435
374534258.8519303799 442.6063119657
366000774.7196642160 414.4687902069
366362964.4533277154 415.1767214870
312568085.4194776416 189.5340471472
343691508.9598960876 337.0131494595
390992074.3873358369 480.8542460650
312838115.8184669018 191.5236288476
304593152.9309023023 135.6276414321
315047249.0537871718 204.9873075895
304538902.4677680135 134.9683085361
343187238.9723944068 334.2018828921
315986528.3058771491 209.5391614846
342869641.0941565633 330.9960522752
327733118.2133709192 264.4344203600
343017159.4689080715 331.5075543675
342485624.9222570062 329.0607767524
327860036.6898524165 264.9974668154
297123815.1249856353 72.5864125326
342502466.6128063202 329.4513742981
374221535.9326145053 441.7428446999
404274253.6906127930 484.9018711299
314058010.7961550355 198.8149447948
297659592.5676157475 78.1521552364
341780479.7869662046 326.7285007971
315385973.4039197564 206.3124542402
314865032.4376280904 203.8551421575
315494857.3450781703 206.9388115145
297747044.3116708398 79.0215416285
375150137.5957038999 444.7529377332
302724475.2744100690 118.9157522316
303206084.8337375522 123.8522113617
303110609.5334478021 122.4223878439
302793888.0822845101 120.7751075085
377381085.7223905921 450.0719193667
403924861.8434631824 484.6862887591
302491535.5661396980 118.5402960237
340317750.1602461338 320.3784746670
312693374.0124943256 190.0938053298
340536083.9848831892 320.9221882600
376922442.1642729044 449.2723620459
358434980.7100411057 387.0149787621
302384208.7354586720 116.3108382281
358948193.1460018158 389.2141964138
339966238.9974734783 318.4874687237
340563432.1020635962 321.4138212036
301794815.8571931124 112.3860883172
364217351.8570541739 407.8211729354
302105135.5098974705 115.4631921705
301707264.3356058598 111.9338113448
358289807.8728149533 385.9530448709
358567269.4248701930 388.1196423935
364095364.1180537343 407.7183687991
363471455.9288805127 405.0647048275
364792838.4565263391 410.1936271018
314530877.9240937829 201.8872304074
326084142.2189490199 255.9746678290
338647576.9495427012 312.1337266431
338192717.0889899731 309.1669512970
301687006.7427359819 110.1663231036
364387864.2543118596 408.5672204322
326516377.9976335168 257.4371601758
327036672.9532284737 260.3951907820
336753367.6773474216 302.4174423010
391336997.2099335790 481.3810993880
301666222.3233306408 110.1002831838
357486074.5635446310 383.2833579945
390431363.8821687102 480.5717885941
301317514.1238810420 106.6433007755
363239192.5855031610 404.9631580631
357212827.8656731844 382.5256632732
363574123.7873969078 406.0580002586
301558872.4627652168 109.3089844640
327188874.5459094048 261.0414674337
377840785.8196247220 450.9558737725
378459739.7266576290 453.0069925934
377515574.9488592148 450.7331332415
356951619.2551534176 381.1139787601
378666256.5403859019 453.1252078861
356424495.9009760618 379.4167871641
356642033.6490888596 380.4931078123
336902909.2929759026 304.5188685448
361618638.7921325564 398.7154222051
326291725.9177511334 256.9624827954
336783610.9726381898 302.9061084757
378236909.3124116063 452.2118634433
377866753.7763772011 451.4248103797
336356313.0356003642 301.2993968614
336058537.5910380483 299.3481412121
362244102.8826977015 401.2718523661
295873623.9600743055 44.6775878468
313786522.4257367253 196.8366369479
335962942.5337815285 299.2164995429
335945567.7271142602 299.1854828485
336443859.8973832130 301.8316022046
361347694.9335429072 398.0678136269
357863563.1585091949 384.6932314800
311535931.6130723953 179.0195023784
311933698.4632824063 182.6742622623
311684659.8225795031 180.3756342301
311685763.1460243464 181.9392313132
372727559.0757668614 435.2026151600
362704109.7640881538 402.8526986162
312252484.5648787022 185.0170575349
296069150.6551092267 46.8508741606
373025626.8482553959 435.9653341616
325603407.8595697284 253.2893568730
325242880.0106954575 251.9231564259
296097856.3151697516 47.3774209095
324808084.2866671085 248.9905244873
324339143.3572281003 246.7879524512
323215902.7351724505 238.4172582402
323225822.0027070642 240.6337447447
360934089.9579312205 394.8575640782
360968604.5389377475 395.2216986283
371639484.8721762300 430.8076034756
371184485.4676326513 428.4805003755
323773596.2539093494 243.7108485980
334202305.9071267843 290.5971986683
370861612.4681352377 427.6212380695
333566750.9447349310 285.8297491179
333198687.6399638653 284.8958047734
370773524.6236353517 427.2553216569
370795354.5173680782 427.4454093329
370932633.6405373812 428.3876793735
334178283.3975434899 289.6168702947
333618692.4816191196 287.8477898942
323558528.6551000476 242.2742970271
370335490.7852986455 426.1351572849
333338675.8100133538 285.4731203423
370617987.0151780844 427.0014949418
368247201.4931241274 419.0970661147
367233189.7501753569 416.2860565891
310998373.9099296331 173.4355039488
367486956.8469317555 417.0514723991
366975280.9818534851 415.3275861477
367047054.7330624461 415.4394073817
367190554.6932373047 415.7441829577
310769235.5848129392 171.8239179120
310483221.5605983138 166.5954279766
310625062.2004603744 171.3731713757
360389109.6395750046 393.6617582022
331858357.9854215384 277.5621933135
331377859.6278984547 275.3277695717
359988725.6594567895 391.7098749238
359669821.6939213872 390.9963902195
331493386.6371531487 276.0519628667
322637078.3061000705 236.2115873572
322343875.4020217061 234.4878982101
355664482.6406059265 374.8574752838
355973085.1272645593 376.5536053211
355967663.0167924166 376.5111828306
310166355.0985334516 165.4028716664
309845672.7993589640 163.0761946392
322578224.8614501357 235.6458590864
322772443.3954460621 236.4389895131
321020570.8304381967 227.3592948508
320991881.5411329865 226.9770564544
320567131.0540875793 225.1053493726
320801631.8548718691 226.0932358934
355074932.3272993565 368.8577120879
353998500.2844435573 363.3869899139
354086369.6393281817 363.4712836370
354207346.5435240269 364.5018391026
