81901382.2777942419 7.8036816425
82628880.9919096828 8.0336263292
77621138.4291602820 4.5120112970
77675525.0422828496 4.5476029400
82663199.0210983157 8.0382907875
83008771.8508437127 8.0423146635
83512004.5430377871 8.0442908369
82231558.0672812760 7.9812848587
82198392.6204695404 7.9810204078
77688736.3687890321 4.6706769239
82905319.7318071723 8.0415074863
82743400.3872217536 8.0403418913
84367935.3029647022 8.0462469608
77658032.2884667516 4.5414534208
82496650.3519328535 8.0094321892
82463380.8114135265 8.0084479153
77653050.5540239513 4.5120807439
82427290.4099223614 8.0066366754
77218396.2437480390 4.1747894781
76804080.4625665843 3.8038150545
76899887.1389653683 3.8240291409
82428981.6887790263 8.0073794462
82401353.2732641399 8.0063722245
82870236.9430922270 8.0413806252
81907558.7126330435 7.8045125543
82518494.5730712414 8.0098208785
82684301.5199482441 8.0384150259
82905517.5363610089 8.0415403806
76650067.1302550286 3.6225375028
78464221.9212940037 5.3697926543
81960909.9982316792 7.8310023155
82634627.8454480171 8.0380263366
82819948.3930117041 8.0411161743
82132091.2010977864 7.9483575877
78816701.0363378078 5.5910092140
76140539.3066403866 2.7808189839
77685194.7847113609 4.6701935347
78665312.8122147918 5.5477127726
77277128.4482795000 4.3236634184
77677794.5465129167 4.6695885602
83106018.3885158747 8.0427059755
77606516.2243095785 4.5057839297
82175951.4054120183 7.9763502125
76373664.2801335156 3.1159087649
77452068.1996214092 4.4967195913
82020475.0987418592 7.8479021247
76044124.0695676059 2.6225836264
77089290.8484893739 4.0053016777
82584400.3390078843 8.0117477439
83513101.3786682636 8.0445045531
76733003.5205423385 3.6349015281
77275773.0571524352 4.3210953056
78892979.6072709858 5.7143503274
75962849.0412602574 2.5965806001
81917281.0181378871 7.8181584850
76297119.5606458932 3.1153212195
81974133.1376955658 7.8332995698
82366894.7914121747 8.0008487552
77105232.4264848083 4.1516216479
78509535.9030442983 5.3940327721
83434491.0105025321 8.0442401022
82532565.1667284369 8.0102064721
81928446.1030679941 7.8183132820
75993586.8306328058 2.6079954496
76781220.9995961189 3.6624449955
81758334.5097280443 7.6598221641
78710683.2553320378 5.5591050710
78600561.6511415690 5.4181168074
82489713.7339643389 8.0086210370
76097565.8144708425 2.7805178165
82128992.5844139457 7.9436873924
81947782.1205582321 7.8250259869
75942691.3474523425 2.5867012981
78458061.9588005841 5.3679494611
78398779.7091471702 5.2288123402
81883309.5551535487 7.6946157068
82505325.3624394536 8.0096966401
78647513.8542173356 5.5181550341
75896988.2320236564 2.4213769377
78261680.3477861583 5.2127908177
81915662.3482172489 7.8176896907
83293672.5437700897 8.0432803035
76174214.9241752625 2.9410339935
76055555.0416793227 2.7706463995
76294848.9876306057 2.9673013320
76230449.8555095792 2.9531932734
76392412.7299994081 3.1269144295
82036759.9625382721 7.8560597580
76182049.1033463031 2.9414281795
82698372.1136054397 8.0388006195
83688225.0519751459 8.0448249206
78646327.6882873327 5.5085965873
77157960.8906277567 4.1670143380
77384102.5297638178 4.3507142710
82260032.8333909810 7.9875323214
82661371.3104926348 8.0380548015
77298965.9341783673 4.3264939180
78483177.5403192043 5.3797044581
82191397.6926415563 7.9764017817
78465135.9364733249 5.3777312246
82033044.4850434363 7.8527567666
78422066.4413525015 5.3675413462
76862519.0591471493 3.8163649541
76675237.1535858363 3.6241275899
81944662.4297118187 7.8233591653
82360126.5962747931 7.9975344464
76021381.4832659066 2.6204319397
76163332.0795891285 2.9401435001
77354032.8585266918 4.3387274398
82154242.1877899766 7.9514662158
83897249.5905262232 8.0452650152
76959502.9711408615 3.9771876829
77494728.1520991176 4.4996789685
81860212.0616100132 7.6870776266
76195326.4276497364 2.9448561320
78655235.6858314574 5.5425184588
81677090.8258234262 7.6501034503
83338832.1492891759 8.0438487902
82248200.7094883919 7.9814693276
76274862.9010411799 2.9557270603
78874712.5448838174 5.6790957148
76093596.2791524380 2.7797048744
83255607.6580190808 8.0430608168
78698081.1799661964 5.5517408625
78897609.9526645094 5.7149296752
75821852.8822671920 2.2473605472
81956466.0701082945 7.8298091404
76969705.2375418842 3.9828203685
83059920.6055795103 8.0425791144
81896758.2540770769 7.6999391653
78885241.2789431959 5.6838184700
82243307.8210797906 7.9813596737
78708712.8128079325 5.5573754138
81995070.9210041761 7.8379697651
75917018.0034874827 2.4345306659
76669191.2236075997 3.6226772273
84164658.3518759608 8.0459623858
78567957.2161952406 5.4048501993
76935006.9285225421 3.8355291984
77099246.5319126546 4.1479828554
78885742.8946639448 5.6846604896
81664016.7196708918 7.6364426707
81755117.3954354227 7.6576608815
81929111.0471407473 7.8230131492
75896156.5771395713 2.4207971973
76160459.8306764662 2.7885375643
76054533.7961589396 2.7689583270
76351636.2000788897 3.1154765996
76769086.9393008202 3.6536842601
78923670.5069138408 5.7231376352
77429303.6417733580 4.3610414388
75960961.9358697832 2.5953045782
81649107.7268225551 7.6191502940
82215035.2626766562 7.9812048767
76296668.5720005333 3.1073694786
82307418.9549642801 7.9879812524
75887520.9882568717 2.4202081013
75944737.2829365730 2.5950880261
78637035.5444343090 5.4216111707
84086045.1212976575 8.0455710739
82340063.9168740809 7.9923869967
76293819.2265950739 2.9620675359
83216718.5205454677 8.0429704264
78875823.5399804711 5.6830316254
78686229.5909534693 5.5506943757
77019048.3603475094 3.9896880883
78908723.7138447165 5.7223967828
78667634.1008325666 5.5485956310
84533671.3984974772 8.0463882796
75789686.4794544131 2.0778937535
78554267.9864583313 5.3941224771
76205195.2803260386 2.9461104711
78651562.2930456400 5.5419521886
82280879.8239499629 7.9877168015
75853236.3529223651 2.2583835434
78924829.5825942755 5.7238342856
75849779.2833921760 2.2541437228
78573572.1981577277 5.4062961881
75964142.5969529301 2.5972785910
78404768.7818693966 5.2324263505
75911780.8908603638 2.4226297082
76837866.9436327517 3.8041123311
78110597.2260433286 5.0580437235
83972592.3036312014 8.0454806834
75807209.4762933403 2.0876622267
78953698.1138796657 5.7371162437
78021261.3238970190 4.9060186846
81994980.1282545626 7.8334840387
78658051.4780596197 5.5426485185
78353356.2971620858 5.2277411107
78315118.2014689595 5.2169634819
76734762.4354033023 3.6484628877
77047646.0813747048 4.0000884209
75981056.6758473665 2.6015291279
76792323.1254287660 3.7981074879
76049469.0598053485 2.7581500810
78217675.6169330180 5.0887992259
78403455.0695977360 5.2302425288
77000261.4572430849 3.9877942949
78339172.8218551576 5.2274393156
75910197.6681156904 2.4223866928
81788401.6483618021 7.6799611952
78094525.4182564020 5.0535618100
76710056.2539935112 3.6317099995
78952813.7866787761 5.7253703457
78734721.9479270279 5.5639259238
76893443.6250604391 3.8225811879
75806055.8826297373 2.0855581912
78794569.8205061406 5.5765637887
77440569.4649740010 4.3624612608
78982013.1874107867 5.7386523038
78555880.0650285929 5.3983884059
79206162.1108133942 5.7552704185
78799783.1731043607 5.5813213538
76947892.9600676000 3.9717707774
79006639.2269879431 5.7388140187
79085758.9900426567 5.7493453629
75829482.2150463760 2.2494019691
75823526.8562838286 2.2477377804
81273167.2334697247 7.2917712882
75878087.8362133652 2.4187031418
79088437.0024897903 5.7544434358
79080876.2043102682 5.7485992339
81416923.4641145766 7.3379772158
84837901.2435424924 8.0465473309
78311403.7068458050 5.2143693462
78775018.1681489795 5.5750691246
78084709.5408448130 5.0384266446
81207613.9140350521 7.2916640147
75862530.1821505576 2.2610066526
81630722.3407663107 7.5314924829
81758918.1723184288 7.6775173768
75793420.1458597779 2.0840579050
81546754.9773031175 7.4907578146
79076685.9170727581 5.7390621267
75819822.1583251357 2.2468015842
75798435.0717917830 2.0846171576
81483953.5081811249 7.4653316906
76631414.7938815057 3.4666779139
78110166.1625813395 5.0537069994
75819674.8322605789 2.2460622333
81445851.0478931367 7.4650923965
81443871.7572032213 7.4650672396
81626524.3956120610 7.4925242691
77934754.1459382474 4.8812558367
77274398.1686315536 4.1942049425
75784313.3368851691 2.0750529358
81513676.0735737085 7.4885730047
78248996.2279360592 5.1631605372
78329645.4047402740 5.2172300295
81486831.3094733357 7.4744281340
78162669.9020199627 5.0656888194
77924643.3836665154 4.8670328242
78092226.2817242891 5.0391028618
77719533.9253028780 4.6745514088
78080638.4395066947 4.9137615153
77735959.3053682446 4.6861065460
77973754.2729326487 4.8931689912
76591064.2894861698 3.2891957946
77827162.9466768950 4.7098047734
77830547.7819754332 4.7098868975
77869525.6477224976 4.7152630166
81101426.6050283015 7.1411609810
77908321.9304563105 4.8648509664
89943845.8361537308 8.0468567125
81381146.5704964548 7.3231617554
76574056.9662049711 3.2837608833
81328271.0322290510 7.3139622503
81360826.1586629897 7.3159325148
76586307.0753108263 3.2838761903
76539618.5013300329 3.1390440822
87401183.8898069263 8.0465983115
80603597.6688279659 5.7723046535
