815835392.6964622736 5737340.1474609375
716070949.4111838341 2725056.5480346680
715954474.3361414671 2722697.6012573242
726995641.3213456869 3517125.9278564453
742991146.9807188511 4347639.5509033203
745608559.9990524054 4449281.3986816406
782812658.5611894131 5412323.3168945312
795394514.6683619022 5590545.7607421875
801610925.4347548485 5661034.9853515625
833503293.3890137672 5790299.0195312500
715759624.9977059364 2713131.7193603516
715733770.9905511141 2708641.7869873047
802612177.2608457804 5668609.1728515625
816830162.7384543419 5745668.2216796875
833952920.3864537477 5792924.9775390625
707994026.8756527901 1787582.6231536865
740673323.7979940176 4248473.4162597656
740800983.4555549622 4256578.2954101562
743171415.4734747410 4359956.8511962891
745276397.0461415052 4440428.9177246094
751278628.5771187544 4650108.1691894531
763545345.9945492744 5019893.8637695312
763861120.4124449492 5029901.3334960938
780234401.5129438639 5366485.9003906250
781422162.5726191998 5388754.3725585938
801588734.4306666851 5659635.3085937500
708960350.1432398558 1922960.0525970459
751227707.7344583273 4647467.9450683594
751303592.1895630360 4651802.7341308594
751614378.0819985867 4658002.0124511719
751471459.4490727186 4655733.0466308594
715961615.4136285782 2724910.5570678711
740721850.0168901682 4252108.8950195312
751088867.3139238358 4646285.8508300781
750789172.4892817736 4632749.6403808594
783403461.0804538727 5417819.0014648438
783164945.9594759941 5417236.9360351562
801650092.7712063789 5661327.6650390625
802118867.3610804081 5666388.2558593750
833770683.2005646229 5791192.5273437500
716100813.6583842039 2744099.3039550781
769316004.0264968872 5152091.4614257812
783073018.4267621040 5415328.3110351562
783128426.3793730736 5416391.3422851562
763053449.0499640703 5011079.9345703125
781768024.7937684059 5396210.2309570312
782356491.1785521507 5404329.5375976562
782582571.6246693134 5409995.3608398438
794016426.5344032049 5578465.4609375000
801963367.2072422504 5664932.5312500000
750928069.1987531185 4639113.4553222656
751199389.9979339838 4646310.9270019531
708074333.3837109804 1797145.0925750732
743039849.3219637871 4354008.9156494141
762967095.1819436550 5006799.9848632812
769505831.6627954245 5163601.0043945312
779765747.0493506193 5357564.4404296875
816765841.7092796564 5744789.4257812500
729950409.1300055981 3715055.3879394531
801780454.8048088551 5663067.3750000000
801835984.2146981955 5664279.9267578125
769782589.7161684036 5169558.4628906250
836540612.8057047129 5793636.0400390625
763068908.6792391539 5011503.3017578125
769387150.8152544498 5159755.3652343750
770146192.0568717718 5175553.9003906250
782082808.4620214701 5400080.6538085938
802489228.0042625666 5667945.2421875000
837984188.3151234388 5794146.4140625000
715809167.1996614933 2718400.8499755859
730825007.3692572117 3746576.6090087891
779953236.7977613211 5362441.2919921875
780473877.1871901751 5368647.9008789062
802367281.5080254078 5667107.8759765625
837194781.6391113997 5793851.1767578125
781650797.9792917967 5392295.8676757812
782192497.0203897953 5401916.3696289062
740571338.0172973871 4247204.1669921875
769706666.0983886719 5168238.2431640625
816271684.7006520033 5743709.3447265625
816098719.5159627199 5743003.9199218750
715529202.6604907513 2688686.8771972656
764078383.0626525879 5035029.3125000000
815872948.1797361374 5741582.6347656250
740839717.2883908749 4262062.5385742188
780149553.2749592066 5365170.6987304688
780590575.8357597589 5370223.4829101562
803108139.1229596138 5669897.5722656250
764005169.3523803949 5031121.0195312500
817225608.7305910587 5747244.5947265625
707663652.8442029953 1711463.8041534424
707838888.5483462811 1764963.4504241943
794223640.8890092373 5580935.2841796875
729852822.9184689522 3706385.4401855469
780305985.6354335546 5368568.0375976562
713584525.2157902718 2467559.6414794922
770415335.1918307543 5178326.0371093750
824768532.8191366196 5773823.8251953125
708130928.8088833094 1802270.1302337646
713644565.9764358997 2472107.1604614258
836800785.1785677671 5793833.0468750000
763164358.4451677799 5012181.9780273438
764015404.1786450148 5032108.7578125000
763827827.6289362907 5028293.7714843750
768811303.2207138538 5143052.9604492188
715123796.5774577856 2645942.8569946289
803001542.7275971174 5669430.4687500000
771243825.2612900734 5193356.9731445312
713758266.3178733587 2474833.6576538086
764074379.1210973263 5032178.0312500000
769064119.4646975994 5150037.8798828125
762883836.6116962433 5005255.1069335938
769005687.7198308706 5147809.2675781250
707698601.4922609329 1717613.5133514404
715176593.1281898022 2651814.9298706055
715048063.9867558479 2635398.4445190430
763894227.6045894623 5031020.9091796875
714962448.3901170492 2629393.5111083984
745092876.5955132246 4433677.9538574219
729780299.0137770176 3700180.4154052734
836367548.0970046520 5793438.0751953125
714706291.1299279928 2599468.7631835938
836194755.9529409409 5793175.4238281250
826767457.7936439514 5776948.4619140625
793840670.4015474319 5575458.8613281250
825735161.8374059200 5775873.6835937500
824607239.4304784536 5773750.9589843750
769144785.5341602564 5151231.5024414062
769092975.8358627558 5150364.6635742188
832341022.2199122906 5787723.9472656250
729576913.9204981327 3688793.2124023438
729299474.5347132683 3671418.6727294922
729420221.1694056988 3678906.3872070312
796624542.4612513781 5608148.1064453125
796071142.2296421528 5602446.1464843750
750228788.3624770641 4612225.3994140625
714141737.7707085609 2525108.3381958008
743943589.4319610596 4384777.1511230469
744077576.0812786818 4392927.0671386719
714118702.7412813902 2515585.1660156250
714089900.9289411306 2512884.5620117188
714047957.8001539707 2511735.0566406250
796125419.4914997816 5602841.7324218750
833533931.3891553879 5790742.3398437500
825850788.8075613976 5776303.1884765625
825612083.9105263948 5775488.6064453125
768693516.7022964954 5139400.6435546875
784568870.0241950750 5434521.5683593750
832670359.5810890198 5788668.2792968750
728213793.1316334009 3594663.6057128906
783977051.6095274687 5425947.0751953125
800479201.6240830421 5642548.8906250000
727788045.8624328375 3565350.7985839844
728045374.2149409056 3580689.0998535156
727993985.3368281126 3579609.9997558594
800479257.9575085640 5644181.1933593750
727590289.7119649649 3551251.4223632812
797643145.3412606716 5616233.4248046875
727705344.3870662451 3560707.5747070312
727806675.5639096498 3567428.2165527344
800513190.0759700537 5645099.2255859375
708544822.1677918434 1855026.8838958740
727537346.5265272856 3550342.0251464844
797636066.5668609142 5615333.3300781250
708463379.6893167496 1843520.8833923340
743667246.6073998213 4376117.0056152344
743464607.3299732208 4367637.8862304688
806871798.2497386932 5686017.5800781250
806519649.4995824099 5684089.4326171875
743414004.9859848022 4364087.0439453125
708628758.8458395004 1863261.6641540527
708326586.2350450754 1806525.6535644531
713296959.4576095343 2432113.7294311523
713282188.8826658726 2430316.4522094727
767298485.3938655853 5099420.5971679688
799397963.8841687441 5628759.8691406250
831100654.5720639229 5783383.0732421875
719968781.4352393150 2964608.4932250977
713075966.4320060015 2397491.7006835938
766985203.1497678757 5097519.9121093750
719817020.3865913153 2946813.8698120117
711552318.1574757099 2216243.0444030762
806020134.3231806755 5680984.5390625000
766237759.6811608076 5079550.0957031250
712837831.7861604691 2363139.7921142578
818274170.1699869633 5747720.5019531250
719905295.4536041021 2959293.0591430664
711385702.6993457079 2194555.1263732910
766462835.0101234913 5081695.8447265625
799136266.2319798470 5626848.7285156250
805403480.1063809395 5676435.1962890625
719702113.4546700716 2938152.9874877930
719834059.2884131670 2951092.5109252930
712596454.6673952341 2333559.8002929688
766830969.3742241859 5088537.3315429688
804894371.5313868523 5673062.7607421875
719852516.6771281958 2951820.1383666992
719890001.7113000154 2955479.4263305664
766691082.6198760271 5087381.9311523438
712334486.6032639742 2297869.3380737305
712349830.4885159731 2303895.3385620117
712384258.0758793354 2311275.6032104492
712299138.2356331348 2296936.0900268555
735973136.6525702477 3997294.3740234375
818704615.7757110596 5748930.4492187500
734391877.7187554836 3909634.8941650391
734386433.3897380829 3906886.5877685547
734497311.1978973150 3917611.9014892578
711265024.1184021235 2180363.0016479492
711312895.8136359453 2187825.1410522461
734468349.2242240906 3910666.3653564453
734709954.7957392931 3929392.7506103516
711868078.1706008911 2238208.8101806641
734864572.8280750513 3936798.8399658203
711173781.7265906334 2162872.5834960938
711696761.5211001635 2225419.9307250977
748959227.9652516842 4548425.2756347656
749184455.8689823151 4562543.9719238281
830632584.9667520523 5781436.8144531250
748469577.7426006794 4533495.1042480469
710432982.1096386909 2055659.5540161133
756085322.7508902550 4762542.1630859375
719453510.6667582989 2899948.2556152344
710276482.4092042446 2029674.7104797363
748686968.4205496311 4542932.4975585938
710528854.8030114174 2061838.0011901855
748375921.4244852066 4532908.1838378906
829368265.9293466806 5778665.7041015625
829507482.2030590773 5779016.2333984375
710579136.3488551378 2075002.9971923828
710598109.6862907410 2077291.5304260254
710651947.7002891302 2082996.3453979492
829316391.1788138151 5777929.6240234375
710536532.1712440252 2068440.2008361816
791198604.8484833241 5517660.4746093750
792203375.8153839111 5527078.9443359375
747137978.6166715622 4481994.7194824219
746930856.5301096439 4474522.2253417969
746801774.8683975935 4472319.4914550781
746644716.2217342854 4466042.2683105469
819629331.1096401215 5750738.0205078125
754439919.0404019356 4701455.3996582031
718757200.2464421988 2829304.9760742188
710105864.8648433685 1937427.8421325684
710165202.9219211340 1946791.8138122559
754704290.7685109377 4711638.6689453125
754686652.7416197062 4710100.4150390625
754848013.6202964783 4716248.5903320312
718699892.8203173876 2811352.4805908203
718578002.4593534470 2806322.6265258789
754698860.8940620422 4710378.5541992188
754482648.1502437592 4704337.6079101562
820348151.5856574774 5753070.0683593750
820622196.5913079977 5753638.9306640625
718705753.3391239643 2815955.9202270508
773168571.0832382441 5197173.0161132812
788310389.3718107939 5471651.7705078125
788066552.5140174627 5468869.9003906250
788912721.2228726149 5479285.3232421875
718245387.4969507456 2777156.5627441406
736738779.2630981207 4004929.9385986328
788562933.3169491291 5474369.4082031250
788801870.7233278751 5477677.5654296875
823340669.4047702551 5759780.5498046875
822574227.7884165049 5757115.6923828125
822674215.1576665640 5757444.2207031250
790308599.0787702799 5498795.7246093750
790170847.8184340000 5498199.8701171875
812573614.2156239748 5698988.9365234375
812523701.1407964230 5698639.0839843750
812717008.4323282242 5699971.0419921875
812834412.2423074245 5701069.9707031250
812310435.3696008921 5697617.1728515625
738035009.3953807354 4051967.3020019531
737856865.7467267513 4042836.0954589844
812610255.9268696308 5699474.0283203125
813972113.5693932772 5704321.3496093750
760904002.7925817966 4855874.1049804688
760872658.1463041306 4852604.0310058594
761361633.4654152393 4871249.5847167969
761571488.1057825089 4875939.0593261719
739269343.4314697981 4099896.0397949219
739136310.0599844456 4095546.2844238281
740182353.9402823448 4129910.9399414062
739873781.1924130917 4116338.3581542969
739819906.9825923443 4112771.2326660156
726389869.4753537178 3300145.8256225586
725888004.6117707491 3253371.9074707031
725600562.9567140341 3198075.6177978516
725590822.8928409815 3191434.1180419922
725471480.9193811417 3182583.6517333984
725093340.7967052460 3154830.3092041016
725254817.7448828220 3167439.1920166016
725146884.8859629631 3160704.6656494141
724103254.2538204193 3069677.1542968750
724070302.5551676750 3067216.7641601562
724053515.0625183582 3063779.0581054688
723884814.9109206200 3046881.9178466797
723739289.2240629196 3034644.3487548828
723509498.0789583921 3005432.7867431641
