255105017.2936883569 3481154.6894531250
249017777.5804676414 3324118.2187500000
250264340.9870231748 3362908.4794921875
240771882.3021668196 2633910.9780273438
245628889.7263740003 3143905.5087890625
248858581.6481733024 3313738.8066406250
250492296.6948218942 3371126.8701171875
252614964.5465172529 3423522.1406250000
240366336.7188764811 2574380.8476562500
244820351.4208696783 3089216.4843750000
248987724.5727264881 3321918.1289062500
250737725.0673385859 3379986.6044921875
256282970.3317642212 3493566.0292968750
259408211.7112996578 3529390.6933593750
267418755.8133734763 3542563.9316406250
239128139.7741467953 2219779.1630859375
240081778.7272836566 2515018.3266601562
248914053.0736881495 3315688.9375000000
267011221.4906112850 3542499.7617187500
238948609.6252759695 2155361.4873046875
239121421.0189466476 2218315.3154296875
240628780.0746800005 2617856.3403320312
250143892.3675965667 3356410.7607421875
238928474.8135170341 2146782.9340820312
238920340.2931109965 2136207.2885742188
244960430.8975864947 3103590.8974609375
249389362.8320302367 3332226.2255859375
242785104.1723531485 2907842.3559570312
250526912.4913541973 3371521.1386718750
250540269.0955383182 3372904.2763671875
249192789.4752128124 3330996.8603515625
240231516.3318859935 2553011.6083984375
242942153.7319349647 2924995.2714843750
242833007.4434901476 2916238.0556640625
242996802.3921523094 2931746.7880859375
248929572.1059851050 3321730.5644531250
250731137.2963158488 3379868.0888671875
250248237.5871370435 3362668.7392578125
250572395.7716114521 3376724.5224609375
248728605.7355042100 3312989.3994140625
243104162.1942259073 2934937.2280273438
240668436.4138528705 2625710.1127929688
241703384.5942389369 2776841.0893554688
259218635.0126343966 3528376.3789062500
240099830.0873467624 2525410.0678710938
242757278.2629906535 2903058.9736328125
239154378.2322387993 2225720.0410156250
239085331.1924364865 2216996.0419921875
239134481.6620132029 2225255.9531250000
240163536.6867277622 2532672.1064453125
241707323.1460857391 2776886.8911132812
259984295.3303980231 3530840.5742187500
239024892.2941823006 2189928.2187500000
240174946.3682707548 2539569.1137695312
250373248.0187133253 3369798.4345703125
239040618.4427814484 2202720.7900390625
240130613.6834624708 2529655.8208007812
240580936.7440937757 2609731.5981445312
250379618.1941409707 3370290.0908203125
241736909.8261194229 2790389.9155273438
252066594.2150551081 3411792.1113281250
255677806.0172645450 3489721.8554687500
258687839.9168462753 3523702.8281250000
241728055.5344986320 2787885.3964843750
257307066.0980349779 3512174.8808593750
240269894.0529686809 2554758.2490234375
240775358.0997332335 2639029.0371093750
250321169.1275323033 3368057.0166015625
239718022.9934947789 2419465.2661132812
245054513.4998269677 3109548.1445312500
240681290.0366094112 2626919.6049804688
239668728.6613604724 2409784.7397460938
240331833.5021343827 2568733.3779296875
241931381.6656754613 2809495.2348632812
252524305.9184226990 3422717.2285156250
252716760.1078220606 3426567.9160156250
258567290.8577548862 3523502.6015625000
240633154.8121075928 2621488.5600585938
244912474.3584453762 3098124.2236328125
245347288.0832935274 3127060.6269531250
247462072.3492926657 3256159.4404296875
252321967.0321024060 3420052.4589843750
241792871.2419886589 2797320.9936523438
248092276.6834771037 3286634.7802734375
248149934.0870692730 3289430.1923828125
250163399.1629333496 3360432.0322265625
250438473.5475049615 3370874.3330078125
254968180.4448552728 3479997.4160156250
247997900.1612834930 3280027.0009765625
248000239.0711289048 3281238.9345703125
252087557.0429899693 3412126.7753906250
259708100.5946384668 3529940.3183593750
256892709.2025883794 3508175.5156250000
244155215.9014954865 3036852.2260742188
240702997.8420603275 2632602.4687500000
239780283.0910757482 2430635.4916992188
264773401.9850305319 3539070.6445312500
252230136.1611484289 3415887.9550781250
252131838.3302236795 3415304.0039062500
259159979.3373312950 3528054.6640625000
239828381.9500426948 2435087.0732421875
244208938.3827387393 3040329.6250000000
248113044.0495901108 3287262.7294921875
254462236.2885224521 3467614.0253906250
256026397.4494259953 3493283.2382812500
258147462.7505170107 3519956.9511718750
245417366.4704565704 3131491.7167968750
265097968.6569569409 3540174.6171875000
252230850.8408489823 3416236.8652343750
245316420.3521073163 3125923.2304687500
255787294.1455796361 3491864.5156250000
254769579.4132940471 3474221.5800781250
239002814.5437088609 2186634.3183593750
245610305.9502360523 3140428.0888671875
255703064.8774159551 3489959.0136718750
245497440.8877193034 3135994.7792968750
238948873.9206925333 2156524.0917968750
240506492.9078038633 2599074.9575195312
245291557.4557268322 3125739.0800781250
244315711.6468514502 3044159.4960937500
249431717.2457222939 3333807.2197265625
251973692.4594069719 3407869.0820312500
252066049.8583194017 3411493.0058593750
248090062.2630048394 3286052.4755859375
244001996.8730930388 3021664.8891601562
252120501.4823535085 3412627.7167968750
238958827.7692775428 2161078.5253906250
239716180.4113458693 2415156.4008789062
255211812.8989761472 3484492.3457031250
238971608.4170371890 2173513.2324218750
239650579.1730285287 2401590.0083007812
243931751.1102869213 3010248.1235351562
245062957.8665659130 3111670.8505859375
240556144.9638074934 2608664.6459960938
244687454.8908873498 3079051.8105468750
238940904.5616851449 2152339.5014648438
258988754.8995606303 3526191.0195312500
244865343.3214380443 3097483.4404296875
239766179.0211500227 2430417.6362304688
254686594.9715095460 3471248.6933593750
250000163.3332153559 3354075.5947265625
267006358.0294741690 3541648.1132812500
239686083.4138626754 2413320.2744140625
266412301.4369121194 3541363.3867187500
254752261.7034148276 3473136.9160156250
254612005.2176916897 3469776.8066406250
254812619.9610903561 3476678.6894531250
241787990.1342064738 2793000.0942382812
245031432.9825840294 3108730.5712890625
240399081.3260970712 2581531.9248046875
244931133.6716199219 3100105.3984375000
256790213.7373910546 3506795.6347656250
241998100.2071062922 2819065.3637695312
241988171.3247986436 2817451.0532226562
247819708.0704471767 3273422.2939453125
239640340.3538669348 2394025.4604492188
243414712.6865465641 2937156.6528320312
244715246.7883382738 3084384.7509765625
243967938.9404230416 3015017.1557617188
241862658.2923246622 2805332.4887695312
263796113.8612015247 3537073.0742187500
240433848.1736291051 2585088.3320312500
257146818.8278555274 3511564.9648437500
255114483.1877641082 3482336.3066406250
239631652.1901869774 2391350.8837890625
256529014.2438428998 3500426.7382812500
247805046.4830808938 3270612.3662109375
248324086.0006096959 3294851.3876953125
258782630.4231364131 3525441.4804687500
243948611.6078544557 3012561.3715820312
255132177.6390621066 3483253.5917968750
265540263.1640027165 3540428.0351562500
247334279.0723018944 3248706.2275390625
258689506.3915421963 3524060.8476562500
266811677.6567740440 3541580.7636718750
243881608.1437760890 3005656.3295898438
243191280.5064478517 2936116.4721679688
251697161.3212996721 3400537.1289062500
257317453.7122499347 3513049.6386718750
257028192.8452212214 3509660.2148437500
258283268.7521554232 3521426.4140625000
251885243.0975468159 3407693.3046875000
251661848.2781477273 3399854.8310546875
240851343.7549434900 2650503.9770507812
258048950.1571742892 3519685.3925781250
247912776.9229361415 3277921.0380859375
247859790.3688834608 3273503.5429687500
257842895.4639865160 3517350.0878906250
265319253.9559726715 3540264.0566406250
240202536.2684645057 2541099.8041992188
264238623.5315532386 3538205.5878906250
258301074.8155328035 3521882.7460937500
244043940.3390427530 3026336.2446289062
247887058.2489065230 3274952.8349609375
265957882.5120690465 3540563.4257812500
244117307.3397131264 3034257.2817382812
243976408.9039364159 3020736.3466796875
244081042.3550718129 3031114.5346679688
240141312.6631273031 2531244.2451171875
247427636.0920465887 3254527.9013671875
257958540.5589348674 3518273.8593750000
249799077.1759142280 3349426.0097656250
249727482.1767883301 3345740.5273437500
264857664.0751297474 3539305.6269531250
247697864.8199230134 3268069.2900390625
242540276.3187772036 2872820.1625976562
244357690.5884517729 3050682.5986328125
261633951.1114571691 3531620.6054687500
249589234.1848980188 3340928.1923828125
247733166.0398761928 3268746.5595703125
242529663.1888743043 2871808.4487304688
251398157.1454845071 3394131.6943359375
242511883.9566884041 2870865.0844726562
242581064.6297466159 2879019.0795898438
244466094.8590139449 3054204.5507812500
251280448.6165547371 3389761.6572265625
244456129.1852310002 3053382.5971679688
249127318.7883844376 3324902.7783203125
239619590.1402151585 2382828.5659179688
256286129.2728426456 3494564.9648437500
249128347.4964293838 3324947.0263671875
256341669.1664993167 3495705.3476562500
264766646.5803692043 3538874.6679687500
264188699.1172718704 3537887.8476562500
253267359.8597991168 3431056.3974609375
253885680.7634609640 3444947.9257812500
242642744.6161477566 2884777.9165039062
253663189.5484788716 3442075.7656250000
253455511.2738520801 3437519.4843750000
253660660.3666565120 3441889.3652343750
262286336.8415987492 3533604.1914062500
244406827.4080297649 3053084.7641601562
254214819.2543136775 3448966.0175781250
264544105.2319747210 3538483.3281250000
246971324.7875470817 3219923.7382812500
247051470.4154969752 3221926.4882812500
246826734.3910450935 3208384.6601562500
247027773.5648468733 3220130.0751953125
264424506.2566017509 3538268.0527343750
263294981.4187971056 3535302.5722656250
262129578.4200872779 3533048.2539062500
239868043.2255519032 2438136.3774414062
241603650.3334415555 2758510.5268554688
239869254.2652838230 2439833.4389648438
239419194.6133097410 2277772.3730468750
239451769.4922820032 2285102.0991210938
239882113.7559344172 2447133.6225585938
263747247.5133641660 3536627.8437500000
239378662.1046625972 2245484.9580078125
261840126.8644610047 3532334.0644531250
254309490.2244707048 3450137.6416015625
239325805.5528717041 2228852.5322265625
262099797.9654146135 3532954.2265625000
239470019.0783606470 2289833.9565429688
239411647.4811906219 2267988.1064453125
239383061.9458827078 2263078.3095703125
239962440.8844413757 2471519.4897460938
241575391.4430028796 2746991.0014648438
239994153.8086227775 2479657.9863281250
239959040.6905764341 2467126.8945312500
263221049.8265518248 3534446.2617187500
239337388.0007796884 2238168.4638671875
241377838.6753638983 2726203.3857421875
241560502.9468000531 2742649.6347656250
241396708.2580750585 2729043.1064453125
254449217.0495667756 3452331.5556640625
241471778.3571550846 2738925.1787109375
242492006.9817100763 2866941.3266601562
263100431.3116376698 3534363.9804687500
261802194.6596817970 3532326.8574218750
242370771.3622969389 2856235.4291992188
239938073.8317250609 2458341.0629882812
263274122.3065092564 3534980.3691406250
246180562.2604523897 3162219.8955078125
262980887.1017588675 3533911.0605468750
241226174.2937458158 2691472.4750976562
246086144.2137507796 3157941.4501953125
246667485.6872830391 3190151.3134765625
246479478.4182662964 3176734.8554687500
242346071.3958766460 2853427.5268554688
242413558.8949094415 2856453.1518554688
246437179.1723929644 3175590.6367187500
246440683.8002978563 3176069.2128906250
246311572.7276301980 3170876.5683593750
242345824.0386041999 2851485.8930664062
242651559.1013649106 2886617.3374023438
241282999.6783620119 2709921.8564453125
242420585.8222485781 2861624.9418945312
242294427.3517980576 2845236.0947265625
242251310.6506707668 2836746.9482421875
241141053.4815700054 2669409.4960937500
241208149.7787781358 2681310.6376953125
241033403.1108655334 2650654.7915039062
241204386.9566402435 2676938.5405273438
243869159.8527255654 2956949.1235351562
241064972.3936914206 2659129.1752929688
243823591.6132291555 2956484.2729492188
243870684.5394480228 2958466.9428710938
243640886.4363042116 2939585.0019531250
243588342.7330747843 2937744.7197265625
