666345049.4096043110 7861143.9667968750
602502367.6349456310 4466403.1708984375
607880597.3776954412 5067720.9233398438
615977139.7525475025 5890233.3818359375
615906961.5971788168 5884257.3847656250
631633781.5182819366 6866588.6572265625
635849283.8240211010 7050929.9501953125
666009632.7612409592 7856896.8027343750
608052769.3066648245 5071134.6425781250
607944545.9844782352 5069120.4199218750
607930818.6694854498 5068469.8784179688
607684191.4327729940 5066083.0395507812
630734887.6125597954 6828550.6884765625
631396103.8503468037 6855638.4755859375
653509852.7954410315 7634567.8251953125
653596945.8058612347 7635554.0576171875
689559884.2027534246 7942631.4648437500
614414661.4329961538 5757250.4492187500
602258599.6481981277 4410335.0175781250
614107443.2528470755 5731931.9472656250
616159961.8697022200 5903243.8291015625
616331816.8508089781 5905960.4125976562
654057220.3369466066 7649011.6767578125
653706589.2688874006 7641884.6728515625
665483875.2920956612 7846221.4863281250
666783348.5153086185 7864228.3242187500
674200316.0100476742 7910020.0429687500
674864147.7056419849 7911878.5605468750
690236658.8261724710 7943191.3867187500
664306230.5975583792 7829734.0097656250
672569663.5248500109 7899489.5742187500
614609950.1855971813 5762541.8129882812
617955849.8575800657 6021970.7607421875
603314721.3811814785 4553027.6796875000
653635982.0973138809 7639586.7919921875
607317079.4237322807 5043178.1201171875
607250456.0457286835 5033468.3237304688
607259634.8272032738 5036721.9204101562
607068416.7836339474 5011024.9467773438
631011584.8767031431 6837844.8564453125
631281979.6516014338 6854192.9404296875
636026356.2041383982 7062092.1748046875
666603764.8165224791 7863329.6523437500
607204423.1260917187 5028502.1079101562
636589069.0937241316 7078940.5683593750
674356869.8778525591 7910579.3847656250
602283351.2343777418 4423776.7319335938
607109348.7427163124 5020116.5952148438
631641369.0662151575 6868936.8623046875
631493531.5329164267 6862783.7226562500
664629734.9978359938 7834109.9296875000
673971051.6174361706 7909676.2812500000
689523686.9957844019 7942488.5136718750
635930856.2167377472 7057608.7578125000
635553092.5458697081 7037446.4169921875
637285623.1933327913 7101401.1718750000
637468647.2733684778 7102175.5537109375
673048245.3120989799 7906533.2812500000
602350028.7923325300 4440109.1718750000
615834915.6122034788 5876628.9150390625
617404481.0237450600 5989590.4028320312
617406552.4337416887 5989821.4057617188
617508461.4850052595 6002164.0532226562
617470677.1317615509 5993042.4555664062
635702071.1422919035 7045558.0009765625
635739235.7117395401 7045869.5546875000
635678886.6244223118 7040596.2275390625
655584520.8674874306 7676588.6035156250
655651792.8235468864 7681039.5917968750
664642399.8024650812 7835244.1054687500
602957195.0110651255 4530520.0742187500
617063068.8971211910 5968710.7504882812
664362129.6588500738 7832090.0332031250
617242656.5285121202 5982278.4584960938
617318997.4214400053 5984663.6367187500
616231716.0927658081 5903495.0078125000
616061006.5288177729 5890760.3300781250
615957994.0510356426 5886280.4404296875
630891202.5606471300 6836013.1054687500
615924799.2603965998 5885883.7412109375
666044435.2014923096 7857783.2656250000
673492282.3443163633 7907305.7519531250
637159500.2478061914 7097442.8017578125
673568797.7876280546 7908619.2773437500
637080909.5042495728 7096208.1611328125
655396210.9649378061 7676517.6484375000
672808419.1716054678 7905043.8515625000
672256475.0435836315 7899195.5136718750
672593635.4453188181 7903031.8613281250
602803246.5226277113 4508739.5249023438
665770353.9916713238 7852206.2089843750
672668056.3600405455 7904633.1035156250
602826327.1141434908 4511289.5107421875
631018766.8079524040 6841679.1757812500
637272978.1049226522 7101011.2431640625
654506107.9746477604 7656798.8828125000
666080862.2801258564 7858958.4550781250
664486821.1766176224 7833473.6953125000
653359057.7907136679 7625692.0361328125
675618978.7896813154 7912505.9687500000
602743727.7659456730 4495806.3330078125
614620546.3735284805 5766793.4492187500
664119492.8202694654 7827004.3808593750
664076614.2632912397 7824224.0605468750
653167158.4716556072 7611828.0537109375
614262207.6881737709 5742360.6923828125
629363494.5652872324 6732122.5966796875
629142716.4586457014 6720009.2343750000
614165355.2272111177 5732879.3876953125
615332056.0636572838 5819353.9467773438
606926527.6724483967 4977624.2197265625
615559081.6978192329 5849381.4409179688
616898765.4391328096 5946746.5278320312
676241101.6004446745 7913214.4531250000
632074584.1413779259 6872616.3437500000
630588377.6870118380 6805016.3203125000
616636176.5166163445 5928877.7700195312
675875885.9074982405 7912673.2226562500
616352510.1395331621 5909953.2910156250
606538327.2518187761 4928725.0092773438
640227366.5803776979 7192037.8437500000
654692271.4871790409 7659206.6533203125
615755284.7174638510 5861942.7041015625
640122888.2087970972 7186923.0517578125
654895907.9888025522 7666436.9423828125
634649214.9873794317 6985467.5058593750
640164464.9798430204 7189000.5341796875
654257409.0958875418 7651122.0498046875
606495578.3637207747 4918242.7949218750
634514081.5414340496 6979217.4238281250
634316639.0454879999 6971821.5439453125
634403453.0613707304 6978770.8515625000
639978736.7990847826 7181870.4023437500
606533374.8173811436 4923156.2382812500
634273704.0109268427 6967047.5781250000
634207038.0187855959 6964348.7070312500
640038235.5566415787 7182957.4062500000
615369059.8397166729 5832858.5161132812
639932223.1233739853 7180453.7324218750
634271849.7933775187 6966192.1582031250
654602796.2696516514 7657375.1865234375
665086006.2190079689 7841344.7343750000
665559625.0215749741 7849600.3164062500
670914862.9567738771 7891938.2519531250
606278451.8205602169 4890123.6440429688
606378448.5240224600 4904627.0283203125
606095762.9354609251 4872763.8540039062
633772036.0779937506 6947229.9570312500
603806613.2514934540 4558014.6445312500
606059413.3901786804 4852893.7094726562
605968208.5001672506 4849729.4755859375
605858505.9965374470 4834174.5400390625
688879688.0662813187 7938673.6210937500
629345791.3018089533 6730553.7714843750
670972062.1694397926 7893246.4335937500
688781760.3451429605 7937805.9628906250
614769842.5335466862 5769411.4526367188
639438432.3492113352 7156022.8203125000
605964883.0200030804 4835901.7021484375
629502420.9661738873 6740092.9960937500
629269725.6923172474 6730227.0078125000
633213998.7870665789 6920318.6035156250
665348827.8505905867 7846197.6777343750
605836103.3827929497 4814105.1064453125
670707598.9657015800 7889572.4394531250
605728283.8775508404 4799193.8212890625
629601972.6367213726 6743770.4882812500
633348853.7319548130 6926906.3261718750
629479130.8481773138 6739284.3222656250
604078493.9308230877 4580629.7587890625
629618730.5563752651 6748566.0498046875
633590861.8801176548 6938671.0205078125
633412161.9612547159 6927998.0917968750
629965948.0832484961 6762323.4267578125
629969328.7316683531 6765067.4550781250
629877686.4254027605 6761786.8115234375
665047941.7835566998 7840566.7636718750
633080150.9313160181 6915469.5908203125
632565012.1646219492 6893311.4189453125
632696843.9302231073 6895902.3349609375
605715771.7340743542 4776990.9077148438
605530398.0980277061 4757434.6689453125
605351334.3359265327 4721702.0434570312
604779748.0974640846 4616249.3945312500
604672659.3772799969 4608107.7265625000
604799671.5755097866 4622238.3925781250
638548954.4728913307 7121302.9228515625
605253453.0204883814 4701300.7963867188
638708854.0392317772 7128662.5146484375
638429087.3241205215 7112606.1142578125
639145092.2554637194 7141882.7353515625
638465197.7440482378 7117892.4736328125
662183270.7633309364 7786312.0585937500
663785228.2650276423 7818182.7285156250
662300545.4657953978 7792184.2968750000
605352966.3980436325 4722852.3334960938
605423706.0024982691 4728660.5712890625
688256336.2202862501 7934238.5664062500
663903558.4070923328 7820157.0429687500
663226159.9671419859 7807710.9980468750
663545940.1624732018 7814154.9960937500
605140537.9798494577 4674326.2250976562
605116000.9015017748 4671382.0668945312
605019935.7196067572 4648618.2319335938
604904993.8813632727 4629895.8364257812
647558435.8607445955 7389829.1494140625
646876003.7092484236 7371621.7558593750
670254937.9215611219 7876069.5878906250
670134934.3026624918 7874979.7500000000
609934311.0816828012 5162595.5419921875
670019801.6824027300 7874545.0214843750
687536760.6656109095 7927230.6152343750
687511038.3546936512 7927147.2265625000
610179109.7546077967 5187385.0546875000
687088205.2356212139 7925935.7207031250
687334080.4932771921 7926207.0644531250
687365450.5381176472 7926822.0175781250
658234718.1126978397 7700125.1396484375
658688044.1446256638 7708825.7236328125
659034804.6816484928 7714074.8896484375
658454125.9655947685 7704377.0576171875
658614719.3076261282 7708815.1123046875
686029941.9102845192 7921798.2441406250
658497444.0036646128 7704433.9931640625
610604102.7278823853 5217121.4052734375
610305546.7038121223 5199736.5161132812
614020935.4379246235 5596707.8823242188
614056760.1884319782 5608456.1459960938
612991130.7163233757 5498618.7924804688
647702450.1717904806 7390018.4960937500
647992139.7486966848 7394352.6181640625
612849043.7198265791 5473158.4633789062
613878132.2813738585 5573616.4975585938
610659621.6798651218 5232093.2485351562
613510505.2360119820 5548295.4628906250
613899157.2243816853 5580918.9462890625
613901419.5986789465 5582250.7397460938
613596317.5247144699 5557888.8271484375
613456870.7611761093 5531958.2866210938
613130114.8758635521 5507778.2329101562
685900349.1227381229 7917519.6328125000
610751862.2565432787 5245395.7690429688
660647597.4676575661 7735656.6406250000
610945638.5605735779 5256631.5893554688
660990846.3417630196 7747463.2460937500
611295700.3009889126 5259908.5620117188
610687061.8976129293 5237906.1372070312
659950860.2795026302 7716245.7705078125
661790477.5616254807 7758831.8222656250
661705042.8306080103 7755955.5878906250
612627069.4377623796 5427033.4702148438
660067395.5330435038 7719449.0986328125
646518182.2982701063 7330036.4062500000
646363741.4664740562 7324947.1171875000
646599932.9996926785 7332585.8681640625
660448025.9783072472 7725842.3291015625
612021231.2078714371 5372159.7114257812
612113172.0403681993 5386577.5913085938
612074147.5234969854 5380320.5922851562
611801622.4196916819 5347717.5327148438
611867543.5644868612 5350626.2280273438
611928166.0174932480 5365144.3422851562
611766674.6755751371 5347186.1928710938
646488193.0268926620 7329530.6855468750
610997346.9495456219 5258804.3569335938
609604592.2652324438 5089043.0620117188
609496509.5553843975 5076448.1718750000
646124375.9370009899 7291739.7607421875
609521945.5213989019 5080631.2192382812
609770808.6826474667 5106490.3920898438
609729272.4664340019 5102915.0156250000
609627815.6308778524 5095603.0161132812
645830517.3744996786 7279666.8251953125
609552336.1773812771 5084198.4218750000
628747638.3047273159 6433442.6542968750
627854361.5406744480 6371295.2617187500
627402870.0097234249 6358296.6542968750
627605409.3820561171 6370557.4794921875
627324924.6602604389 6348647.3554687500
627424654.1173996925 6359522.5214843750
627360258.2878317833 6356470.9414062500
627300250.8125600815 6347305.1230468750
625971566.1520467997 6266542.7250976562
625959928.9618035555 6265059.0375976562
625890785.8233193159 6264139.5874023438
625880568.0282787085 6254066.8466796875
625645644.9697459936 6239682.9941406250
625726632.1467436552 6240395.0468750000
625826798.8234593868 6249546.4052734375
624805362.8859927654 6183906.8984375000
624540861.7323967218 6171155.3486328125
624412389.5068261623 6157975.3535156250
623840117.6103215218 6117703.8515625000
623570457.4915244579 6101387.3154296875
623444071.7930847406 6089650.8818359375
623324171.7691017389 6084402.6289062500
623082127.9294173717 6064177.3652343750
623117545.8665879965 6069557.1572265625
622506606.4777959585 6028867.9829101562
622629095.0659501553 6031025.4326171875
