542277188.3657047749 2027636.7260742188
553800550.2907783985 2050759.3676757812
544248309.8165110350 2034695.0200195312
530056039.9814254045 1882321.1362915039
529953282.0900633335 1881247.3690185547
537953290.9988789558 2001951.0651855469
538133559.7365139723 2003834.6362304688
553801628.1645444632 2050876.9545898438
498635849.4834865928 1044749.0273680948
507422504.6061682105 1374258.9639493451
514750085.9612263441 1566877.9066432603
538091773.4193732738 2003673.6538085938
551767949.7416193485 2048923.6782226562
496505973.5889630318 938285.4057955444
498890784.9807788730 1051575.4556617402
514626060.2805822492 1565668.4130943902
491429249.2620938420 602238.4681961816
506541709.8994555473 1344594.5532428250
529446473.4694228172 1876789.3103637695
538604617.4287773371 2009445.5722656250
498432648.2459735274 1037201.1765901260
506452110.9405269623 1340265.1298344359
538256641.2461463213 2005860.8979492188
539142333.5312932730 2011817.4479980469
553477059.5974656343 2050701.6025390625
491073248.1824592352 562653.6083522176
491152857.1260911822 570593.3681040090
491451996.6425040960 604168.5751526635
492315890.4989634156 658348.9433056569
492195305.0700001121 657824.3325965522
506553538.3871598244 1347502.7650883421
538477687.2561531067 2008505.2368164062
538722406.7808308601 2009998.5507812500
491467636.0006608963 607376.9440872949
498151734.7132863402 1021912.0604177723
498381310.0596041083 1036323.2823564224
528186883.0017712712 1852100.3020100594
527974867.8473031521 1849461.8193440437
538575953.5722017288 2009443.6523437500
543874162.4763174057 2034064.9409179688
514160058.1494666934 1559868.4846621640
498529038.9151094556 1038862.4412995987
498336700.9891690612 1029690.8819734268
506337673.7967453003 1338259.4273036942
506826954.0240093470 1353916.8461571170
514124155.4871222973 1559094.6752596982
491308655.2348195314 595009.7606766503
507009368.4445644617 1361106.1409017071
529239360.9448589683 1871257.6630859375
538544227.8512130976 2008733.1123046875
537783420.6247065067 1997887.9511718750
491185744.8296238780 578472.6570272427
491211410.3843276501 586592.0964005273
491969105.6701083779 643858.1317853784
552519972.4251594543 2049959.9248046875
529140854.9726791382 1870709.6771850586
514345526.4496151209 1561578.5185598023
543490839.0614181757 2032331.5712890625
496596202.6752871275 939664.7867732942
497723263.4964361787 1007454.0233641872
538470046.0576639175 2007417.8491210938
497920632.5687840581 1014499.7327739606
497710811.1403934360 1007238.9692311296
498523312.7286512256 1038511.2303759269
539367578.0497680902 2013079.5517578125
492123125.6009539962 652397.8825973129
492069418.5661560893 644779.7420486069
497078270.7337255478 969487.1879423698
496627083.6664810181 946021.8299892843
496647397.7457407713 946497.6181152761
529039465.6283407807 1868025.6143798828
539458446.8041355610 2013704.7910156250
511657943.3606821895 1492768.8179572560
506455677.5856841803 1343077.5489018187
529563840.5572608709 1877042.2922973633
529386593.0720366836 1874333.8254394531
506803228.6822551489 1353861.1920147166
511305239.9464899898 1483702.5998669155
537892100.5791234970 1999154.2165527344
543922446.5547262430 2034090.1674804688
543647622.8767328262 2032830.4960937500
528316618.9483810067 1856027.0033802986
528853673.8293570876 1865718.1957631111
507365137.1003153920 1373207.1956502423
511336233.9387487769 1484530.2649238594
553960728.7065002918 2051100.4448242188
513319153.2269992232 1537206.0466246493
554818797.6938120127 2051285.9179687500
491983021.7384027839 644533.7542561149
507467967.2390757799 1374838.2053746209
539566833.4288088083 2014288.4565429688
554635300.1790711880 2051186.9531250000
491825897.5656911731 629751.2892985456
554000672.2953549623 2051109.2568359375
528647977.4039716125 1860477.2854003906
529080872.6243527532 1870375.5905761719
552688141.5065287352 2050215.9482421875
528679816.4405310750 1863767.4035644531
498239794.4066030979 1026770.2538527362
506989428.2387540340 1361051.6002871022
513214565.8093291521 1534690.9493799396
552328518.5682877302 2049700.2568359375
553059615.0521689653 2050322.5117187500
513311831.8566812873 1536249.6407866366
537771632.8337953091 1996472.4801635742
528774447.3205454946 1864769.1491699219
543799449.8628373146 2033838.6489257812
537710955.4385324717 1990094.9813842773
491864722.0586861968 629876.8649668805
507107847.4045455456 1365435.8854433522
513220820.2375559211 1535386.6877789982
491769636.9275255799 623430.0345912091
491756588.2157667279 622325.5924303643
497150912.5691123009 974863.9331205925
497370653.4386363029 978439.0141790947
513875879.1459286809 1551780.3856902011
514119019.2379116416 1556071.3804945834
491731237.3023263812 622109.5806117170
497273238.9583239555 978394.4524077019
538917533.3602702618 2010843.8969726562
506671666.0470124483 1350990.0020916685
506962404.1422705650 1358688.2602093443
506864781.7358933687 1357608.8943646178
528462046.3147601485 1859315.8080978394
543253641.1525033712 2031795.4868164062
543442362.6396203041 2032258.3339843750
526945258.5526436567 1825742.1496353149
507692745.9035442472 1377013.0406789780
537920787.2594850063 1999281.7558593750
513290333.0199294686 1535940.0998175628
513519871.0081953406 1541951.3524976261
496545714.6555300951 939476.2141636312
502945600.1213890910 1208144.3961813748
513167108.6361709237 1534002.0591168888
550958268.1712477207 2046867.6245117188
511503900.4657983184 1489477.1058052070
511174204.6905197501 1477241.5658734459
526890191.7329117060 1822772.3835830688
538438442.6032377481 2006009.6323242188
498058438.9033331275 1020402.4956641532
497966027.4037024379 1016113.3227275349
496888846.8272238970 960940.9529863298
512114126.4453745484 1503551.6165673025
512144175.0576538444 1504152.8076994764
527112307.9173743725 1829489.0282974243
551256808.0274819136 2047382.5957031250
551267046.5345031023 2047396.9252929688
503094277.0053320527 1214889.0488666152
512098785.3955429196 1500128.9329820760
553711066.4747743607 2050724.4697265625
512518720.8916588426 1512291.6998754628
503620727.1673470140 1224894.0946705639
512541388.2058468461 1512883.1713932045
512163022.5659727454 1505076.3379029520
496732616.6043159962 947373.9877537191
503095548.4812033772 1215860.5744040310
496774734.0386563540 953611.4112945497
539987527.8881677389 2014609.1372070312
512037851.9864510894 1500044.2700884431
496464797.2896943092 931904.3569336482
511816725.6608181596 1496291.2709076889
539899655.5972275734 2014510.9780273438
551731107.9158022404 2047924.7817382812
502803127.7100618482 1201569.1203024685
523876710.5282630920 1756609.9010983780
503148523.7303487659 1217141.0159492791
502963976.5934992433 1209164.5968424976
496413258.7962939739 929368.1196771176
496280346.6759606600 912190.3289418728
542722959.9645885229 2029456.7661132812
502844072.5048895478 1202418.4374106228
542984070.7135741711 2030670.5166015625
541559088.1313728094 2022472.0512695312
496376049.0697963238 922423.8085198910
502975803.7970611453 1210579.5956886113
496318477.4563431740 919937.0774751217
493757434.3505544662 722299.3758474352
511014318.6015998721 1471770.4441453367
510847399.7960907817 1459601.9215743877
511009153.3024709821 1468344.2057420164
510889518.4189926982 1467268.4165723622
493814661.0997483730 728485.3503776552
493641160.2584344149 712287.5295158388
511080957.1895446181 1474186.1868211180
541442574.0603477955 2021919.2207031250
493638993.9016057253 708855.7075260343
541565187.2654417753 2022664.3237304688
541769843.1942865849 2022955.4287109375
550424394.6094715595 2043352.4147949219
493762873.2927669287 723695.6421409609
524351473.3040391803 1767411.6553098038
493699786.6145310402 720727.7995964052
524497081.2024577260 1769371.3759814575
524297257.4943947196 1767054.6137210205
497480810.4795685410 984513.9882428274
541019378.5617665052 2018749.8488769531
506177929.3946384192 1321948.1993342140
540767270.7760533094 2017000.2612304688
541079891.5938662291 2020089.1459960938
540967404.2697069645 2018597.8227539062
510337016.3944294453 1442742.1217995174
510227521.8539030552 1440476.1058751494
510120639.0568345785 1439771.8788795955
510196381.8941201568 1440218.1388173588
506121064.0423488617 1316360.3008459308
509711051.0018495321 1425145.3517480977
509421013.9919634461 1417168.6405442245
526396922.3071806431 1804996.5111743286
526258966.2847914696 1802091.9298755005
526128136.8735485077 1800771.1149340943
526526513.3232622743 1805875.5806956291
526005997.8661693931 1794840.2101489380
525796045.9393056035 1792988.6383715943
526101944.9379997849 1799674.2938891724
509390611.0298021436 1415362.1754923947
525310233.0958455205 1784919.6337939575
502392878.5908173919 1172884.0203729344
504040976.3886121511 1237690.5882103597
509171293.4686247110 1408418.1510783322
503989519.1087819338 1235020.1714856457
503695156.0139714479 1229053.1641357695
508445036.3467595577 1387686.1007130481
504268572.8037469387 1238118.9086560756
508766949.5190727711 1394511.5757485703
503735777.2733496428 1230251.3764227033
508513380.0242058039 1387690.9013406113
508403567.1771851778 1386717.4252084568
496026341.1847639680 865545.5087182322
496194277.6482249498 874875.2430627146
496113179.7636023760 873278.0921838083
496160171.6577721834 873885.1770003834
496251395.4018298388 880089.4485457935
496270787.4172233343 880517.6818313994
495998239.6756311655 858855.7412198582
523487494.2897545695 1739631.0833687782
523389037.5089350939 1739105.9212594032
523139102.7482379079 1731919.0218453407
522857850.0490837693 1721276.0103096962
523014001.0178150535 1728693.1535592079
522718685.7059755921 1715326.2925972939
522725146.3540892005 1719948.0230965614
523068158.6276056170 1729620.6984810829
522649620.4945316315 1711463.6893682480
522531795.5705146790 1708714.7617406845
504988429.5678533912 1269849.5285605115
505332626.4589470029 1281477.2589537425
522467702.7645840645 1708515.6852025986
550405395.3797692060 2036343.9262695312
501500539.5634666681 1126370.6868064774
501662178.5814983845 1137524.3371971024
505207652.8347639441 1275583.6655546946
550228381.8650386333 2035945.3750000000
550159742.5650476217 2035922.9077148438
505080580.8858152032 1271704.4787871165
505260202.4635073543 1279520.4558378977
550284639.6630053520 2035977.7382812500
493568679.6632628441 659545.6052318949
505089652.5861983895 1274187.4057577772
504842630.3696700931 1263431.3422859830
504980765.2449503541 1269162.6479452772
501659986.4703768492 1136861.9455955399
502315043.8484809995 1151555.1087589038
493632589.0353150368 665220.6323195944
501897217.2654860020 1147653.7658966777
501811580.3947869539 1144295.0076988114
501761023.9533960819 1140319.7084033859
502336776.9940856695 1167028.3664734138
495961583.1101310253 835088.1403840159
495781359.1512095928 820583.5433523033
495912591.3929427862 829974.9734109018
495854751.1560007334 826411.5781624888
495863596.5826675892 827590.2317116831
502353885.4932802916 1167582.0810026301
495747374.0301172733 809366.5241216340
495702708.4787193537 801020.0328324412
495683160.6926573515 797695.8680832956
522403840.2565134168 1677376.7532505989
522159813.6555344462 1673183.5916600227
521753415.6763784289 1665713.3919835091
521742745.0470350385 1662666.2245607376
521991195.6328745484 1669093.2814760208
521645099.6846330762 1660829.3877077103
521479518.6646297574 1660067.7263307571
495393767.8294281960 742767.9897089775
495321423.9479095936 742040.7907421205
495514386.0861318111 754360.2164032075
495414742.6652870178 753472.2856151673
495656150.8730311990 768650.7963573548
495672820.6417205930 778691.3379570420
495629334.2865778804 768372.5128643129
495597893.5246275067 765369.1142463151
520775443.0308964849 1633373.8570451150
520350079.2203919291 1621264.2860931763
520565811.2037455440 1628291.4443573365
520621690.7136684656 1628848.1466149697
520056981.8477255106 1592361.0452773422
520126799.4355368614 1593888.1656975597
519868593.3132334948 1586877.0645797104
519782871.5622560978 1586838.9732711166
519903842.6530801058 1587417.3412825912
