270320402.6200624704 138604.9132865891
354988532.4221168160 295581.7927551270
365632104.5341438055 304863.3165283203
277868017.7907770276 164533.6854090486
402722854.9119112492 320920.6358642578
276736075.5116418004 162704.3734726235
366130770.6325343251 305628.8787231445
275689039.6780896187 158265.6786684357
276039816.8040215373 160862.0459992550
260794638.4803399444 69228.6278638095
356430069.8790319562 297789.2192993164
356899393.2121599913 298389.9017944336
270348139.5319225788 138922.1230818667
276950965.8172636032 163389.4977871105
331759127.2302582264 266129.8251411319
271347576.1606168747 143281.2471234817
329670965.0475987196 263239.9372978294
332084596.0996628404 266384.6956749046
331176891.1042178869 265550.9298667992
276844165.2882355452 163119.3967128918
276807022.8666411638 163116.3915454075
300072340.2550551891 218507.8081259062
357531994.3944167495 298782.6770629883
283152110.2399593592 180834.0288438167
307596016.8468741179 231941.8905654149
332453145.1232273579 266779.6943929936
382442516.9640910029 313231.0424194336
383046833.0625880957 313770.4038696289
269762023.4170922041 135423.7112602219
269956101.5876570344 136942.2775475010
383984236.1121304035 314084.0829467773
286075159.7965452671 188846.3346322938
365981919.1010068059 305365.1270141602
331838301.3342026472 266136.9072227562
298212244.0153853297 213888.6630029902
330801005.5953242779 265188.5167808617
275290712.8125858903 158175.5284224674
275153385.3454850316 155276.2410898861
282944208.9473849535 180824.7879075374
285671830.3783189058 188074.5090000422
354821494.0698834062 295094.7950439453
383422351.7598431110 313797.9792480469
269708158.7925631404 135103.1650103554
285887398.3009129763 188536.9564936787
329414457.9345670938 262881.5274829948
262960738.5466879010 92112.9143347517
370335151.1654303670 307797.6218566895
260230746.1361157000 56353.7490001172
359933919.3317673206 300886.6735839844
260977836.3784552813 73056.3837707490
371770613.6290885806 308977.4243774414
374732711.3721542358 310075.2196044922
405211075.6661918163 321827.8387451172
382461477.0941144824 313393.0571899414
329994288.1318863630 263686.9752674187
395245990.1471862197 318477.0101318359
405473657.7583606839 321884.5391845703
270061751.4106558561 137479.5674613938
403685866.1928237081 321399.5703125000
383698781.7827681303 313823.0091552734
403275648.3221861720 321214.3629150391
260836308.2736284733 71132.9267541617
262884045.5704600811 92104.5441245213
307854115.7973340154 232323.8132021427
372637038.1415764093 309375.2533569336
374808095.6595734954 310099.7462768555
392850454.9207152724 317407.9987182617
306898319.9656513333 230828.0314423041
360823968.5548386574 302016.6947021484
393124124.2383915782 317591.3125000000
262686409.9999096096 90651.8593892679
373757093.7143740654 309636.4337158203
285102224.2942969799 186500.3933689625
356784393.6004930735 298038.4571228027
261346926.4199120104 79255.6242400333
400161927.0503618717 320165.1502075195
408091854.3770835996 322046.7973632812
307879915.2946832776 232515.3019702435
286583968.3057363033 190097.2569526597
307165860.0028653741 231449.4073120551
286836140.4939147234 190785.4525407716
383767421.7478398085 314017.9684448242
399230773.6288006306 319880.7249145508
365870713.0180770755 305206.9276123047
260415113.1410202682 60346.1180947199
308957166.2235780358 233666.9552630892
260276012.3909455836 58312.9762490168
384141433.6161872745 314096.4197387695
287047224.4899834394 191135.2841028138
330479183.1127683520 264583.7405976141
263419547.2153185010 95203.7975685631
261870481.7195822001 84976.8677623644
283922422.6360728741 183482.0022106261
356343104.1598173976 297675.4315490723
261558069.5727224350 82942.7280034199
355486482.0143840909 296501.1815490723
285863920.0650162697 188487.4263770743
263624535.8244762719 96485.9721901452
356206687.2012705207 297630.7155761719
260473395.9984168112 60347.7919057682
270237144.4745163918 138040.6888381876
356316224.9398339987 297658.3861694336
263165521.6649065018 94452.8303444420
356168784.1499634981 297603.5324096680
400988656.0249280930 320617.0003662109
262255780.4295933247 87399.5997987837
371156324.9163864255 308398.5453491211
400499240.8281170726 320377.2134399414
382646227.8362176418 313578.1332397461
382358243.9349769354 313195.7354125977
263023451.1387997568 93088.0559877267
269888625.0614085197 136888.9812361635
306410043.0476195812 230008.3507639170
364815998.7262678742 304658.4335937500
383758593.4169852138 313908.6636352539
363714821.5956003666 303923.5987548828
330019097.6097478271 263902.2488373602
262036533.0729386210 86585.3934576884
283279934.8633354902 181752.6123704280
285463802.7067329884 187448.2074558765
329848800.1823015213 263546.4297226751
404365083.6212908626 321536.9520263672
305808765.4304274321 229083.5269342100
401880135.8728160262 320882.1118774414
329936633.4918454289 263664.8718757713
260901252.3832029104 72975.0531092603
261732509.8759923577 83512.8851121515
262125033.0878795385 86915.8387319017
306781655.0530414581 230697.5925208330
261827832.3154407740 84882.6803775877
260871048.4128979445 72911.1550714225
369461328.2605299354 307267.0062255859
306689463.7199380994 230403.0667978525
371137413.3051675558 308274.4151611328
306744322.6777533293 230547.5802707672
308325562.2459186316 232872.7017845809
392679794.7569802999 315822.7136840820
306429774.0194639564 230247.2282053232
406933319.3830999732 321925.6367187500
287280077.4908826351 191170.4797786400
287531785.1372740269 191670.4208074454
371091993.5278844237 308261.2851562500
298783344.1054481268 215924.7187631428
287307546.9926902056 191345.1201468557
329564605.5376365185 262896.6975332284
369700840.9624653459 307630.3692626953
261344487.5781323314 79145.4247945398
367127743.6090111732 306219.8535156250
261127821.3703832626 76982.6945298761
367878304.3866835833 306441.2491455078
299524038.3918550611 217611.0550058186
328958827.4130862951 262059.4022146249
274642039.8717371225 155157.5556257963
260630286.1785813570 61002.7173707109
329585883.6752332449 263159.5707632089
329180888.7465781569 262724.6626821542
260521219.6616853476 60374.1920412104
381515316.2653585076 312789.3050537109
327151919.6621020436 259955.6198197985
404534678.5762493014 321639.5607910156
283219824.2181906700 181322.0525559749
260663909.2939497828 61261.4464263465
326085857.5522212386 258151.3718401508
325623643.7523067594 257513.3155962543
359848373.2392538190 300720.7752990723
361478090.8123714328 302327.1391601562
273753155.4523091912 150636.1919842828
261324361.5292622745 79029.1864272803
273453646.0962802768 150486.2222677339
360233376.6332490444 301190.3825073242
271962054.2409034371 144600.8212520592
272216848.3345410824 145384.1596012898
274211550.1554504633 152798.8440856617
364756347.1747368574 304552.5650634766
271696994.7504119277 143612.3686400242
306068826.1389765739 229590.9682697952
380978854.2060831785 312561.5459594727
260996995.3743851781 74944.8395568579
282755487.6005548239 179612.9476975765
366860594.0090168118 305867.9176025391
381883793.8309712410 313066.7575073242
273803704.4056129456 151215.2505750656
264831497.2702510357 101808.1999849401
273911016.9737142324 151527.8881395721
274575898.1487539411 153699.2745926790
395927017.8420035243 318754.3447265625
274091520.4936922789 152001.6222489290
359816486.1497140527 300555.7979736328
274588554.4708880186 154337.8292379379
274104449.1101179123 152773.0830643587
287786736.2060372233 191813.8897155566
274348507.0604334474 153469.9540270233
260778502.8868959844 67159.3815927655
288735372.9913830161 193785.4909311072
325197385.5755531192 256810.6934153156
288485449.4059210420 193314.7965493385
280413118.9262959957 172239.1088973548
280393464.2931952477 172068.4415847327
280394824.9461519718 172153.9773055579
365175839.6805627346 304860.2431030273
273543866.4169230461 150572.9423172884
289663175.3956156373 195064.3094820665
324152234.3487012386 254828.2369535044
265313930.9344739020 103833.6288483366
397516520.0867835879 319070.7437744141
289025042.4503689408 194539.9839374168
264870994.7534621060 101849.5075389296
266518145.5203123987 103840.1667784676
272544396.5758545399 145819.6270223503
289311317.5686170459 195037.6386016650
288274502.8104329705 193001.3248351855
322654516.2969164848 252483.2442148253
264706216.0445736349 101592.2990428358
264468993.6297051907 99619.9795036763
396520482.4704280496 318866.2354736328
323604102.6732950211 253821.0819705203
397049265.7790971398 319066.7380371094
398809837.8641313910 319458.7271728516
303168143.5598840117 223594.3515687506
397585149.6789800525 319226.9346923828
321343938.9559605122 250506.1157493666
279695274.5049426556 169916.9768795740
281470942.0928414464 175730.5023938870
279831819.4648449421 170639.1653484549
281805823.1895927787 176560.5247119373
264376132.1946107149 98159.8446187484
303276054.7745184898 224015.1181799057
272866849.2632584572 146877.1169521817
272561604.5149869919 145901.5306162685
279656522.6360446215 169619.8773540702
264438946.4331980050 98336.5023904685
301156438.7991528511 220193.7525640610
302634508.8077466488 222930.4461370590
301472357.0058920979 220611.6475220495
302304457.0406640172 222219.5843604461
301545341.0034946799 220749.4835115555
302261666.4829052091 221725.3841253403
320863511.9947947264 249598.3366012648
301308430.8720628023 220539.5743108871
282470574.9021248221 178261.5868216013
301835363.2876544595 221529.7261663559
320254446.0556141734 248752.8076934889
320173170.2388241291 248518.4806909636
319008735.5185403228 247152.3520288542
318741686.6037788391 246485.7798347548
319677247.4214332700 247852.0557770133
391822803.9705150127 315609.1018066406
389526352.4185113907 314736.6365356445
392023734.2692269683 315812.4945068359
316860023.9474763274 243731.3387748301
390156082.1663196087 315008.5631103516
389182687.4753868580 314278.5575561523
315681660.2724447250 242016.8446898950
314684751.8342133760 240544.1500691473
314683018.3257107735 240174.0364466682
314436046.7327801585 240129.5240870491
390928829.7975320816 315343.0015869141
316065022.8954054713 242517.5179377571
315122004.2088872790 241119.6628352180
312361466.7626305819 236510.3492091373
313458557.7887058258 238279.9778839126
314377459.2648051977 239523.7796153501
312746406.8462350965 237317.8642848209
352774824.4996281862 288749.8804321289
269451587.4422075152 121458.4789188718
269303382.5694895387 119266.2029812103
352293857.0977607965 288737.8606872559
353068917.3887258172 289668.8117675781
269420958.6823933721 119579.9143093330
351205147.4916111231 287149.3153686523
268823580.4174822569 115520.1277595041
269126215.4426982999 115631.4282252667
350761709.6142169833 286030.5580749512
353544871.3168938160 290165.8076477051
354019775.4056190252 290894.1154479980
268599757.9973210096 113585.2311704336
353941838.4618175626 290773.9609069824
267778443.9531186223 106684.3670216203
267740006.7125472426 105154.3442274183
267914968.7819957733 106889.1009723842
268349764.6578875184 111898.2343754647
268253827.9639341831 110616.1641079485
268086648.8310691714 110154.0283314288
269277449.0547007322 116965.3130918966
267768179.4527172446 105568.5074975566
347943333.0401737094 279662.6771049500
349051544.4959611893 281673.2483520508
348415932.1411279440 280422.2291488647
349170690.7009261847 281952.4738159180
349695561.9288349748 282543.0946655273
297821250.9598825574 203663.2654948689
296225842.3609893322 199418.8294002599
294988330.7638115883 196074.5310774884
294824821.8989709020 195762.7047174230
345992734.3929092884 275174.0236816406
345993190.5385237932 275451.3693847656
345329153.9164402485 274314.8019409180
345280537.6464130282 274135.0786132812
344107499.4428519607 271736.7737045288
342144250.0525491834 266964.3171958700
