202369867.5751396418 221749.5693864338
214959326.2403004169 374924.7734079361
224310846.9509375989 434800.5870695552
227354370.2142423391 451452.1147079468
243841294.3236199617 533837.2838134766
254014078.4388617873 572601.8759765625
255606927.6185741425 574142.6523437500
222855935.6581400633 426375.7086425391
224617490.1911351681 437029.0494847736
224199236.8070333004 434749.1202852726
223986391.9771533608 432256.3913565633
224007593.3263268173 434141.5895238361
227180211.9972929955 450337.7150895670
252827364.7325717211 569880.4650878906
212854246.9409387112 358394.9410257339
223359286.1733342111 430194.4957552515
227656319.3463176191 452953.3131031133
255500464.7840698957 574128.2297363281
202639271.0889867544 232716.7946430743
212026947.3017475009 350457.6873445511
250922498.0161328912 562726.6497802734
250870461.9148356915 562571.3002929688
214959930.3333693743 375329.2900202037
227604857.1007888317 452135.9980087280
227020246.9193898141 449862.2619247437
214665823.6157895327 373590.8438529968
215004581.6921755672 375571.1199760437
223043802.4628700614 428174.2927489844
223180168.2824940085 428362.7992187110
226392254.5778861940 446596.3708114624
226611977.1383716166 447026.0433792097
255441067.2577245235 574064.8972167969
258803821.8328763545 575445.4204101562
214617945.6228572726 373164.5474662781
223236692.6999496818 428629.7198730079
223544927.6492446959 430721.0064941016
225881932.5262312591 443712.1640640497
225505227.7173799872 440194.3763443232
252790492.1286733150 569195.8226318359
214115638.4650419950 369511.1602592468
222507893.1059232354 424715.8965087500
225246961.9038174152 439432.1016861200
211890590.9284963012 349494.7975268364
215808341.5692749619 378752.5984487906
223313546.5370396376 429324.5373588051
225585799.2614171505 440454.1503921747
253496647.9307597280 570715.0961914062
207661965.8819513619 308149.9783672652
214393891.3852291107 371054.3333549500
243959381.4475810528 535005.3472595215
253977212.9680733681 572409.5107421875
226002591.1081086993 444003.1070175171
202942976.0826615095 237995.4778721035
211749920.2097880244 347974.8018603325
225154458.6425576806 439277.9568802118
251119908.0797439814 563099.2105712891
203294010.3283467591 241004.9908123910
203057622.1768927276 240577.0679185092
243681390.7442727685 533497.9398193359
244024716.3015300632 535143.7433776855
250663260.6416797042 561739.3532714844
253580902.0078617334 571237.9248046875
255129250.1811611652 573892.3073730469
202265986.6621636152 221113.6295664459
202697063.7628193200 233059.5302895457
212917212.9282817245 358631.4852426052
216240221.2188370824 383822.9843740836
223267881.1137803793 428654.9821747013
244096726.6537763476 535362.7286376953
250807701.2982930541 561954.4576416016
254345950.6783165336 572849.7824707031
211768160.4850485921 348456.4486498833
225248156.1794296503 439443.9892468452
251462656.5724938512 564552.1976318359
252611976.8835563064 568952.2844238281
216267619.7860302925 384200.6625967398
251703673.5614825487 565389.2000732422
205588829.3216806054 283830.8419331238
251216853.3842492700 564404.5245361328
205720763.6003195941 286555.2044819519
251771187.8169696331 565813.9467773438
251522397.3606356382 564594.5028076172
244157303.2366412282 536505.5484619141
251551746.5202706158 565055.5493164062
254900127.8224471807 573135.6728515625
253950340.8846706748 572380.7624511719
251624411.0974984467 565337.1289062500
251930110.5390943885 566735.6901855469
202474867.9637673199 228954.1756173670
203063443.1729572117 240968.8927406371
205505888.2448870838 282971.9230549037
216131513.5698324442 383116.6730315983
225235180.6864022315 439392.5521870658
216137692.5720919967 383431.3768903981
249788218.4489775896 557044.2748031616
223268721.0435734093 429066.0135467716
245393635.4560076296 540075.6143798828
202252419.5348810256 220935.2563434392
205345058.3869823217 277468.1876549586
206275692.7532998025 292565.3261097372
202877364.6587428153 236953.9443036276
207504390.3011880815 305759.7515606246
212997077.6108137369 360301.7787606716
216225705.8504256010 383487.7562246695
225749300.7592837214 442517.1783462763
253374451.6674947143 570625.0158691406
202077918.6601424813 213079.1712823659
208257865.7168415785 314536.6856426558
215887174.1006151438 381951.0818283632
249981692.7988937497 558014.1621093750
251059637.2680724859 563029.8632812500
202804892.3989434540 236267.1948738992
212644397.7568106055 356823.0989847183
212779536.4663867950 357665.2219095230
212959899.8285790086 360199.6029794216
225251130.9347546399 440155.8304458857
202473489.0630382299 228621.8984841257
253665454.1968365312 571680.9042968750
214483765.6891784072 371420.8442194224
202212158.3067857921 220353.3205986917
206066546.7527912855 290670.3762806356
216271978.6301195621 384267.6591787711
244781740.2628486753 538635.8171386719
202649120.1020122468 232720.2583853900
214315102.5423439741 369769.6908991099
222678698.0761105120 425701.6684539982
222046931.6878916323 421610.5571079697
244754867.8333299756 538448.8757324219
216133893.7605590820 383126.3792715445
250523597.1510295868 560817.3748779297
205803526.0316097438 287274.8256214559
205868657.8860318661 287589.6703175008
205649815.9748248458 284924.2166635329
207844304.0064420402 310866.6536602339
207542752.8130054772 307732.2757305464
245606409.3581892848 540999.4372558594
202556352.4327088594 229804.9271954447
205965518.8083674014 289501.9525745809
245093853.4125264883 539590.0888671875
205699454.4746166170 286040.9501331747
258461918.3448244631 575126.8317871094
203372828.6564329863 244670.1517216265
217664162.0235776305 392951.9430926144
222638157.1745449901 425153.9197799410
217338008.8703717589 390978.2344439328
216696196.4635574222 386783.7696531918
217021406.4176579714 389258.9467547238
212160235.9243738055 352646.2673463821
202144472.9343425632 217247.3895889819
207648269.6873137057 307870.0381948015
212798263.4493513703 357850.6874761190
243231582.4861795306 530090.7298736572
213729381.8800063133 365655.6369769648
216689373.7893056870 386540.3295693696
258104619.5039010346 574710.3120117188
258920500.6634254754 575474.4060058594
212254976.7443156242 353961.3950219676
205629408.4261037111 284015.3557162583
212798037.9085536003 357809.4726419449
207458778.4614249468 304966.2453495524
203812166.5998890698 248492.0032885075
205460361.5067226291 282082.5053881109
207296978.9729833007 304349.7292973063
258799523.9870143235 575434.2807617188
205229704.9453617334 277010.0435689539
206985127.8662349284 300576.5242191813
202184653.5424355268 220349.8400836736
202390894.1254522204 224784.4502693412
233961330.7464642525 484644.0714285523
216655195.2716642618 386310.5229265988
245784363.6698802710 541345.3037109375
233100580.5307376087 480282.5591206700
207190109.5362599194 302281.3373357317
207284340.5210517347 303669.7976507246
233265870.3022511899 481121.9607055336
211530535.8620125651 345752.9117846489
245972760.7776302695 541890.3564453125
204851125.4167368710 269156.1160009950
245423251.6035156250 540142.5607910156
221655117.3514914513 418559.4375846530
211582964.5914165378 347007.3602347374
203489007.3304769993 247585.7400176525
203557070.0844304562 248242.5642364025
205381091.0709287822 280504.1011823267
221440432.8455872536 416941.7527988399
232226550.8380087614 475342.1662719399
221532174.4832661450 417171.3648593868
203528152.9024097323 247778.0157358646
232463941.9380640090 476847.1956908852
203498612.4396984577 247653.6558368206
202304770.0585393012 221549.7943624854
232176732.1293567419 474946.1361205727
232752258.9311980903 478666.6230123490
205097905.8436013162 274403.7026468813
209288140.4068697095 321630.9477660886
209455678.3994444609 321816.6379516355
206684650.6293619871 297040.7592525625
209012394.3534130156 320112.7194946043
208821649.9395655692 318083.8217464450
209567972.1244252622 321857.2651489011
202163358.7196380794 217313.9878310114
209311348.8882010281 321806.4099242918
232289670.4097300172 475893.3805053383
209461062.0927329063 321855.0011060874
243365272.5905107856 530550.7127075195
204990286.6850747168 273416.5166475475
220895995.7413129807 412196.4522312130
231513766.6538244784 471454.7992043793
231789288.2286975980 472742.4555092901
204921543.4107096791 272937.9796527624
212495511.2036569715 355753.2766204419
235065224.1109887958 489557.2465652795
247701479.6763695776 548990.9105224609
234484663.2702927887 487167.0831131311
206784562.5643185079 297244.3745666704
246521754.8912514150 543282.2570190430
207105139.1771321297 301168.1354309282
212506356.5561427474 355997.7674958706
213088814.1906610727 360744.8368759453
246946546.6703504622 545616.5014038086
213400379.8320041299 362891.4671206973
247258820.4362303913 547095.9067382812
208985254.8293089569 319987.5288147405
209123054.9539408982 321544.9594234899
208682219.5074222982 317849.6667602293
246696736.4750187695 544085.4268188477
205586710.3585408330 282974.5027855039
219991782.6932603717 406705.8864355087
220258265.2067905366 408123.8652811050
248965674.2409165204 552733.9371337891
208551346.4951841235 316236.5543567502
247576513.5605607331 548002.9967041016
248212833.5867081583 550323.7606201172
234333641.3497247994 485842.2619862705
232418661.5518471897 476641.3097431660
220384366.7046230435 408948.9202795029
220848995.0935797989 411747.7868566513
248879849.7245541513 552369.5252685547
220229858.6957138181 408029.2653722763
234768010.2432199419 487271.1538591534
248597278.8042356074 551762.7103271484
228364870.0206662714 452995.6173064709
234434751.2563661635 486587.8921404034
249236185.2086909711 553646.6608886719
218751871.2989573777 397317.3865238503
218957286.1195726693 397824.3057012558
234248415.9796428084 485509.7581607848
219087810.2840743959 399560.3113470078
218518047.1173190773 396380.0007696152
249685602.1044589579 554812.9667968750
211159508.7012034655 339158.9969488326
218321251.1073515713 394900.6201543808
217999511.5916729867 392987.4747400284
248766753.0353353322 552225.4412841797
218809291.2696843445 397385.8157701492
234137605.5642737448 485026.9318013340
218250864.9157085717 394158.7145128250
232105925.6138612628 474682.1814618260
230774178.2670311332 467240.6261475086
242350820.3479550183 523697.1525268555
242494614.5522288382 523840.0554199219
242017059.1174162328 522632.9147338867
242580602.7173132896 525538.9743652344
242634408.0105923712 525904.7089843750
230189295.1546030641 464146.4804098606
242206667.1411812901 522900.3073730469
242695408.7280454040 526172.6470947266
229991957.9963388741 462557.9655964375
210807516.4702863693 336275.3093870822
229877910.1557254195 461920.0179483294
211341945.7992503047 341507.9062509947
211191124.1302008331 340086.4715789519
230942971.0542817414 467915.8070108294
230470042.8688165545 465497.7411834747
231018476.2145557106 468331.4448527694
230872412.1351893544 467790.5981120467
231033659.9753477871 468400.4379608184
210244381.2434100509 329457.0093482696
229345773.2387523651 458195.2978555560
229617069.0565887988 460348.1669961810
229355398.0467943847 458317.9478998158
229185490.3937707841 457680.1494379017
210186732.5013973415 329219.0899146758
210437219.4093416035 332813.6487525664
229131617.4951252341 456861.4594766498
210644372.0068792105 333935.1685726196
228695773.8064582050 454416.1755129401
210434465.2376385331 332396.0749380141
210144803.1713890731 328041.1447857600
228548359.1684020460 453311.5766258542
210018130.0933764577 324811.8580784779
241182148.2657586634 502896.4915418625
240981864.1880586445 502381.5967664719
240309308.5805614889 498634.2596416473
240966606.6687592566 501476.8473768234
240579393.5655536950 500280.4950542450
240627294.6019684970 500364.8245075941
240467491.3938702047 498700.0012521744
239738261.4171233475 491865.0289179087
239758262.6355332434 492074.9855753183
