866995875.0511209965 30270528.6484375000
867161023.9777395725 30282550.9726562500
867557789.1313395500 30292839.9765625000
872944242.8472037315 30491407.3242187500
892942450.4959439039 31110260.2617187500
912809001.5491741896 31434268.2617187500
915072684.2750190496 31452336.3203125000
915054585.1345289946 31450128.0664062500
823815230.8577452898 26093982.3984375000
823953494.5202746391 26104911.4960937500
823576066.1680945158 25901754.4726562500
823635696.6693054438 26058074.7578125000
849345809.2246813774 29137503.1679687500
867203090.0886120796 30284175.2851562500
867550033.5144565105 30290220.2460937500
867364452.7013745308 30288409.1367187500
872932348.4140849113 30490988.2070312500
872814388.4479961395 30490196.0156250000
872682796.5503177643 30484108.5156250000
915380882.1785007715 31452999.0976562500
823412384.9289559126 25879483.1250000000
849270014.3750917912 29133855.5585937500
867129948.2848944664 30279989.7226562500
867063014.4916608334 30279513.8320312500
866641682.7189539671 30257148.5781250000
867342938.8403928280 30287724.2460937500
915152972.8902586699 31452354.8945312500
823577726.1809223890 26019205.2382812500
823622491.0877624750 26044792.1210937500
828291676.8770188093 26900078.1015625000
829341441.2997238636 27028507.7460937500
866818943.5745263100 30267150.0078125000
892557132.0644708872 31109299.3046875000
903224850.3510924578 31311370.9609375000
903016315.6599289179 31302734.0585937500
903310874.2780488729 31316327.3007812500
914539541.4268563986 31447848.7773437500
913861000.7096279860 31443168.1210937500
828469341.0649284124 26914178.9804687500
903267229.5927475691 31312073.0625000000
828229047.8190548420 26890388.2656250000
829166409.9679763317 27009490.0468750000
829086260.8640609980 27003836.8359375000
828930471.8386869431 26985093.3945312500
837400327.1782629490 28028976.5781250000
837337879.9644182920 28019677.8828125000
837395549.1826601028 28024549.6406250000
848902910.0941611528 29098023.5507812500
848938886.3182916641 29106355.7226562500
872134611.8328460455 30463393.8437500000
872018193.1973878145 30458761.8203125000
903340715.5431751013 31316925.5507812500
910996605.5013571978 31421513.8671875000
911589671.9446588755 31426212.8984375000
936123382.7502726316 31542653.1171875000
837293364.0590577126 28017009.1562500000
837591633.0707209110 28031795.5468750000
846109297.6805143356 28889877.7968750000
891065549.3088525534 31076930.8125000000
828181181.7668287754 26881342.2109375000
837513466.6969504356 28029498.9218750000
846054308.3355860710 28883279.3789062500
849898155.3505753279 29164401.1406250000
849410296.9932948351 29139201.5195312500
849628466.4289258718 29154868.8945312500
870961778.6718525887 30419905.8593750000
893089763.8002651930 31111499.2500000000
911281630.3453093767 31424358.7343750000
911836329.1018348932 31427023.3242187500
911802186.8548091650 31426783.8828125000
837318129.1492426395 28018693.0351562500
849042589.0730580091 29113097.7421875000
936553745.8452507257 31548888.2187500000
940053547.6947027445 31552883.4257812500
909566371.3992937803 31405535.3476562500
909172118.7220970392 31398590.8828125000
823601084.2983716726 26036369.6093750000
871546216.3679565191 30442359.2695312500
908547049.3331075907 31392385.9804687500
909055162.9055563211 31398556.1367187500
908669926.3788937330 31393815.5351562500
828871669.1635903120 26967285.4414062500
845914072.1894562244 28852949.1914062500
871283283.8546121120 30432510.8476562500
871160955.1627404690 30420637.4218750000
939228424.5670577288 31551457.3828125000
866324135.6206194162 30208091.4218750000
866399853.5464457273 30218528.4218750000
866298053.0994106531 30206509.7734375000
828983283.3926365376 26988382.0625000000
827605835.1765440702 26776005.5195312500
828792437.5191444159 26965506.9179687500
836470531.4375529289 27911042.0468750000
908227890.9365311861 31385715.8476562500
936393080.1631213427 31548129.4726562500
936689567.0230299234 31549687.6992187500
938569114.9546598196 31551099.1250000000
870481506.4467279911 30394150.5429687500
907802602.9051827192 31375787.4492187500
827530085.0381164551 26765675.5546875000
827519787.2925390005 26753009.7460937500
869995225.8914418221 30369441.1093750000
889685384.1579006910 31031112.3593750000
907708149.2651849985 31375101.4023437500
869688500.4665517807 30354171.8085937500
869438190.6011793613 30345234.4804687500
869245730.4298005104 30336000.1367187500
828067810.3425656557 26855414.3828125000
868922497.5714086294 30319129.6250000000
868805595.6731151342 30315245.2109375000
836771394.8550457954 27950025.0000000000
836692264.8581836224 27943014.7656250000
907176106.2525156736 31362694.3984375000
907204891.6760779619 31363068.3398437500
907220638.7539182901 31367809.1835937500
836635254.8836050034 27925601.7148437500
836342054.9494438171 27901138.0312500000
868346453.1909573078 30294940.2656250000
889996516.0305622816 31038902.5546875000
889765274.6552628279 31035059.7812500000
907318307.6553908587 31373165.2070312500
938847813.7968410254 31551455.9140625000
823448903.3890788555 25893049.3984375000
836225099.4091498852 27863844.9882812500
836238228.1341233253 27883418.7382812500
845783848.9288338423 28837279.4687500000
827682644.5003664494 26787868.2890625000
823509532.6920552254 25901402.7226562500
827460013.6985552311 26725361.9492187500
827461264.5561056137 26729798.1914062500
845054900.8018350601 28761508.6718750000
890097891.0543984175 31042907.0234375000
889235557.0070847273 31014772.4414062500
889414596.6297465563 31021012.8476562500
889118693.6914519072 31008533.8554687500
938272989.3034538031 31550501.8359375000
887844917.9837421179 30960338.6640625000
887529350.6453050375 30949557.8242187500
887400263.4826604128 30942434.5976562500
887223810.6603208780 30939942.7382812500
886797993.6245169640 30922096.4375000000
847274058.3377152681 28955212.8164062500
847443913.6623407602 28962000.7460937500
847452786.2570189238 28968865.0781250000
887024200.0995870829 30931731.8085937500
827297061.6947642565 26698630.5585937500
827211426.3160960674 26678927.7929687500
826817531.0534783602 26598010.3164062500
826706435.8595252037 26567810.3867187500
826468815.9040803909 26518995.2539062500
826581140.9924868345 26543857.7500000000
826408491.7113739252 26491153.2812500000
826318103.3771103621 26469521.9296875000
902830333.2771059275 31290137.0781250000
905509796.4633990526 31337780.2265625000
935406514.1354900599 31536708.0078125000
847641276.7705210447 28982182.6953125000
905710473.2127321959 31338445.2773437500
847882115.8344774246 28994427.5937500000
847804572.9901354313 28992546.9726562500
847575072.6324608326 28976858.8828125000
826185797.3723211288 26426700.2070312500
826049363.6337904930 26397149.2265625000
825854144.0077848434 26342294.5156250000
825793286.9986333847 26336612.5078125000
825752723.9705359936 26331457.1367187500
845642606.0212717056 28815491.7460937500
845699384.4086570740 28816481.2656250000
845710067.4139430523 28821697.5820312500
885545742.3431040049 30873629.0351562500
825587855.6515624523 26288018.0976562500
860792913.7038201094 29805066.6914062500
905645679.3426762819 31337990.9023437500
844351639.0601075888 28664494.6992187500
844390478.2505117655 28670624.5546875000
844223445.3171364069 28656002.5468750000
844469090.5957423449 28672483.0937500000
844188026.1744455099 28650437.7617187500
844055978.4979594946 28641678.6953125000
844149785.6039544344 28648370.0937500000
825490161.2218511105 26254856.4570312500
835412031.6751611233 27742120.9843750000
835330441.2091845274 27730695.9726562500
835285607.6403565407 27722796.0664062500
825218965.5937067270 26156268.0742187500
825030923.1764106750 26126120.4218750000
835231850.5142560005 27720659.6523437500
835145588.3313760757 27707013.8984375000
842637282.6710984707 28478372.5781250000
842493023.5834136009 28460619.0234375000
842744163.2391171455 28482758.7265625000
825225964.4780334234 26179047.1757812500
825440131.7899711132 26223446.9726562500
842417739.6534010172 28446449.0898437500
835228030.4242424965 27719112.6640625000
835372521.8753652573 27731457.1914062500
863778555.3236093521 29971881.3867187500
865301822.8756744862 30064118.7656250000
864998816.8942995071 30046575.6679687500
864381651.1794182062 30007987.3125000000
906817530.7668145895 31348671.0664062500
864226609.8914729357 29998816.3359375000
864397169.0234675407 30010126.8281250000
863931819.1699597836 29983787.2695312500
934596485.0788303614 31520847.0664062500
934878059.0433712006 31525148.4179687500
841682912.1049498320 28369990.0078125000
841809583.2660413980 28383574.9062500000
841652979.4278538227 28365304.9257812500
862829362.9812045097 29902523.7070312500
841507583.1578067541 28352700.0273437500
841424463.7219892740 28350098.3750000000
862566967.8077147007 29881181.0273437500
841372636.5357223749 28344870.3593750000
841280011.9893254042 28339404.9023437500
862435091.8401744366 29875821.8750000000
862366325.8173408508 29872304.8320312500
862154613.8227701187 29858487.1406250000
862178717.1487867832 29862740.2968750000
840103496.3812969923 28222472.3632812500
883577203.5683586597 30783198.5351562500
883440877.8687722683 30778236.0937500000
883563230.4062080383 30780482.0273437500
839219050.5793310404 28110330.6523437500
839270892.2616094351 28115152.2617187500
839116630.0984758139 28096307.8750000000
839200760.8492792845 28105180.5625000000
839003729.5770860910 28086779.3945312500
839079207.9179576635 28088700.9257812500
838969535.0315269232 28078463.8007812500
882178474.5251728296 30728808.8476562500
882248650.8894280195 30734488.4921875000
835067423.5347802639 27650745.9726562500
834956578.9696360826 27618855.0468750000
835017749.6273490191 27629647.0976562500
859398986.8397969007 29671908.7539062500
859928837.5040988922 29698659.8593750000
860437579.3698076010 29742242.3007812500
860373900.3585826159 29736815.8867187500
932629446.9702614546 31501988.9570312500
882037243.9384361506 30720444.5351562500
834552203.5767002106 27512734.0664062500
834345154.1830745935 27506790.0742187500
834094434.9702638388 27479221.1718750000
833887214.1870492697 27450464.6093750000
833997785.5957100391 27466588.0820312500
834292729.9029870033 27489627.9257812500
833922230.2054169178 27457458.1171875000
881146785.3426107168 30669129.6054687500
881113583.8301397562 30663947.8632812500
859782925.5670475960 29693411.2031250000
859992740.4811208248 29703698.1562500000
832507330.2001675367 27271982.5273437500
881135355.2305632830 30665057.3046875000
832419378.7231913805 27258668.1796875000
880788157.6984318495 30637353.5703125000
832010775.7684192657 27204601.9218750000
832678234.0572640896 27280536.2421875000
932487436.9173010588 31501314.8710937500
831994609.0810798407 27202080.2343750000
831967896.8074253798 27198701.9179687500
859066456.1186494827 29594627.2187500000
859160340.4211299419 29595372.0781250000
857628157.2052370310 29509494.9296875000
858233761.3897242546 29534586.4531250000
831442562.5316987038 27086509.0351562500
934309658.1372077465 31509437.1992187500
934013041.3348733187 31504669.1953125000
857101742.7683465481 29454516.7265625000
857009405.5479037762 29449625.7500000000
856134031.6774462461 29360856.3671875000
855818351.6822484732 29343161.9570312500
855880670.1377711296 29347491.8671875000
855662116.4928979874 29330184.3007812500
856103604.3664156199 29360184.5742187500
855695629.2394187450 29334719.2226562500
855855353.3587828875 29344823.8867187500
902048527.3790543079 31181889.2265625000
831657067.2108920813 27143398.5000000000
831589448.5123600960 27120215.2773437500
831449990.5605549812 27096136.9335937500
831293770.0419796705 27072599.1640625000
831193764.2174510956 27037900.0625000000
901452751.1842544079 31173281.9609375000
901238602.5000784397 31167368.8515625000
901547725.4165551662 31175865.2031250000
898856617.1147735119 31129647.3671875000
898478411.8821206093 31120534.7265625000
898383101.6339418888 31115885.6250000000
898316735.2955107689 31115709.9375000000
898445591.6615700722 31117721.5312500000
898130972.6248381138 31115118.5156250000
854541727.6559076309 29200998.5703125000
931259461.4024548531 31483961.3203125000
930385612.8729197979 31476609.4609375000
930104249.6205129623 31476314.0156250000
929264085.8203470707 31472215.0703125000
929515511.1629278660 31474172.1210937500
928620947.6070818901 31466233.6367187500
928311055.9681656361 31463703.6210937500
