763365820.0264468193 1366044.2250976562
794575500.4174323082 1419520.2001953125
794457840.1752198935 1419100.6728515625
687033212.2926754951 895635.5973732398
686590559.0822396278 893683.7180826591
724032994.7164281607 1174960.8818249365
723824155.3094068766 1173727.6608776709
656201671.5851713419 478074.2427002132
656591529.7355685234 487285.3956248701
664938873.7675541639 654369.5632138522
683880616.1701067686 870863.9199531005
684689678.4760655165 878742.2183906959
723342539.3658205271 1169508.4984020849
723523074.1026469469 1172889.6176647802
725331389.5284047127 1181800.8908886572
724959236.0819801092 1179700.9265331884
795348127.0086275339 1421794.1198730469
725581303.4140659571 1182303.6358939370
724760239.3839467764 1179164.7573437353
656649233.1254587173 488073.9824535154
656737828.7438520193 490151.0500770077
685067158.6641143560 882097.6218330787
724638424.0044366121 1178856.3686718603
724550306.8976842165 1176823.8423663338
724101302.0463520288 1175184.0669140478
775037294.3466743231 1392874.3725585938
652367776.2967417240 312790.0634859465
652463604.9577339888 316076.5265310369
656736818.2449510098 489999.6615970075
664655149.2024582624 649817.1969081433
664661264.1558464766 650133.9056483777
664360902.4379271269 647661.0565272840
665049340.6228326559 655590.6041685613
664913633.9804524183 653032.7950086864
685778706.8998256922 889003.2061836646
724166969.0547629595 1175932.5537304541
795161417.6941555738 1421244.0410156250
794838539.1721345186 1421214.1701660156
656704882.9271761179 489771.8418834448
652490543.0911185741 320045.0755472146
664345056.6358271837 645846.4154140027
664668140.5080324411 651467.3146786960
724305981.3296571970 1176683.4839062353
762656875.8315412998 1365668.4105224609
795239861.3718289137 1421459.4392089844
684718692.3121945858 880204.8717110084
652480762.6985034943 320029.4889290296
652464535.8689862490 316218.1301355325
684582555.2093329430 878024.4647285865
756923823.3559051752 1345154.7134094238
794618615.8372702599 1420486.3964843750
775353583.4821320772 1393521.2641601562
791765151.5148712397 1416463.8447265625
792991777.1061058044 1417628.6472167969
652412553.3739329576 315545.6931526624
652727395.6233770847 327895.1159246024
724913430.9933274984 1179422.7986369987
758660490.5628992319 1352511.7519531250
758350441.0036478043 1350827.4311523438
791741212.0139561892 1415134.2033691406
724481787.9618574381 1176798.2351256271
684220675.5987306833 875231.0079414771
724614366.7196999788 1177381.5826598068
791703935.4868086576 1414676.3470458984
724235383.4360607862 1176305.3625670334
758824107.3605148792 1353106.0041503906
759540316.3884868622 1355220.1411132812
656346261.9523637295 482503.1196319457
652671778.7972344160 327815.2678585909
664771503.0181361437 651672.7508708509
723420039.9101215601 1171376.6089062353
723369724.5046805143 1171042.2987866064
773882497.9913237095 1389342.0792236328
775670003.0447293520 1393797.5161132812
652607390.6898953915 323401.7019219045
652571173.5190489292 323315.8854640387
774930563.5361649990 1392734.5156250000
663950418.7632623911 639480.5845653089
683073898.5830752850 860988.7242594549
774223084.3680000305 1390798.2243652344
722716433.1131025553 1166713.8165202101
654490621.4077990055 430878.3143085621
654435415.0218578577 430639.5077432774
654516687.7289305925 431815.5615999482
761735591.1896700859 1363267.5899658203
759218782.1797147989 1354417.2827148438
756314543.2119286060 1342025.5919494629
683761443.9809678793 867030.4674975799
761860668.2820991278 1363866.7307128906
756619496.2446171045 1343133.2608947754
758482299.3641561270 1351124.5246124268
757843689.3381096125 1347942.8840637207
759228177.4755162001 1354834.1442871094
758957961.2075321674 1353683.1757812500
759499935.4217340946 1355191.8979492188
759110791.1406207085 1354387.9897460938
759876264.8664846420 1356248.0068359375
759541866.7746629715 1355840.6888427734
654240930.6868203878 417967.8800357170
655761258.9446383715 465846.3423112079
759428077.1868568659 1354855.9332275391
761572039.0153667927 1363035.3604736328
655642204.5811756849 464256.2038057789
655202412.3181257248 452105.2573522821
760044097.3817849159 1356941.1496582031
654406019.9848872423 427512.5331793881
759949651.9190765619 1356860.2188720703
655755739.8420747519 465017.2567223057
655641259.9299675226 462538.9754655387
655499939.8072770834 460682.4949434742
757581743.0341280699 1347826.8515930176
655402086.4698361158 457026.8788350399
663533276.9479693174 628649.5829247748
697848474.3195227385 977645.4684761931
655365197.8815187216 456519.5786413446
697345192.3374238014 973136.1413277556
655060738.9909374714 448274.9565710321
654958284.1847807169 443783.5322743624
654785168.4432536364 439123.8381388809
654811346.8200876713 439791.0552983254
698049046.6888203621 979117.8263863494
698007403.6301780939 978959.7306832244
683590628.4818018675 865555.5937124995
760489511.7852222919 1358272.6889648438
654208221.1838301420 413235.7242091752
654691465.6989448071 435762.8366740372
760706924.2655348778 1359193.1166992188
683405718.5641869307 863552.7115725484
683498311.5130121708 863661.3941813299
758101049.6000906229 1349614.4987182617
761014913.6838304996 1360687.9063720703
757946429.1333433390 1349005.2607727051
697648264.7020647526 976286.2104195525
725188212.0703692436 1179740.3985835137
758187664.1926448345 1350069.9443817139
683513223.1056724787 864387.9226175771
725313630.1600801945 1180226.2582789820
683645016.8842014074 865665.7876511720
666925086.4699320793 673147.7254406624
683853766.8717135191 868340.8463669923
683616048.4816650152 865567.3051310369
725228441.5708107948 1180070.5319606226
658357845.1950058937 517474.5920184138
725215525.1030929089 1180039.2366607906
697385847.2443470955 973431.8285836150
683317777.7622253895 861971.1992436239
666624498.0967592001 669302.9333747150
666711066.5412017107 670192.8524556877
666228721.8865878582 660392.0688117268
697487607.5131816864 975238.7084664275
760625909.9365499020 1358767.8610839844
697692413.4488805532 976288.5621393174
697255460.4934812784 972407.2828424424
697131459.7086941004 972243.6595514268
654036776.4824638367 401037.5803199895
666386465.3887850046 665749.9341753991
666420623.9485580921 666050.0223880531
654127382.4525723457 404857.8790297993
654105662.2141455412 404404.5979803093
666479408.4535742998 667004.2823687764
721610049.0451734066 1155976.4181285978
774027715.1432334185 1389406.3577880859
774078038.5396083593 1389661.8105468750
720934584.6219382286 1151026.0011378408
657796666.0048645735 503239.1598800416
721091361.0032318830 1152408.3481837392
721225524.1696836948 1154089.5481349111
657676132.7551020384 499310.1135696168
773824358.7030593157 1388251.6040039062
665965782.4103113413 658615.7041254984
657551758.1273405552 495875.4343076791
657376885.6671004295 492015.9211469735
657419516.0428534746 492889.4801021661
665963820.4998601675 658563.3593989359
665875435.9490163326 658129.2668696390
657322747.2862865925 490297.3239589776
697118528.6851828098 971150.9082696885
697001837.3043947220 970439.8233087510
766237172.9622167349 1369593.4405517578
765935420.6966437101 1369316.5418701172
680822324.6137518883 830810.0405397629
681667069.7001974583 839899.8906210130
680701174.7374151945 828275.4079714036
680710955.0362017155 828515.2237062668
681268733.9831060171 836359.2362974649
720540807.8150802851 1142367.5942635909
777409405.3482388258 1394894.9130859375
766620737.3265835047 1370730.6219482422
682149209.7988936901 843847.6355059808
662229219.2208992243 582528.5236031141
694209899.7869316339 944822.1230495851
693874756.7767276764 940524.5817857292
662717492.2248303890 592894.3613637324
693963571.4025349617 942215.4982896354
662786901.5662319660 593984.2060902949
662929025.1021420956 596642.9400990839
693881864.7922468185 940861.6733384635
663050083.5397026539 599428.1745018597
662977378.3397157192 596676.3067374683
663200711.5155339241 600511.1009311314
663208507.1107707024 600870.6678261395
680188957.4883590937 817608.2314716345
680042692.5793397427 816311.5244098669
680019386.9285899401 813269.5355182653
694308558.2296555042 945322.8927865531
694142147.7811138630 943627.8943124320
679724308.4676131010 811134.6685453868
679291622.7470546961 808652.3536230093
694548084.7676165104 946842.1950326469
694407513.6497193575 946216.9899545219
718158318.0348173380 1121734.8594189212
717986968.6966496706 1121086.8601513430
717675304.4786492586 1117727.5431454703
717393110.4795705080 1115250.8771298453
717473477.6010154486 1116324.7478368208
677879537.4404267073 785239.9703853549
717582632.5101703405 1116887.5185887739
717145632.7428683043 1113572.2085388824
716934637.5286198854 1112828.4137303755
677730664.9624028206 782445.6957769543
678023246.5597236156 787068.8718622774
677789513.4036179781 785232.0459661633
674799465.3195382357 746529.0316313626
675372792.7354860306 754543.3248587637
676476917.8520759344 765226.6444410132
661020026.5188148022 529091.4719109193
691912196.2666983604 920436.2643802147
660593841.2064334154 520537.6124757186
691728609.3055814505 916749.4060947448
675676905.6287078857 757828.7444678335
660730311.1351721287 524612.2903855697
661156553.9788504839 531860.8069706189
715884106.1420124769 1101287.3275757506
661355994.4985655546 532231.7724608139
661050075.6149019003 529598.6518586532
661050593.6672557592 531682.7419255630
660864641.4402185678 527697.8684819594
691377400.6996123791 912592.6728293747
690787888.9527022839 908731.5939719528
662196023.2604168653 555767.1349976724
675058750.1023316383 750223.4971926226
691438606.6320608854 913162.6561026424
691201336.2676687241 911832.8553213924
690908574.3164892197 909206.4510245174
690718688.4257963896 907542.0886282772
675698016.3574750423 758357.0162650137
677094835.0751677752 773087.4585200888
676500635.1133490801 766778.3611326041
676582372.0260661840 768022.4587098700
715509068.0565952063 1098650.3832550719
715483813.0345457792 1097977.9823761657
673628551.7904800177 722203.9564276604
673809187.9258085489 724465.0011683373
673770263.7247111797 724047.6792689232
714870796.2514213324 1089767.9229279235
673307818.5590845346 715090.1658732578
714437039.7538253069 1087057.4169617370
714896468.1828130484 1090634.5033722594
673934433.4587763548 725388.7827380191
674569017.4891260862 730569.9756226431
771791531.4868004322 1372393.4482421875
772060516.5363576412 1374482.8543701172
771908186.5447771549 1373694.2672119141
772289582.5677080154 1374963.4699707031
772656725.7644324303 1375562.5153808594
772733126.7352273464 1376214.4855957031
772705239.3254842758 1375650.4113769531
772879538.8735325336 1376443.6418457031
711336487.8483682871 1041589.3547823825
711664778.7598611116 1043865.3852348835
711418638.8535665274 1042813.2632296481
711450513.4580663443 1042872.0960503132
711965548.8072890043 1045611.1189995320
711166880.7422336340 1039662.2440910847
711195619.9780212641 1039756.2256584675
708571966.1479827166 1016629.0387815107
708173790.4741958380 1012947.6588986982
707813672.7331477404 1010155.1102622561
705543651.0398383141 986102.0901424922
705026711.8963198662 979783.4697811641
705002589.8117222786 979392.2125790156
705443484.7065143585 983640.7476131953
705117184.7926471233 981980.6450741328
705123788.0055544376 982658.9097225703
752701015.3937872648 1228747.1426506042
753127472.6699393988 1231994.4838256836
753285287.8148578405 1232177.8280754089
753289437.2994407415 1232763.2116203308
752940377.7791956663 1230924.2453117371
753333047.0022839308 1233121.7411613464
753040878.6424320936 1231156.1640129089
752873902.5597928762 1230493.4643058777
750810255.7896286249 1209724.8147435635
750258585.4594336748 1204271.5950017422
750083611.7711321115 1202380.2689519376
749004938.7407845259 1188497.5448379517
748145411.7888170481 1182663.6600247622
748675771.3520838022 1186426.8859387636
748237863.2316354513 1184498.4861966372
748216959.8413094282 1183054.7999173403
