403024477.8990260363 17151.8204269409
366177449.2649150491 10712.7748720916
365680574.5533367991 10652.6315920623
365882761.4203358293 10693.7830813201
365337365.4193689227 10618.5260012420
365145073.8353993893 10539.2779882392
365513879.6235674024 10635.1966360053
341087620.0317658186 3445.3748890626
340674077.3282372952 3251.3919703233
364732842.1343101263 10485.0353794517
364495150.6359368563 10430.3204155388
364838602.1636365652 10510.2665387120
364927884.8419856429 10530.3910329780
364902829.2005442381 10513.9201088371
401656156.3884569407 16969.3650760651
401661882.7884432077 16977.6285076141
401972058.7810311913 17031.9634990692
401701817.5477575064 16985.6067562103
340821091.2056307197 3345.0026154387
383634749.5991467237 14017.1358934288
401702038.9016906023 17025.4211788177
409181574.8111014962 17451.3666610718
349714738.8503665924 6639.9981703991
349498920.1021624207 6575.1484797532
349218587.1068339944 6534.3501830334
348978404.4442737103 6396.3223052258
406224847.2149096727 17368.0935249329
409059437.9577234387 17433.4282264709
345966978.6995555162 5414.4617923256
346537352.4615042210 5624.6362965796
349437360.1845529675 6537.5814374860
355438012.5766184926 8251.1626526968
402632546.2473253608 17134.9737052917
409775533.4968855381 17475.8492736816
341371216.7136183977 3457.2793927520
341345821.3569753170 3454.4633307177
346063267.4274344444 5501.1508750021
346035432.0592138171 5500.3017428871
354778802.8982383609 8084.3449508355
354853833.5666279197 8137.7147346393
364263555.1394664049 10336.6799583854
341039023.7671142220 3429.9951367706
360520840.4019852877 9482.0988571679
364241532.7639712095 10335.6049833717
406489268.7710626125 17391.9862670898
409531060.3624669909 17469.3125457764
339302002.2364727259 1856.1720805402
363734101.3343455195 10224.3826328824
403827029.6209844351 17275.7778091431
403973872.3724195957 17282.8718795776
404636145.5336434841 17314.5143508911
356395661.9198408127 8482.7056063845
404003650.0729532242 17288.6127243042
402688555.0621883273 17144.9638729095
354151222.3500009179 7850.3400035302
355650343.3984510303 8346.2048840005
403558773.8405309319 17251.8317489624
355500080.0603927970 8290.8608694850
403229622.7410784364 17220.0582809448
403679340.2624804378 17263.4978713989
339020378.6298438907 1535.9432668022
339624951.8055167794 2596.7598015212
340596709.6987220645 3238.5874983369
340526865.7043308020 3235.4732014406
355233553.8523533940 8238.8892991201
346003951.8149594069 5470.8423617836
339752810.2212220430 2705.4491804408
354920720.3760532141 8144.4354169827
383269439.7185340524 13961.1984874386
413108950.5305225253 17531.2569961548
363191313.5770458579 10113.9117953878
363265190.6420674920 10128.5202856781
349048373.7121334076 6441.0714431042
360716967.5517354012 9522.4684708154
360442308.2997851372 9471.2876999414
384394683.0702854395 14168.9247079734
360777250.5818552971 9547.5629537141
406093791.8599408865 17361.8345794678
360473969.3555492163 9480.9556915796
362392792.4771577716 9909.8918772461
362549943.3636960387 9986.6690893891
384143610.5872241259 14123.9402308670
411740558.3570033312 17513.6530380249
356462927.6305333376 8500.2775572094
384121007.1765077114 14114.6133638267
384295340.9052174091 14133.9931779747
354675236.3086950183 8062.6094808684
406401100.2729246616 17386.4115066528
354449233.8314141631 8033.6674337492
354297814.1212952733 7965.5507722900
362742051.1736468077 10015.6222883286
383992361.4043183327 14089.6023594965
383845991.8195940256 14081.4673334007
340440227.5974490643 3124.0416877794
383354419.7987363338 13997.1184474606
346225881.2083089948 5540.2740290854
355132772.6678977609 8165.0020294990
412807656.5020775199 17524.0914154053
339079952.1048452258 1738.2372923994
346070817.5762752891 5524.3552602027
357056426.9512210488 8680.9293025045
383103168.1162929535 13922.6261747387
355005495.8701282144 8164.4410426971
354165405.6540443301 7864.7050424621
399844480.6031020284 16695.5440912247
339159850.8583537936 1773.1375040390
400038965.9905564189 16728.8087167740
399926134.1468964219 16719.6140069962
348076138.0878910422 6139.8179576444
354176761.2893947959 7945.5805471763
362282822.2348400950 9824.0141212167
370906136.7383456826 11596.3989775096
339581543.4249129295 2495.5894928293
383185072.3075554371 13957.5755182999
362264063.8699716926 9822.1684314432
363366818.8837482333 10137.4441596689
370887471.0384613872 11580.0995872274
339039259.6853250265 1661.0863143110
383001957.1961423159 13916.5576939415
348453976.0389324427 6286.6418814892
383166129.9957662821 13947.9150340017
362317204.2293581367 9897.1764365854
382623701.1461664438 13866.0346033949
348679847.2433115244 6333.9289717907
392155113.7592625618 15373.5895136246
400326169.2947059274 16773.6262750626
400308096.2028393149 16771.5463495255
348252069.6919161081 6212.1801772350
361791144.3914780021 9781.6506891930
361660197.1306338906 9718.6536226952
361315269.0683230758 9686.5985041345
382761872.9640262127 13881.5154840130
361560702.2427422404 9701.7624140466
406049192.5957499743 17358.4360961914
371042759.4044970274 11601.6568758870
356966582.4747801423 8659.7635297164
361511594.3580670953 9693.2632609094
345649356.6682266593 5353.8012499586
381488057.8996706009 13613.8739748382
348254563.9621822238 6214.6271758312
357014925.9485930800 8666.4562675341
345598835.0348885059 5324.1804729368
339813780.6020643115 2729.7398609999
339927967.9566461444 2742.6148304958
345384280.0188981295 5231.2054385529
345610445.5103864074 5328.2175484719
411497472.3863643408 17507.1512832642
360316316.5373538136 9429.1068100965
360530293.4784834981 9503.2965156136
359806745.5373795033 9304.9486775434
353716082.2670559287 7768.3443908499
381350260.5813687444 13572.9418972300
345426250.9687654376 5249.3264255337
405825771.1631176472 17343.6876678467
381110294.0290025473 13534.8556573772
359218693.4219657779 9153.8721858936
381717999.4789476395 13650.4603555583
411076445.1450203657 17495.1161422729
339311085.5183321834 2003.9492609524
343588767.5742058158 4527.0964250365
359617909.1529682279 9270.3279164986
339502851.4241667390 2212.2613817225
410793723.1180772781 17493.6703720093
343537324.0141586065 4473.1076343109
401019235.4846330285 16860.7623462677
359288396.8888847232 9195.2831593708
410365875.8390780687 17486.6154251099
401631472.5481211543 16959.6478748322
369299271.1708194613 11280.1747472427
369371968.8404142261 11283.9944901430
369482897.1394405961 11293.5500626527
390908193.3953510523 15216.3678600807
358329000.7523153424 8926.5351016775
368921226.3094890714 11197.1388840639
410591182.7916808128 17490.0106811523
357970777.9935796857 8876.8166586265
357916934.4464804530 8833.5600499493
340174813.6289910078 2954.2163774476
343368946.5118606091 4431.6899167789
339456892.2283453941 2113.9941218025
339386912.4299025536 2102.6600531763
339898346.6476203799 2737.9755336875
357400086.6479889154 8721.9295126304
357388288.4995843768 8703.4438978538
357694765.4457396865 8779.6561623525
357474940.3489665389 8747.0594412193
339489215.7780079842 2212.1201972193
380845283.4036726952 13472.3405526987
368868794.2655499578 11170.9504190599
347333734.0877453685 5896.6705830088
347528462.5420000553 5924.9710770259
368840952.5550765395 11159.1486891600
380487391.1475700140 13357.6612788447
368728817.8831940293 11129.2844158326
368597574.4730253816 11103.6391702806
343306557.1754987240 4347.2583465891
347136817.3200191855 5822.8986329725
347216763.9583914876 5824.0571214173
343122581.8444678187 4253.7169714289
396644597.6491877437 16123.7840921057
397496519.9230598807 16242.0198749329
367277017.5186895728 10811.1550308381
396867491.7784227729 16154.4018594397
396950830.8883383870 16159.6205102575
342272520.4446743727 3771.4182629697
397169313.0305102468 16176.4414941443
367395089.9444220066 10839.1249052201
408418574.4433605075 17394.7076797485
408426245.0971211791 17400.1209335327
397136664.9623553753 16164.3298684729
380699259.5855779052 13446.3387137660
408321592.8425697684 17393.4809036255
344760260.3027900457 4959.9154332827
379997731.3312067389 13187.0602776148
344614074.9527809620 4909.9207814883
380109997.2823935151 13273.0765419342
344488215.8469783664 4805.5604321547
353077181.7845761180 7487.2940961169
352922646.1889886856 7469.3232423114
353139756.0912412405 7492.7010453092
352818193.8327115178 7463.0570832538
341539714.3487430811 3495.3815458502
341818637.4577814937 3655.4557374354
353005169.0037401319 7483.8114396381
352933255.0369037390 7474.0925453166
352530798.0953760147 7379.8089994984
367132049.6373256445 10774.1663709794
352662362.8605882525 7391.6965956288
352168062.2938419580 7270.3488554554
367243423.5145680904 10799.7010618363
379297627.2953589559 13130.3354181359
345050083.1561123729 5079.4283233702
341797009.6624729037 3637.1508558478
344723017.7101966143 4911.2168301649
351289175.0581169128 6992.7769862983
351196790.1716300249 6911.4198066566
350487722.2427436113 6703.9102043475
341586590.2154584527 3527.6907118048
341615433.4791502953 3527.7100138731
390529944.5914221406 15065.4442275050
390564148.5055322647 15081.6445733961
390670403.8053400517 15138.3128798488
350671963.9178894758 6786.4499076848
350579063.2672547698 6733.0596345899
350706065.5611467361 6790.5086263654
390313700.0717840195 15034.1729796412
390694437.4594310522 15140.5452254298
350573336.5085288882 6709.8676596519
344982069.0634055138 5007.8861390048
344874210.6871933937 4992.3671010516
395595338.1370559931 15925.3511148645
396095535.9639876485 15992.2583152009
395984713.3288342357 15970.8613954110
395867637.1774898171 15958.0898623986
378329782.9513689876 12940.5937401968
378846044.9650010467 13035.5390599463
342912494.3761438131 4171.7780387121
342702289.6575586796 3988.3244756542
342489112.9947714210 3957.0741216744
395805039.2180453539 15954.0486851258
394454809.3188247681 15688.8564203335
350320481.7730886936 6646.3928460752
342345837.8742838502 3839.2070374945
394526541.2397211194 15734.8850248409
393951401.6853915453 15584.7498687273
393344133.6361572146 15545.1397825098
393097506.5344254971 15499.9930127478
399028710.4390330911 16295.5317783356
399065737.1393102407 16316.0884523392
399315248.5079956055 16364.3417758942
393255832.8033249974 15509.1022580778
393484067.7028285861 15551.2739118254
377515197.6313419342 12707.5234323114
377480685.3632724285 12676.4996967873
377374549.2010631561 12666.3211231789
387138550.0238933563 14381.5516814890
386778919.7607583404 14327.9050336253
388632794.9716889858 14562.5566461491
388762086.1990401745 14615.0265103686
388831941.0222401619 14644.7308061528
388949127.1068840027 14649.0235689091
388748716.4462071061 14603.8862550664
388272476.3600841165 14559.5139635014
388149389.9961156845 14475.6175884501
386460994.8367694616 14270.6434335153
386300908.1628400683 14218.7970323007
386488860.6014112830 14274.7741784494
386157212.3270121217 14203.3561837069
376515587.4725760818 12386.7219344627
376827812.9386817813 12452.6443524056
376198237.1536436081 12343.1806937706
376843145.0347043872 12454.5636512291
375911826.9763849378 12218.1288721848
374497621.0750868320 11885.1670370924
374676567.7782908082 11947.3983374464
375277914.0141159296 12037.8185416900
374979627.4817279577 11955.2429190504
374878466.6705796123 11953.2828818190
374638102.2027015686 11906.7644568312
373839511.8719065785 11748.4633898626
