416725304.9803840518 5871323.4648437500
417276500.5005058050 5874585.9921875000
416962180.1396598220 5873939.8535156250
416763002.7110996246 5872468.4921875000
418767091.9449133277 5877209.3007812500
408743950.1934244037 5746768.8662109375
396107841.7884267569 5128844.2490234375
413188710.1128728986 5831473.2968750000
413022211.8178243041 5831115.0449218750
418651129.3539306521 5877061.3515625000
396485931.2217909694 5158910.1870117188
396225678.9020189047 5144081.7431640625
385370741.7042232752 3861288.3198242188
397258777.8673825860 5203838.2041015625
404275956.8942966461 5588203.7968750000
404263359.7700971961 5587492.2080078125
409070529.1208389401 5756244.7861328125
408749772.4269990325 5751437.0351562500
408827689.9253396392 5754046.1035156250
384187449.7882562876 3594323.6811523438
385424011.8747527599 3861431.1074218750
385359098.6669227481 3861068.6157226562
389646480.8318104744 4547976.4130859375
390359471.8702333570 4625424.4355468750
396405867.1614603400 5154176.0083007812
400447588.9008215070 5397017.9589843750
421919373.4601550698 5878436.7734375000
384979489.4976568818 3814447.1450195312
385304570.3204466105 3860637.5239257812
385177762.5129522085 3858180.1953125000
385855751.2441951632 3862724.0507812500
388815254.4965816736 4457355.1113281250
389586035.3726906180 4547195.8315429688
396427880.3760369420 5156672.8041992188
400771153.7801673412 5399854.7792968750
404280173.4644180536 5593556.2724609375
412456368.7047478557 5825016.0214843750
385555067.1774068475 3861866.8525390625
385096461.8027564883 3847127.2587890625
384299297.2519018054 3597848.9929199219
384335391.8969367146 3616686.9577636719
385047109.3699595928 3838568.4248046875
388793982.6161138415 4449524.8984375000
397187545.3296331763 5203820.0771484375
400569262.6186531782 5398467.7080078125
406663789.3598772883 5686831.3369140625
389699363.9088273048 4547978.9262695312
384189567.3592859507 3595351.1210937500
384892671.0780600309 3791165.0209960938
387841302.3501283526 4307442.5292968750
389423946.8474241495 4534578.1035156250
389288827.5786627531 4514826.7617187500
390716835.1371468902 4661386.8320312500
384141013.7489367127 3576513.1562500000
397080296.3010628819 5202470.4975585938
396811214.6892262101 5186544.0200195312
396694155.8722370267 5177514.9096679688
400980248.0498934984 5400619.3388671875
408060407.2660487294 5727756.9589843750
411686233.0923950672 5813688.0644531250
413586014.8709625006 5831709.0039062500
415906620.9775639176 5863719.7246093750
417076198.4422658682 5874201.8046875000
405992677.3986786604 5658917.3613281250
390716174.6296713948 4658844.2822265625
396999957.4833661318 5193539.5541992188
411428425.2174998522 5805237.2812500000
408417469.4553249478 5741583.1865234375
390846531.3286758065 4667599.4624023438
400181657.4912672043 5381556.3085937500
406281015.6007794142 5675012.2802734375
397009004.8174448609 5195203.6083984375
396638243.3441101909 5170658.2338867188
396680027.1971898675 5177392.7397460938
400299727.3994578123 5388184.5302734375
400245842.9314935207 5387237.7158203125
400126916.4370337725 5380179.3867187500
406243476.2233192921 5672750.0039062500
408497573.0385753512 5746351.9560546875
411617075.2805923223 5810660.4609375000
389235027.1439485550 4514613.0664062500
390993184.6658173800 4674349.1621093750
390996984.9235864282 4675755.4677734375
390888421.5056464672 4673516.2285156250
418306106.0372473598 5876873.2207031250
384874919.6961637139 3789289.7021484375
390714109.7032925487 4658542.2480468750
391163381.7537838817 4676974.9853515625
411447600.4486337900 5808155.2929687500
412722129.5689986944 5828897.4609375000
390511522.7391481996 4639729.3408203125
390656566.1656175852 4654899.8964843750
408378836.6281271577 5740954.9873046875
411382118.0297805071 5803203.2021484375
408112268.9319162965 5733940.2529296875
408286271.0417948365 5740270.5517578125
384936176.0969275236 3810304.1743164062
384902852.0683324933 3806656.4243164062
416157406.2559151053 5866240.5859375000
398989121.8138986826 5311454.2260742188
412470513.4336039424 5825033.8027343750
400099201.8012341261 5379093.3144531250
408343961.2867501974 5740511.5400390625
389085757.9982284307 4494418.0400390625
408072816.2143769264 5732442.1640625000
416534130.8867619038 5871115.5566406250
421540290.3430982828 5877649.8242187500
388879629.1200522780 4465783.2880859375
412591710.8083981872 5827713.9980468750
399768625.4144625068 5358927.2412109375
396402686.3875952363 5148300.1713867188
396374969.7332361937 5146544.7260742188
417129076.9376215935 5874456.1171875000
408425108.4448627234 5742894.1826171875
411905968.7816321850 5815471.3359375000
412422676.3818939924 5823666.3007812500
389070370.9017439485 4485254.7065429688
400086894.7883583307 5377252.3505859375
409688489.0785093307 5770125.5839843750
412965926.1367687583 5831013.7011718750
416209365.3655272722 5868530.8789062500
416364440.9924077392 5870908.9667968750
384413424.3718847036 3622458.0947265625
388832648.4826559424 4457960.2773437500
384451813.0284984112 3627213.2114257812
399550753.9715206027 5342956.8994140625
412569453.0982351899 5826973.2070312500
388962956.9337250590 4476177.6210937500
388989089.7641329765 4480482.3750000000
388858317.0559166074 4464652.7089843750
388715653.5457169414 4440425.9697265625
390263407.2823622823 4619112.0063476562
390077115.9436956048 4584765.7250976562
390220460.8060230613 4614112.0053710938
418062454.0878974199 5876519.4121093750
399634296.7642352581 5351579.4331054688
390097344.3207746148 4594519.8540039062
398995351.1321096420 5312152.4907226562
409930244.5317456126 5773012.8671875000
399578218.5781646371 5344016.0366210938
412150360.7802257538 5820993.3085937500
390147808.6322300434 4606708.0346679688
409344186.5810805559 5760616.7578125000
415398582.3295032978 5858924.2734375000
388814575.6737065315 4453192.6049804688
384972098.8436596394 3813382.8212890625
399057123.3903867602 5318323.6176757812
421308250.3390318155 5877538.3867187500
389707049.2779487371 4555556.4765625000
389753604.8843782544 4556470.8085937500
399527369.8736165762 5341241.7934570312
388806687.8758426905 4450403.5664062500
417514235.6654645205 5874646.3964843750
417651912.7117159963 5874719.5058593750
406207894.2810638547 5669854.1972656250
406136063.1276410222 5666184.2304687500
406146665.2697545886 5667567.9003906250
409314329.9139674902 5759762.0351562500
397407272.4262166619 5210616.1035156250
406312834.6991810799 5676521.9062500000
407089450.3843449950 5699129.8125000000
406056898.2016794086 5662242.7353515625
415468998.1557285786 5860346.0175781250
406331332.3899464011 5676675.1406250000
398706059.7014775276 5289531.8500976562
415409341.3798968792 5859877.2148437500
403895003.0484510064 5575734.2109375000
404099159.0574713945 5583884.5292968750
399055810.2520017624 5312895.2651367188
397554400.9615797400 5214351.9130859375
409488925.3101947308 5764999.3242187500
409802828.9083705544 5771188.1367187500
406481216.4814724326 5682724.1835937500
415015641.0342062116 5852934.4414062500
399605599.1659306884 5345723.8354492188
399892757.7264330983 5361630.1108398438
417965411.1568198204 5875188.0292968750
421162344.3887979388 5877378.6210937500
387909105.3051829934 4321307.3256835938
398734116.9000138640 5295917.5502929688
406608157.5519129038 5686725.8212890625
387930407.0492562652 4325101.9257812500
388233272.4228810072 4362802.0615234375
393176229.5175851583 4853261.5229492188
393377969.3820356131 4869284.7763671875
404919424.6425912380 5614811.2832031250
404823222.6353477240 5611277.2207031250
399315129.4737592936 5330362.7465820312
388548557.0674931407 4410266.7182617188
393070260.7698454261 4848490.3266601562
415149000.1813799143 5855574.2167968750
411173956.7356052995 5792686.4746093750
417807048.0786700845 5874959.4882812500
384826769.2890108824 3745795.3017578125
411370389.2104914188 5801096.7480468750
399250314.9163599014 5326024.7124023438
393215522.9882916212 4856666.8393554688
393067609.9213341475 4847270.6098632812
388044922.7706917524 4340706.2500000000
411164371.5295159221 5791139.8613281250
407975653.5755374432 5721511.5156250000
384806093.2289399505 3737663.8183593750
384741808.7009770870 3715495.6240234375
407834669.9389962554 5718950.2890625000
392882354.2035058141 4825575.9711914062
392796685.0054665208 4816379.2290039062
404439831.0209705234 5597122.6064453125
404877914.6048061252 5614453.3164062500
384760735.5442084074 3721382.6982421875
384607601.1519584656 3670807.9340820312
384616494.0544573665 3675447.2880859375
384738675.0040705800 3703059.3154296875
388407373.0335667133 4381876.3271484375
388413667.3945071101 4388820.4365234375
404666545.9115474820 5606627.3281250000
384741101.0111540556 3711170.0966796875
410593334.4463810921 5778280.2519531250
407634929.7091742158 5713131.4453125000
407384668.8289400935 5704106.8388671875
399161323.0975876451 5321313.6801757812
405707407.1006098986 5642877.6494140625
407569311.8164740205 5711273.4042968750
384629952.6504413486 3679887.9067382812
407540341.1018527150 5709453.6992187500
388255344.2874581814 4365048.6977539062
388159971.2811646461 4351464.4975585938
407279397.6273403764 5700334.6787109375
405851287.3656902313 5653311.8046875000
388475962.5255844593 4389212.6401367188
388311909.9176205993 4372971.1938476562
388491674.3686318398 4391004.6254882812
393803053.1055548191 4880233.5410156250
393816061.7259601951 4884944.1816406250
405932684.1468087435 5654322.8027343750
410712109.2262830734 5780694.0917968750
403034584.0252923965 5512025.5078125000
410459919.2818419337 5777487.5644531250
404549874.4289348722 5600739.3105468750
410391862.0710108876 5776522.5332031250
384567464.4314776659 3640948.4614257812
410285450.2940122485 5774261.4648437500
393475036.7371551394 4870785.4516601562
398501068.5418924689 5277714.1372070312
398231817.0966511369 5250678.4941406250
398294040.5099726915 5262261.8452148438
411110969.7871010900 5784422.9296875000
398355607.1031084657 5263330.0737304688
398439973.4304108620 5273938.2534179688
403396922.1601276994 5540100.5439453125
403064243.5580771565 5523418.2890625000
403239012.9709275961 5534202.3173828125
403130139.1957980990 5527431.9628906250
398063789.6283406615 5243516.6860351562
403226837.4583593011 5533744.1435546875
398133102.9975401759 5247880.4873046875
403391640.4365915060 5539941.5576171875
405557837.0321508646 5632256.9589843750
397790466.7952271104 5223666.6035156250
405368580.6018325686 5624391.5097656250
414731434.8978509903 5839333.2070312500
392666065.4662355781 4786129.1660156250
392756076.0057191253 4796376.9204101562
392666029.2021201253 4775077.2319335938
387811240.4292033911 4229373.7148437500
392599453.4187638164 4764261.8413085938
387808007.1561637521 4228816.0166015625
392506302.5847797394 4755457.7651367188
392602138.9843350649 4771197.1381835938
387824281.6889556646 4232096.4941406250
387737950.0431253910 4227369.3984375000
387824925.2120380402 4241167.7880859375
414548844.8050953746 5838311.1542968750
414261178.5741320848 5835385.1152343750
414324916.5399610996 5835729.6347656250
392470544.6456207633 4743495.8281250000
392405169.4125143290 4737217.6386718750
414882699.1053110361 5840881.3730468750
387719632.2847067714 4182532.0546875000
392282780.2030036449 4705826.0336914062
392261841.3302337527 4699726.9838867188
392207492.4995803833 4690993.9873046875
392141610.2625107765 4685901.5229492188
392119861.7200458050 4683770.6118164062
386522229.6951537132 3864486.8969726562
387211089.3326202631 3933279.7563476562
387167539.4295912385 3928274.4946289062
387119228.0161656737 3920092.4956054688
387165790.8882945180 3926360.6118164062
387181941.5372332931 3932040.3305664062
387212726.0022351146 3947888.9545898438
387281196.1294391155 3960505.7387695312
387295099.6474419236 3968899.9194335938
387392910.5112014413 3995560.4145507812
387349926.4223049283 3986751.5297851562
387540902.2207603455 4023149.2958984375
387454462.6492246985 4005142.8662109375
387428306.3165736198 4005000.5576171875
387611218.8188640475 4032055.7402343750
387631334.4882833958 4038210.4599609375
387529446.1254646778 4019589.4462890625
