146348404.0984802544 1515291.0830078125
141481761.0260439217 1385574.4458007812
141014810.6564250886 1378640.6611328125
148094040.5571747720 1522576.9267578125
147629951.3618409038 1522552.6396484375
141312918.2596760690 1382626.8627929688
141551600.0155325830 1385960.8872070312
140761818.5110311806 1374160.0998535156
144375545.7893455923 1489469.6738281250
147530563.8912328780 1521830.1201171875
147630673.5247566402 1522573.8769531250
147290562.0156885087 1521498.4589843750
149558903.2256222963 1524211.4433593750
149346481.0320636332 1524080.8671875000
132556116.3755753189 741426.1006164551
137226922.2624734640 1180160.7170410156
144393621.2587796748 1490420.9365234375
140848706.7753587067 1374711.7861328125
143751980.0135804713 1475985.8671875000
143691588.2403890789 1474392.8398437500
133612061.2523085922 899043.0187377930
136165415.6983518004 1116958.7080078125
136348513.1885473132 1124663.2751464844
137446238.0129926801 1192694.0336914062
132770335.6057631075 771861.9497070312
144596909.8714773059 1494827.7197265625
144589085.8961846232 1493692.6826171875
136924985.4616576433 1162953.2474365234
143492211.5175716877 1469637.3935546875
147080410.9160425365 1519997.9531250000
132591403.9237453789 749264.1708679199
135960145.6456147134 1099587.7934570312
132679395.7263659239 759037.7550354004
132748325.5505418032 770498.1346435547
136634850.8321221471 1147575.2255859375
140887253.9819454849 1375869.1430664062
143770425.7218915224 1476452.4580078125
133297573.9532575160 869657.5802612305
133617229.2093255371 904301.3135986328
140889031.7429279983 1376527.4477539062
139663262.9481131732 1320157.8488769531
140481947.9200893342 1362847.2766113281
140406265.0980092585 1354724.2971191406
149045769.2099952996 1523787.1865234375
141067863.6947082579 1380956.7324218750
132585858.3471323401 747497.0075378418
137485618.3734333515 1193736.9407958984
137281713.7554309368 1184970.6489257812
140410369.4541930258 1355500.4582519531
132611559.3793628961 756215.2355651855
137400356.6225324273 1192212.1292724609
140128350.7092795074 1344112.5861816406
145963435.8122325540 1513826.6376953125
146864035.3275691867 1519219.0205078125
137473439.7643772066 1192996.7944335938
140721542.4109556973 1368953.6337890625
144018342.3731108606 1481462.2343750000
137301285.6084422767 1188272.5305175781
135877076.2334068418 1088435.8749389648
137370545.4801790714 1191500.6131591797
137286155.0259751379 1185587.6651611328
136998931.2400465906 1168441.6403808594
144107642.4080448449 1484195.5410156250
135958359.9195455313 1098157.8565673828
147191602.7641188502 1520604.0800781250
137260144.5162256956 1184335.7009277344
140310061.1830239594 1352739.3742675781
148758425.2755812705 1523591.5839843750
140216510.9410563409 1348878.1711425781
140162422.3428469598 1348605.1623535156
143667831.6933891177 1472665.5439453125
137345795.6903003752 1190990.9411621094
137614479.1198065281 1194113.9135742188
143105041.0757741332 1452122.1752929688
144544335.0969963074 1493032.2285156250
154642926.9384885430 1528158.3769531250
133710017.1368986815 905504.9884643555
137104101.7489400804 1177520.2761230469
138708501.6674808860 1264136.5205078125
138774825.9484272897 1267834.4960937500
133720530.3258778304 905788.2673339844
133690050.7630828917 904844.6898193359
139999906.6009868085 1340744.9650878906
143421998.3350208402 1462895.0859375000
148124654.7173805237 1522594.3115234375
136668463.3578664660 1147615.2412109375
140151917.8631766140 1346249.8618164062
145813282.2584621608 1512948.5937500000
148383558.4165547192 1523090.6630859375
133246794.0797777325 862039.1690063477
138486119.2113645375 1253662.2968750000
143453826.8837196231 1465105.7587890625
154488748.3653262854 1528138.0244140625
143121461.0372462869 1454994.1977539062
144167615.4208183885 1486858.4052734375
148711911.6745331883 1523567.6396484375
132665367.0884318352 758136.1917114258
136459408.8553635478 1135296.8487548828
138920480.4960185587 1276728.5659179688
147033089.0467404127 1519730.4033203125
148303476.5901338756 1522751.9980468750
146727054.3284119070 1517856.7871093750
136952959.4002208114 1167498.7772216797
139817333.8344475925 1328265.0334472656
143811400.4530549943 1477074.4238281250
144837159.7054719627 1496209.7871093750
133271337.1402210742 867113.1737365723
146807560.3714669049 1518393.6835937500
133174689.6425036788 853395.8649902344
133490225.5545864701 891432.4812011719
147019826.8018431067 1519602.8515625000
135912962.5771965086 1097964.5686035156
138547973.0859362781 1258593.8820800781
143179840.3922630250 1456731.0415039062
154195251.9604034722 1527935.4111328125
148944610.9239054918 1523674.5771484375
138777005.9821511805 1272414.8811035156
146223228.7668029070 1515041.0566406250
154086627.8966447413 1527825.7070312500
132521926.3290939778 727968.4689025879
133225635.1833553016 861284.9244079590
141033622.0446853340 1379381.2246093750
142955830.8813694417 1448590.8339843750
143036860.5218849182 1450767.9252929688
148711116.5930885673 1523189.1699218750
133382098.6293915659 879656.5199584961
135979045.8497954607 1102474.6575317383
139904996.6000898778 1334043.2011718750
134259927.6650284231 958987.7409667969
133891052.5872225612 930523.6546020508
134143763.4009321183 951811.7936401367
134159466.5998174697 954568.2946166992
134017481.4941736460 942442.7208862305
134104358.5755387992 947278.6376342773
132533342.6521271318 734459.5549011230
132843453.9332001507 785736.3113098145
139887918.2141105831 1332505.6784667969
144071156.9810573757 1482990.2900390625
133399376.0397444963 879728.3123779297
134369961.2496325374 959658.4680786133
134225150.5467156768 957108.4302368164
143821514.0055521131 1478720.8222656250
134319849.3731314838 959618.1881713867
134413599.8391416669 961162.5281982422
134274987.3084388375 959551.5123901367
134040593.3640486002 944323.4718627930
149180106.8998372853 1524018.8574218750
143530797.8970609307 1470179.4218750000
132527029.8727318048 733052.6907043457
145047415.8026323915 1500201.5917968750
145148399.3190569878 1500580.1367187500
132718566.4388338774 770350.1027526855
140074227.1896006167 1341299.4365234375
140580719.0076812804 1364545.4248046875
146119000.3782497048 1514195.3095703125
149909715.6718475521 1524484.1015625000
143898187.8722293079 1478988.9560546875
153563022.7239802778 1527165.7666015625
139570380.1390510499 1316182.4057617188
145540140.2620399296 1507047.9609375000
134001888.3978400230 930959.8044433594
135996908.1163992882 1105254.4957275391
140278111.7771042883 1352068.0463867188
145602524.1143440604 1509808.4394531250
145358806.2940122485 1505515.9794921875
145697537.1121920943 1511302.7509765625
137056852.0110198557 1173098.8352050781
145409789.4396120310 1505804.2597656250
133991060.4919962287 930933.3278198242
139739637.6458445489 1326099.6345214844
139937635.5794213712 1334989.3400878906
145297069.7830708027 1504549.6582031250
145301051.9183687270 1504817.7216796875
132910579.9982873052 788291.0244750977
133553917.3826853931 893937.5581665039
153371495.5287069678 1526970.0888671875
153911102.9719790518 1527508.6816406250
139990683.7806545794 1339792.6545410156
132803692.9345610589 778022.9243774414
149110834.6308997869 1523990.8095703125
141229207.1321878135 1381788.2194824219
133435921.3266791850 885572.8801269531
138909462.3425339162 1275326.1520996094
149400594.9427648783 1524175.9873046875
133572953.7573859543 894868.2958374023
133355918.8241786361 877741.6466064453
133320818.6293443590 872978.3109130859
139703819.8365837634 1321158.4575195312
138505869.8942130506 1257446.2871093750
145736477.3510257006 1511371.9189453125
134002082.3827844113 932157.0443115234
149669262.8452456594 1524351.9355468750
149967634.3244958818 1524503.0986328125
138615857.4099945724 1264127.7128906250
132954565.7263212353 794954.0665283203
145257952.9729854763 1503334.2734375000
145210016.1626704335 1502779.1328125000
136684722.1977132857 1149323.3826904297
132927348.6195135713 789898.2008666992
132995733.9347702414 795103.3186340332
136826066.5129764676 1159850.6239013672
136599850.3329892457 1146121.4281005859
138582962.0963087380 1259651.8649902344
133812893.6359159499 917111.3923339844
133800702.2278790027 908175.9547729492
133025312.1982334405 799022.2100219727
150168528.5014765859 1524505.9033203125
138432732.9883668125 1251922.3918457031
149740553.8192783892 1524407.3710937500
149574051.5141054690 1524348.4765625000
138319871.3940930068 1246247.8442382812
136716122.1849106252 1151376.6589355469
136547210.1265595853 1140714.4527587891
139482055.4057350457 1306048.1596679688
139558586.8221607506 1312748.3291015625
139147672.7448848784 1290278.1811523438
136464944.3393310606 1136863.2651367188
136216811.8264744580 1120435.5084228516
139382071.0058533847 1303300.9143066406
136148975.8780501187 1114633.3858642578
142556762.4963606894 1426919.2543945312
142518308.9713641703 1425290.5083007812
142467118.3388998210 1424117.4648437500
142008301.1696548760 1411973.3813476562
142541766.3426035941 1426907.3447265625
144804140.3505570889 1495282.2607421875
136136610.9867428243 1112740.9554443359
139181585.8087536395 1291041.4250488281
142284464.8599174321 1420842.9057617188
136078818.5498151481 1110654.0386962891
139031692.4793804586 1282221.1254882812
142154986.3427073658 1417560.2749023438
141693151.6957703531 1395024.9711914062
141728941.5879553854 1397797.1723632812
133084654.0557060987 813426.8060607910
144972484.9784278870 1499111.9052734375
133081696.1464332491 812119.4828796387
139263971.6788894236 1297882.8020019531
141650449.2563291490 1392544.0546875000
141784636.7835471928 1401713.4331054688
139261900.1492336094 1296844.1577148438
141841951.9467797577 1404483.8803710938
142614702.4723590612 1429077.6054687500
133140002.8597597629 826457.6448059082
135833512.1209743619 1075019.4254150391
135844323.4425865114 1084370.6051025391
142823525.2056340575 1435614.5507812500
138841449.9003367722 1273704.5187988281
146702755.6830960810 1516149.8281250000
153263788.1709594727 1525881.5683593750
139101488.5214113295 1284738.4218750000
133125795.5659141839 816366.6859436035
153365282.8041728437 1526241.8984375000
133043959.5238694847 803358.0774841309
139091632.9249455035 1284392.8754882812
133044484.5578122586 808398.5387878418
142753434.6068887711 1433556.1557617188
153127050.9115985036 1525537.6914062500
138158227.7976353765 1225769.8259277344
138254607.1481300592 1235679.6174316406
152991788.7304612696 1525352.0791015625
142613590.3249008060 1427833.9296875000
142769327.3434867859 1433929.1289062500
142954333.1071320772 1437797.7861328125
142655932.2472763658 1429871.4736328125
152728200.5006434917 1524974.3876953125
152906062.6424221098 1525308.3496093750
135670537.0537854731 1043339.5814208984
135737221.3758587837 1049899.0158691406
135795640.5754352212 1055247.6052246094
135670829.4633223414 1045783.7646484375
135802863.9244432151 1057114.9404296875
138143136.2947831154 1215115.6977539062
135788486.6314295232 1051144.4799804688
152567413.7036224902 1524872.1455078125
152281904.3157164752 1524695.2128906250
138089545.5699174106 1213244.7275390625
152291861.8090818822 1524698.6845703125
138146208.5098196566 1218294.7060546875
138035772.7143854797 1208421.4575195312
138153904.4752263725 1220626.0737304688
135076750.1183449328 963254.9923095703
135098359.0098990202 967587.0906982422
135182288.0795515776 978071.5572509766
135294013.4597714245 987820.3841552734
135127488.2985167503 971686.1751708984
135233369.4478123188 986577.4078369141
135270087.2547704577 987189.7985839844
135388421.1766073108 999404.9464111328
152454460.4154261053 1524716.4775390625
135306594.8380671740 993827.3834228516
135232831.8106934428 986526.7769775391
135666858.5998238325 1031290.7114257812
135530357.8484378457 1011979.4957275391
135616151.9199797511 1017565.1496582031
135547389.7883527577 1012678.6132812500
135617332.7283979356 1024900.3912353516
135647613.1720268130 1026392.7026367188
135563089.9036085606 1017562.1154785156
135525632.5110373497 1009560.6376953125
