229695533.3391643465 119739.2228698730
209030271.0341647267 55583.6330664158
211141507.9867181778 69327.1885625124
211533223.9814120531 71469.4793263674
214167764.9919778705 82410.7608414156
217130039.2076646090 91901.3564516618
217168761.8978396058 91947.1724075917
221020894.3254684508 102023.3587974964
220828289.0129834116 101866.1167625843
207748447.9314172268 41954.2472375222
211317292.3512108922 70557.5497609377
211018176.8662787974 68747.3875435144
211352996.2882100642 70569.4886437654
214284070.9566026032 83264.3777834637
216845253.9111016393 90987.3325511529
220794053.5645743906 101589.7654423788
227393589.4343419969 115618.0824584961
228940571.5526477396 118401.4949645996
211203248.2958818972 69639.9362152815
211241388.1635722220 70173.2455091476
211111974.1062687337 69111.2255631685
229049131.0108530521 118537.3169250488
216994908.7534878254 91541.4307850296
219237482.1900821328 97922.0932463408
229276955.5764920712 119241.6214599609
208644610.9273468554 52500.0812912583
220871348.8734093010 101934.3232750355
219057559.5604519844 97463.2776529285
218666010.8864037395 96425.4751245472
237660295.5261251330 124795.6544189453
225759707.2689081430 112553.0428619385
208654091.0554797351 52537.8031550497
210589757.4511060715 66045.8448955715
225619490.2873430848 112369.8178539276
229571859.1075589955 119675.0473937988
219213804.2846037745 97760.4313923085
221094090.6763148606 102260.5131749569
208307617.6912592053 49417.0026187599
220631114.3061473668 101246.9858364580
234804077.3633741438 123240.5704956055
234996822.5199203193 123555.6804809570
238207169.4319236279 124834.8425292969
216865712.3996130228 91110.5686403825
219260104.5894556046 97929.4276375313
225928592.3754632473 112727.7034740448
212125527.7569687068 74225.5309413744
229223198.9672568738 118952.3687133789
230850847.8236591518 121165.6921386719
236503195.8445233405 124476.5211791992
214347811.3068810701 83466.9695498211
220938154.9871566594 101963.6440584420
221108768.8771460950 102404.7696077584
210716678.9037613273 66994.1406264007
229421982.7327738106 119462.9849243164
237210446.5853010118 124701.0647583008
207881716.5802466273 44749.1325542554
229708419.1875203252 119821.4078369141
208468395.0378659964 50700.4992999732
210600392.8158694506 66260.2517254055
235280128.8108124435 123853.9393310547
207776886.4250625372 42656.3091829419
226728075.7029312253 114512.4291534424
226722265.0087723434 114480.9231872559
229922706.3217793107 120157.8040771484
230050819.8425092995 120304.9133300781
212461841.0012073219 75779.6045195675
231013177.5707178414 121237.9468994141
220479510.1632977724 101021.3779492734
211481420.9632388055 71243.7930267546
220762965.1100191474 101586.9776196836
226822936.6410386562 114596.7186584473
235295074.6497057378 123894.8649291992
236987127.9883124530 124649.1757812500
208361555.0060451627 49425.7814578712
230695510.9439027905 120960.4385986328
230686228.1290203929 120906.5778808594
230741805.8030916452 121084.4401855469
230664851.3489764035 120886.3952636719
237658806.4765064716 124777.8670043945
214419571.5186129212 83663.2132937176
230255402.4912689626 120611.6261596680
236585767.6298539340 124517.2794189453
229666544.2974813282 119704.0083312988
230304122.0269003808 120687.1286621094
212363662.1719956696 75226.5340708566
214437799.5216309428 83672.8148562176
211561868.5886735022 71488.9892222136
217324598.9644852281 92303.5829737205
235214461.2757376134 123832.3414916992
207826205.5766913891 43801.6979697570
210982358.5642382503 68042.4054642022
212390190.8396493495 75347.6817959619
218469038.3361539841 95864.5237390491
226758113.2897106409 114533.4967346191
220640013.5007995367 101376.2174785309
218514439.8715662360 95902.0686761829
235509822.9194153249 124006.4517211914
208578118.2926839292 52049.6297863722
211503068.5355328619 71319.7772280425
210820372.2885655463 67734.3390579522
214397587.0954755247 83625.0383196567
207817756.6653662026 43077.6914145537
212460107.3453926146 75719.5185016394
217348621.4438507557 92327.0490977927
211687872.6013843715 71559.0714298934
218575555.7987682819 96205.0043146106
220378554.4758553505 100655.1100659727
212469249.3343876302 75841.1258313274
235083049.7037428319 123651.0541381836
211432596.2140201032 71024.6631850451
212674065.6312809885 76627.9743889354
218420653.3936827481 95739.4024727941
220229010.1895762086 100442.4428192601
220465046.7567876577 100961.1113068089
235529908.0224260390 124010.3012695312
212539713.8438117206 76186.3501013590
208739843.3070891201 53406.7054822260
231850996.1700085402 121371.3093872070
219737155.5837522745 99113.4481212137
210762966.1179230511 67286.2040751129
220206072.6809222102 100274.3264171122
220059811.9130026102 100025.3776866434
225530265.5410760641 112145.4805431366
237572060.4128406048 124768.0348510742
208407076.5832700133 50439.1082354486
219939127.1119676828 99670.8161634015
217381850.5961000323 92562.9337832047
219800284.7619082332 99315.8050244855
208915304.3052600622 54733.2468582421
226788432.5235038400 114575.8074951172
235444263.9108473957 123970.3232421875
235580492.1092043221 124022.1890258789
231984411.6029665768 121434.6096191406
225217092.2642199099 111374.3372020721
225380466.2273301482 111634.1041927338
235973028.7858134508 124187.5220336914
219657697.5301709175 98965.0911344098
220004861.1306113005 99769.9244209690
225055003.5284655988 110856.7289452553
219601241.3516454101 98857.1173795270
232142367.5063659847 121482.1122436523
212648439.3542428911 76627.9719723535
210322640.0412491858 64438.6192009449
238140213.3537633419 124796.5567626953
238168731.6022041738 124820.5064086914
212588161.3139531314 76282.8615063501
218851964.5775161386 96914.2977823181
236059802.0227460563 124234.0535278320
236168518.8526014388 124278.5456542969
210559567.5554862916 65830.1653873622
219478465.5423170328 98277.6135294003
208667655.8888227046 52955.7864353657
218610171.8171769977 96242.5034402771
226703766.1184081733 114397.3062744141
225479128.0503802896 112023.9599132538
218986767.1766095161 97146.4141885800
210555900.2155632973 65813.7678520416
225808029.6632052362 112571.3169708252
210839598.1133337915 67804.2598262560
216933192.0659520626 91387.5350155825
208607792.7166015208 52423.7420887947
210881849.4777793586 67848.9068521410
218823518.0512707829 96808.8586827082
208713452.6724087000 53288.2910385728
210668014.9065169990 66822.9723980129
219199653.8191683888 97712.0138589902
208538074.9444054663 51692.4936752915
218815010.6111103892 96799.4676736755
232261169.5609791875 121509.0331420898
208516741.7845163345 51547.2425254583
210098144.7542339861 62981.4415419435
208702849.6070746183 53180.4384897351
208501360.8141691089 51473.0601218939
217022824.6897714138 91655.5474209781
218319406.5536395907 94849.7332471401
228675137.9249611199 117618.5888061523
208685685.7906962335 53011.1839218736
216472012.4960500002 89669.7136989231
213877989.7741835117 81644.6960787637
228698340.2596791089 117758.5406494141
207792627.0776350498 42864.8499988317
213854633.3994171619 81436.8049050433
208050814.1830256879 46532.9710294587
208049098.3874170482 46521.8266130565
236425308.4875482023 124393.7552490234
213836058.0125073195 81413.5399399860
210226523.2365301847 63964.1848974263
212372389.3841992915 75264.6576451135
213663568.5077280998 80654.7949997050
213762506.7132051587 80919.0545059306
212419422.3656712472 75716.0424069238
213581523.7669186592 80501.6795974834
208050758.5689209700 46528.1872749804
207936576.8205164671 45590.3579259394
213207866.7842344046 78693.0889601262
207817694.1251886189 43051.9184792524
207990607.0798277259 45848.7705195993
213345507.5773743987 79218.3542151006
225071688.3263134956 111020.0639696121
224975353.1979325414 110812.9313631058
212090427.0981751382 74040.1759143200
224750284.6731906533 110134.1862050295
224800381.2911952734 110430.3876848221
237127874.5489908457 124657.2064208984
224768701.8310961127 110310.4929246902
213714832.8965516686 80789.6696898538
227520277.1919227242 115694.1579437256
213263347.0265759826 78827.6296553166
213211900.0171584487 78796.7476362737
226561744.2110009193 114052.0894126892
226702222.5199234188 114372.3522186279
212856964.2011573911 77361.6183256658
227380435.9653138220 115501.8217620850
208967162.3183746636 55079.5609821081
208781841.9775100648 53759.7739355564
207903672.6977374256 45030.9835111981
212916544.6245086789 77642.8137548465
213485687.8140118122 79977.4533552678
227058509.8266076148 115007.6948699951
226637187.7277022898 114269.0280609131
225751115.3498841822 112483.9534740448
213278581.8062249422 79195.0892500432
208824998.2514071465 54009.9985002950
208875751.0299881697 54394.5963842869
213038398.7330642343 78283.1596846135
225270258.7946802676 111491.9723186493
211989687.8484962285 73446.8692108046
209063940.5449786484 55830.4182583070
218101377.5591541529 94696.4752445681
210463863.2804225683 65293.2501786759
218079100.9835631847 94540.4085026247
218038411.1550433636 94411.9695905046
216424852.3716478944 89287.0719036758
217257937.4959772527 92211.6394346505
218033646.7257078886 94411.6638121916
217640813.3436313272 93067.9462690664
217846405.5803409815 93883.0226087881
217404042.3651937842 92574.8585689068
217479953.7643679976 92777.8412206918
209049567.9298289418 55721.6858505309
216503105.0430331826 89813.1443219185
210410786.5634678304 65041.4537177419
213514065.2927525938 79979.6062140465
226256978.9397187829 113375.9414653778
208698489.1900453568 53093.7497030795
226107476.9576606750 113058.0719718933
210646966.3915369809 66506.5214650994
221598557.0154675841 102478.9366793633
221717082.8029641509 102739.4780941010
212176627.3768344820 74372.6669888820
215220161.2485348582 85602.0389742204
215259463.3290554285 85813.1786794979
215264864.0097162724 85873.4246003667
212807794.6616830528 77101.3170956445
215300496.4974910617 86023.0216964523
232852504.7332476079 121554.5695800781
215122522.2805709839 85431.9144990484
216348121.0197556019 88967.7461554972
209340874.9720278978 57089.5160540543
216343270.3276247978 88801.8413132615
216255066.1929835677 88556.0807593192
216163859.8585669398 88462.3254136033
215251218.8514468670 85737.0946137945
210255513.3032505214 64023.3548641687
216192660.3520519137 88462.5576730110
228205337.7910250723 115857.7761230469
209232384.3887306452 56742.2268149853
209484404.4414607584 58561.9485595226
215858063.8775824308 87550.3958481736
216035053.3018223643 87853.7473473046
232965569.0695351958 121598.8632812500
210571911.8228134811 65952.9158425366
222210659.7762832046 103915.2350879908
224741981.8984928131 109511.9157524109
222117559.4270721078 103693.7854000330
211775078.9064492881 71716.6499896720
211776106.1816547811 72053.4907577038
210096148.0849472284 62841.1944162112
211875893.2438119054 72433.0000509478
211737192.2456679642 71678.8790465593
211797627.5215801895 72269.4118152335
222059343.7853180766 103460.8818511143
209529422.0244007707 58712.5482820272
209963252.3142825663 61758.7384271399
209807440.0145542920 60828.7411248462
222135006.7959951460 103780.3352982178
209855760.3386665583 60881.8872319758
222449236.7458996773 104340.9973712373
209904928.4210530221 61204.5652749538
209683535.7379005253 59914.0457183421
233583653.3458106518 121662.4480285645
209444193.4251769781 58175.7040366344
222086438.8097714782 103557.4387320653
209421171.5639610589 58032.5262909234
209793916.5356800854 60271.0098308772
209631451.9843843281 59122.7290514410
209753838.1822529733 60027.8049753606
222715876.2315088212 104795.6025744677
222892215.6683404744 105144.3939194679
222522798.0733534396 104558.4491397142
