304653885.0435972214 3389766.3085937500
305529546.7202991247 3420141.9482421875
305359795.5869107842 3414069.7236328125
312649029.9148411751 3607503.6289062500
312945933.4507933855 3608732.5585937500
316458806.1693171263 3652296.6191406250
317829328.2635505795 3663841.9843750000
322002467.9418333769 3674932.3125000000
325381415.7700017095 3680769.3769531250
325877169.3116182685 3680992.3300781250
292052177.4659597278 2479978.2573242188
292131461.1154932380 2484860.1684570312
292162143.4022666812 2495977.5087890625
292119527.4489242435 2484852.6342773438
291916907.3304565549 2474137.7055664062
312925647.3914676905 3608634.4609375000
312466154.2646828890 3601793.8144531250
290114905.7761216760 2032157.5566406250
290066034.6258125901 2021459.4814453125
291079533.0532189608 2314678.5576171875
291796876.4083780646 2450411.5561523438
291813618.2076163888 2459925.0981445312
291732294.3231501579 2443375.9965820312
291633040.5657873750 2435278.0229492188
292397785.8625277281 2498483.4033203125
296709924.0718247294 2916436.9921875000
298601203.7150655985 3055732.3134765625
298569627.5343905687 3051870.4453125000
303814793.4352496862 3359246.6894531250
303960714.7892414331 3368037.0214843750
308827275.8040241003 3511300.8535156250
304821519.2748062611 3396446.0332031250
290009665.2634333372 1991308.3085937500
304461624.5689883232 3384432.9863281250
290022538.9999416471 2008329.4394531250
290084554.9094097018 2022080.1547851562
290127222.7029082179 2033886.0874023438
290141173.0943774581 2052443.8964843750
291054844.5841668248 2303011.3574218750
297364226.9709370136 2968974.3144531250
297261201.7176386118 2954874.0292968750
303910239.2852639556 3362161.7597656250
303701206.5883917809 3351582.1455078125
305488908.9603126645 3416047.4326171875
309512640.7695891857 3522759.2656250000
314002586.4427735806 3622674.6289062500
313968552.1097179651 3620269.1503906250
322309368.1841999292 3675551.3710937500
317448557.5467742085 3663257.3574218750
308932699.6836044788 3517901.4179687500
316984590.5845156312 3659971.9101562500
317800509.6586025357 3663758.9492187500
294495352.9654159546 2711695.2792968750
297680489.0970399380 3000336.9013671875
317273748.0458199382 3662106.8925781250
317238156.9762663245 3662098.4921875000
308844357.1455734968 3513788.6347656250
309062804.3827029467 3520212.7343750000
313556198.8614567518 3618219.5878906250
305515850.9511789680 3418984.7119140625
308931230.4903627634 3516396.2832031250
309225025.6407482624 3520623.1269531250
291341723.8199886084 2366626.2670898438
297861041.3585048914 3010555.0097656250
304294575.4983636141 3378572.1728515625
309496991.6970285177 3522721.2812500000
319318054.7301023602 3668274.7832031250
319449114.0937257409 3668557.9101562500
323860349.8105309010 3678649.5039062500
290243246.5684006810 2065903.3759765625
290145395.2558020949 2053647.3237304688
297930291.1666697264 3013173.6708984375
325315273.3691931367 3680335.9238281250
324742530.7319467664 3679354.3359375000
297573592.1305049062 2985983.3193359375
297758971.1394494772 3005750.1650390625
305629485.4933828712 3421592.3173828125
322069279.2840727568 3675443.5507812500
324814920.1792351604 3680052.3906250000
304061519.0193688869 3370463.9326171875
304339429.6754667759 3380780.0615234375
297428581.6111580729 2970835.4648437500
297832597.8511363864 3007375.4716796875
298368679.3136209846 3043009.4023437500
304198907.7727644444 3376389.1318359375
305525804.8719351888 3420133.4130859375
308855011.2869273424 3515726.5136718750
318472594.8530128598 3665835.4589843750
325038835.8734722733 3680117.1445312500
290341051.6863291860 2085164.8774414062
298031002.6076420546 3019238.2548828125
304363247.7468575239 3381875.9814453125
319215845.5925688148 3667702.5703125000
319240117.5582018495 3667770.8906250000
290485575.0906199813 2086798.5200195312
290257898.3241342306 2067816.3286132812
291687098.4575788379 2435841.8510742188
291357435.5433452725 2384753.1801757812
291380013.1265385151 2385675.0161132812
297853755.8497045636 3007819.0058593750
291605470.2167044878 2426652.1860351562
292356051.1530022621 2496744.1718750000
292247882.0893878341 2496575.6826171875
298052250.9670851827 3021421.7626953125
324470887.9354720116 3679340.5859375000
308078085.1449018717 3495383.7929687500
291695889.6577377319 2438036.0571289062
291630266.4010658860 2432040.9399414062
292653075.9745103717 2501467.5327148438
292076993.3254168034 2482709.0644531250
305311246.8390827775 3413591.2919921875
313834505.4098572731 3619767.0800781250
324784328.1113671660 3680049.8691406250
313663717.6134182215 3618697.6796875000
318991388.2714754939 3667701.1601562500
305162871.7621673942 3406480.1904296875
305072735.2593283057 3404852.0292968750
313097080.4360820055 3611962.0625000000
316967425.4500353336 3658910.3515625000
305007765.9843568206 3400251.6230468750
304556294.0179218054 3387395.8837890625
307973382.5130959749 3492547.6464843750
313352911.2104153633 3614505.5371093750
296767947.9815973043 2922512.0166015625
323722318.2777197361 3678336.6289062500
291399468.7170292139 2393434.3579101562
291995796.5766903162 2474881.4179687500
297468785.3952428102 2984023.0126953125
297261321.0821235776 2966588.9013671875
307882825.4709079266 3488636.1503906250
296509322.9730264544 2898455.2646484375
290988233.8803545833 2291178.9296875000
324234300.9436243773 3679273.9824218750
316550410.8286692500 3654520.2089843750
321913720.6859157085 3674852.8515625000
294672459.1934496164 2738142.7841796875
294764586.0175749660 2744881.7255859375
296807185.0236041546 2928222.4013671875
294789697.2658236027 2748654.3779296875
324761774.1696883440 3679604.7011718750
316269386.5471614599 3651919.8691406250
307358233.8458434939 3473427.3906250000
290947023.5044751763 2278008.3300781250
291466983.3548434377 2402957.0014648438
291455718.8137339354 2401117.8500976562
291428547.5481157303 2396834.9829101562
307395780.0486513972 3475185.7988281250
324053099.1998491287 3679039.6757812500
290993566.0240750909 2298157.5820312500
296886718.3712424040 2935174.1787109375
315997708.4593114853 3648262.8496093750
315991088.1928353310 3646847.9062500000
296536934.9926238060 2904661.7148437500
318899906.3832104802 3667199.7500000000
313487767.7947773933 3616025.4648437500
318585757.6502752900 3666302.5410156250
294802491.6365178227 2751651.2919921875
318751834.2214044929 3666776.1933593750
312173491.1281570196 3593448.1503906250
294675230.6330513358 2739407.0556640625
290500613.0328220129 2090569.8237304688
312162257.9320465922 3592578.9257812500
312135002.9538410902 3592502.1640625000
291347933.5370402336 2375874.0776367188
299094819.0523585081 3070691.8984375000
299114811.7521169186 3071916.0273437500
290580469.7045428753 2119121.1093750000
290518199.2307697535 2093785.0322265625
294608566.0570063591 2730594.6171875000
312416872.5701062679 3597517.2109375000
299256370.3182544112 3076006.4208984375
299046731.5931056738 3069983.4970703125
296999443.2187032104 2935331.4394531250
298829947.4133034945 3057894.4023437500
297020752.0432126522 2942547.4677734375
296864120.1211907864 2932764.4189453125
296861402.1037567854 2929904.5283203125
296625757.9565631747 2912496.1728515625
323825860.1471673250 3678579.4570312500
291062871.0402398705 2310981.9824218750
291257079.8843405247 2338634.6552734375
291272365.5051899552 2343771.5302734375
296650173.6366758943 2916230.8896484375
291189858.3252283931 2331023.6044921875
291196904.5838813186 2333448.3203125000
290550221.2698670030 2101158.9409179688
291181802.7423024178 2324540.7431640625
291241857.6960642934 2334802.0830078125
291185370.7871896625 2328774.4550781250
318513944.4208075404 3665903.7539062500
290921424.8471098542 2246325.9570312500
290574489.3151222467 2105789.7949218750
318318102.4992066622 3665275.7695312500
323507715.2609946728 3677994.4042968750
323032077.9306964874 3677034.3261718750
323287604.8306915760 3677353.9746093750
322688357.7422399521 3676074.2851562500
323281327.7548372746 3677107.4277343750
318199149.0463899374 3664702.8242187500
301931537.7186710835 3222454.1181640625
323059247.1018174887 3677049.3515625000
307627616.4873902798 3480220.8085937500
294357423.8237407804 2694926.8378906250
314508070.4247801304 3628307.0878906250
307726812.5933331251 3483915.0585937500
294314770.5694870353 2692885.0458984375
310227418.6939359903 3547336.1484375000
321875212.2130903602 3674750.0839843750
294218735.8010236621 2681351.6171875000
294251175.0486692786 2687627.3857421875
296419935.3721897006 2887399.3579101562
307791993.5572255850 3484958.1953125000
307854533.1790463924 3487529.4296875000
290902881.7497958541 2236330.0644531250
290904244.8867638111 2239053.5078125000
290938668.3617543578 2250696.9238281250
315207604.2827396393 3632584.9023437500
307715497.9212120771 3483055.5449218750
290728744.5176234245 2149581.1713867188
302020333.6195620298 3229273.6171875000
310798513.3843093514 3558729.9882812500
296378613.0672633648 2879542.0761718750
296486103.6184324026 2891394.7138671875
314945979.5420652628 3632309.2949218750
322566325.3274281025 3676007.6523437500
301958964.2485677004 3228867.8710937500
290712152.6606255770 2142860.6508789062
290686018.9176953435 2136197.2387695312
290886504.0045328736 2224911.2583007812
296378104.8569045067 2875780.9707031250
314889678.7224839926 3631425.4707031250
294103240.9006619453 2667014.8222656250
290801965.8007605672 2162517.4555664062
294114983.8168512583 2667213.7373046875
294089645.9679775834 2659884.1640625000
290770030.5010303259 2159011.8891601562
290812236.7820599675 2164791.2407226562
294145136.0238497853 2672926.4423828125
309891365.7770574689 3539546.6484375000
290846319.5509878993 2189414.0195312500
290852118.9013928175 2194235.7695312500
290841548.6914230585 2180536.6391601562
309813552.7734040618 3535819.2890625000
310060413.2245072722 3544214.6914062500
310934061.6977458596 3563180.7246093750
311051947.5654676557 3565658.4531250000
311278893.3206730485 3569098.7500000000
311192108.7049306035 3567926.7578125000
310307458.0857849717 3550031.2304687500
314183409.0924346447 3623095.9101562500
295838842.6104735732 2822378.4497070312
302369599.9952324629 3251275.6455078125
310815291.2797647119 3560940.8105468750
321323959.2021655440 3672139.1875000000
293828620.8458030820 2619065.4824218750
293911586.8648421168 2631574.1191406250
295936054.4916816950 2831371.5141601562
314403372.7509787083 3625823.1855468750
321532075.8963579535 3673182.3925781250
321121420.1644527316 3671788.7480468750
321453910.1116141677 3672563.1250000000
293872538.7551870942 2628730.6367187500
302742154.9838770628 3264217.6767578125
321467948.9472334981 3673113.3691406250
295736184.1902061701 2816125.3193359375
295631216.0542494655 2809386.0610351562
302556702.6758848429 3258292.4033203125
295594342.7871236801 2803469.5590820312
306469217.6177520752 3437460.1962890625
306595672.1213968992 3440788.6669921875
306634035.9268487692 3442947.5156250000
306390905.8912389278 3434757.7880859375
295553942.5542120934 2797531.4497070312
306485602.0383559465 3437575.0361328125
306429346.8645147085 3436819.7822265625
294009780.9740124345 2640084.7060546875
306546873.7724307775 3439632.7978515625
295546000.6716442108 2797312.8061523438
303388878.8657901287 3293604.0224609375
303221330.9762139320 3287955.9677734375
295485258.5431750417 2794560.7934570312
303128578.5642729998 3280656.3134765625
295270009.6822580695 2774959.0981445312
295297803.8111172318 2777229.0063476562
320668497.5073421597 3669675.1308593750
303356531.5643881559 3289190.5595703125
320846292.3366460204 3670189.4238281250
320970427.3553618789 3670501.3730468750
303032521.8590569496 3274855.6591796875
303170821.5616266727 3283020.7919921875
293768800.9013059735 2597538.6088867188
293758201.6277849078 2595062.8833007812
311867809.8561488986 3573983.1035156250
293787859.9804306626 2602557.3862304688
315792413.6815508604 3636132.6621093750
315795135.9365987778 3637412.8652343750
315621242.8050988913 3634911.6640625000
315504811.8895089626 3633643.6992187500
315400148.4045907259 3633221.3417968750
293722198.3313726187 2536588.2500000000
