317628208.4615110755 292880.8404541016
317644434.0616377592 293089.3308105469
320177249.1577388644 294539.2761230469
312845440.9792624116 271713.2348184586
293300832.3175414205 118561.4830530658
293248006.9956495762 118498.0622616820
299031330.7583234310 182611.3826526778
317049734.3877972960 290699.3441772461
317488793.9897063971 292421.0643310547
318777894.8330948353 293957.5283203125
318820922.7656995058 294028.7060546875
324303737.2982935905 295879.5524902344
328573287.2986588478 296458.4436035156
292924382.8799799085 116441.8199936301
293071188.8262140751 117552.1185022816
293225755.8724576831 118420.9487482533
292288854.4450698495 104828.2143198650
292221599.8849796653 104539.6076289963
292841587.0383508205 116387.8069025502
309712238.6534213424 253888.1866578311
292213453.3816704750 104457.9889570873
323775421.2689507008 295637.2723388672
292280425.6138398051 104689.9510488212
300269162.9606329203 191709.8085260431
300317799.4168201089 192264.2457815337
300376275.2827779055 192302.4601361330
309404147.2619963288 252573.9977823943
319694562.1810450554 294229.7966308594
323881870.6271290779 295802.2521972656
292534118.3131027818 111208.5778235719
299558812.2819600105 186092.8954724187
309176110.2013825774 251230.1293708533
310029966.6004607081 256388.1537293643
312493026.7972579002 270290.3614664078
313762606.3146579862 275457.2578821182
292209206.0696209073 102611.8358240377
299160150.2544081211 182682.4242704886
309824536.6269463301 255081.9978455752
313620054.7799564004 275291.2368249893
317774610.4816249013 293117.1190185547
317863262.2053886652 293323.0808105469
317802390.5791575909 293253.4597167969
292003983.5483701825 69826.5290944205
300416580.2660055757 192596.2532129327
300185855.9509695172 190664.0717706720
310240550.4073806405 257292.1282948703
313144713.7947143912 273804.9369668961
299165630.9950290322 183415.9761252592
300463604.3332411051 192635.4161961162
317799883.8105564117 293141.2404785156
297575012.5002983212 168411.0129512036
299303466.0028972030 184372.2018273445
299239133.6923999786 184351.3215844820
300085729.8269215822 190550.6268243829
318452823.2211610079 293714.7014160156
318159097.6475128531 293526.0931396484
292119903.3188598752 71850.2412911282
292961858.2594902515 116447.1265574768
297682265.6791647077 168547.3813215217
298981326.2357925177 182322.5963977950
313202194.3277767301 274169.0741052628
313894109.5214782357 275464.1087760925
317999080.1597435474 293384.8966064453
324922206.3318947554 295911.4155273438
329273705.6287261248 296499.8079833984
300078302.9295358658 189521.3984302322
320064543.8440160155 294476.2423095703
329291422.1953374743 296501.8126220703
309520841.3553140759 253415.3614298552
313305665.7655339241 274295.4177331924
320347348.0528349280 294567.7000732422
292323851.7814370394 106966.0210866630
298738861.8730507493 180119.7787040512
313538311.2128142715 275101.0950403214
320075682.5500700474 294491.8366699219
293012677.8207485080 117061.6617932669
292435014.6778451800 108478.7155373991
299639234.4962335229 186442.1188434402
313697631.5094143748 275316.7306604385
317074039.3739649653 291161.8818359375
319909518.0582224131 294469.2370605469
324200250.1035869122 295811.7108154297
292437837.1204102635 109005.8401711881
298712826.8948251605 179551.1829778545
298125278.3962382674 173655.0499470412
298890509.4754309058 180912.5562831035
316891058.1364189982 290286.0308837891
319536614.2159527540 294096.9639892578
328581683.4878460765 296464.5223388672
292053760.4784655571 71775.5394770728
292712106.5140774846 114439.4911590591
292752950.4940676689 115019.6536062411
317159841.7670950890 291544.4042968750
312545694.3992948532 270389.2813272476
312421139.1825751066 270075.0014200211
328591703.1909061074 296466.0625000000
292966994.0770244002 116885.9079946182
319892122.8345084190 294378.6193847656
312871723.7168181539 272362.5639200211
292473829.8314651847 110165.9069465622
313249723.0979825854 274229.0692224503
316770117.8219823837 289121.9734802246
316926256.8700571656 290516.2741088867
292492955.5047936440 110722.1498226151
299508583.3210214972 185504.4798644225
299340120.4602987766 184763.5674213211
317176012.3588795066 291803.3978271484
317072145.8969026804 291089.7932739258
292472893.7006625533 109021.1830209196
292475797.2291738391 110369.8945687711
292490193.3280568123 110381.7411754653
299023794.7497423887 182354.7474077598
312677060.9098969102 271624.0114297867
292037603.5207589269 70185.5242041872
312704824.8112896085 271707.3748331070
317308467.3744516373 292204.9102783203
292122382.3341845870 71999.1839989268
313008900.8804240823 273146.3098917007
319826354.6584495902 294376.4567871094
292036514.0722050071 70023.9985810407
323527726.3671550751 295595.0814208984
298735117.6660354733 179797.5228433984
298386307.4791812301 176723.4059218785
298204897.8217623234 175153.6501667678
298350746.5007319450 176639.4907607457
298335537.4123353362 175456.1680678746
298386959.3841482997 176834.6893691442
298124767.9583636522 172926.3518218419
297384363.7327342629 166326.5488693754
301276590.8500882387 194675.0908035794
309299178.7289007902 251974.2825724334
313442268.8224576116 274908.2244653702
323216591.2121462822 295350.1621093750
323803500.0825424194 295669.4959716797
298059577.1702445745 172342.7273851356
297872639.8707469106 170463.3072707010
298046810.2087001801 170770.9212170003
309281564.3516202569 251318.2569987029
297845140.3255947232 169783.2712572536
297921276.2947389483 170577.4964781741
309426283.6757665277 252717.7934507579
309452209.6020116210 253098.3281046599
315693583.5600972772 283938.6715087891
328380408.4863217473 296412.3217773438
292123043.8563234210 73102.4901041277
301517354.0251096487 194686.6728015998
315425038.6930250525 283084.6629638672
309565221.0419278741 253433.0564851016
312999334.3577601314 272634.7007608414
315819105.1521368623 284726.9049072266
309647788.0871847272 253871.4513978213
315221285.9628892541 282229.0198974609
292165341.2397205234 74124.7404740192
309644344.3748678565 253821.6348695010
297272879.3605217934 164463.0029690305
297363899.4707887173 164826.9456140886
301083209.9464223385 194520.0193547914
309570722.1417296529 253812.5895814151
328025342.7777244449 296279.7923583984
297115901.2363526821 162569.1061936656
297142053.5508773923 163131.3177855054
328136087.7208315134 296378.1112060547
296891997.1309553385 160696.4030686656
297049650.1534410119 162356.1349870006
309909717.1953428388 255653.0396699160
297131180.8294699788 162652.8315476368
293411147.7192426920 119201.6908659173
296865600.0788491964 160535.9643479625
296941542.2965813279 161047.3520060817
319613292.4295415878 294172.2790527344
323350472.5948982239 295526.8853759766
293765322.8115387559 119256.8915648001
309809997.3720083833 255048.1454896182
315783500.0825380683 284445.2648925781
323330145.7836115360 295488.1005859375
296836034.0325866342 159109.5862125049
297002662.4610998034 161165.1917910019
323000950.3863601685 295345.9073486328
316046828.3152027726 285430.1498413086
328354765.4557917118 296393.9291992188
328132973.5567074418 296342.8195800781
309714910.1331093907 254121.1678075045
316188251.0173597336 285575.7999877930
296581235.6932895184 156289.0885039608
310319520.6537535787 257611.2262677401
296204872.7306577563 152831.5888481180
296717280.9384859204 158141.9513293544
296741947.9365424514 158497.2308151762
310723192.8708215356 259250.5078534335
311004428.5171507001 260265.3923444003
310850109.2820546031 259877.9442242831
312203484.5136449337 268184.6104745865
296340226.3909807801 154436.3813044468
296791206.4840715528 158803.8224687616
310886928.1423587203 260249.2093610018
310603182.7274442315 259084.1286114901
296506931.3260059953 156153.8678923885
311959763.3116216660 265834.0413980484
312044365.7050558329 267123.0715036392
323801738.2350740433 295640.9663085938
296392846.1427732706 154631.9546183983
316109994.1836645007 285469.2578735352
312201387.5061525106 267409.1043100357
310769317.5435914397 259311.6669644564
312150223.5923299789 267199.4625558853
312371107.5148668289 268887.4864511490
296727187.5289162397 158491.1025773326
296597336.4845711589 156782.9769134710
296387132.6002699733 154512.4832869808
316206342.0820642114 285729.5294799805
296482775.3683058023 155078.5566893856
316710065.7754862309 287501.4992675781
316338559.6485461593 285785.5869750977
296638477.3018311858 156855.0323654639
310539888.0028749108 257796.2360333651
311349712.8566320539 260368.9101734161
296125668.4151887894 149651.5300370867
316677747.5315268040 287115.6248168945
296062888.6465772390 148662.9926022703
295817051.5696082711 145217.0481137449
327685619.5803539157 296004.2703857422
295926437.3275684118 146691.8875165361
295968713.8039566875 147160.8391293699
295929687.7671800256 146701.3689145262
295736439.5117087960 144162.2065333689
295847862.7018387318 145430.4713038767
295713143.5500687957 143283.0756006839
295686156.0792837143 141485.3277734930
322958254.7961591482 294922.6176757812
295541523.4818941355 141270.0519708807
314376918.4292023778 276781.0305633545
295419203.6340355873 139393.1562387759
295365017.8521638513 139236.9101251776
294915370.6800557971 133433.6898237581
295053648.5743179917 134047.5648838992
294861828.7613092661 132009.7799116487
295080120.3666306138 134605.0967442507
294894710.4459042549 133132.0248448367
314313927.3139269948 275975.8144378662
314176702.0185984969 275844.2108001709
294866155.1480469704 132388.4153751249
294888154.8718613982 132646.1407744403
314408456.2771561742 276859.8682098389
294687584.0245114565 129875.4207773453
294835202.7555037141 129959.5309842623
322703352.4228794575 294599.0563964844
322738991.7294864655 294712.3631591797
294557878.9347823858 127784.7939729935
294430663.2126237750 124230.6980361587
294514366.0792047977 125740.2435274369
294273922.5258461237 122287.1125633067
294465214.2892994285 124740.8672019786
327830681.9728124142 296189.0069580078
294195165.2048842907 121567.1256860143
294205030.5249109268 121781.4236505276
294090461.1600044966 119756.2524951345
294173812.4166293144 120488.3667939550
294036184.6188700795 119475.9015229589
294044744.0598810315 119490.9203484899
306072835.0653246045 222802.5865442753
306427286.7139780521 224607.4865433574
305932226.3823087215 222144.9146850109
306141363.7988262177 223318.5767943859
311507882.6283081174 261999.0125455111
311406782.6310290694 261318.7676114291
311771578.7417917848 263266.9701413363
306176310.2305037379 223356.2884643078
311505383.7046331763 261554.8018140048
306664092.4363000393 226480.8863105774
305911951.8321973085 221335.3056418896
306441849.1970712543 225057.6334331036
306284364.1620000601 223931.0519399047
305851584.3279466033 220590.2176330090
305119366.3993256092 212434.6289043767
305307027.6084551811 214470.0436840398
305028409.4056228995 212417.1610088689
305185287.5944743156 213495.0447521551
305261484.8919640183 213664.4926281316
305195323.4994889498 213555.3679943426
305234035.9214787483 213663.0867443426
305509040.2964157462 215592.3528151350
305423389.5000817776 214863.3938917952
307927417.7796960473 232441.7953204438
307631215.3581286669 230151.3753871066
307480330.6258205771 228796.6934689624
307564814.5655905604 229636.9958476169
307380831.4951308966 227800.1517695529
307430696.3641719818 228274.3885020358
307271353.4504970312 227483.3113764865
307346841.4240862727 227566.3334712131
309035337.6333622932 237030.6705187900
308739069.4224232435 234222.4589022739
308824328.4026494026 235597.2813204868
308534253.3256418109 233520.5007723911
308544414.9999859929 233970.1775302036
308626261.4844531417 233997.6552476883
308823319.8164346814 234341.2381277084
308812031.9744665027 234269.1697952747
304663902.6981229186 195380.2633735090
304709351.9723841548 196352.3587104231
