649938069.7060002089 232123.6533024744
668365331.9510942698 248570.4361267090
674412939.4075405598 253852.4966735840
688554738.9863713980 257111.4824829102
644281152.5515695810 224099.4898808219
592233744.8647681475 94191.2138210522
594232953.6833641529 102337.2438131287
598432771.3871604204 123264.0780808870
600349128.8068745136 130579.6136001854
615835000.0205525160 174187.2772431942
616102415.4632425308 174208.9220948787
616818588.0349472761 176718.6790570962
673327711.5702688694 253058.1597595215
689082588.6434949636 257416.3749389648
688971584.0938091278 257170.1213073730
689071686.7970821857 257277.6818847656
689367890.1072617769 257494.9331054688
689685279.1729680300 257499.6272583008
649590285.3307895660 231736.5029218630
668580526.2456768751 248602.0181274414
592153941.4505119324 93774.2017937811
592349585.7806059122 94311.8347514356
590758247.8309605122 75141.5381453281
592018847.6137294769 93360.5240561769
594197431.5633256435 102314.9656488537
676011092.6422501802 254932.5132446289
675970562.2173622847 254898.6136169434
593431013.7275038958 100021.3688592683
593719235.2394832373 101856.4056760707
594124645.7380149364 102314.8739917218
593850540.4416264296 102301.9831324436
598350611.0776606798 123193.3622060884
649710622.2733236551 231806.4048383669
600297648.8048461676 130445.3879226951
600085020.2751264572 129537.0089084415
600201312.0375598669 130251.9632400780
644431384.5460780859 224917.5567529947
643715405.8523526192 223946.2603698701
675612830.1479088068 254661.1735839844
675212686.0605291128 254468.5178527832
675488730.2443177700 254644.7478637695
675967101.7305663824 254849.8559570312
619533774.2883908749 181584.7435864501
591912617.2453321218 91942.7011583103
598236721.7104700804 122624.6092153657
668711257.0408598185 249002.1024932861
591911951.9975935221 91430.5467240559
591909426.5468885899 91063.3031046642
617220150.0787948370 177212.4396630680
617239431.7660343647 177213.8694095592
673759581.0180022717 253344.4190521240
590699732.2087973356 74759.8429207442
593453895.7283314466 100496.5110851764
649783284.6272726059 231894.6032941774
591927473.4106671810 92206.9850023044
600035486.6282286644 129385.3602182611
649890580.1289597750 232029.4238203005
675634860.0849384069 254803.9956054688
649744136.5787137747 231822.3240278200
617310941.8300495148 177572.3826333439
650190922.9215427637 232156.5440583364
590978128.7268499136 77697.8023089333
674683716.0936882496 254195.9258117676
590815807.4013475180 77192.8580735076
643331116.5283008814 223144.0786976932
673434934.0166327953 253224.8656311035
674918069.5487947464 254423.9259948730
591137935.5834050179 78381.1445935438
648893103.5208015442 231103.4956304119
590780433.0120664835 76785.8727435037
593574736.5404027700 100896.9748318140
597830210.2183151245 120764.3253388610
601393656.8389265537 133669.0617467638
648229488.3663978577 230274.5415288494
601350153.1065276861 133572.5820775970
648712200.7368180752 230899.1504766033
597990861.4211752415 121652.6618456934
598041758.3462158442 121711.2280993555
601359804.0484286547 133588.6334730133
674420386.9389734268 253890.5706634521
591129960.9627349377 77758.1215772704
591854436.4592567682 90734.1287270347
648159503.5803823471 230257.2202397869
689000435.5983752012 257254.0184020996
673177682.0323679447 252906.8257331848
598048497.0716620684 121782.0792040918
616751415.8917595148 176425.2419461954
647432774.5945014954 228805.2517448948
673402887.3639570475 253067.9892883301
673579311.7215340137 253274.1118469238
647543506.7912712097 229101.8165794895
647620131.6839334965 229456.4867455051
674018698.6577587128 253516.3673553467
601292081.9476541281 133532.7847956761
647488709.2659567595 229098.1272408054
673104985.2412157059 252800.1445922852
601361444.6071645021 133625.9366117816
593458447.0588507652 100564.4969363436
597931414.6066243649 121286.0773730371
647442163.0636389256 229048.9623727798
600794911.5009496212 132088.4546477541
601036790.3065166473 132838.4668432220
619063565.5513132811 181025.3492255353
618956615.8862680197 180594.9082770490
591134891.9386297464 78026.2969584172
619190060.7252706289 181116.0260138654
618705448.5081347227 179739.7646079205
618940135.3305670023 180559.2324580955
600756786.0208634138 131926.5372777923
616633132.6262170076 176220.6799421060
600605483.1491645575 131138.1117075763
600484512.3122917414 131037.0490079864
668597734.6347002983 248828.2660980225
669060195.7937054634 249289.4594268799
618973058.6797860861 180596.8112095736
645627039.2071826458 226114.6377206015
593294481.6120328903 99308.1574025974
618805036.3552354574 180464.1970343732
615795748.5742222071 174127.9624524685
643280316.5124089718 222885.3581268319
645787226.9038932323 226409.4406228231
600151036.8821027279 129731.9143307253
600048065.2955819368 129508.8897831484
599799743.7186543941 128021.7266700312
597654257.5737223625 119778.0312482733
600025101.6169555187 129269.4807326838
599839879.1419047117 128717.0057723566
599682869.2659686804 127999.4480787783
618723913.2427113056 180080.8543564223
618324456.5113964081 179269.7848450087
643644169.4696402550 223384.0347930916
618986300.8422551155 180618.5632187270
669606949.2734874487 249692.6564788818
599523385.5451329947 126964.5313917666
647341756.4169013500 228769.8492226871
591315242.4883698225 78575.2709161333
616397435.3526988029 175580.9773083301
618289834.1146934032 179088.7350455180
643512152.2165032625 223150.9384338387
599578271.0603491068 127231.3038069278
599657191.6390571594 127504.6434713870
593165067.8163038492 98549.4764498100
674176618.7699437141 253559.7664337158
593300969.3698179722 99315.8273580894
647259549.7028722763 228526.3776372405
669172590.5463134050 249404.0195007324
593319499.2497793436 99543.2824054165
591383301.8611661196 78864.3703766575
592723573.4662458897 94462.4773722305
618426747.3240283728 179724.7391220473
645028449.6846333742 225707.6523147124
593144805.9286400080 98065.4483095594
618381766.3974847794 179416.7602570534
617753226.3335957527 178012.9922577285
617618327.3437156677 177996.2627960586
592925202.0614752769 95937.9878924526
597699982.0205596685 120010.2691796180
593055203.7532033920 97008.7407339774
647243569.9281640053 228525.1104288700
686564341.7076164484 256794.7649841309
615652537.4517598152 173108.5754309932
670430400.9761320353 250281.7642517090
615273977.5523124933 172369.6523772518
647053399.6309458017 228195.7152720097
687242986.2561061382 256969.9129943848
646165144.6381359100 226847.4044415716
646472687.6126537323 227346.9704205755
646045201.3862968683 226784.5452496771
688039495.4099309444 257049.7172851562
670047852.4996188879 249905.5224609375
670649642.7408427000 250451.5360412598
687528207.6618307829 257001.2304687500
672245276.7058708668 251471.4254608154
642338434.6986361742 220696.7322246730
642745720.3107339144 221371.2642681301
672007147.6410853863 251358.6752166748
672538487.0894265175 251714.4238128662
643028687.3096228838 221645.8194286525
613937114.3651340008 167980.1452398291
613903532.3892955780 167979.2583404214
613806120.2013522387 167935.4305665125
672118046.4139409065 251385.1082954407
614026755.4192764759 168245.9517762293
614039501.0063345432 168568.8633362879
671789074.9161497355 251115.9158477783
671946912.9776124954 251207.6360015869
671684571.2216833830 251073.6527862549
613715050.5696941614 167782.0397889246
613649191.2303425074 167608.2066244413
613456279.5890624523 167003.1697678999
613057000.0385123491 166048.2130222698
598919002.3202267885 123433.7549336273
612920124.4102034569 165588.0365696331
612612649.3577975035 164594.3721793774
612697088.7535185814 164921.0090144272
612358792.9981421232 163601.1850112560
612410684.7400234938 164217.2004684093
612468797.1250954866 164302.8304364155
637740587.3136769533 211847.4617366896
685515174.4445784092 255939.9819946289
685329573.7835174799 255831.1047668457
685888637.1134761572 256261.1701354980
637763543.7528178692 211907.9472534761
637922137.7349940538 212305.3363974199
685744330.0461766720 256041.5360717773
686191737.1479384899 256288.0349426270
686211819.4632029533 256300.1187438965
637963965.3733018637 212510.8170492754
624734605.7474813461 186781.6904036483
624608062.1588619947 186449.7686945876
624453351.9289252758 186380.3523009947
612149707.6955336332 160585.2944852095
611834771.7489422560 159732.2033477928
624629201.0464961529 186572.5676753005
612036210.7094105482 160144.3869534936
641849265.6289807558 218740.1112976284
641794073.5936647654 218528.1011963100
624172739.7541048527 185710.3383660024
641123981.9063497782 217195.7022005375
623635306.8111481667 184444.5777198753
606736526.2131429911 144584.8803973522
596325967.1467808485 108383.7311744547
606570998.9811002016 144312.0930052481
596340010.4970762730 108399.7957886184
596449063.5122294426 108508.8066223586
611302977.1212903261 157753.4890675079
611089391.0185974836 156858.8920570053
611044269.9941241741 156292.0168821644
610745984.3951301575 155137.4627851048
611041609.3378119469 155845.1750440397
610848331.9368487597 155787.6879949369
610840233.4161127806 155146.0125763128
683665876.4428323507 255179.3850402832
684126324.3889478445 255214.1672058105
610010345.1922215223 153165.5772629911
623410684.6225887537 183648.2406730786
639988800.9794095755 215338.1028191730
623386054.2400684357 183605.4337272779
597339596.5519462824 112269.8045591204
639833381.5186848640 215035.2745368167
597397251.5412353277 112292.3249869416
597232054.6885715723 112028.1509382757
597266535.2189685106 112181.8829156826
640366744.9512915611 215762.6883699673
623310542.1215429306 183427.0662382205
640070154.1560485363 215439.5582906064
609716591.7345026731 152092.2024037233
640111220.2998300791 215442.8779317196
596100510.7676904202 104704.0519327185
596189418.8138338327 105483.5738932880
595694834.0461992025 102518.1228322548
595956259.4025033712 104053.5271986884
609092566.2602515221 150020.4702243935
595836965.4451777935 103322.0989430484
595777123.5397024155 102777.2168213411
607957718.0761297941 146924.3359373147
608189623.8295701742 147328.5965575455
608076755.4761931896 147123.4069742812
607847167.8671442270 146548.1058189077
607784820.3045057058 146295.1141196890
608134176.8888459206 147126.1562769152
607774688.3941911459 146284.6246787710
606335951.3064855337 142016.2670268079
606172386.6616624594 141265.5599872031
606262602.9947183132 141618.7250567832
605853777.1280014515 138931.1004227500
605598835.0267721415 138087.9012667041
605098510.4461628199 135974.8060478823
605362750.7486666441 137024.8753070788
658967043.9534337521 233195.7932748795
659920765.7643163204 233803.4908204079
659487401.8616523743 233612.6731934547
659158060.0451121330 233325.4379193783
658848337.2324358225 233040.6226205826
658489517.9314104319 232585.1616616249
658677618.5130972862 232801.2917795181
659122750.7368810177 233284.4181528091
668362716.5503587723 238993.8302268982
668022605.8046168089 238337.8328285217
668325315.2625708580 238869.5720367432
668113430.1323604584 238486.6096343994
668155236.1992642879 238561.2366905212
667972553.1159759760 237700.5677452087
668147538.8003531694 238535.9267845154
664851356.4173238277 235145.3125638962
664921639.9849679470 235206.4956998825
664532464.6250665188 235042.6204175949
663987526.1015261412 234614.9952116013
664222364.7591917515 234706.5276837349
664241989.1540247202 234893.7376432419
664092369.3295472860 234668.3267087936
663878701.3747128248 234553.3143796921
635826043.1336935759 190148.9327212758
636469220.3470710516 191778.1090289466
637182119.7722549438 193117.0345367212
636827605.0714606047 192367.5482115019
635751574.0424968004 188191.1128706808
