464672082.3723833561 5053654.3544921875
464699731.2449833155 5058244.0742187500
477555499.5148239732 5222109.4003906250
444154469.2397099137 4047702.1206054688
444177506.5337864757 4048510.7680664062
444146028.4253316522 4043892.0444335938
448325539.4683542848 4411415.4101562500
454303029.6977460980 4736395.9296875000
458742072.6439781785 4900382.9648437500
462767644.6467639208 5013315.4853515625
468395745.7636435628 5121374.5800781250
469154987.4046552777 5124129.7724609375
481100074.9819772840 5248290.6621093750
481181030.0484141111 5249190.7128906250
485328574.0304418206 5267890.2773437500
435299582.3833016753 2600320.9450683594
438746681.4837340713 3306100.2929687500
444196227.7268373370 4050029.5766601562
457190643.8506778479 4847954.2373046875
463070085.3640084267 5025871.4365234375
466682646.5525005460 5097316.5000000000
481866160.3426119089 5252586.9882812500
484304477.3677788377 5264017.8339843750
462918801.4719102383 5020054.8876953125
438805926.1276645064 3314211.3256835938
453637602.8597947955 4721112.5117187500
454042272.9631426930 4735580.4238281250
453523897.9498056769 4717717.6464843750
457361434.9835393429 4854927.3388671875
463162078.8329590559 5027882.2001953125
489908364.5389299393 5279746.0820312500
435278645.4574178457 2597040.5937500000
449058573.8033023477 4457537.8164062500
453852911.0180899501 4732447.1904296875
478426509.2777542472 5229426.6074218750
484130868.3610141873 5258287.0917968750
438970837.9855412841 3314661.5908203125
448818080.2613649964 4445916.6406250000
475877111.8172290325 5205993.7617187500
478016768.0832502842 5227558.5351562500
484464998.3182068467 5264976.5195312500
495614720.3925759196 5281974.8066406250
438684321.0113438964 3302589.2333984375
454541636.6376970410 4738897.8955078125
453929757.4048987031 4735445.9208984375
463311034.1296317577 5031268.0888671875
484741147.9512713552 5267571.6953125000
435212526.1771675348 2582886.4802246094
447994268.1687118411 4386279.7187500000
453799526.1863265634 4728854.6210937500
453833827.0244564414 4731781.2607421875
463047597.7957683802 5023928.3388671875
452956358.0187521577 4694520.5068359375
452914002.1149030328 4688663.6630859375
477702802.1802117229 5225810.5351562500
435592934.0804213881 2661774.7131347656
438627638.2108934522 3291939.9638671875
448034589.5667819381 4388606.9423828125
477634189.6275992393 5225804.0585937500
438589788.6965649724 3286352.9882812500
476882568.6588065624 5215997.3593750000
452954763.9237483144 4691938.2783203125
438546923.6741834283 3274485.3593750000
438480474.6509498954 3266910.8505859375
438574534.3826870322 3285343.5634765625
453080231.7353789210 4701771.4794921875
488614438.2398916483 5277607.5546875000
467040233.9888096452 5102777.0937500000
466804908.8554595113 5099626.6933593750
444405735.1297872663 4064426.1962890625
435408063.7171040773 2637708.7275390625
443705609.3866254687 3999104.5063476562
444344611.5213301778 4063359.0092773438
456357327.5715925694 4818728.2529296875
463272059.9572360516 5029460.9638671875
444268353.1460139155 4055228.0410156250
448041998.6811272502 4390004.9013671875
475229040.0745447278 5200705.0917968750
435322217.3308383822 2610021.7778320312
489210000.7829772234 5279270.2480468750
435154801.9604956508 2571236.1896972656
435234545.0797430277 2592934.0876464844
467747105.6258805394 5111659.6914062500
486085078.8786214590 5271526.8222656250
488376733.0985692739 5276097.8183593750
437398926.5081422329 3049670.4816894531
464330653.1039526463 5053014.8271484375
467826769.7827051282 5113285.3945312500
467580552.1790136695 5110780.5917968750
463250212.9603173733 5028535.7587890625
467512243.4245860577 5108392.4628906250
486491951.2173171639 5272258.9609375000
488377846.2388893366 5276552.2871093750
443924405.4736694694 4025468.3471679688
444093974.5967360139 4042818.8588867188
456505503.7128145695 4828762.3994140625
464035335.0416769981 5046380.1982421875
438314743.6356814504 3235212.6484375000
438321131.4803187251 3242601.5410156250
438568779.6994935870 3279024.9062500000
443809165.8444365859 4009399.9760742188
467006899.8003841043 5101523.9921875000
482486796.6319442391 5256202.3945312500
482410599.1682294607 5256198.3281250000
467195827.1001603007 5104943.8007812500
438478651.2438638806 3266714.8984375000
488740493.7841000557 5278021.8847656250
467320127.7676346302 5105433.8027343750
488741700.3556469679 5278057.7675781250
434843875.1019153595 2471276.1774902344
443896867.6624665856 4022173.9184570312
448639892.7459902167 4431557.4619140625
459066299.3928908706 4910215.4462890625
434820273.6770745516 2458929.0808105469
448285818.2856827378 4409586.6396484375
487564187.0812042952 5275548.2656250000
458936690.8062133193 4905271.7548828125
458494959.4475886226 4893946.5400390625
486973409.4149753451 5273584.5097656250
481959390.3699114919 5253214.4833984375
458555344.0475675464 4896023.8095703125
434778112.3763515353 2448848.1579589844
457198332.9204448462 4850016.3330078125
467378252.4278195500 5106407.5966796875
486754489.8877987266 5273116.3281250000
444044289.4990937114 4034737.1074218750
487018703.4903563857 5274533.7734375000
495734452.7632451653 5282218.4570312500
443999965.0233233571 4029009.6137695312
463691917.4481514692 5037978.1279296875
485786466.6261765361 5271040.5058593750
457236583.5739482641 4853585.7392578125
443983783.5340037942 4027816.4379882812
481680056.6852436066 5252051.0175781250
485377735.8038215041 5269605.1972656250
481590265.0815511942 5251816.7304687500
438377277.1370052099 3249139.0600585938
439862444.0315122604 3409568.0634765625
434859225.5637443662 2473544.5351562500
438361888.3600120544 3246415.2700195312
481027512.8587932587 5246232.6464843750
486392968.9529719949 5271960.2695312500
448137018.5653491616 4398626.1425781250
434833299.3625796437 2462800.4768066406
435079884.0601724386 2541074.8654785156
439219249.2163177729 3361579.2553710938
448369068.4264854789 4416303.0039062500
458343741.3585433364 4888715.1201171875
495655459.6486271024 5282206.6367187500
474808197.8068190813 5193687.7949218750
474671434.5063551664 5193045.8437500000
480190700.7342998981 5242256.2910156250
479901999.7645796537 5239351.5839843750
479731015.4573469162 5238297.9960937500
439460458.3911991119 3396751.6074218750
476068267.3279275894 5207205.0625000000
479218086.1491884589 5234507.1914062500
466038839.2623586059 5083506.9609375000
456880071.9233522415 4842398.5517578125
474649192.2628273964 5191557.2578125000
486220649.5571406484 5271896.7890625000
465019496.1824348569 5065907.0039062500
465222929.4998885989 5067302.7148437500
485608083.0241405368 5270510.1992187500
434966115.6564074755 2504713.2917480469
456950285.0802444220 4844341.6611328125
463822001.2006049156 5041589.4091796875
465474157.4241946340 5073825.0703125000
465246927.2295680642 5070065.0410156250
494416207.9074001908 5281374.8710937500
439352104.1272094250 3383714.3002929688
456760488.7692776918 4838836.1982421875
469901383.5450695157 5129944.4316406250
439410189.2790293694 3391905.9545898438
478589111.7375630140 5230319.9902343750
494890554.4411941171 5281840.3691406250
439554566.8949421644 3405502.9331054688
478994568.2425382137 5233374.5703125000
469562310.7220253944 5127058.7597656250
439241562.9303325415 3364780.9287109375
476503085.7981508970 5214001.3564453125
478831035.5571581125 5231375.2617187500
438995287.3463790417 3329066.7299804688
469493516.6111904383 5125635.4199218750
494261818.6441668868 5280195.6816406250
434913904.0932084322 2487265.6923828125
458161497.5434024930 4882137.9697265625
456415654.0655153990 4822764.9599609375
469541890.7205092907 5126056.7578125000
444959870.9997598529 4106541.8657226562
445095690.4957938790 4120405.8354492188
444881871.9551648498 4096470.9780273438
444996056.1393157840 4113541.4682617188
437323285.9556355476 3036627.8010253906
437292809.5148515701 3033254.7858886719
476471802.3125538826 5213725.3027343750
447585050.6090916991 4351446.5585937500
437236365.1586748362 3015241.9594726562
476942438.4398822188 5218187.9199218750
484019640.3285269737 5257488.3847656250
447306173.4887847304 4323442.6552734375
476094575.8674205542 5209145.3261718750
437176467.9487158060 3006875.2944335938
447424307.5939545035 4332789.6093750000
447029777.4430344701 4297782.1679687500
438147890.7447603941 3181217.1884765625
447119366.8568184972 4301109.4921875000
438163913.0103863478 3190181.2412109375
437529758.4464610219 3072071.0112304688
440395611.0131334066 3502110.4521484375
447021927.7052312493 4295202.1591796875
438020302.9767985344 3166233.4667968750
447166685.3079740405 4308892.2832031250
437956742.7955137491 3155404.2041015625
437941039.5605989099 3152216.9121093750
437910750.7026230693 3138428.3071289062
437838691.6648935676 3131184.4370117188
437744821.8138645291 3102474.0668945312
445381259.6989846826 4135231.1845703125
437508402.3153442740 3064143.8889160156
440802044.0147715211 3549203.2832031250
440969335.8120620251 3562798.8051757812
471751554.8155885339 5151943.5996093750
437657352.7191111445 3089971.1437988281
440911830.1453284621 3561057.1464843750
441115339.5130690336 3564968.6318359375
441170442.8569217324 3567319.9218750000
440802415.1321840882 3553843.0166015625
440835191.0406894684 3556382.0581054688
457463586.0462337136 4856784.3730468750
445466263.3574616313 4143056.0761718750
445997682.2813108563 4188516.1142578125
440089008.6211626530 3454950.3676757812
455869826.8746697307 4792976.6171875000
440101672.5587751865 3457293.8388671875
456229285.2513026595 4805850.9179687500
445975058.2547931075 4188243.1640625000
440135179.0998491645 3457300.3618164062
446154414.1367864013 4202125.4238281250
440050669.8580839634 3447265.7504882812
455575261.3348985314 4778591.6455078125
474005338.6065886021 5175254.0673828125
446672556.1152904630 4237865.3232421875
440389462.4091801047 3497011.0053710938
472547273.0041272640 5162502.2187500000
440307646.6242989898 3486991.1616210938
446086496.5051817298 4195820.1679687500
446674019.9163839221 4245049.0478515625
437092346.3593381643 2966146.7404785156
452384775.5658811927 4628734.6962890625
473424445.1512069106 5170520.2861328125
473644842.0407267809 5173574.8798828125
473386813.5535706282 5169138.2177734375
452307319.9289838672 4621649.4541015625
473206283.0400086045 5168674.4501953125
472335532.8680304289 5160038.0859375000
437154515.6157624125 2985674.2795410156
446458787.2663530707 4228570.6826171875
471259217.9945684075 5140804.5644531250
470996578.6046749353 5137261.5937500000
446205836.2518851161 4207140.2470703125
471062934.7237362266 5137704.6132812500
452257235.0099381804 4615532.6972656250
456006005.2194826007 4796080.5175781250
455546773.9654479623 4777010.4394531250
435939981.8071869612 2677267.6848144531
436003769.4286360145 2689162.1135253906
435999013.0463866591 2687834.9055175781
435905639.0207092166 2668562.6398925781
454648898.1115364432 4740828.8007812500
461881838.0165130496 4964552.8847656250
461765690.7984383702 4964102.6406250000
462050068.8397682309 4970616.0820312500
461987242.2352192998 4968899.1816406250
461573164.4342477918 4954863.9365234375
436370144.5611487627 2731110.1027832031
461947009.1362857223 4967334.9072265625
436231423.3055164218 2707016.5717773438
437026216.4271876812 2883600.3264160156
461393501.9720776081 4928806.7011718750
461264194.5230864882 4925500.7402343750
461201772.9384846687 4921933.1386718750
460788107.2457261086 4914355.6074218750
436732963.5299233198 2759347.6176757812
436738174.3540965915 2759685.1071777344
436742664.7832100391 2776747.1694335938
436909437.2451041341 2817766.3657226562
436864247.3491317034 2814576.5405273438
436849515.8691364527 2810061.7114257812
436992888.1887640357 2876194.1828613281
437054340.2167147398 2894083.7072753906
436886207.6193566322 2815025.4526367188
443406909.3445802331 3702647.1386718750
443333078.5249719024 3690516.0844726562
443360980.1035821438 3697926.7915039062
443232484.1414123774 3648569.1904296875
443026852.5179677010 3628975.0654296875
443074697.0516876578 3631562.8857421875
442918233.9370167255 3617057.8515625000
442771576.6988667846 3581120.8496093750
