799418052.8857650757 2847737.7617187500
728386720.9386600256 1578129.6295435179
728506755.5023304224 1581162.3182606448
729901967.0925037861 1611952.5101605929
790825002.2947150469 2761978.2789306641
791067554.9239538908 2765983.2728271484
790573224.6519390345 2761800.6505126953
728456184.0456490517 1581084.6259723573
730108231.7008166313 1619089.5489126528
730098528.3562283516 1615388.5131168826
729731240.7509025335 1611947.0084167470
729642454.7813631296 1605111.9050920953
756411774.0436068773 2214789.1581854303
756803887.2230868340 2218111.6784491022
756597152.9685316086 2215854.5187811335
790541537.4492880106 2755492.0446777344
791651526.7480096817 2774124.7449951172
790850223.9028035402 2765945.6654052734
793174142.1039448977 2794537.7770996094
793028744.4299385548 2792357.6887207031
792561484.0076462030 2785875.8351593018
799304261.6748222113 2847046.1704101562
798647303.4439673424 2843015.0634765625
798789336.8289930820 2845701.7006835938
798360940.2685173750 2842064.7431640625
821443754.5556633472 2894278.9238281250
713618727.0809731483 939840.7295177098
798722121.9481576681 2844867.1054687500
756870984.5732337236 2222755.1021246393
715356765.5855084658 1048464.6807348247
714881828.5612965822 1040562.2365400310
755505187.9119695425 2201592.1716637095
797665848.4177662134 2835586.9223632812
798306541.9274731874 2840187.6557617188
797956124.7517758608 2839247.9213867188
715125974.7346439362 1047673.1236097332
715019916.8585748672 1045689.0243889805
713870440.1393043995 949403.1769210402
713916756.6240589619 953532.7237276252
714661599.8870490789 1026454.0002669211
714654199.8196717501 1026434.1065816697
756243458.1150606871 2209945.4012474497
755723223.6410349607 2205210.4301781137
755028196.7215659618 2190076.0533617293
755060262.5573568344 2192297.3582347189
798666428.2009679079 2843611.1445312500
716574423.0319205523 1104154.1723437840
729107258.1068640947 1596468.8052253474
757098518.9096459150 2224805.6258921255
791108946.7045210600 2767160.5570068359
792829664.2979867458 2790077.4211425781
820873642.7596563101 2893981.6782226562
754720923.9192746878 2184230.6686759745
797794310.1889873743 2836333.7324829102
714650838.6384940147 1018880.8089437302
716769836.4325420856 1105749.7537572314
757265489.4977293015 2227237.8823618521
757665266.7312029600 2232416.7006832366
791223290.1874389648 2770646.8509521484
728005290.1658067703 1567766.4327625979
727875262.3897135258 1561075.6240162600
716793859.6233282089 1111043.6599231297
820647516.9183797836 2893454.1586914062
716894412.7341641188 1112090.7490954930
757814160.5449839830 2237596.5105265756
717545584.3868794441 1113958.1532933181
728911372.0318508148 1590703.6591071833
757352759.1254900694 2230680.0264048208
791072050.4457856417 2766601.7410888672
714223811.1293164492 968509.7367428060
757660130.1026313305 2232399.7536679734
757781188.3079991341 2235726.0925351609
791200371.3975827694 2770481.0003662109
791259224.2132440805 2771087.9730224609
714087094.6583982706 961135.5633419271
714128825.2721164227 967970.0141475912
716920585.9833332300 1112668.5788268512
757695049.8569965363 2233057.9189631869
820341449.9381459951 2892811.8657226562
716678381.2974784374 1105560.9109801715
716491277.8943592310 1097638.4883838231
716437715.1601377726 1090240.8631550604
716361359.8877445459 1090166.5051569873
757913013.7107286453 2238678.9054779639
757431535.5939099789 2230887.5743466844
792573947.5604861975 2786836.3100585938
714281828.2927436829 976051.6734493490
714314065.3745762110 979119.0044398227
812696597.7616151571 2877843.5346679688
727800627.3732056618 1547300.9836449767
793818983.4649665356 2797647.9931640625
812909698.4985514879 2878670.1381835938
727109324.5574390888 1517852.6341592511
726921984.9406088591 1512595.4309988460
727326686.4857904911 1525134.0152492216
727007364.8197818995 1517820.6653738460
726836271.1585811377 1510239.9016082725
726801320.0408043861 1509842.0112600764
726909237.9782356024 1511678.9290419063
726857632.5347491503 1510732.8943603477
726620720.9318236113 1502781.3079011878
797200182.4287128448 2824420.3510742188
715813573.4415999651 1053643.2233814732
715779277.7399773598 1052155.4418262974
794100210.4662357569 2799831.1999511719
726486429.4720767736 1488079.2783050975
794291380.9379284382 2802139.6066894531
813821129.8451484442 2880098.4165039062
738394645.8344076872 1782859.3957563723
795434073.1022797823 2812276.1396484375
819533188.8709391356 2889596.5454101562
819640604.3128401041 2890085.1201171875
738169041.9586029053 1779194.8559466684
725514134.3048130274 1449059.2229571489
725321888.3175970316 1439579.1188322452
725351412.5772376060 1441938.9757707266
725872908.9484597445 1457765.1815354971
725152389.5288434029 1432996.1341520695
725044352.9361202717 1425178.6767545489
724981734.0424705744 1417553.0277167109
724979081.5916795731 1417417.5816939620
724582034.5876083374 1402943.7467400057
796631865.9254010916 2817496.3068847656
796310825.6848405600 2817140.9431152344
813219440.6866463423 2879083.8359375000
724403672.0567121506 1388629.7939812166
818474149.7087262869 2887669.8422851562
818297497.8905475140 2886393.2021484375
738359657.8492453098 1782165.7930952394
797110405.5273725986 2819902.7121582031
818495700.6761490107 2887684.3510742188
797172659.9419846535 2819951.9394531250
724220981.1678217649 1378929.5311333162
724212387.0814365149 1375575.4031447393
724245642.7798854113 1381449.8201958162
754352952.2153502703 2144292.8148378138
754448250.7149485350 2147572.1747621302
737556694.4939795732 1761769.0144850099
785971630.6982126236 2649198.2896118164
812641017.5960756540 2876435.3857421875
737321284.6883915663 1747926.7156568849
752709183.6637227535 2104573.6706271195
752372943.4401220083 2101979.0369296097
752597765.0349639654 2104003.6046591257
752543763.4608654976 2102430.3530325168
751792631.1629084349 2089351.1958059543
817936646.7166731358 2885485.3051757812
751804797.0880639553 2090057.2231497043
752319632.8577349186 2099753.8364156955
737347782.6638303995 1748142.4165846193
751693290.2303149700 2086776.4068502658
723953178.6105489731 1350114.4740196837
751750308.1445649862 2087005.1986593478
723972748.2998473644 1351769.2606279624
785958549.7948154211 2647786.7879028320
737280434.5639992952 1744331.4415479982
786223591.6824078560 2651952.4713745117
812107825.9838016033 2874586.1752929688
812201338.6866743565 2874880.2856445312
812351579.0952755213 2875555.1596679688
786328997.8609087467 2653500.3633422852
786151992.9009305239 2651144.3781127930
817174420.0626434088 2883216.0288085938
817050918.7876181602 2882807.7045898438
786724182.9624968767 2658618.2145385742
723815985.6184506416 1327107.3082227614
785799834.3518128395 2644631.7509460449
815930017.2899343967 2880889.3925781250
816874230.2561599016 2881786.5541992188
723130199.7116096020 1287150.0759441480
723315275.0177004337 1295438.7261119839
723403060.1303443909 1302009.3862707242
722952363.0292789936 1286215.0554821119
722951470.4370211363 1281256.9176647291
722771839.7792575359 1278546.9523079023
723305169.0626361370 1295403.5671666879
787119765.3207944632 2660603.1954956055
787221783.5845113993 2661569.2399291992
735950433.2480090857 1701985.7824852588
809493339.7074444294 2856608.2670898438
735994976.1693615913 1704552.5441286983
787405195.6494178772 2663875.1320190430
787503086.1542862654 2664534.1273803711
722546302.8563879728 1253544.9542751461
787730803.1179666519 2665884.3008422852
787789435.3090366125 2666491.1790161133
749870130.4957604408 2032858.4020268028
749749006.4769542217 2028152.1568485801
749578860.4039914608 2027060.4384944742
749987969.9884201288 2039315.8248783653
749769355.8971853256 2028715.3555155103
749550500.5042773485 2027044.9835087364
809427513.1989309788 2856513.8662109375
810030411.4093579054 2857575.6088867188
748311785.5038851500 1999161.2579313819
809265212.1960955858 2855016.7539062500
809582349.1133440733 2856965.0375976562
748097379.5614751577 1991700.2479448025
809642904.7038764954 2857251.2529296875
736547943.3898166418 1720389.6449695416
722382369.9836823940 1246190.5212759599
735750303.7927502394 1695011.8567324565
736732292.0635178089 1724595.4477039166
736510221.6489862204 1718569.3461414166
722239246.9016158581 1239127.4042715654
747965969.7903763056 1988358.4216508572
722125247.2030158043 1232818.4507067848
722017953.2974747419 1225578.1155657207
721949530.8131939173 1224793.0142326539
721763695.9069794416 1204272.9732978379
747867154.8570182323 1974324.0064267819
721525427.6233007908 1196164.9197089707
747743647.6299349070 1973804.1697721188
746286745.8018449545 1933032.5476562814
720964755.8398077488 1135574.3145105096
720816968.6938482523 1127078.5401574823
721247387.6232037544 1149918.4566514941
720887066.2642970085 1133996.1049157830
720995660.4181368351 1142495.9830748292
721385608.1762779951 1169868.5515995764
745862606.5373700857 1925697.5951835946
746478963.2003488541 1937283.5713798837
746164723.1328573227 1931848.9087822274
721477857.3650372028 1175427.5800114416
721514246.4941780567 1176504.8307579451
721436854.5945576429 1175371.4241276525
745540115.2068071365 1913599.2565605477
735453649.0125849247 1677507.7687900309
735310278.7465337515 1672505.7338779215
735095500.8174620867 1664301.0329346247
735177302.1534548998 1667548.5769565348
735126162.4766767025 1665917.2612061091
735078112.5887480974 1660090.0563573726
745687820.5000425577 1917292.7319328622
745649037.6980416775 1916662.8298027352
735020170.7473914623 1659166.6567636637
810687526.0859161615 2858596.1005859375
788632106.4675438404 2669704.4315185547
745236262.3767343760 1906619.8965751962
745219502.3840414286 1903838.7488144473
783394417.6032423973 2568180.7447662354
790506592.0783580542 2687101.2901611328
790315734.8351600170 2686829.9801025391
783208632.2206825018 2568079.1100006104
790075122.3360303640 2683249.7730712891
783134118.6087173223 2564142.6148834229
743652102.8904465437 1871097.0265917778
782827254.1951234341 2556472.7857818604
743113296.5018848181 1856306.7082765102
782968345.4194754362 2561924.3809967041
742846657.1464982033 1847992.1902539730
742417824.1580997705 1839738.3493621349
742704675.5481492281 1843754.5227639675
742382811.6218644381 1835647.2365295887
742115479.2179400921 1832946.8643767834
740862568.3638137579 1797620.6157442632
740524712.2739237547 1786765.8932711186
740647608.5445539951 1793313.9424008431
740588537.4488414526 1792180.4624849858
785499693.9332580566 2592022.3136444092
785631540.6919920444 2594261.0419158936
785097001.0977224112 2587621.3671112061
785546621.2679429054 2592302.7388763428
782312885.4244192839 2532492.3109359741
782296914.4397686720 2531629.7440414429
780959400.2202905416 2494210.5850086212
781355462.1380943060 2504738.4744739532
781223711.9852335453 2501201.0612659454
781005904.3232128620 2496049.1616077423
781227295.4575723410 2501597.5389881134
781021491.5246056318 2499623.9011096954
779609297.1018406153 2473700.1063098907
778944121.8059172630 2444322.1596508026
778580147.8023066521 2441391.9648876190
777985667.3505162001 2433202.5225048065
778735839.2484192848 2441584.8991603851
777916472.4960825443 2431471.3299694061
778137147.5052695274 2435213.3926219940
778559685.2835682631 2437567.3620605469
775694022.8433218002 2391474.8152980804
775696106.1830347776 2394380.1416835785
775741185.4771203995 2395085.1294765472
775658707.8793662786 2391196.5884609222
775061665.7212965488 2381421.2534999847
775387907.6648961306 2386481.2740077972
775304752.8265900612 2381593.8795375824
774923307.7945591211 2376640.9666862488
774073944.0421495438 2361459.9274930954
771749485.8734102249 2320288.6781095741
771571097.9507246017 2314410.0423444984
771360424.1638721228 2311188.0368532417
771382033.7748099566 2312859.2726606606
770938713.0050567389 2303272.5065473793
770445595.8111528158 2298840.1944135902
769910846.7238864899 2291913.8462995766
769881844.2499909401 2290975.2142194984
769296638.8640550375 2279257.4836820839
769192367.2754739523 2278869.8081144569
767970641.4747916460 2259734.2932829140
767375016.0474618673 2240962.3206686256
