594082860.6703209877 15263.1833545231
593944585.3564413786 15229.0536312127
598579230.4049872160 16573.5981876157
598169297.1155949831 16569.1351950072
598649360.4681302309 16588.4324847959
597705456.5789792538 16425.5362948082
597960222.1286016703 16527.7523624204
637210676.8466808796 24564.4543974400
638330499.3954925537 24734.6929950714
637931035.8670506477 24628.4032888412
650958217.4737311602 26196.6010437012
662285947.2460410595 27049.1972999573
675625686.3807430267 27817.9773178101
621315605.0968353748 22118.1612712089
579681940.0067086220 4966.3622689696
579861639.2286418676 5342.3229714457
580806477.8793004751 7112.8438819040
582922894.6865813732 9396.3794578818
585820137.3310598135 11392.7370139233
585875589.0233573914 11402.5109079494
594195121.7441979647 15334.6666106247
594150163.1063092947 15327.3963785856
594394202.3917005062 15395.7339996336
597910475.7148860693 16477.6542395154
597840997.0138469934 16477.6396284603
621511780.2344785929 22174.1349255438
579798276.8919355869 5248.8575992410
582778567.1633030176 9299.2553861325
619984962.8667894602 21881.6376811210
663142214.9038482904 27110.6697654724
674575780.0365233421 27740.0673732758
582890300.0983557701 9331.5627540854
582883937.4444756508 9326.0548080710
585901657.3305014372 11411.9070301666
676384677.0038881302 27861.0510253906
582901982.5618191957 9344.1002752987
620847251.1073389053 22045.4432254974
638119137.5595319271 24697.2453975677
582834860.7199729681 9300.0347246436
579759939.1820297241 5247.0652581279
596473531.3073222637 16064.8419075171
596714125.4088166952 16155.6090841793
621858458.9360631704 22235.3027851423
675760759.8155913353 27839.2772254944
585691097.9741104841 11263.8270681514
620709878.2410366535 22007.4800926391
581078408.3965622187 7224.3512126607
585772225.7757109404 11375.9202233527
585718879.5087747574 11355.8966427459
596315887.6661645174 16012.0725966595
637299981.7496128082 24566.2038080692
674920140.5505564213 27795.7004165649
580717904.9400928020 7022.5048133534
580891025.2178082466 7183.9184271496
580904319.0691218376 7222.2648550671
585795731.4329802990 11385.0253350809
594326664.8475313187 15369.7008316630
596647270.2661502361 16119.4913817547
652861403.8202421665 26442.1880111694
652831405.3838427067 26441.7521734238
579744539.9908224344 5075.8224130126
676760875.4111397266 27870.1721076965
596502031.0230191946 16076.7376834057
582627364.7979760170 9177.4591697959
623071727.6022498608 22421.8283079285
637619756.5338718891 24612.9166145325
638201826.6162381172 24715.3408660889
586291879.4889996052 11598.1979050292
580911297.9504089355 7223.4207960189
581917040.7925522327 8400.8531577090
586191468.5286333561 11579.9631580962
637944956.8856341839 24686.4670219421
579968971.6967477798 5452.5503155266
580779871.9707007408 7112.8047110242
581846420.4754500389 8387.3365799884
661667182.3628509045 26996.2715167999
600971817.1188944578 17209.9444106654
637166904.4667191505 24545.3607637882
580655287.1420665979 6888.6561716095
638121683.8737633228 24702.2055454254
601177433.6701942682 17259.8240872682
637387193.0146296024 24606.3262903690
653471894.2556511164 26529.3688621521
580774451.9889098406 7023.7091932696
582501098.1339253187 9045.4201359061
621938403.5803750753 22256.5247547468
622146015.3960654736 22287.8266899427
636381101.2437305450 24439.8217663765
601388300.5293550491 17323.6744865016
661884770.6178976297 27024.7151718140
662535831.0789319277 27097.5905303955
595773126.2839254141 15836.9385493692
595722040.5025185347 15834.9354728159
601097066.2311255932 17250.7746365091
622195039.2860167027 22291.9560634932
580832298.0482301712 7113.3713308115
601037481.0665397644 17243.1879447536
600645873.7680565119 17138.3367789821
623747553.6747970581 22540.8051183838
636821506.4907351732 24513.7152028084
653807046.8830798864 26554.9860229492
585987490.2406179905 11477.1301173521
586084653.0879825354 11519.0459876610
595254489.9092468023 15679.9980441169
595556318.1216638088 15750.4198556291
652907116.0874004364 26459.6919326782
595102037.4439806938 15601.1346206363
595135044.9399175644 15653.6118963655
595212844.5069193840 15664.6858839668
585646990.8208734989 11247.1679231946
595128990.7228726149 15624.9965920743
652647295.8785910606 26433.5240421295
653040743.3828692436 26483.1303863525
586055353.1625318527 11503.8261751486
623061295.3882787228 22416.0929842610
623316410.7595005035 22480.2410829682
652929738.0563856363 26460.2318038940
652945628.2800037861 26462.4423637390
579915159.2928730249 5424.4634587062
585978395.9787001610 11470.3090738608
653200527.4718816280 26486.7826461792
582327246.5588060617 8829.1068929432
622739902.2746602297 22370.4650108656
622317368.2187415361 22320.2262680372
582349805.4818363190 8893.9235967396
622895169.9073681831 22405.0590427583
649925430.7464147806 26137.7307281494
581988866.9049570560 8512.9678530634
649750605.8891088963 26100.8138341904
622068409.4550149441 22272.5651962599
581775133.4741047621 8287.8017637735
619533127.0912147760 21745.4348703567
582433329.6718518734 8939.9018033741
582280201.6222094297 8805.5806728330
582272968.4462367296 8696.8324086193
649741986.9577064514 26098.2584800720
594879743.3207325935 15559.3841061341
594638113.9790171385 15488.6125730552
582107179.3862814903 8609.9556449990
581978189.7707362175 8489.8750526051
582057771.2053769827 8585.8051654439
594829443.6500493288 15540.8604772385
594461094.2069448233 15431.9137515049
599867608.5994743109 16849.2250869864
599472134.5179049969 16764.2422926718
580202596.9281073809 5678.1326602010
621722726.0042165518 22208.2433098024
621639909.6850852966 22198.8609016603
651104835.7091578245 26264.2311477661
632583621.2872378826 23870.0190797696
585478876.9612785578 11065.6572679671
632963608.0398656130 23907.0358068600
632117216.2553430796 23793.7897020230
632298560.9309298992 23831.6788965115
660523700.0415575504 26948.8793869019
651720113.3676866293 26312.6720466614
652115572.3530793190 26350.2775726318
652454345.4816949368 26379.6900024414
599375984.5987260342 16757.6965606803
580461927.8698910475 5968.8822587667
580409201.4843486547 5885.8342096595
580294594.4889546633 5776.3740656165
660804615.9277340174 26982.4358940125
621458865.4307668209 22150.3920215508
660033059.6316207647 26873.3864545822
635388107.9557281733 24282.5667411119
635078218.2461771965 24223.6298932277
635183508.2798804045 24249.2282361232
580606886.7860279083 6551.0585654432
635105478.5591857433 24236.2297715388
585345538.7377158403 10928.1300473564
590861313.4361658096 13779.2261081306
659885726.1905864477 26861.4207229614
635730803.5200645924 24317.1026273176
635837630.1190487146 24333.4416337416
635130087.7986876965 24242.5517237999
635557204.0221836567 24300.5647263929
590612231.1714931726 13674.8154120156
590498226.8077281713 13598.8041833272
618712769.5509272814 21465.9536927338
660424743.0722368956 26935.9876174927
619131084.9062031507 21578.2004960175
619033710.6092758179 21564.4571231003
619392714.9890637398 21636.3719394798
660097229.1299475431 26924.9588966370
590550490.9008506536 13625.1362917254
619174579.1195099354 21618.1270211334
590380751.2690016031 13549.4434383170
590327922.1173204184 13544.5907671282
663556741.8937444687 27115.6377868652
581661848.5401582718 7872.8680512088
630978487.1532971859 23580.1611244112
664206946.1017925739 27133.1320800781
631060048.0375483036 23589.2476481006
630956166.6233220100 23572.7494441897
663958038.6455448866 27129.1366539001
581569799.1682207584 7741.9396528193
584770561.3774590492 10274.6463718647
629453207.0963124037 23287.6606140241
630150351.9604036808 23407.6846396506
629862247.1101459265 23367.1765632734
580523545.4449964762 6061.2523690136
629361130.8892482519 23286.5093250379
581480639.7991645336 7537.5868393631
581495403.5404645205 7538.9257914276
627961561.9385548830 23043.8935046345
627535074.8552612066 22975.6327757984
618516771.5205354691 21300.2521951045
627395433.2447463274 22936.6187577471
580515180.4728794098 6016.0691746654
627342789.1857833862 22910.7686596140
585018016.5276142359 10432.4851064313
584947238.3711996078 10346.3372824571
584880065.9488830566 10311.8390523373
627740996.2384212017 22993.1992868616
627855132.8693282604 23011.9301610216
581346952.7962124348 7267.7657327667
580544349.4259918928 6076.8404257516
584855473.8853582144 10288.1580759850
584824815.3732814789 10286.7134124864
584255910.5065001249 9849.4986972678
580567430.1871383190 6164.6892149928
602986773.3917295933 17441.5235238129
674426032.2603871822 27612.5215415955
584047351.6745170355 9486.5734796926
674298820.6862391233 27599.8836288452
591578736.8818486929 13826.4048280301
626948322.7111104727 22850.1193954544
602834301.1080753803 17386.5191523274
602714276.4330908060 17365.4314169129
588885384.5814012289 12256.2424773939
626424895.1553055048 22775.3025855618
589134625.5939297676 12377.2288379201
625465926.7513569593 22596.1698871588
625744781.6675611734 22616.2964549249
592050222.4261113405 13972.1237352923
673350358.2228928804 27542.0935363770
593365332.9755342007 14559.8667017506
593348860.7087522745 14541.3451807188
588845644.8787748814 12237.0215956920
658591892.8241884708 26739.5474700928
592778338.4964952469 14267.6436693427
658167915.3941762447 26699.5948867798
646556602.6427534819 25302.1402826309
588769395.9234675169 12134.8389973080
588805351.2451426983 12148.3690285122
646509970.3286093473 25300.6597433090
646282156.4167280197 25165.2493057251
588870668.1038001776 12238.6064457333
592994485.2343888283 14361.9781973121
592922115.2979733944 14344.5585729835
593093298.5390247107 14398.8761453611
592935230.6118386984 14344.8435293493
658502424.5215175152 26726.4601135254
592676350.8146454096 14180.2764817542
658315264.7828738689 26713.6684303284
588708894.5655684471 12092.1198297308
649466948.1384924650 25620.6142578125
649306656.4441777468 25600.5141096115
649044117.9271168709 25586.8168058395
648815613.3540399075 25544.8574781418
649481461.1027811766 25627.0863752365
670287741.4851350784 27187.4135265350
670799484.9366294146 27270.5137557983
670652814.9737187624 27252.0012054443
672105654.2289210558 27304.6969261169
672328180.5503249168 27328.4335136414
672805730.9548108578 27361.6786804199
643567866.2796986103 24804.2470512390
644065029.3016436100 24847.2377853394
644037916.5331938267 24844.0041236877
672110326.9784791470 27325.7466506958
644867233.9196381569 24882.6597633362
669920998.0987474918 27186.3812713623
645121572.9975935221 24933.5289077759
645582967.6961046457 24947.8823623657
646079046.4717741013 24984.0338554382
646181429.2239414454 24999.6927795410
618186118.5090165138 19728.8525704726
618434092.2204579115 19793.6699815284
618109947.7034364939 19715.2671164855
618242879.6321290731 19751.8554009780
617984805.4750652313 19669.7714337692
618260892.8938249350 19756.9296998367
617769576.1571695805 19613.7991723329
616283819.1945859194 18778.4608913943
616241856.9399949312 18778.1746082424
616558584.9706274271 18825.3124090716
616337188.3579584360 18796.6224487111
616180789.4238822460 18768.9144827410
616059815.3519639969 18740.7257875487
616105328.5422834158 18752.0731789157
615018482.2116725445 18095.1255323658
613912033.0951613188 17823.3824021364
614660492.8769186735 17976.2689241314
615171334.0790443420 18106.8322059879
614985735.2446992397 18059.0938908825
614590767.7246187925 17967.9898818875
614618515.5571936369 17974.0441657597
614917047.4440952539 18029.6738177500
