491595604.4241394401 593.1568239331
436409100.5517510176 133.7715147150
436291786.3698009253 128.2923438592
438599006.0742272735 197.6914323684
444531538.0334167480 311.1930281338
447166124.1628050804 344.9853431279
453752945.9309719801 418.1458047580
468018051.6348885298 534.7000685197
467580408.1317992210 531.9906746905
467943854.9784128666 534.2827431719
483546764.2812796831 588.6477196813
484415439.6115140915 589.1447789073
483602801.9045237303 589.1029164493
491199498.7900404334 592.9486938417
439216340.7672343254 212.0960142162
444352852.8213323951 308.6209241356
444208660.6938271523 305.7170109418
447497096.9175843000 344.9922032910
477885030.8790389895 577.7838944346
478186611.5922144055 578.6421977133
491117924.4232193828 592.8446174264
439123467.0494304895 211.2603927690
447069886.5344371796 343.0158623349
447129584.2698911428 343.6641480619
447127335.3344694376 343.4968125599
454088138.5216846466 422.7419729781
454362291.4346877337 424.8081659574
454861513.0085115433 425.3293347907
439163269.9835653305 211.5825886706
444899886.1436405182 314.5835572746
445000835.7164466381 314.6387164736
468276542.7581422329 535.7849161064
436568059.8517066836 136.8498202901
444471931.2779811025 310.2042920207
444866406.4233913422 314.5664474968
444743485.9052838087 311.9109258022
453780842.9319897890 419.4944788170
453689064.3068858981 417.6236010742
467929070.6358143091 534.1169160168
447752498.0837341547 345.0833601794
439179488.2747023106 211.6857092565
446851369.2792903185 341.9010199005
446995963.0674952269 342.5241252010
446439776.0388448238 333.7012366915
446851126.8389784098 341.8844115431
453772055.4820444584 418.3145559680
467474663.0959411860 531.3459161083
467611114.5800567865 532.2341775160
436757749.9966430068 144.1862929350
446793992.2356828451 339.8511467838
446731834.3250521421 339.3784360254
453617195.9567931294 417.5442229964
436395804.6668959856 130.4206324821
444260287.2912489176 306.1897790250
446960378.6532961130 342.4117930553
446671454.6481553912 339.3283714616
477718714.9371183515 577.5458251685
467690922.0226178169 533.4339582484
446842362.3012709618 341.0717329140
453555695.6773768663 417.1925340061
454286554.4490402937 423.6784076557
467781122.3385641575 533.9147293727
436746544.8978145719 142.6252558585
436698856.8201515675 139.8234133347
436597333.3695511222 139.4810373820
436539356.1587075591 133.9784346538
438957054.0814260244 208.4979992786
439039459.1962865591 209.2504454568
439047052.7216787338 209.5836796609
438843483.0162373781 206.1115094637
438880744.4270563126 206.3287586302
438842338.5187753439 204.0290272650
453616814.2323143482 417.5337866422
468473052.1385333538 535.8602138560
446824111.9722470641 340.9244248836
436816663.9643762112 145.0859113649
438814429.2794028521 203.6551221553
446447453.2670219541 335.1414966383
446639051.9377897978 338.9866968954
436701903.7716798782 142.4550701098
482711239.6132075787 588.1248831451
438700646.6403082609 203.0337636885
477620442.0607811213 577.1410624236
482168643.3983980417 586.4477394521
492295705.8240088820 593.2406351566
444347965.9848741889 308.5920036761
453793852.4283931255 420.1330098462
477942859.5947670341 578.1851408929
454001920.2413833737 420.8040525841
477357400.6062062383 575.5213159770
446454946.4225208163 336.4896928766
454317811.6529408097 423.7821450012
477443408.9937902093 575.9909389466
477526227.5249163508 576.6855259389
453934962.9034251571 420.7928451227
436955939.5723102093 148.8055160531
436894750.7747616172 148.1091996691
482963979.8050345182 588.5025422275
437321829.2301266193 159.1875526832
437367137.7907885313 159.6500629657
437264405.9390144348 156.5898131655
437165418.7719879150 156.5045144484
437118823.5292831659 153.9376343173
491936400.1487458348 593.1947102249
482513570.6570959091 587.5691179931
446558526.1484824419 337.6507554152
491350931.4136375785 592.9714801013
490635313.6530895233 591.8886122406
438511503.8440624475 190.0560105636
438416204.8675293922 189.5597063398
490678421.6974004507 592.6059416234
438324476.6894348860 186.4989262491
444670729.8455465436 311.7470814320
490960051.4823068380 592.8057651222
438200626.5933345556 181.8535308308
438120684.2609139681 181.1150890707
477397993.0065286756 575.8430949897
444441095.1418163180 309.2102649187
489355601.9133198857 591.2339263558
438288161.1600778103 184.1736728816
468636982.5129241943 536.0360696747
468230254.3645281196 535.3118872445
488487037.6117413640 590.4697529674
438383359.6310403347 187.0474937596
481803166.1323451996 585.7444657981
438283693.6865874529 184.0873640374
438240017.5064502954 184.0397798686
438094348.1545631886 179.2059596860
481753020.6926262379 585.4028928280
481993141.4360344410 586.4363213480
438016094.8775845766 176.4169281390
488863329.3664253354 591.0462363362
466901999.4820718765 524.4047011222
488269352.1820347905 589.3859079480
468931562.1081156135 536.7158997094
481953771.7219884396 585.9476631582
481705074.7779034376 585.1489879787
481754132.0028464794 585.4120475799
445714747.7615996003 325.0523661903
445577984.3406265378 322.3399975529
453305747.0358846188 412.5693882657
453519076.3444043398 413.8991000308
468640399.7389667034 536.1811383228
445577186.3979246020 322.2798340643
445707056.3700821400 323.3958229816
468548948.5727549791 536.0059263044
489148260.1325780153 591.2319102883
445774458.0321531892 325.3022726426
481958495.1696039438 586.1088705957
445312620.1962873340 316.6908970080
453264276.6348143816 410.8071930697
488688255.0458732247 590.8142210543
453335586.1270420551 412.7764258422
437751273.2976401448 165.2894762958
445121067.9745859504 315.0174911731
437859928.6460559368 167.7734243753
466730154.2363649607 523.8585578586
469007094.9292775393 537.1376658396
488870973.9277250171 591.1523721814
443640604.1819391847 293.1405184309
437960071.1117312908 171.0784276305
443714684.8789812922 293.3024974804
443917053.7155902982 298.3840309124
488707935.8096465468 590.8531208634
437890722.0615583062 168.1231155949
437812300.8112010360 167.7544946405
443786050.6216471791 296.0485399010
453061973.4879442453 408.6600102179
443699080.7425655723 293.2008611004
467320511.1064376831 527.9079752351
452714687.7315195799 402.9763843112
467022092.5021793842 526.6735240902
443735232.1232656837 295.4457463066
443826341.7008324862 296.2482259029
480979719.1847417951 583.4334326386
452785846.7157785892 403.1980431517
479761185.2839625478 581.1490917355
452561070.7241224051 402.8102378091
451797045.5017960072 393.6625432256
479672335.9206557870 580.6198211759
452237165.1337237358 398.0526238596
490500130.0037407875 591.6298963428
437690650.0682385564 160.0245925818
452318428.0392031670 398.0905446415
479802029.5655685067 581.1763129681
437673001.6558586955 159.9695888009
452444702.2404736280 400.7738368148
456083571.5627263784 435.5402072997
456715796.1109101772 441.1725077445
452382882.4963159561 400.3240587944
456664523.1041690111 440.4202714761
452351239.5565978289 400.0982937803
456896220.7597290277 442.1779373189
479729310.3469899297 580.8171282262
451730960.8293741941 392.0367392185
457151576.0399477482 443.1726659077
481555807.4145275950 584.6197896898
451913894.3211469650 395.1887591402
456836365.0247408152 441.3237738063
456949358.3494771719 442.5864529957
456594157.7326290607 440.4165265014
452175756.6988464594 397.8368419237
452025691.0543833971 396.5649709082
481201246.0701141953 583.8611938953
451357318.1475307941 386.3070981088
479332488.3768280149 579.9421990365
481334434.2050139308 584.4082441330
451230651.5453912616 385.4779602769
451339409.3226795793 385.8867475398
451201480.4756423235 382.7819017026
479210532.1209924817 579.3146374673
479456257.6346940398 580.4932456464
466568876.5680515766 519.4699246578
451454885.4932450056 388.3785239933
455641530.6834893823 430.3014501499
455892363.6303965449 432.8355506228
451393190.2731828690 388.2296624664
455688151.6339564323 430.7968067402
466261394.0285232067 514.0530815912
466324193.0394634008 515.8224817408
443596014.2427951694 286.6492228260
455757746.0031096935 431.2794054424
455596758.9965598583 428.2907887673
480047489.0167216659 581.5428436697
455464757.4504175782 428.2153137048
465695176.9324645400 509.7701303493
465586642.9652541280 509.4025413063
465606639.1782376170 509.4711386692
465100017.5054808855 506.2701486986
465349714.8386463523 507.9846766721
465417490.6076853871 508.9505724441
465611412.6935165524 509.5589208130
471914049.1969858408 546.0161729851
471691906.7304060459 544.8969869376
471651899.7590508461 544.4765910008
465679076.9565642476 509.5681561355
465725280.3347876668 510.9369582061
480850788.4796225429 582.2876468897
472304543.2322667837 547.2667448022
472276532.9387334585 547.0777464765
443509444.3893665075 277.9769949890
472623652.3227308989 547.8606150844
472801023.1394984722 548.5229236144
443083176.0056918859 266.5239696541
443136603.0032671690 270.0849982352
443144417.1150822639 270.1786173896
443207919.9616262913 270.6402076585
443099778.2440742254 269.3072090443
443084659.3415414095 267.3685535361
443136040.6647884846 270.0116190119
443226423.5457521677 272.4565970106
472519689.8532412052 547.7666976932
442955458.1799241304 257.9234059504
442806624.7406196594 254.1287352264
442831799.8977499008 254.1503948206
442652224.6052317619 245.3961686626
442638444.8468496799 244.5053479749
442789939.5964497328 248.1017276870
442769116.4587572813 247.5649850581
442519028.5599168539 244.4023077473
442685841.9426609278 246.8599874602
442355442.6575429440 236.5063473061
442342970.2772732973 236.2667596361
442199294.1101300716 233.1822816751
442127279.8052439094 228.3094664577
450961790.5274910331 368.0207896312
442064478.7415631413 227.8904175449
442021429.3421170115 222.7759294251
442038622.0887869000 225.1215336660
450968554.5966728330 368.7406995328
441769714.3012458682 218.8991873380
450897458.3680661321 365.3676649662
450992743.4192177653 370.6788295539
441804140.8920153975 219.3105904073
441986522.0110473037 222.6934317753
441839028.7137039304 219.6753684685
441673620.8339272738 214.4182934467
441618903.6603410244 212.3071237311
450770296.2469349504 361.5520171123
450565100.5544856787 356.1699023905
450742553.1064305305 359.2562173071
450597683.4386536479 356.5637518230
450567544.6946915984 356.3151163316
450726464.9449124932 359.0823388758
450381292.8631234169 348.6454383173
450069922.7285960913 345.3624933259
450057643.6444905400 345.1025915490
450189436.6252576709 345.8870413946
450275404.0372267365 347.7551108943
476300045.1534046531 548.6543035195
465059400.5391597748 455.3499312074
464408221.2438614368 450.7658381284
464923874.3800367713 453.8905020655
464856579.9580967426 453.6519325675
464819159.2807935476 453.2630572022
464171227.7272200584 448.6436660589
463933528.6467831135 446.2038371165
463743693.4420120716 443.8177076078
