476102418.1834917665 20411564.8984375000
477051237.6549980044 20420903.6679687500
476864459.1169418693 20416855.8789062500
437761386.3662551045 17524949.2929687500
440335317.5675475001 18320555.9648437500
449774610.9066604972 19648698.5117187500
450844403.2097941041 19693840.7851562500
465239956.3654240966 20252832.1679687500
476459542.0776680112 20416688.7539062500
486381548.3853979111 20490568.2812500000
440164665.5009312034 18289582.0156250000
455423967.4961478114 19946453.4101562500
455739101.3947624564 19958971.3906250000
434808353.9611648917 16710750.3125000000
444168882.6005711555 19052319.3945312500
450410880.1205020547 19687261.9023437500
450097922.9905992150 19673728.9179687500
452397921.6744656563 19799886.2890625000
446991288.8469215035 19369924.1484375000
437107789.6607787013 17508116.3242187500
484175552.4924471974 20479646.0312500000
448637809.4929443002 19551046.2929687500
437128001.3207119107 17516971.3613281250
448778767.2510692477 19566001.8789062500
450014978.9063474536 19664601.3789062500
450074091.5027706027 19670122.7539062500
462464855.1525231600 20182918.4726562500
466408894.7630399466 20281592.0507812500
449966694.2498425841 19664442.6523437500
449956512.2635386586 19659623.4726562500
437175380.8650159240 17524758.3242187500
445146999.7373086810 19187004.2421875000
437070850.3624714017 17495010.8593750000
437097919.7991932034 17496749.6835937500
438701445.7353253365 17946661.9140625000
444265791.9187725782 19065978.5156250000
452296069.4576902986 19794316.8906250000
476096301.0789121985 20410495.0625000000
448720289.9581918120 19556405.1796875000
449882708.5426022410 19657430.4414062500
449671043.1365844607 19643592.8007812500
452552458.6358604431 19812011.0781250000
434284378.6958680749 16431786.0742187500
434263079.6678062081 16426192.5000000000
444363498.2209974527 19082385.3281250000
452433424.7306674719 19802076.6835937500
484390270.6401596665 20482613.6875000000
438959380.9383816719 18012980.1953125000
456252367.2967903018 19972946.8632812500
465925863.0012862086 20269255.2929687500
476391647.7768116593 20415260.7539062500
433779040.6408100128 16029435.8671875000
438751478.8418254852 17964151.3437500000
447057918.8278742433 19389473.2148437500
434431599.2420288920 16512916.5664062500
452511347.7884468436 19809345.3515625000
485618297.2735461593 20488769.7343750000
447013194.5126401782 19378504.2851562500
435006468.1897503734 16763046.5195312500
455245522.1866025329 19937957.2226562500
484597258.8703235388 20483960.8593750000
445299081.8377208114 19200783.7500000000
449323284.4588870406 19609988.4257812500
462216209.3919604421 20177760.0195312500
438810149.8764941692 17982748.3906250000
452457083.3577679396 19807666.0000000000
433799241.0732494593 16051031.5390625000
446992988.2547232509 19377649.7851562500
475631753.9849143624 20406133.6250000000
444430530.0828323364 19091165.4492187500
444293569.5095847845 19072259.8242187500
445375707.4135687947 19212039.3828125000
445607371.9527761340 19236761.5859375000
444741004.9314464927 19129427.5000000000
447026018.1858713031 19381200.6328125000
468484281.8747060299 20313993.0781250000
444623968.4938533306 19114945.4609375000
461568503.9990666509 20154212.0156250000
461752824.3951185942 20160522.8789062500
493932236.0927771926 20496768.9218750000
434910652.1249223948 16740813.0566406250
468347066.2762331963 20311684.6523437500
485353590.3928196430 20487464.2812500000
444510225.0869761705 19100690.8203125000
455031293.5898439288 19926249.1367187500
485470262.5678015351 20488089.9609375000
485160294.8060594797 20487294.9062500000
434742329.5709649920 16681588.2148437500
438789083.4636402130 17974528.6992187500
433804129.2262827158 16055730.6191406250
448742931.3247068524 19558782.8945312500
484961851.4750191569 20486259.1875000000
436966402.1721094251 17460873.2519531250
444570647.2834959030 19107745.3750000000
448969593.6866877675 19581516.3867187500
438782676.9810065627 17973768.7500000000
455652441.1672165990 19955466.3789062500
448935094.5266290307 19573578.1835937500
466093527.5106614828 20273897.4648437500
452696635.4675831199 19819585.9882812500
438731352.8745363951 17961530.2109375000
493809938.5720281005 20496387.6875000000
468161060.6224050522 20309779.0781250000
452159256.0858365297 19783387.5664062500
467986046.3861480355 20306902.4296875000
467940824.8849536777 20303763.7031250000
467966191.4343235493 20305135.6015625000
436768630.8398836255 17394735.4082031250
437024433.9511110187 17476846.4589843750
455293320.2797673941 19941615.4492187500
438672423.2270292044 17945745.3437500000
444473888.9546306729 19096321.2265625000
467912720.1399679780 20303083.2382812500
434513274.5480455756 16535069.6386718750
452539402.2584546208 19810381.8554687500
452673754.3629636168 19816280.5351562500
467041332.2035595179 20289060.0234375000
467341807.3143057823 20295817.5078125000
467118929.3553453088 20292277.0859375000
462003047.6823001504 20168787.5000000000
461850324.0508000851 20165102.1835937500
466773407.4476949573 20285882.0546875000
455872186.8987490535 19962538.2382812500
436720889.5524739623 17385925.6035156250
453272297.0776285529 19849922.6328125000
462104519.3950767517 20173817.7226562500
475312242.6055520177 20400287.1953125000
434708632.8032612205 16653004.9921875000
455086910.0204346776 19929752.4218750000
433811271.9239577055 16061278.5566406250
434633602.8090911508 16610350.0703125000
433807010.2218865156 16060659.1738281250
434686666.7247057557 16632180.1894531250
444782067.2511259317 19130167.9609375000
483502536.0969678164 20472746.7656250000
447120542.1575610042 19396193.2539062500
448555201.7345759869 19538912.0039062500
452680403.4333373308 19816531.4257812500
434580445.8462627530 16589799.1308593750
452618064.0146173239 19813549.3476562500
455156463.9402472377 19935114.2031250000
434298794.9444678426 16449005.4257812500
434406012.9851737618 16508855.4824218750
456673841.8142345548 19985541.1054687500
456953304.8981990218 19996813.7226562500
445550233.0120339990 19227435.0585937500
445403505.9997288585 19213083.9414062500
456575706.5743214488 19983355.1757812500
452969199.1287307143 19833775.3242187500
434577340.0862975717 16584192.7167968750
434528426.6046269536 16559207.7441406250
477418661.5541143417 20422313.2187500000
454730945.0599632859 19910277.0546875000
456479433.7000855803 19983027.6914062500
474563500.8608375788 20387886.4257812500
456648548.1958895326 19985242.9335937500
436535969.8802209496 17289148.6406250000
475328453.0323280692 20400939.5859375000
433848346.9780590534 16116041.3457031250
433831841.6259604692 16098123.0410156250
444923086.7705768943 19152471.7421875000
444973016.3848454356 19161688.4296875000
483567459.9505100250 20473385.5937500000
444851410.5266156197 19143897.5156250000
434324650.1775056720 16459126.8730468750
463523035.7056484222 20203501.7656250000
493457466.7390192747 20494840.8125000000
434215315.6294865012 16392239.2070312500
448395951.4942358732 19520928.4960937500
434222211.2404121757 16405778.4335937500
435684159.3964579105 17003854.9316406250
463221309.0889332891 20197868.9609375000
483705853.9848372340 20473395.1718750000
436508605.5008189082 17288045.3828125000
474232571.4470198154 20385505.7148437500
473849965.9034043550 20379774.2070312500
434206913.1812104583 16385926.1757812500
439911344.7789314389 18237969.1953125000
483071512.8254429102 20467745.7890625000
474078459.0369718075 20384957.9882812500
473523798.7264095545 20369418.6445312500
491582821.2592982054 20491991.6054687500
447413425.6381413341 19416634.7500000000
440169771.7106081843 18295652.9375000000
440469447.3433727622 18339032.9257812500
440236826.9294604659 18308115.4179687500
473659984.8411871195 20373241.6054687500
433991167.9760064483 16173123.6621093750
436570875.3486089110 17310703.9140625000
464194077.4417060614 20219509.0585937500
491977916.5801878572 20493027.9765625000
454961429.2744768262 19920769.2070312500
492926255.1590474248 20494337.1718750000
436544318.4155585170 17310441.9960937500
434191151.9286655188 16367979.1679687500
436496281.0220182538 17286857.6406250000
436467426.3499918580 17282436.9140625000
464602865.9556178451 20230883.0664062500
464605989.7885053754 20232210.8320312500
464296943.4854804873 20221209.7617187500
464382195.7183139324 20226404.5664062500
464204075.0567926764 20220787.2226562500
492563133.0354219675 20493534.4804687500
492774136.0289960504 20493852.2265625000
441572789.8549324870 18529103.1093750000
441385543.6169645190 18509413.3906250000
477574084.2426330447 20422761.0976562500
446673250.2925342321 19334983.1601562500
492494183.4411134124 20493165.7500000000
446692931.1007593870 19341235.7734375000
463911545.3231015801 20213312.8632812500
446739803.4844286442 19343227.0039062500
446691544.8788619041 19335803.7851562500
439724460.8712690473 18185989.5976562500
439657903.8388395905 18168990.1757812500
435771551.6512651443 17030866.5898437500
446743653.3671402931 19345368.7226562500
439649953.7867488265 18163714.4257812500
482484675.5684641600 20460482.5000000000
482180093.9929115772 20457181.2187500000
439687845.6209217906 18169332.9140625000
481333082.9174813032 20450581.5898437500
481183596.3377989531 20449733.1445312500
439305760.9458209276 18080266.0937500000
451900081.7012706399 19742451.9570312500
439495304.0532330871 18128693.7187500000
451813277.6282819510 19727833.8359375000
460484928.0855429769 20115462.9375000000
480603529.9945127368 20440970.5546875000
439283782.9519938231 18074600.9609375000
460071656.4073643684 20099295.5625000000
460351090.5948402882 20111892.6718750000
460410524.7470473051 20112343.2031250000
480792958.9263101220 20442431.0156250000
439599968.7145087123 18152083.4531250000
480081202.1771733165 20432944.7460937500
435576183.8779436946 16949107.1660156250
451910017.7023078203 19743374.9609375000
480182826.4204105735 20436685.9453125000
439094382.8290969133 18023362.8515625000
459959933.2518554926 20089247.2421875000
441190391.7895981073 18454517.7421875000
435591069.3545015454 16956269.4394531250
435553582.3589321971 16939557.1562500000
447788773.2223716974 19440633.1562500000
479456220.4599571824 20428634.2421875000
447662741.3995599747 19428091.2539062500
478985040.4891390204 20424947.4921875000
435540535.8728842735 16935621.9550781250
435608131.6593782306 16965333.2753906250
439278488.9040219188 18071213.8359375000
441087994.4198389053 18435713.0781250000
434154356.3910608888 16271322.1992187500
434124446.5018188953 16227183.6699218750
439178415.8600213528 18049083.0937500000
434114972.9297942519 16215883.6582031250
434132846.2975081205 16239236.6582031250
441197430.8624480963 18457777.3750000000
457611190.7002085447 19997069.5585937500
459696412.4993516207 20064137.7343750000
459715992.9066230655 20069737.7890625000
441157497.4890265465 18448363.1015625000
459487105.2194042802 20062179.2656250000
436104841.3761288524 17119571.0136718750
459352690.3573073149 20056579.4023437500
436089158.3135246634 17118600.9902343750
459056233.5540316701 20044924.8671875000
459326433.5872279406 20054460.3593750000
446340879.7036468387 19281581.5429687500
458081773.6977044344 20007832.4882812500
436056997.3960719705 17104414.5839843750
436014959.2422652841 17094838.5175781250
472724628.5506169796 20337112.4296875000
435924904.4368482232 17053135.6601562500
472732605.5102650523 20337784.9609375000
473116126.6325690150 20349554.2187500000
435962295.2668630481 17071142.2988281250
473073556.4085953832 20345541.2382812500
440839472.0639867187 18351930.2421875000
435486676.2528733015 16871851.1445312500
435347150.4264328480 16813498.8964843750
471807182.8814220428 20326310.6210937500
471684605.6592405438 20322803.4414062500
435298132.1093181372 16781414.5722656250
435315043.2687237263 16797149.1425781250
435264325.5949130058 16769286.5488281250
443380449.4936759472 18729432.1796875000
442982280.4472303987 18658218.9140625000
443025083.0836532712 18670215.9218750000
442857211.3933879733 18630969.7421875000
442708671.7541176677 18596692.3007812500
442755358.7991831899 18597562.2343750000
442700762.6337839365 18582818.7617187500
442668254.2511379719 18573364.7500000000
438363879.8459277749 17567282.6289062500
438270406.7955732942 17543530.0976562500
438289797.6473180652 17553640.3242187500
438410402.8971472979 17596472.7929687500
438379596.9559494853 17573741.9492187500
438386103.0881727338 17585461.6601562500
