164979318.9639165401 178445.6366474475
169476903.2707680464 267411.0308990061
170356916.8616409302 280599.8273439668
184488407.5401470959 415129.8734130859
164038255.6758702695 130509.2106746733
165725134.0599110425 200549.3894780278
169453833.8673459888 266983.8863501809
169563050.8363578916 268470.3980254709
170593878.8144723773 283668.8034793221
171843017.8502670228 299956.0903238587
177982001.8521496654 370595.3299255371
184109377.2630166709 413356.9088134766
184747596.0476389229 415418.5435791016
185073710.9812999964 416145.0777587891
165883028.7256481647 202196.9890511632
169240334.7323116064 262862.8996123850
170691251.7103983760 284293.1748888846
183101235.0251731575 408892.4725341797
164394548.5627284646 150226.4082896434
167397626.4039928615 232222.6043736149
171065529.5655638576 288840.9105315469
170709067.9879670739 284976.6450286172
179942554.1614783108 388937.9882202148
186444289.4840902388 417633.4344482422
169638063.1363590956 269703.9026641428
169315391.5847924352 265581.5916289865
169980128.2628773451 275000.0212021552
185337397.7450733185 416721.6744384766
172006740.2909089625 300304.4010974765
170740966.9295262694 285981.6803069375
165192594.2336255908 186926.7503157770
171824013.4748484194 299956.0794201128
169588392.0101445317 269044.7105865061
164127477.5079392195 139327.7713855617
179284912.2244799733 383531.2687377930
165353646.2434317470 191671.2088807141
170524632.6423140764 283142.8138518594
170421683.7792364359 282034.3039641640
169088335.0850692987 260063.4656829416
165412257.2619030774 193018.2655520951
184941747.7555394173 415909.9984130859
164957029.7798371911 178283.1031377162
170123474.4385874867 278049.7630706094
177807359.8356099725 369109.8263854980
186153760.5866511166 417452.6644287109
164903795.8584979773 176695.1292621936
182147224.7602486312 404824.6585693359
165010945.3755641580 180929.5439350451
170228714.4555211067 279292.6538787148
164913354.8402172923 177580.8854267444
170278496.5124681592 279546.4924441658
180022193.7408261299 389512.9493408203
178748361.6643526256 379423.0922851562
186163425.9608953297 417462.6099853516
165565766.2736460268 195864.5542123830
181547863.7685848176 400891.9980468750
185997762.9231764376 417058.1429443359
164292912.2000121772 148026.0430564604
184296641.6384215057 414245.4019775391
164016974.0842516422 126474.1710329428
181707639.2817970812 402355.5838623047
164842212.1779636741 176005.0997822131
165225918.9143925309 187497.1110821879
177885382.2672525644 370160.7972106934
179241844.3481048048 383233.1254272461
164179141.1574948430 143188.8320249915
164711990.5371487141 167776.1137962187
171750058.1189724505 298050.5816381656
171615691.7727526128 297152.1862381082
179670737.5126747489 386772.4948120117
164661497.5067898333 167203.2695977534
166295568.0394707918 211586.4568981528
169398191.5639976859 266695.7821197092
165530401.0397020280 195761.5906174779
165334412.2766069472 191627.7715016520
165944036.5540886223 204573.8666861057
179366836.7387188077 384414.0726928711
171534335.9906902015 296182.0900623202
171553904.4639369547 296272.0587423079
184409245.8553585112 414898.5684814453
170037378.1864842176 276673.5272655487
164740223.9352552593 171326.7889060820
169251762.5944961309 264318.5108184397
171405030.3368684351 294356.2811544173
177639663.8631534278 367229.5433044434
164019043.3500452936 129993.2762190104
164018486.3192874491 129924.4673150331
171935920.5333301723 299967.5827876262
171172051.6059195697 291710.9906270735
170004388.5618041158 276432.7627793037
171802585.3090164959 299106.0634420149
164405502.9402403533 151677.1317202173
165279397.2374807596 189358.4002858317
171595172.1541261673 296537.2124603093
185559940.2165417969 416811.7904052734
170187948.5283333063 278217.7288437568
171257626.7894163132 292172.4516866438
171479311.9149850011 295695.8813143008
165465077.5788682997 194329.7375619924
164194199.1248482764 143714.1106191874
171289701.0968138874 292870.8191662066
184259764.1074092090 414127.9979248047
179711279.1284881830 387359.3070678711
164716926.0109322369 169407.1760045220
179479965.5165325999 386078.7579956055
171369696.7561364174 293324.1067781679
181160962.5972068608 396646.2716674805
179041745.4254425764 382109.9253997803
177525672.0682888627 366349.0393981934
181191034.1919637024 397219.2567749023
181294176.9413526058 398370.5645751953
181161862.8091156185 396929.1284179688
182309784.4839182198 405679.3834228516
171090416.8346548080 289457.5609891646
164029386.4457393587 130278.7689374834
170953396.8843073249 288673.5081327193
171123418.3726038933 290386.0547563069
170890726.5892820358 287908.0803983443
181186474.2277387679 397089.2606811523
166897640.8761325181 221207.1005824571
170363412.8547940254 280803.7930731355
182464206.6833486259 406439.3399658203
183195855.7770917714 409962.5911865234
163992967.8926607072 113390.4588122442
165924820.7826493979 204569.7918294072
182721796.8387230337 407461.4898681641
181110105.0213171542 394183.1141357422
181473367.6558752954 400639.9357910156
181897046.3628841341 403536.8863525391
181772890.3102730811 402690.2845458984
178560705.8613074422 377397.7124633789
164253394.9778729975 146916.9086334814
182594296.2978260219 407432.3419189453
179833959.0097441077 388625.2833862305
182747593.9906156361 408225.9088134766
164074036.7979156673 134985.8233322799
164002436.1730794609 116486.5257484987
164083988.3541950285 135101.2343169451
185212860.6803914905 416307.5577392578
186145066.6203862727 417331.4373779297
164054267.4413328171 134400.9366649389
178718371.1042213142 378732.6545410156
179670458.9978625774 386741.7859497070
179899551.6814627945 388707.0159912109
165668853.7639151216 199034.4581682682
178121024.2508100569 372337.2323913574
178444532.3922300041 376555.4370727539
166037178.2925706804 206410.3311910527
185058010.9968250394 416022.6058349609
185795362.1972227395 417029.2882080078
164161852.6473054886 140745.5665808916
164808256.4695334733 173329.7687739064
183722494.5967145264 411217.6431884766
184777107.9190280735 415499.7239990234
170800163.6872022748 286002.1572852395
178741637.1897977293 378996.1772460938
177700480.5860745907 368303.8930358887
181663969.0220374763 401815.2095947266
185412140.4400230646 416751.7396240234
164711170.5086997747 167601.0518267373
182274304.6301847994 405431.9595947266
166927250.8749382794 223853.6486114031
164238071.4644494951 144114.9645274282
180117212.1834761202 390321.0993652344
165167848.3992253244 183373.1086132955
180307221.2001592815 390721.7525024414
170052485.5356442928 276793.3782325051
178380952.0141389668 375376.4243164062
164067273.0925363302 134944.2099546790
169826538.4500511289 273125.1521582864
165607461.3972435296 197246.0081717968
165586004.8402853608 196298.9120589495
170888371.4368062019 287389.9570889055
170887818.5395588279 287389.5944420575
164232290.1486379802 144019.4596446157
166104605.5862223804 207561.7134483457
165650333.8966263235 198420.4759452343
186124048.8647255898 417139.2230224609
167199613.6451165378 229025.7530382192
164043675.0999633372 130919.1626390219
164789649.8174922168 172561.1897514020
168975498.0980366468 257564.5534667075
178886972.8725498617 380474.0631103516
178606045.2272859216 378276.4968566895
178307998.1587537229 374712.4497528076
179162967.8493152261 383088.8087768555
168866203.5607877076 256596.9137679040
178750204.2306306362 379668.1297607422
164016837.1957143247 116811.1245389059
169735244.9297819734 271858.6314849436
169780549.9897952080 272297.3885650217
169689610.8041051626 270721.6029204904
183324208.5296733081 410327.6839599609
165384950.8926008344 192164.8668366503
166230453.3620278835 210294.1446006894
165888544.5088182986 203386.9166801572
168866567.8777249455 257338.0845377623
168933129.9085791707 257338.2327422976
177214023.0177932084 359653.0110896006
183805212.0510480702 411716.8956298828
169102510.0827618837 261460.3955729186
177191974.3493666649 359300.3751643077
183813985.7169558108 411893.1141357422
182089262.4175261557 404453.8172607422
167050959.7397670150 226339.8653677363
183455477.3731225431 410966.8714599609
182723385.5317721665 407989.3187255859
183398492.4806319773 410659.6854248047
167180189.1175090373 228516.1637481218
182895392.1141908467 408796.9527587891
167269211.5854798853 230096.3308480745
177308635.9028165936 361009.8260107040
177227551.4700668454 360206.1637995616
180454248.9027569592 391017.7543334961
177242066.9136891663 360280.9637743831
180590745.4247911274 391664.4647216797
167479869.8205192983 233703.1378506934
167213580.8330577612 229436.8795684343
180428634.0640744269 390790.3110961914
166920168.6888545454 222948.1422027117
183141304.2411155999 409805.4476318359
166979105.8174043894 225314.5685332781
166965273.6703993380 224845.6302519804
167955390.0555430651 239576.0052474653
167797789.3813889325 237207.5353527730
176448794.7632998824 350862.8042068481
164432066.7089434862 152046.2139976204
164659535.1566889882 161656.5730766882
176746903.9136633575 355424.7603378296
176354789.3642904460 350483.0739746094
167692452.6949048340 235770.6387463277
183266474.6948456168 410015.9256591797
164540763.9143581092 155383.2683643282
176456370.9004041851 351185.7796936035
164412679.3087766767 151827.1301963509
183784082.6050322056 411602.9813232422
176192589.9318725169 348409.6818237305
165319298.1621490419 189861.8647814095
176472028.4630443752 351607.4044494629
176835778.8498674929 356183.3054351807
164474193.5501824617 153323.3814363786
176514680.8589990735 352635.4839172363
164490361.3837444186 155247.8098988225
167725516.0869879425 236564.7124164021
176457909.3454607725 351405.7312316895
176473171.9989588261 352069.2586975098
175043858.4273867607 333269.4155623280
166833846.9081298113 221007.7129499828
177392660.8368345499 361344.3799743652
177340764.9152975082 361254.5672302246
175015210.0825451910 333145.9413237572
174206412.4066337645 322539.9596592188
174180097.8164027035 321740.5731253624
166472588.2197304368 213863.1071474766
166578876.1165008545 216673.1892035222
166638028.4270837307 217065.3455183432
166592580.2791580260 216753.6388927400
166536200.1270545125 214490.6178541183
168232909.4164294004 242680.0144527331
168156697.0392838120 242582.3121310845
167993313.1132467985 240225.5620727018
168267826.8096690178 243615.6496348456
168373408.3311521411 245649.6147429153
168604168.2154440284 249164.1130244016
168304624.1249203682 245028.6720415308
174471476.2823831439 325874.3755240440
174249909.7943087220 322623.4838464260
174466673.8644839525 325603.0472342968
174540872.9130424857 327140.9430773258
174861597.5888765454 330352.7330095768
174870308.0752890408 331006.6967546940
175001394.7486314178 332208.0248796940
175995442.1376937032 344948.0322577953
175905070.2427489758 342293.6514213085
174858072.4957389534 330216.5216288567
175939404.8468687832 344144.6396799088
175980615.3822829425 344359.4314296246
175493503.5503071845 337911.3917808533
175693821.6692582071 339643.1436161995
175355477.1959185600 335980.9188237190
175552321.4982879460 339139.8020634651
175473550.5138273537 337538.0229384899
165138729.3846060336 182245.3354728818
175857421.3975934982 342015.1626439095
175609977.4581910074 339240.3007705212
173582022.8937349916 311070.0592883276
175678568.6048901379 339449.8313755989
174131616.1623771787 319230.3310827309
174070601.4147792459 318669.1551263947
173922233.3513461649 316274.5620839018
173114473.9331501722 306714.0427725976
173776866.3700246215 313791.8669836679
173682742.1843037605 312666.4404071132
173647782.7647495568 312665.0293371836
172699196.9770679772 301193.7488113111
173059776.6045560241 305327.4483136097
172688130.5688870549 300929.2009597486
172800144.3090458810 302595.5874884790
172898718.0896028280 303546.5817059940
172851910.7581613660 303135.1637853999
