174146433.5702535212 174274.3290405273
169148040.3876983225 109170.6196995638
174030808.6721165180 173520.0047607422
173990323.8781810701 172965.0620422363
174287941.7756236494 175584.5440673828
174190100.5144151747 175371.1015625000
173957180.0799910724 172669.1692504883
169309705.0951952934 112337.9275575844
169080128.4979558289 108877.4534397982
169267824.9667105675 112248.9586761855
169599268.9135379493 116839.1140159033
169631718.0128785372 117694.2156348489
169683956.9394135773 119006.1443923377
169937845.1040332913 122539.7374292910
169831479.6206254363 120839.7405129075
174041232.9102441967 174241.5809326172
175314793.4191832840 180710.0715332031
175493461.0000130236 180999.0477294922
175701161.0142601430 181418.0771484375
178530617.8463814855 182758.1965332031
169917085.2319013476 121238.6628824645
171811608.4867893457 146996.1727766348
168414056.2864482999 85385.5492521130
168522903.4614653885 87385.9105400347
169194479.4939087033 110640.3328197859
169324939.7181538343 112381.0911835097
169760552.2017995417 120389.3532126807
169765292.5738974512 120506.5206642747
171654242.0793041289 145947.8880829811
171551939.2781775892 144392.5195414722
173401143.9791097045 165946.6513061523
173382303.0764925480 165652.4883422852
175335789.8417954743 180981.3021240234
179390978.8435154855 182972.0792236328
168331294.4406049252 81933.0448686683
168458087.1673460901 87371.6697875314
168476648.0558730662 87380.0912896448
173361060.0291823745 165570.6431274414
168320197.2092897594 81879.7782335930
168394563.1909471154 85346.9494439416
169328478.1631200016 112574.9410980605
169617969.8012543619 117435.3665183447
169598559.0984881222 116709.7157767676
169789025.9664787054 120670.3712240122
173294997.2690533400 164577.7535095215
173475227.4220429063 167524.1732177734
169232514.7904375792 111094.8784044646
169258343.2585128546 111920.8791168593
169216238.7656190693 110839.3091400526
168363946.8221861422 83937.1919976526
169169703.7472803891 110541.7992523573
169204633.4827179611 110662.4241112135
169893845.8752551973 121007.7877028845
169777717.2924360931 120548.7565293419
169646011.9239082038 118719.2544097006
169736542.7303180397 119223.9630263709
171704205.5089143217 146230.7987275124
173642347.7694847584 168769.5190734863
174349271.1517309844 175765.0132446289
168362640.2076631188 83587.0053893381
169752103.0239239633 119389.0463889502
169871601.6169945002 120853.1072181128
168341768.1288720965 83313.8075982385
169593052.6551012397 116707.5935281180
169648962.4912556708 118815.7372458838
169520699.6412091553 116566.0241769217
174511283.8817496002 176488.7809448242
174913446.1565746665 178955.8123779297
175191110.7615920305 180202.0899658203
175228849.4395515919 180428.2896728516
176190105.3236014247 181603.5924072266
169499416.3447938263 115282.9390629195
169613890.1853361130 116964.7462343052
169599169.2703058422 116760.7763966024
169504626.0131011009 116243.6233890913
169571095.5619354248 116610.3962386511
173450416.9067797661 166517.2234344482
174387896.4165922701 176194.5939331055
175022512.8760628104 179504.0095825195
178539647.8336894214 182770.8057861328
169460621.3121282160 114734.0622995757
169456392.0220952332 114646.6440428160
174905794.7397044301 178557.1231689453
178732105.4173782468 182859.8201904297
168360581.2720129788 83315.6938252651
179086567.7341099679 182971.4154052734
178761711.9044839144 182906.4057617188
168782006.1106542945 97253.4464931960
169344575.9408044517 112866.2363670729
169426992.3184307814 114047.0919426344
169490511.2566458285 114896.9933522604
173527870.5080097020 167924.1367340088
174932181.9405574203 179175.7014770508
175119261.3871685863 179912.9602050781
175057827.0661262870 179814.6640625000
175210010.2790140510 180352.3498535156
178401925.3830231428 182704.7440185547
169437896.9280545413 114102.7616966628
178111442.8142169118 181755.1207275391
178207131.9381523132 182203.8343505859
171450725.6450656652 142460.2141993046
168734170.3264831603 95551.5738888929
169411148.7915854156 113563.4354202859
171522146.5893570781 144097.4595198631
173721945.9745840430 169875.4862670898
173849213.9376310408 170881.8047790527
173819462.1450543404 170529.7058563232
175188649.8102103770 180170.6835937500
168758461.3218687773 95622.2538905439
169388932.1503885090 113544.5182944504
169317210.7080643475 112363.4567650221
169357596.9939229190 113054.4303639792
171437748.5915714204 142097.7812009451
171358701.4797839820 141136.4993711111
173588127.7659653425 168550.6553192139
173824241.6451634765 170636.2512207031
174647989.7974543571 177469.5593872070
169359702.5412227809 113077.3326424025
169421170.4313356578 113951.1261330545
171499365.0347447693 143727.1639699936
174485140.3623557389 176324.2098388672
175242293.0455056429 180524.8444824219
169381339.4045117199 113366.7951935194
171621970.1242586076 144817.3322873709
168305804.9384090602 75360.8434407391
171480063.4000659287 143224.7060666677
171598391.9066404700 144522.9474883673
173588274.3248258233 168659.9692382812
173664534.1353782415 169180.2875366211
176049389.6079718471 181535.7316894531
168851645.5137937963 99292.1407313642
168947371.0039378405 102199.8147150697
168938210.6842345595 101942.4490127135
171629109.2866875529 145249.1623502371
171493159.7921485603 143654.2867551443
174545671.4005845487 177112.0886840820
175530487.8307104707 181026.0382080078
168772017.6080345213 97235.3200831708
169026358.6431546807 103960.4704778614
175286637.9559453726 180578.5447998047
175550904.1780030727 181058.6572265625
168681331.3719629347 92807.3814523441
168314086.7985545099 75682.9623081216
168709452.7048674226 94576.3040052947
170983143.0583359599 135404.1907701492
171215068.7234202921 137836.4819612503
171347850.7142222524 140435.3800366518
174844538.2232820094 177703.3208618164
171300631.9366488755 139996.6033337709
171426699.3296881914 141744.4932263491
171087494.6688872576 136702.8213167191
171433375.2603292763 141852.8668959141
171385641.9544324577 141693.3412488100
173692757.0900697112 169408.0037841797
168879058.2940903604 99308.9911436613
171000409.9447613955 135795.0869050026
171068815.6411265135 136027.4486055374
171076625.8120785952 136063.2471895218
170983173.3700608313 135603.9488801956
171298559.9996894300 139860.2392854691
173777550.4647307992 170525.9956665039
175173581.0226104856 180054.5323486328
168934915.6737961173 101086.1660117675
168944972.9068760574 101951.9784354614
168926511.6913700402 100774.7909621764
168812833.3818266392 97871.5239245134
174834284.7627694309 177666.5017700195
173776423.2683965564 170489.7306976318
168318772.6837718785 75734.3864382522
173910390.8034482002 171712.4213256836
168307217.9912635088 75504.4193669983
168765869.1495970786 96640.2509450015
168796780.8508146405 97849.4737038870
171233675.6438544691 139041.8113822937
174611479.5702492893 177138.1397094727
174657744.9038452208 177601.6455688477
168319446.8312848806 76965.9421607681
168788457.6826863289 97424.0048451719
168834317.3734134436 98992.3790974912
168886616.6628515720 100360.6546712217
171381306.6697756648 141405.9216585159
168994469.0031721294 102418.3261007319
168933935.9739256203 100840.9309087942
168900640.1465546489 100536.8527344416
168911152.3297754228 100560.3223743864
171265120.9575760663 139794.1422777176
171119515.8592210114 137711.7947807312
171208441.4951249659 137782.6436841488
171091620.2224383652 137381.0433626175
168624088.4632025063 89018.8321987763
170929102.2556260526 133971.4979344569
171224636.8768301308 138001.7625169754
171042859.5134772360 135798.3425941467
174633593.9992105961 177165.1724853516
174545236.5699015856 176890.7209472656
170879937.5600556433 132778.8285839856
168581794.0225839317 88130.9141003266
170801698.6837829351 131338.5845110326
170825883.3750934005 131436.2182390600
170960396.1319579780 134177.4309094250
175152838.9478628039 179943.3334960938
170731965.7188887000 129423.3811724096
170863868.3016961515 132536.2265713513
170697534.2625118792 129252.9159014135
170908043.2751432061 132883.9865698724
170848123.7735324800 131445.6476735979
170625014.9569772482 128924.7682599931
170662164.9803720415 129178.6451952367
170743761.5336296260 131036.4473650365
175280920.1363407373 180551.1411132812
175568661.1527466774 181154.0897216797
174866287.1458924413 178071.7022705078
175173183.7545132637 180010.8646240234
174885024.9790212512 178202.8361816406
174905275.3678116798 178320.6231689453
177920301.4661065936 181683.4827880859
177955213.5451909900 181703.2285156250
170586311.3000249267 123530.3162933495
170558696.4607306123 122810.3006682303
170566410.1844670773 122951.0568939354
172772803.1722744405 147172.2110486031
172776785.1375904679 147190.3316693306
172863128.3224947155 147879.4251294136
173108371.5427484810 147957.4145474434
172849755.1245379448 147241.4260525703
