162623747.4789331853 4.0325984059
163343962.8563701808 4.8979957053
165930679.8529301286 8.6623829170
165869705.9361428916 8.6518117232
166098454.0679053962 8.6651309479
165750440.5151845515 8.5095834745
165655395.4003334343 8.4791291421
170984489.0373282135 13.0649793025
172780177.5728016198 14.3741895803
162514982.2447271049 3.8336232330
165826444.2427532971 8.5178669443
162462732.5036548078 3.5695405856
162471150.1155331433 3.6980202011
162554951.9449633658 4.0220859300
162924089.4043072760 4.7329649581
162988986.5749572217 4.8897263403
163028922.6161505878 4.8903827961
163913013.5538232923 6.4210960980
165647532.3075110018 8.4666576206
171111131.6583610475 13.2007773630
172116746.8157109916 13.8870730241
174343915.7571788728 15.1854825392
174511779.7154031098 15.2936117277
162510544.2373078167 3.7055063157
162449799.1132910550 3.5612712207
162958445.9669780433 4.7378656021
164742490.2990262210 7.4597299323
171403019.0264344215 13.3969763872
171619464.0400735438 13.5599794435
173286721.7643117607 14.6061251080
164819291.4863320887 7.5958747492
165614291.9187027514 8.3144366232
162514256.7004905045 3.7140915936
162550858.0729648173 3.8704300103
162869845.0867410004 4.7181179519
163351848.5709701478 4.9045733465
164582804.6895637512 7.2746895639
164737075.9789133370 7.4440140110
164780923.5304073691 7.4752856676
164628469.2716812789 7.4242663608
165441648.6384602487 8.1220414789
165493303.8420841992 8.2921507613
174428096.5520690382 15.2920559645
162782727.0431466401 4.3900810611
162813059.5013295114 4.5535412975
163083828.0698420703 4.8970878643
164722870.9894585609 7.4431036569
170954884.2873228490 13.0443283523
174142932.6650869548 15.1434662808
174232360.3621812761 15.1721121632
174708946.6617917120 15.2971830368
162540623.5276208222 3.8692117338
162528313.7239415348 3.8631405430
162463566.5842172801 3.6974345772
162494535.3774131835 3.6997411868
164591910.0087710619 7.2931425246
164629007.9387123585 7.4242705859
162878786.2950902283 4.7246955931
163977821.1407513618 6.5753370310
164498458.5004167557 7.2524912634
164476414.3485892415 7.2524909425
165193763.8331425488 7.9632042981
165446781.4218514860 8.1424925240
171368382.9057528973 13.3847989112
172067387.3341639340 13.8516468087
162757951.0215968192 4.3818294436
162787223.2569165528 4.5530872047
163653709.9406580925 5.9092781464
164023382.9199166894 6.6080428272
164430153.4879170656 7.0913950299
164389266.7394955158 7.0815599515
164331847.9677291512 6.9349836735
164537054.2990913093 7.2550005115
165443638.8979512751 8.1401899190
171213748.3593020141 13.2289602792
170949625.8957750797 12.9530621700
173430635.8757547438 14.7105915984
164320344.7566967607 6.9140732555
164349794.2494285703 7.0808825540
165538263.5489099920 8.3062084679
165300734.5091246068 7.9970573640
164220535.8332906961 6.9099515630
164255334.2104293108 6.9112841321
164197215.3608439565 6.7578327044
165167800.7343975604 7.8067962048
165334861.7491371930 8.1202066621
171251915.8729937375 13.2588883311
173127055.0514378846 14.5536416601
172945037.8283859789 14.3999645449
174388822.7995975912 15.2877013758
164215771.2102442980 6.7642070964
165408124.8187619746 8.1217187202
165399608.3860774934 8.1208840595
170923778.4488846958 12.9000792185
162726862.4448756874 4.3795109898
164099921.4019398689 6.7395554380
164145706.1850316525 6.7536580836
164094744.8546907902 6.7389996334
164980570.6589022875 7.6351668110
171471189.3114570677 13.4030245739
171121233.2803424597 13.2143018291
171605252.7140317857 13.5534953082
172091281.5890370905 13.8740204021
174238250.0857872665 15.1766507812
162666003.0538996756 4.1939359025
162627735.5667242110 4.0406513540
162716561.9986356199 4.2140506445
162735997.3811943829 4.3816329832
162689742.2860540450 4.2001807096
162640563.4340548217 4.1936973708
163629992.9786791801 5.8842901550
164007662.6353818178 6.5779037209
165189644.2906335294 7.8128129100
171227660.7932910621 13.2330697904
163928595.6127300858 6.4285938762
165120273.5024691820 7.7773399258
165153172.6884420812 7.7789917511
172969543.1360103786 14.4427136462
174335038.4498941600 15.1811279505
174232261.9184405506 15.1645520777
163704845.5417164564 6.0808865348
163957618.8750244975 6.5673912450
163847681.5664752722 6.3957828566
165039467.9470352829 7.6453089269
165040218.3601579368 7.7769447824
164879058.3410692215 7.6046573447
172397318.0844620168 14.0576627753
174109981.5874347389 15.1383788493
164429724.3100014329 7.0897958010
171201319.4196579456 13.2203549471
172847447.3390248120 14.3966917219
173053723.9309005439 14.5492870715
173599161.0656075180 14.8631869480
174151494.6131193936 15.1567445695
163846020.0896276832 6.2513485188
163654874.0570353270 6.0535132414
164441685.9170399308 7.0970110360
171341850.4334902763 13.3773048854
172167664.3089916408 13.9208736642
173185523.8283118308 14.5830877116
173428224.3235103190 14.7077927729
163599082.2548293471 5.7399425755
167300014.7206082046 9.6581369409
170887654.7641342282 12.8883138102
173463267.1953888237 14.7270421311
167122696.2669151723 9.5255634332
163797771.9540222883 6.2381380483
167115397.3743561804 9.5219921241
171044631.0228911936 13.0755829512
171370541.8584916294 13.3853951635
163675359.0962095857 6.0665296599
163890945.7730208635 6.4014743884
172192300.5280435979 13.9237929768
172454618.1197924912 14.0912517644
172282547.8324809968 13.9257828406
172293458.2934636176 14.0440229624
166993934.8312002122 9.3608942223
167166189.3040928543 9.5346199869
174369804.1798762381 15.1875894740
164213257.6754762530 6.7605495042
167160363.3325368762 9.5299459977
172595262.3761998713 14.1933454889
173230378.3252770603 14.5906477971
167101471.4208374321 9.3831927660
171755780.7839457691 13.5657112861
171984238.9301854074 13.7114395781
171839743.7639117539 13.6888605842
172019098.7430450618 13.7252035873
166943574.2451125681 9.3503817465
167373820.7049244940 9.7114636766
167367166.8674660027 9.6935985233
173308549.1166631877 14.6852312208
171910608.9776963294 13.7018432083
173309028.2158849537 14.7062370097
167274634.4967763722 9.5577245837
163768286.4742560983 6.2238202048
174372067.1290447414 15.1878367811
172602222.8529596925 14.2090833810
172658402.0342685282 14.2187586878
172075991.6252822578 13.8613484042
163818225.8666207790 6.2408883384
163634193.9192075133 5.9066005037
163776862.1851012111 6.2320895697
163549080.7553684711 5.7120321184
172384727.6337613761 14.0454340800
166893953.2497791946 9.2163234165
167102493.1047658026 9.3910679778
172609631.4284712374 14.2169400379
172588804.1964932978 14.1891271891
166843961.4882474244 9.1889501231
172551989.3843298256 14.1882580574
167000174.0402951539 9.3811141157
172696796.3623853028 14.2395709026
166975755.7122561038 9.3605585115
173045879.9651373327 14.4715929194
173586662.6473952532 14.8319131332
173288258.4162841141 14.6749631949
173911711.3736976683 14.8842727449
173931712.5507064760 15.0074220430
173922564.8701427877 14.9685624737
166736998.2491105497 9.0325722119
166734143.8726653755 9.0102207439
167366864.1877816021 9.6683115169
167536920.1081855595 9.7219759526
166813374.6354491711 9.0712353952
166646993.1144239008 8.8954515300
166824648.5038413107 9.1754545785
167204475.1781387031 9.5500713952
163546116.9323498011 5.3889628711
167296497.4702741504 9.5679393215
163435941.9786249399 5.0459069298
163440648.0915039778 5.0497539329
163528358.8727281094 5.2172952244
163392896.8456174135 5.0456868360
163453908.0909662843 5.0546355856
166585796.3828565180 8.8728893838
163444747.7680126131 5.0505386217
163462685.4162240028 5.0638902897
163483698.6606765985 5.2167501544
166796785.2276524901 9.0474285029
166863004.5304633677 9.1936655195
163468323.5361495018 5.2035988804
166736254.2347409427 9.0203028106
166618113.2469340861 8.8837190420
166649806.9586423934 9.0038461901
166524734.0386639535 8.8347335903
163528812.8689765334 5.2538031249
163474541.4310808778 5.2081253847
166462403.4697153866 8.6772681413
166420405.1911109984 8.6693638485
166571818.8103621602 8.8382532218
166518752.7763627470 8.8310072341
166359606.5840381086 8.6666448334
169396455.9735550582 9.8424553943
169284621.3483316302 9.8398936099
169409041.0535679758 9.8485204637
170126726.4880886972 10.7222207531
170335011.3003751934 10.8877617238
170100471.7972735465 10.6961472349
170450369.2737936378 11.0296587204
170711347.3333282173 11.1705704469
170115602.2896989286 10.6966926301
170423900.3652766645 11.0129366587
170199070.6111304760 10.7467626126
170120395.3276949525 10.7192895196
170384174.7874036729 10.8917751664
169407096.9029624164 9.8428513799
169205565.9682471454 9.8318818022
169451453.9500733018 9.9793986051
169544692.8291350007 10.0009325174
170275895.8059982955 10.8626992144
169907856.8635296822 10.5428586915
170286308.9137009680 10.8637896064
170043399.8368884325 10.6921812180
170026303.3434636593 10.5514448296
170701162.7617614567 11.0421134724
170207067.1264551878 10.8554343364
170054681.8909893632 10.6925437518
169636339.1024711132 10.0052667787
169656651.2566391528 10.0075793841
169684772.3648900092 10.0346690326
169674030.0292179585 10.0183568640
169825134.9253484309 10.2449221057
169899300.3173964620 10.2486989257
169716518.5137857199 10.1884081255
169812920.6587553620 10.2011008086
