308628079.9115197659 280880.7567749023
275916452.9364993572 154059.0771177559
275606582.4633599520 153353.1502989082
271414295.0573375225 108196.1816444884
271498241.9356608987 108385.2651266644
275397692.7424196005 151230.3026426582
275408231.3525620699 152026.0295713691
271264802.2019428611 106589.9331411908
275575061.0029519796 152164.0702627598
275240224.9541264176 150418.1697957291
275307110.9224240780 151001.2290724067
275010028.6687580347 148253.3367918281
275133497.6975579262 150076.9826353340
290317067.6988621950 238576.3302407265
290319068.8027697802 238853.3665413857
290403463.3165490031 238947.8320870399
299161329.9967480302 271029.3467407227
270924052.4927405715 101307.9228030194
271163434.7016538382 105249.9877383832
290992985.2239418626 242616.9643311501
293907947.3098407388 254349.6212372780
298881984.3128802776 270518.4620361328
299512075.0207105875 273033.6125488281
300129963.9093325138 273572.6552734375
299847947.1883255839 273404.1565551758
300030327.1235750914 273532.6260375977
299693289.4026739597 273259.2673950195
300905931.4842564464 274364.4077758789
300645513.1485078931 274284.2820434570
274741489.9080724716 146229.7850502281
274851861.3277239799 146760.3229759483
274974764.6057894230 147626.8304379432
293054172.6057428718 250784.0993256569
293513195.8639093637 252655.4627571106
293790013.8931275606 253664.1489472389
300369616.3985736966 274133.9924926758
302823863.9534204602 277060.8270263672
305887058.5554902554 279602.4042968750
308585064.5452523232 280818.2219238281
294464630.0650311708 255017.1265945435
270844715.1020447612 95797.8884351004
274626385.1845906973 143302.5333501248
290473402.7758508921 239432.2385891080
293532717.3326063752 253201.9855561256
300299353.4055985808 273807.8529052734
306523184.9004731774 279931.7098388672
308375393.5648617744 280690.7752685547
293447243.6137367487 252598.0467743874
270863279.7852427363 97652.2643267859
271083749.6037423611 103702.8694141035
293206295.8815397024 252006.2471528053
292793923.0176383853 249456.9384827614
306011844.2095304132 279611.0418090820
281066142.7686132193 188525.8221450513
281318058.7843621969 189890.1037307447
292595976.7641057968 248701.1816926003
306019030.4070758224 279926.5776367188
308328472.7666035891 280671.5902099609
270891730.0404335856 99938.0392138709
270865456.6456178427 99655.0426318396
281577839.1980647445 191531.3241592115
290475729.8742491007 240095.6577820778
292845996.6548681855 250562.5821747780
292606701.9345405102 248932.1876893044
293160509.5857864618 251115.8599457741
297183423.4947678447 265115.1014404297
292692787.0977919102 249347.8171906471
292956385.6955327392 250569.2656326294
274539504.6050496101 143239.2010172753
292284938.5674650073 247300.1466126442
292423882.5513916612 248607.4128479958
292314369.3685583472 247444.7203431129
292032476.7804417610 247216.3043885231
297387623.3327607512 265249.6915283203
308601789.5933754444 280844.3149414062
270903219.8896475434 101188.9403121222
270932172.7005339265 101491.1105730061
274489059.5831048489 142829.9432393460
291560040.0155048370 244852.2136597633
291773859.1525520682 245989.4635224342
291892839.5961176157 246268.5571517944
292017957.0300177336 246492.3003907204
297353692.4458584189 265229.1458740234
309489214.5397381186 280924.7501220703
291750268.3404130340 245232.4516358376
291497700.9676249623 244744.6073365211
301561472.3352040648 275147.6903686523
281235694.1002651453 189726.5295425123
281503445.8948922157 190804.5711532300
271048060.4452911615 103340.2428972248
270918185.2893729210 101307.1010515217
281936090.4403661489 192457.7913222974
281691931.8194130063 192099.9108443921
280961136.5759245157 187662.7589736646
281375373.8894615173 190424.6494765943
280860085.6515493989 186621.0482726758
301662947.8256573081 275428.0394287109
274646716.0762569904 144175.1955205350
274650441.7593295574 144452.5256291775
276281128.4940176010 154868.3862852856
276632522.5109471083 155421.4213921765
272095375.6462599635 114773.3032190576
272156450.7320734262 116065.3524922132
271902797.9573283195 113818.2015343904
271768061.1887323260 112311.8370324373
275894369.2652682066 153468.5947300597
276201251.0950685740 154329.3958393737
276299503.8965928555 155152.6476170226
271894104.9082051516 113591.8251801729
291390363.7392432690 244185.7868881226
272007554.4718716145 114304.2387493849
281465296.4996234775 190592.6185317701
290686077.2643436790 241141.3808960915
291174844.1686320901 243381.2714600563
271991497.2835283875 113835.0465546846
271841095.8710646629 112801.7722703218
290577385.4161746502 240800.4099987149
297222838.7564407587 265127.2821655273
298785446.9031485319 269671.6935424805
290835844.0036259890 241943.3465638161
291306466.4009321928 243869.9818177223
290904133.4845063686 242430.9559998512
302431604.9929317236 276622.0794067383
301372370.8974453807 274690.8419799805
271718245.6390287280 111324.6088105440
305832288.4683941007 279541.6752319336
271603234.1208119988 109239.9389082193
308503426.2032388449 280807.7669067383
301758211.3034457564 275676.2009277344
289855658.2478462458 236217.9009642601
301665443.5643107891 275546.2525634766
297837409.8195906878 267038.5178222656
298343601.4964901209 268477.0759887695
298258524.3851438761 268237.0878906250
301491060.6104997396 274880.8745727539
298840278.8223115206 269703.1824340820
303292702.1407849789 277184.1328125000
289650583.1361940503 234912.4000487328
289908673.1317861676 236760.8374876976
305598788.9564418793 279272.6343383789
298172136.3209825754 267956.4855957031
301827870.6159532666 275867.2188110352
298575345.4296288490 269132.5994873047
301647922.9667419195 275362.0877685547
280704387.5983739495 185179.4488828778
280710045.7845110297 185659.8992984891
280020191.3965007663 181176.7446805011
280339142.6618275046 183227.4736233721
280616124.1811886430 184917.7201688886
301327249.6772500873 274508.0803833008
290146902.9520049691 237729.3310179710
298708295.4325227737 269451.9951171875
298519443.0791854858 268994.9132690430
301213627.5119211078 274475.4102172852
289745637.7884166837 235286.0619750023
298845477.6611297131 269704.2317504883
289536571.9143670797 234203.3310637474
290249408.1453417540 238182.3026366234
290262295.1860217452 238324.3503661156
290047605.8567032814 237083.5902953148
290181735.6461770535 238043.0396971703
280615550.5871958137 183851.1914575696
289831377.1458794475 235829.5873050690
290099274.1621724963 237319.0388431549
298477402.7089145184 268822.7445678711
289160785.9198043942 230962.9134926796
298548480.1364973783 269118.1741333008
280586465.9420359731 183842.8484552503
308269479.0477101803 280650.7089843750
280308920.1424143910 182879.7908990979
280180662.7707622051 181604.1510065198
289203894.8044539690 231775.2334389687
305116805.5050803423 278086.6597290039
307521567.4629144669 279982.3375244141
279896125.9353662133 179783.3089044690
289334213.4735824466 232096.9498696327
307913675.2863228917 280510.3560791016
279644765.4508576989 177102.6551275849
279784652.9686688781 178505.5055914521
279711860.0270982981 178182.1594000459
307757137.9746375084 280220.3463134766
302705488.1705316305 276832.4337768555
302614253.2876600027 276765.4334716797
272881161.2710568905 117972.3649950419
272912654.2890695930 117972.4898729715
272570047.0895926356 116584.7045793924
272690575.8681610227 117867.8288317118
279129262.0909003019 173894.7013400197
305274334.1014221311 278898.2968750000
289455253.4193218350 232738.5428643227
289513974.2396135330 233269.2049355507
307732059.2108298540 280171.1282958984
279090067.5178607106 172769.2356570363
272663292.3879141212 117425.7070843372
274468399.0056760311 136602.6874363795
279550429.4436531067 176701.6656954885
279242710.9182798862 174783.4379733205
307416608.2994075418 279973.0468750000
279501781.1595327854 176099.5934990644
307834083.7783230543 280326.2360839844
301643890.6987726092 275319.6488037109
302323837.0858664513 276418.9982910156
301650635.5313593149 275406.2927856445
274488246.3915576935 136927.1914379969
288994845.1317791939 227720.0948185921
289022409.0804412961 227913.5999455452
288726118.8327222466 225841.8634648323
307656724.7522815466 280122.0252685547
288810226.8411781788 226400.3873906136
288903207.7243118882 227062.7144169807
288683731.2373328209 225327.6908440590
288699939.2428163886 225780.4451165199
274342365.8435545564 135101.6657290757
274363070.0280625820 135102.1501345932
288614022.8706081510 225169.7035222054
278799382.9888016582 171066.7704695910
278820765.4109597802 171087.2382691830
278830156.8723034859 171371.7791932552
273909407.9172534347 128405.8922228813
278889946.8728630543 171717.6353944271
278774466.5133934021 170421.3174210071
278764827.1870421767 169893.9178604466
278972356.5511443615 172217.6082535266
288125323.3811659217 221396.1196713448
288024339.7097712159 221058.0690121651
287871094.2753840685 220302.3283047676
287991110.7429497242 220646.2855648994
274010663.5380942822 129861.3803305626
287833978.0612176657 220212.3814091682
273995801.1683754325 128426.8206982613
288272364.3764594197 222635.4666295052
273823297.4202358127 127774.3453783989
274197000.2373825312 131864.3991056383
274311118.5467755198 132285.6595626175
274157396.7382284403 130538.7185225785
274090235.9593372941 130252.5177169144
278316288.0527564883 166113.8927904527
278155229.9775198102 164419.4009742072
287692590.9515494704 219452.4203315973
278262225.3568595648 165130.0033911994
277922372.2841098905 162833.2873267463
277951479.0343818665 163660.8771609596
278175082.3456350565 164834.0508689216
278047783.6206675768 164026.1428069702
278156870.1280983686 164793.3540992072
277820123.7114970088 162760.2122535041
277726593.6031042337 161411.4496548833
287871511.4226446748 220443.7299466133
273817209.4219504595 124737.9492477410
277594546.7350248098 159087.4914204427
273807343.2135531306 123732.9183902084
273774864.3809412122 123632.0064611815
286591122.2517464757 213386.6733089462
287329590.9490418434 217383.3103953376
273664819.5216265321 119316.7924740546
277152146.9832319021 156110.3262960264
277357335.8163790107 157467.0206257650
277069247.1013353467 155509.5577656576
287412839.0890172124 217840.2404232994
273737566.8494693041 120887.3987674646
273750962.0553864837 121648.7900402777
273768364.3155169487 122226.6518872016
273714762.9114187956 119335.8645184271
287170378.3850356936 216507.0014949813
304830341.8626437783 277520.2360839844
304924879.6289911866 277720.1215820312
287559366.1869446039 218612.2185727134
287314892.5251805186 217185.6479964629
287189484.2282527089 216761.8792415634
287068552.8968139291 216008.2007074729
286844066.2024954557 214271.6179241538
304866668.3927097917 277655.9291992188
305162356.8268945813 278370.3640136719
285064586.4664518237 203131.1919369306
285261957.2456206679 204615.0098385420
285858373.6147834659 208097.7622627821
285622107.9036914706 206659.8382029142
285449983.9091530442 205806.1912648287
285527771.2405528426 206369.6510128584
285737654.3197418451 207213.8870052900
286140545.7160443664 208945.2749779373
285828204.5876228809 207783.3140377607
285497766.3853921294 206071.6556325089
284860714.4963968396 200889.7328361364
284533853.6830632687 197657.4411684049
284806120.0977967978 199694.8784037677
284551278.0221753120 197790.1174059005
284415655.1962636709 196983.0229426471
284196740.4867382050 195396.9915269704
284419959.4166810513 197238.5398493854
284250102.8591216803 195664.5852845998
284370289.2364890575 196146.5276063771
