70115580.1086081862 741969.0839843750
70672916.0988108963 768356.9643554688
68027565.7059733719 525537.8291435242
68015652.0761154294 518541.9073905945
68136461.3390212208 537347.1470565796
70521356.6446186453 764927.7202148438
68070888.1837196946 527956.2970504761
69896812.4850852638 716094.8200073242
70459544.2864391357 764451.0249023438
70715895.0396130234 769876.6547851562
68055280.8583340496 527703.7322158813
68018439.4134912044 519887.4447917938
67962956.0454445332 515738.3204765320
70682348.7864601165 769842.6401367188
68095817.7828207463 528621.7509040833
70328867.5199125260 753563.7847900391
68173023.2067328244 537579.0651855469
70079780.2927792817 734859.3422851562
70359936.0517578572 757137.4497070312
68181007.1595063657 537599.7118911743
70313465.0300009549 753506.1218261719
70814047.2600667328 771140.3774414062
70505835.4852795303 764747.0922851562
68135707.1651042402 536375.0968894958
69840834.6414395422 706194.0965576172
70340095.0833862424 753859.8521728516
68155944.6848072410 537534.2664527893
70675123.7366956174 768707.4565429688
68022325.6635580808 525381.7353172302
70671475.2900120020 768223.5385742188
70753622.8036699593 769909.3657226562
69927433.6708933413 722290.7299804688
70425850.3515171707 762866.0737304688
67984501.3475991488 515921.8695945740
68289772.3975988030 547551.4007682800
68269793.3490934968 543560.6973991394
68239428.2473037839 537734.5081901550
70069523.8586294800 732077.7232666016
70625272.2634763569 767745.6088867188
68111386.5321015716 531407.7176628113
69977021.3585360348 722897.8757324219
69997267.0932653099 730728.1135253906
70158502.2733776867 743387.8984375000
70354032.4439188540 754112.4958496094
70759862.4061848074 770283.9506835938
68800272.3404476941 595806.0092353821
68395082.9136561155 552105.9109396935
70598343.6567863673 766568.6293945312
70180094.0009235144 745256.3759765625
70158442.2209067196 742216.6611328125
70267768.9367060214 753210.0544433594
70250010.5635083616 751546.1804199219
68727855.5137324035 587909.5043945312
68880449.8099073172 599439.0651130676
68815226.4077543616 598288.3029365540
68865736.1089237332 598824.9006118774
68732392.4815336019 590103.6104316711
68801500.0749233514 596614.1501045227
68673286.3845069855 587143.2992744446
68633231.7708500475 578144.1546211243
70406513.7529755086 758269.4306640625
70541355.1857645810 766332.0434570312
70621796.9586305767 766998.2739257812
68585529.0684216321 575382.2716865540
70631229.6462797970 768188.1538085938
68814464.2657688856 596906.8219795227
68764644.0966239870 594316.2266426086
68669355.1447948813 585653.5166816711
68976019.9121167362 606286.6802825928
69268919.4364171922 608474.6041107178
68947896.6018176079 605281.9634170532
68888131.7475612015 603852.2482070923
69016444.3908433765 606626.6466217041
69023881.1234486699 608096.1583404541
68440607.0788876116 552407.3421106339
68791143.6931081414 595801.1869277954
68661392.8645947874 583581.2319355011
68968774.4939742088 606265.5362777710
68650170.5978087932 581893.7557086945
68753937.9651685208 590864.1798019409
68520437.4460109025 560233.7737064362
68565996.9857937694 564353.0753250122
68568615.6388242990 565528.9942703247
68529162.5538168401 563684.1050739288
68512630.8764638305 554503.0273151398
68525894.4396979213 561019.8315143585
