68058707.2561390847 529939.6020927429
70081435.0962130427 738954.5664062500
70064848.4105402827 738199.5213623047
70448174.8991955817 764270.3969726562
70090007.3829095513 739907.4375000000
70003092.0975826681 737845.7910156250
70651337.9530511200 768915.3374023438
68457716.6595400423 577124.5420799255
70695668.8695807457 769876.6547851562
70565261.0145996213 767235.2827148438
67924882.4745250344 489539.9174004048
68564195.5430162847 585283.7645530701
68461427.9335030764 579221.3145065308
70195948.1770091057 751890.3483886719
68487184.5107952505 583142.0166549683
68452085.2830595374 575638.4194869995
68362115.4378126711 573060.1589889526
68308773.6289031506 563961.0203552246
70741764.5938743204 770283.9506835938
68098270.5695393533 537228.9683609009
68153282.5544824600 540941.4432907104
70629202.2160352618 768707.4565429688
70616972.2591409683 768163.7075195312
67993020.0734480321 516556.5164604187
70422828.3221296817 763715.2983398438
68405465.8219364882 573649.8678855896
70182054.7780739963 750967.7800292969
70368403.7654186785 762389.3784179688
70242927.8753907084 754146.1376953125
68262086.6348917186 561382.7598571777
68008922.5452904850 519145.2238273621
68178607.2829312533 549378.8268356323
68168766.5400305539 547448.9496269226
70158920.4941151738 749086.7614746094
70476042.6194040775 765379.1723632812
70734022.3951414973 769909.3657226562
68002270.6694933772 517573.9506034851
67989944.2976588309 516429.0639762878
68135831.7361331731 540270.6771774292
70237967.1739028543 752257.1833496094
68340423.9952608049 564012.9802513123
67942625.1446751058 505241.7490653992
70315864.4520309567 760327.7319335938
68043806.8870176226 528242.6975479126
68221527.7975005358 554557.9718551636
68069860.5043048412 537160.8502616882
70807356.1406840682 771140.3774414062
68188247.9882868528 551893.6982955933
68144238.1834512204 540457.6296653748
68099509.2386509925 539579.3181686401
70407115.4863743186 763498.1538085938
70274098.6929078549 756207.7841796875
70347035.2695481032 761436.5073242188
68012020.2621276528 527361.3415946960
67926513.1465506107 492696.0231742859
69851480.1208695173 706573.6940917969
67962153.4915248156 505355.9740295410
70394024.5875318795 762401.9194335938
70615394.7272841334 768020.5444335938
70144384.6391644031 743850.1025390625
70108934.9775858074 741969.0839843750
70539315.4202160388 766332.0434570312
67982421.2373719811 516059.0034103394
70597095.7217304260 767986.5297851562
67979920.8099145889 515834.7240295410
69896812.4850852638 716094.8200073242
70459544.2864391357 764451.0249023438
67962956.0454445332 515738.3204765320
70682348.7864601165 769842.6401367188
69840834.6414395422 706194.0965576172
69927433.6708933413 722290.7299804688
69977021.3585360348 722897.8757324219
69997267.0932653099 730728.1135253906
68800272.3404476941 595806.0092353821
68727855.5137324035 587909.5043945312
68880449.8099073172 599439.0651130676
68815226.4077543616 598288.3029365540
68865736.1089237332 598824.9006118774
68732392.4815336019 590103.6104316711
68801500.0749233514 596614.1501045227
68673286.3845069855 587143.2992744446
68814464.2657688856 596906.8219795227
68764644.0966239870 594316.2266426086
68669355.1447948813 585653.5166816711
68976019.9121167362 606286.6802825928
69268919.4364171922 608474.6041107178
68947896.6018176079 605281.9634170532
68888131.7475612015 603852.2482070923
69016444.3908433765 606626.6466217041
69023881.1234486699 608096.1583404541
68791143.6931081414 595801.1869277954
68968774.4939742088 606265.5362777710
68753937.9651685208 590864.1798019409
