129675.498492 99386.453166 
130750.702520 92191.091426 
134169.441268 107233.766960 
129675.498492 99386.453166 

110508.349314 144707.312601 
126613.681028 148597.913299 
128821.183843 150276.541249 
141431.112869 155488.081221 
138308.841739 172685.172982 
129244.103508 167293.262175 
111677.502088 146368.733969 
124563.929772 168341.424985 
113010.407069 159588.945850 
110508.349314 144707.312601 

108347.935775 115708.225646 
140092.138352 108315.233648 
127784.875733 117657.797660 
126355.337380 118773.153612 
142599.405133 126546.139137 
117965.915204 124900.891598 
121860.080626 128645.664905 
115252.711770 126876.095629 
110779.531983 144707.312601 
108347.935775 115708.225646 

