443403521.4225762486 466520.9982234538
446400756.9622260332 603272.9359411309
459359008.2890298367 909843.3715776447
468424009.1388632059 1050654.5526825369
468831542.3104819059 1055847.4019409597
516140990.8005619049 1560113.6492207050
535666426.9927361608 1698129.7172851562
551091630.2362755537 1761144.8261718750
469199929.7472645640 1058962.8660370291
469453080.1341817975 1060777.8728729666
468999258.8057957292 1057355.2948700369
469128682.6884939075 1058553.1344188128
468698284.1815392375 1055696.6150604666
459053171.6245834231 905593.6281694416
480411414.2909444571 1203734.5221321583
485199779.4376206398 1254065.4452088152
516674745.5813772678 1565958.8036701679
516336778.1542445421 1563357.3850605488
536039293.1752288938 1700697.9001464844
545661663.6214970350 1744628.9111328125
546553590.1931909323 1750238.0939941406
448688286.3598399758 669371.1307012932
468058454.0509028435 1045493.0469452322
534368181.2110665441 1690539.5617675781
443155945.2376539111 451769.1085750163
515807035.1452839971 1557461.3020746037
446604728.5732495189 609581.3147253105
447098785.6910143495 621375.5655870596
515054435.6139396429 1550510.4953616187
515510122.9259712696 1553122.1947024390
447102735.2866513133 623315.7720877836
442999062.4293293953 418965.7724179327
535145658.9737502337 1696681.4465332031
516600792.8293340206 1563919.8466799781
448939187.3401295543 671175.7181036370
460250209.1177809238 925855.8997006891
515240623.7647646070 1551790.3406985328
515962429.8133981228 1559773.7207034156
515922932.1809568405 1559101.1844485328
464935600.1715406179 999937.3039455657
467305645.1610966921 1033894.5900360525
480092548.1073707342 1198816.6231966019
515872843.6152547598 1558368.7085499065
535711493.5287950635 1699047.2453613281
534777031.6642928720 1694447.6506347656
534437994.8483633995 1691463.6331787109
460128475.8306002021 924431.9429135798
468540854.5772574544 1051456.2642303884
517042740.0991082191 1566905.6190875098
549993459.1670730114 1760176.6862792969
516198864.1156789064 1561311.1956790015
460540143.4096682668 931200.6662412165
459987465.8212392926 923548.0759702204
459562860.8221438527 915485.6274370197
443306982.4178001285 459526.6593562663
514952720.3082637787 1550157.3411868140
447066801.2172653079 620370.7891776273
467175713.2260172367 1032040.2684952200
467948167.6237282157 1044533.3616424978
480729802.4887135625 1207373.4556493759
572249780.9517117739 1766388.8964843750
461368539.2595822811 944245.1944147889
549716493.7553017139 1759667.8237304688
571829505.7972882986 1764999.4130859375
572603244.8248944283 1768138.8728027344
467756869.4855380058 1041855.8782440603
479445365.2918003201 1191422.2499055862
443289220.9993283749 458978.1974805593
443601892.9250127077 473197.3649193917
447151691.6952384114 624416.5664550560
458901621.6811665297 902155.5490449909
459411800.9029223919 911369.1369585041
467512789.3937042356 1038983.6511932791
480918281.5859016180 1208825.0842561722
479752993.4119986892 1196832.2473421097
571896318.9241247177 1765476.8059082031
446745417.3559442163 616214.3121268461
549546828.7979918718 1759390.7421875000
535454608.3653258681 1697311.7065429688
548565569.0613276958 1756244.6752929688
554119863.7870715857 1762298.9572753906
548809788.4686561823 1757294.6655273438
549068602.4508795738 1758414.4667968750
548416351.8421055079 1756024.6909179688
443319241.2300176024 459561.6695132256
467477855.8381727934 1037848.0481659353
481097712.1365371346 1210498.5773935318
460844688.1799321771 934048.2803522889
459690640.6287044883 915880.9550737385
480983809.8109884858 1209085.0083627701
537661674.4731462002 1706178.8366699219
443645152.1041322947 473340.7155314514
460733845.6632578969 931558.8970515076
536888285.5094699860 1703665.7863769531
554160288.0666350126 1762450.1818847656
443558664.9529587626 471801.8349014223
536686889.6714091897 1701031.1127929688
445656201.4845636487 580349.0042917440
463943050.5932654142 984034.5673733001
443092677.9298985004 419628.3523129523
547568068.9944754839 1753201.9904785156
443119854.7970849276 421194.9153604507
466897174.9722992182 1025189.9425642968
446315025.8504741788 602157.5741159627
445957469.4067938924 590735.2809030721
571826878.5780286789 1763719.2526855469
445785723.1803297400 582402.5730173299
572364261.7724884748 1767018.0842285156
572476731.0483131409 1767821.4611816406
446183049.4095227122 596820.8250925252
446068942.9620134234 594835.2699167440
463249365.0282804966 971680.5505275970
443191560.7187271714 451770.5629287660
484840396.0831640363 1251936.8766287863
459813643.0959059596 918945.0085092727
484396655.6233149171 1246255.3539237082
536737407.3829023838 1701325.6552734375
458882655.3658623099 896992.0827280227
445023296.2607408166 542546.0177417891
444733285.1450217366 534788.4669605391
464056033.4864624143 985188.4880942499
463668874.3572832942 979049.8349514251
448247762.4812133908 653956.6490550833
463429251.2375886440 975295.4585905318
478661201.8779553175 1180152.7546209507
478944499.5417447686 1184464.7581609897
458545677.6982196569 888552.0397592727
458455844.9569885731 886115.9492746536
479178774.0358338952 1186762.8619008064
483673266.6261098981 1237063.8761061728
483914171.7330596447 1237874.1813582480
463464251.3623485565 975659.5171842818
483974504.7597135901 1242253.2487410605
479403092.4159255624 1189378.3389821053
458468408.1772568226 886777.0006967727
458600163.8508810401 892988.3463998977
462974609.9707632661 966116.7907438522
466533631.0968468785 1021278.3046398640
466728105.3078210354 1024836.4047053338
466403739.4286702275 1020478.0404475213
445637320.7048500180 574412.7707712362
447954191.7541382909 645635.1489891605
458170975.7512155175 877585.0361368656
465868390.6888792515 1009547.3003037479
445141076.3127467036 543595.3246539431
483582389.9028772116 1235511.5778426609
448146198.3734117150 648885.6953310780
466126318.7043645382 1014663.1688902583
483298513.0240200758 1232803.3585323393
483435203.7591681480 1234198.4606489241
483267214.9105330110 1232646.2244748175
483604729.4394967556 1235927.4206962585
483019545.6939648986 1230605.0042599738
479050884.9048564434 1185796.1504981443
482537251.5583813787 1223444.7983399630
532508186.6549363136 1671613.9099731445
481775435.6366842985 1214015.9808309078
532443138.1349900961 1670175.3169555664
541963135.0246673822 1723068.5866699219
447594791.1253550649 631040.9717430668
447844497.4429915547 639347.2955212193
533289207.6347612739 1677991.6930541992
458260058.1742395163 879902.4472696781
533216130.4110168219 1676758.3578491211
463345672.3140989542 972423.5665006881
447608539.1966413856 632281.5180339161
463151187.2125520706 969765.5066862350
447468848.6283946633 625186.3982204990
458161946.1228377819 877492.7475626469
543022329.9598217010 1726064.4968261719
461828572.9910218120 946629.6695280318
513652088.4427472353 1528881.8519058246
513524626.9741156101 1526291.1014583763
533152332.9481492043 1676505.7565307617
542725239.8156324625 1724768.5939941406
512361029.1351277232 1515687.5494602378
532623295.4456655979 1671839.4294738770
445052574.9905481935 543446.7057293253
478346386.3022195101 1173661.3978507100
478194497.1883272529 1170532.4179591117
478515190.5816583037 1176725.7030798970
532864336.0101931691 1673985.0917358398
533382185.2784270644 1678457.1622924805
512598904.7070529461 1517841.8574335035
542772731.4241356850 1724841.8942871094
452393989.4632927775 737552.9052364598
543355261.6313101053 1726469.1132812500
451939656.6981376410 729795.3544552098
451710337.2392148376 722037.8036739598
540412417.5029052496 1711471.1999511719
444966099.8115261793 537230.2470148401
445495613.6159697771 561006.9702318506
445279272.5340947509 553249.4194506006
540530494.3566135168 1715260.1867675781
477943643.9140430689 1163316.2054659398
445204781.1280950308 545819.7438219385
445412929.6270921230 555572.3218189077
540501352.3187031746 1713922.2456054688
444446064.0981238484 489615.4388588266
571636844.0122998953 1763300.4841308594
542998399.1958562136 1725508.3544921875
476345683.6908538938 1137846.3097663093
475903304.6907131672 1132268.7833991218
444538767.1950114369 496962.8949135141
444653111.9494361281 507951.5327746468
475973965.5469416976 1134789.9274420906
541377807.7107692957 1719092.2976074219
475434379.3016628027 1124851.0449958015
476238997.1731051207 1136968.5775885750
452476003.6818035245 737866.3328818487
452775318.8563439250 744760.9190634893
476634361.5471634269 1142035.7474154802
444394843.5208183527 482676.9901893931
476139465.1933572888 1135967.9074225593
475590536.6262172461 1129069.8431372810
452551487.5935242176 739224.5552939581
475281858.5897983313 1124387.7032447029
444692519.4073380828 510126.7951098280
457904884.4996308684 861689.1323763132
452958691.6969659328 744811.0543441506
452327154.1182891726 737003.3682822393
475042935.4171528816 1121163.2622276070
545455697.9086412191 1731427.1157226562
545313392.4659476280 1731210.4699707031
544942269.8465669155 1728755.0810546875
444626616.2748175263 497835.5547295408
544539910.4283916950 1728364.3852539062
544335889.5243020058 1728081.4331054688
531723916.2556528449 1656480.7838745117
510278320.9972938299 1485716.6609783173
510524619.7488453388 1488022.6630535126
511178055.5376286507 1495083.9631023407
510574596.1391923428 1489725.9225749969
511021089.7517547011 1493157.1161785126
510339901.4272499681 1487489.7785320282
450735355.9914042950 687385.4994677709
450941124.0100439191 699661.4202117132
508523506.3785696626 1469002.8110324144
508906396.6197482347 1471985.4547863603
509048776.0263873339 1472433.4820858836
508204043.4942199588 1465835.0091854930
506326692.2616102695 1445970.5030000210
451083836.2762458324 701584.6269091772
450762644.7873628139 693827.0761279272
507020498.1520898938 1453393.7775990963
506805031.6868756413 1452049.1953828335
507124702.1943916678 1455080.7664277554
451072153.6091320515 700876.9724390846
450758605.4410319924 693119.4214953588
456109795.6052736640 815751.1936613424
456326450.5376482606 819471.1077964855
456081682.8209825158 812875.6387297017
450523596.0385668278 686043.0763197577
455951322.2833149433 810907.6135832174
455854659.2971703410 810790.6458097799
456081428.5079711676 811961.1558195455
503998131.8154265285 1418989.3056230545
456334604.6881812811 819720.2675623465
503971608.0865440965 1414598.0289201736
455719460.1936078668 806111.9169889791
505539835.6711311340 1435275.7931067944
505207719.7483443022 1431355.0449724197
505479894.8441200256 1434661.6575212479
472554827.7192943096 1078939.1644313750
472954943.9638702273 1083521.3807309391
472480882.5348150730 1074905.5482114078
472250701.5971449614 1073276.7642758610
471585931.9244844317 1061970.5107262852
471808211.5951450467 1066242.7777550938
471821779.3522996902 1066870.9697106602
499378924.8661563396 1367029.4952307567
499554923.6548665166 1369098.0570995603
499547595.8824090362 1368385.1881018505
498775661.8390874863 1360262.0459099635
498395218.8289193511 1357491.2050896510
503242171.1570347548 1399785.8080724664
503377838.6519849896 1400545.8231593557
503151376.6818283200 1399218.4277013727
501204235.8303198218 1379159.0728379274
501643464.6481667161 1383343.2024653554
501391294.4472033978 1381386.5042839870
501509202.1779980063 1382351.6737175807
500969342.6026921868 1378021.9198113307
490661348.8421252370 1265771.0999318510
497133134.7106562257 1337652.3857195377
496909398.7148945928 1336625.9308855534
496361683.1198797226 1329326.6244890690
496770167.2207473516 1334350.4307634830
490707526.5227470994 1267244.6952687651
496558495.4214767218 1329954.8377382755
490259246.5580475926 1263553.6543298736
496346107.8202438951 1328363.9791455660
493993361.9988754988 1302353.0601803605
493221445.3026732206 1293107.4400221445
493260202.6601114273 1294062.0302321054
493471186.5686984062 1296273.6617018320
492972727.0048553944 1291049.0376783945
492825434.1876847744 1290772.2080885507
493055939.6959816217 1291496.1745192148
493200663.3266282082 1292652.5852858163
