574295923.3349510431 471363.5553588867
573665249.7672040462 470777.5891723633
583928770.2339724302 486032.5208740234
585381366.9300613403 488346.6604003906
526467377.9078851342 283977.7223185167
526852950.4620167613 286002.6265970397
526767596.4255774617 285804.0051107288
526211087.1308405399 283023.9046734438
526355449.9847195148 283962.3218487367
540964168.4419183731 355364.9844146501
510366702.8287273049 102129.8924994834
522612722.3963347673 259007.6413844042
522804293.5123625398 259855.8733871020
526865495.0143392086 286289.2916226849
526517855.6189593673 284647.3261075482
526498175.1978567243 284625.2781949505
526633380.4359434247 284733.6166483803
541058137.9119157791 356510.9592486154
574406355.0698029995 471490.4259643555
582370696.6971013546 484441.0228271484
582156904.8662416935 483179.7076416016
510677315.7409639359 125317.8587343704
510698204.0371499062 127387.7857951533
517517016.7153998613 222218.9655888134
541160512.6581242085 356581.5140224230
560818648.2180132866 436671.8001556396
560202798.4155993462 434700.5424804688
562675438.5257776976 442555.3013153076
511524349.5050089955 147505.8378970768
512006299.7813458443 157184.1007652484
512133547.2130732536 158730.2078283034
516991917.3451962471 218287.4106571728
526703303.2102577090 284944.7143785456
527065197.7162873745 286889.9123022003
559529953.7168822289 432215.3879470825
560320903.6363567114 435380.5347900391
562589849.1727792025 441918.9564361572
562420275.3609807491 441436.4173736572
526694560.4749550223 284777.6483157888
562246750.9665929079 441422.5658111572
510652903.8692791462 125146.3173280682
526553003.3479714394 284676.5336534424
526597659.2774819136 284715.3056306407
559901846.9090667963 433828.4779663086
573757341.4232002497 471036.5189819336
517046861.2471153140 218629.3598454052
562126607.6004978418 440974.8101654053
511514485.1912873387 147419.4975379850
522688925.4041073918 259819.8767085113
574005204.8579165936 471211.5405883789
522340393.0483773351 258604.2020259155
559182913.0896255970 430723.0945816040
558954880.7089962959 428638.7544021606
559238085.9564882517 431445.3912124634
559635282.3251588345 432857.6187133789
521679495.1879571080 253674.7274756469
517723028.7017565370 223683.4052343002
517892778.5581859946 225112.6512670150
522348200.2757092118 258678.9231917895
521936526.8966347575 255584.8919324912
522043116.8229905963 256642.0256910361
559717639.3296945095 433290.0261230469
562181952.9253141880 441407.5609283447
512327686.2999983430 160548.6411734854
512794497.8249410987 163482.4009036233
510403277.7617616057 104163.0343451865
517766078.6642173529 224314.7722081771
518267311.3918354511 226809.1519061407
541150465.1599993706 356552.0214553606
562754023.8234491348 442962.8239288330
518166037.5741796494 226641.1946112552
510459730.2861717343 107631.7411933311
510789696.2585090399 127671.0917310130
511566104.6504074931 149166.4402225162
512827632.2610065341 163829.2704793249
512936272.7773565650 163875.8185750280
517769651.4012880921 224609.7505101791
541223862.7767806053 356989.9050365221
559493464.6827120781 432070.1014709473
573459021.5082783699 470421.7044067383
585200588.0553659201 488257.5223388672
510409969.6974498630 106196.1761908896
510415138.3737576008 106663.3295722373
510467005.0045984983 108851.3502784141
511453232.2897215486 145810.6834476139
541191893.8574360609 356893.6075530779
584905470.8551939726 487919.1339111328
511551251.2882829309 148595.2515262510
585638369.7942291498 489010.1112060547
511455580.6673136353 147160.7052371647
522179950.4717776179 257031.2774000205
559585755.0151995420 432380.6248931885
517077722.7218800783 218847.3098225349
517747646.6611367464 223874.2785136830
522456424.3736272454 258984.1624843096
522278348.0045275092 257776.4994497336
512357797.6553524137 160692.7166463171
512523716.4519098401 162265.6548453604
512264368.4093775153 160134.9792974626
561572968.4688035250 439045.4201507568
559443796.4156271219 431870.8865661621
510511891.7198256254 111906.6781107553
512119965.4496297240 158116.7261168991
517527721.9418938756 222601.9346416127
521857111.9943194985 254388.6268897094
521861014.8860390782 255124.7020852960
517585575.2651948333 222892.6408853661
521467106.3825321794 251967.5357642211
510544945.9115289450 115765.4741820462
510534103.1505665779 115719.6392516263
525766653.1222746372 279879.2690402135
510628409.4466520548 119285.1932444938
512102768.9652556777 157651.2977500592
561893791.0007405281 440436.8700103760
510584263.1632846594 117829.0370682545
516881937.5042592883 216526.3145201111
525923587.5568724275 281116.1243868932
572161283.8311549425 466972.8146972656
572207406.0813635588 467314.7523803711
517606949.5257623792 223011.3785100114
572504964.8022805452 467850.1763305664
539949293.2273386717 350420.4299011957
561264682.3592646122 437736.0324401855
572709303.2013036013 468570.8310546875
572547551.9906872511 468256.0364990234
510572538.1585204601 117653.3544148274
517333321.4036340117 220889.1502330434
525571474.9452687502 277094.5856332731
521754694.8249308467 254171.2680069245
521930058.5606778264 255359.4019790925
511641333.6755810380 149502.4562108066
539771162.0369942188 350082.5105371531
517332472.2319603562 220787.0774493944
524481350.9031926990 271110.3719438593
525608904.8527559638 277737.6986703825
517505363.3773488998 221738.0230310690
517411805.1999565363 221189.8079380905
524601740.8773032427 271176.1623177031
524302119.8826565146 269679.4281662981
585004871.5889978409 488252.3555908203
524549160.1469755173 271164.3941256086
561458531.1070029736 438553.2666168213
511766689.0856587291 151190.7789598932
524445637.6797723770 270955.7534938882
517364972.9147405624 220919.0142992269
572442419.1267851591 467676.5231323242
511730928.3976337314 151152.2249742975
516325156.3997242451 208949.2420947980
516405226.1881245971 209198.8590686750
524437500.3602315784 270771.5460161249
582779113.9975473881 484799.0892333984
516508925.8512110114 211206.5277222032
516469297.7592238188 210955.9212940168
563286007.5908793211 443697.8419036865
525451086.2252636552 277073.8317232615
582161413.3277847767 484126.0599365234
525400237.8909071684 276945.7987878284
539700628.1539198160 349303.8440332469
516444581.3126564622 209753.3585117884
525327663.4221300483 276671.6281710154
525204309.4566469193 275637.5271578318
524962858.2615529895 274272.0644791088
510986383.5600900054 130010.7190437682
574910836.0436786413 471803.7988281250
564035107.0407395363 444371.1982574463
557693639.3927404881 422800.1486053467
581721631.4824827909 483115.5742797852
557561342.0805500746 421869.5290985107
557759189.8784584999 423260.9161224365
557837955.8623610735 423698.4732513428
524305112.7219127417 270009.8750780484
516294105.7528166771 207479.8901205640
558273268.9789617062 425142.3976898193
558116619.7563592196 424649.3082122803
557900904.0930781364 423792.7433624268
516239174.2065209150 207107.2549559455
516000573.6137844920 203951.4885651451
511070010.0001601577 130917.4959286923
511184827.7152046561 132443.4028500790
564398216.6194614172 445525.3277130127
539063824.4028322697 344180.2631820082
511139038.9842378497 132345.4111022543
511292496.5347250700 136176.5148645335
539381547.3036154509 346950.9426547643
539268602.1455694437 346307.3706256505
539349986.6679320335 346780.7980014440
511318400.5685039759 137619.5739078813
539169269.3331215382 345077.0431502699
539199834.3440182209 345869.3267552610
537538248.8045395613 338241.3345685056
539186044.7333700657 345217.9085886236
523176522.6029303670 262664.2310142348
538445900.8041849136 342601.1297184722
511367920.8450139761 138399.7663340714
523154750.9627703428 262197.1266441176
515405427.8609215021 196097.8099073712
515256117.5919439197 193111.6889229510
515296859.9135875106 194820.9485085402
515337442.7566794753 194883.1602855548
515281569.5994606614 193706.4555965289
523229791.9026289582 263364.4177879967
534275972.6877465248 320558.8983237520
537131786.3722503185 334830.8855652860
537135374.1135244370 335126.6345566506
537100841.5762822628 334581.0665835044
515218829.1425386667 192799.7596746311
583265770.6237566471 485359.7427978516
534267412.6720451713 320469.5078982413
583541312.6608033180 485557.6750488281
533540657.3628197908 316144.7473912686
575432892.6463094950 472509.3621215820
515499258.1130061746 196910.5079604015
583340984.7571866512 485414.3714599609
515672299.9593368769 198836.6615553722
515477004.9793394208 196586.4913283214
533790617.5104197264 318291.3928715512
583682392.5782494545 485846.2756347656
575888883.7212756872 473251.4436645508
536495315.2444732785 331570.5571227889
536802861.5479133725 333741.8715033582
535702151.4650691152 328326.1648841719
536137603.0873358250 330191.5588966231
535689758.1693453789 328024.5712257246
511250102.2694331408 133779.1622633502
583534948.3478957415 485507.1916503906
534912250.0981398821 323732.2942558150
534840438.9815077782 323672.1692558150
535486523.5063567758 326797.8031364302
535355862.4976634383 326076.9357047896
534971127.9136385918 324279.6099296431
534969139.8276816010 324217.4554734081
532662648.2035257816 311997.7415407822
532463875.2520140409 311060.2700418755
532367540.2288476229 310144.5739969537
532493902.1546173096 311652.6954569146
532006857.5446459651 308099.0339578912
520789432.0818017125 243660.3693285578
520662997.1744154096 242177.5471776270
532263267.5747848749 309341.7877845876
520546254.5722567439 242031.4830587598
520694183.0275122523 242740.7222152495
532144786.5412387848 308853.6980203912
532079409.8204537630 308196.8916677162
520299621.4030086398 239993.6809056544
531968202.1787388325 307690.5718358681
520894732.2287001610 244059.9645970606
520490005.1617051363 241428.3525928551
520275293.5618801713 238962.7552417808
520097471.0148879290 237011.6262679217
519236175.6016966105 228832.8447597144
519095718.5062431097 227534.8559366582
519097263.8136614561 228167.3193678973
531184986.1416630149 302047.4392244071
531044488.2848249078 300886.3286897391
557345779.0169903040 415558.3627662659
557223257.6466695070 414879.5591468811
530507091.1226942539 297609.5277493149
530631304.4261431098 298200.1160379499
530635459.9457076192 298340.7623684555
556570804.4528784752 413091.4010963440
556147232.7545689344 411623.8553810120
530327518.8727123141 295863.8291981369
529510828.5207985640 290237.5646041483
530053694.8308725357 292851.3876498789
529988026.3539958000 292709.1278537363
555555741.8360234499 408090.5850477219
554341457.9925736189 401555.2146553397
571788369.8799908161 456484.5176696777
554099079.6138930321 400415.0917610526
515109332.3201018572 164329.7508532355
553549871.0499172211 397194.3148779273
571697949.0293146372 456002.4242858887
571468013.5184333324 455144.7414855957
571318340.9917885065 454767.9710998535
553737090.2457485199 397512.6202520728
571312071.5906171799 454130.0175476074
553431991.6407181025 396749.5397161841
553762962.9588344097 398085.8353247046
553704385.4638264179 397495.5073370337
571301985.0849459171 453624.2104492188
571094994.3729599714 453223.3630981445
553265491.9144781828 389607.1238085628
552633850.1105364561 386947.9818112850
552149831.8564881086 385055.9394376278
552049522.7318680286 384607.9851834774
552461659.6337984800 386192.9955899715
552291643.0938817263 385643.3104093075
552179812.0779571533 385252.2466886044
551974711.0536270142 384293.2669522762
551189328.2327653170 380279.1526029110
550575383.7751877308 376557.4122693539
550758559.9904685020 377394.0842359066
550380229.1947031021 373880.8626077175
550503344.3183898926 375794.7492177486
550652963.3880872726 376745.8557546139
550573306.8704681396 376521.8873097897
550357566.5258398056 373524.1804082394
550203143.9447638988 368318.4817256331
550275571.2612999678 368727.8213347793
549522901.3400772810 357372.0284377337
