88629408.2564566731 19350.9481201172
89964229.2276496887 19665.3108520508
84421370.3805982620 13264.9430838600
86283493.3414853811 16594.6357936859
86758227.0047993213 17366.9949798584
84138217.9996635169 12594.0129080787
84358963.3467669636 13203.9826956764
86525037.1762896925 16957.9984273911
89503789.1656831503 19604.5924987793
88023593.1703829914 18870.1253967285
89858234.1708956957 19660.5164184570
83215337.1073212326 10902.8313102722
87841590.1359046251 18724.3454284668
89831119.7307718396 19655.7863159180
82840906.6841243505 9988.7170805931
89724773.9299615920 19618.3519287109
90072839.8926227987 19700.9890136719
82366169.9037877321 8251.2449785024
88352860.8671507686 19183.1246337891
88080941.6818431020 18901.3776016235
88375412.2290798426 19262.9052124023
83622000.5089702010 11823.7032673573
86862795.8697810322 17457.1972045898
83668628.9072431326 11873.7936604237
83434750.2574738264 11498.7069599843
86849907.1169956475 17451.5926513672
88337585.3078885674 19145.1884765625
87869778.7054363936 18804.4649963379
89775993.4666091800 19654.7046813965
83284821.6165119112 11090.5826847767
82327556.6926092654 8125.6722952276
83608520.5195850730 11742.1660189843
88357396.7445856333 19198.3312072754
83133125.9142035246 10703.3928806186
83506822.8114744425 11557.7175038075
87193646.2200865000 17981.6623535156
89932689.8510235101 19660.5410461426
86090340.8895914257 16124.5124378204
87557970.9337780923 18433.3510589600
87156313.9774708003 17913.0491485596
83465861.0757601261 11503.9528578818
88673474.4164152145 19403.6784362793
88737601.6580697894 19408.5927429199
87215596.1096094996 17990.2693786621
88805021.3772850484 19415.2232666016
82850175.3652124703 9990.2079233066
84181723.7968744487 12902.6341391578
86163786.2206229120 16332.8330001831
87189382.4616454989 17939.1379394531
83074882.2666748166 10604.2426354885
83739907.0822696388 12063.9050931558
82200550.8804398775 7203.0762184002
82890190.7387302220 10069.4861394465
86264346.1947298795 16534.1717109680
86625388.8925242573 17074.9610671997
87582293.2849614769 18440.4466705322
82125719.0359849483 6047.9182378568
89642126.1210323572 19612.6128845215
84313439.9544961601 13143.8703452125
89527819.4060088098 19609.8789367676
86237880.1920245737 16464.6293144226
87162842.4346911162 17928.8408660889
87338190.6909862012 18186.2145385742
89740168.3785509765 19653.0854797363
83530727.4596897066 11688.5459928140
83405554.4499134719 11380.0579926968
82396712.0643513650 8494.7062536031
88326212.7119393647 19137.2733306885
89611040.3671912551 19611.7476501465
82123226.1120301336 5710.2454337466
82374128.9308839887 8304.4103551656
89005304.1959065348 19467.2796630859
86879201.3205677718 17492.5885772705
84351781.5106308311 13171.9601553082
86101476.2975115478 16246.4758567810
86317520.9845588803 16657.9135398865
84161033.2269536704 12878.9012595192
87088369.0573708862 17843.3469696045
88378822.4750894606 19265.6797485352
82185966.7336154729 7156.0773045123
87236576.1146501452 18029.2903137207
87592652.7476573139 18478.4219512939
88801783.4302402139 19411.8560485840
83112478.4902934432 10687.4192386270
82980461.4425072670 10378.1357150078
83324505.1850772798 11210.8285567388
87332413.0203347951 18143.9766540527
87449558.7396504730 18309.5157318115
82453784.6918658912 8686.3689580709
87974197.9465490878 18851.9844665527
87516355.0999911875 18372.2275238037
87479722.2347559184 18332.2556304932
88651912.6695888042 19354.6311340332
88865876.5096924007 19448.8811340332
88878415.3524285704 19462.0877990723
88875710.9303499609 19455.5062561035
89041880.0900201201 19494.1057739258
87545200.9919285327 18376.2750244141
82156040.8256344646 6748.2622923851
87524470.0082090348 18374.7862701416
82784766.2826590538 9819.9016908277
88854258.7636434287 19438.5951538086
82604034.5180238187 9237.5808895677
82387436.5928547084 8315.7821024805
83389576.3815457523 11351.2690665722
87423520.8581248969 18291.2126770020
86752987.4386875778 17348.1424484253
89835611.1717165262 19658.7320556641
82398905.7880263180 8497.3902593404
87262912.0298123211 18110.3475189209
88085146.2803686857 18920.4024353027
82464904.9741616398 8694.8231092840
86806553.9865490049 17398.5219078064
86833951.1446337849 17444.9477539062
83150894.0691286474 10789.6807076931
86873276.2144410461 17482.8342590332
82344829.5757916719 8157.7143312953
87127267.9503556937 17862.8032226562
88089829.3436661661 18983.2562484741
84000403.7693412453 12486.6048078944
87933209.3821734041 18832.4841003418
86983833.5543410331 17657.3930435181
87719421.4378559738 18625.6302032471
82189074.8013715744 7174.1539587080
89391839.3627288938 19560.9149780273
86989784.0810292214 17726.6237792969
82332235.4476145059 8156.7586701326
89123164.6625238508 19511.9007873535
82418672.1756629199 8533.7078704834
83182424.2397917509 10891.7006738186
86935469.3331826180 17572.6147460938
83385937.2166104615 11343.5140870139
83968941.5061323792 12485.8224047497
84036287.4349798709 12591.9513712898
88370498.4763520956 19210.6234130859
82354528.3932074904 8241.2689030543
83106783.4019360244 10647.4015749943
89300795.0221706331 19559.3385620117
87142820.5038991719 17889.1474761963
89124960.8238455951 19512.8515930176
82579319.9815861583 9155.8317316176
87718330.4835226983 18625.0713348389
82141361.6295805424 6418.0967560112
86233638.2095474154 16464.0719718933
83068260.5206926167 10530.5527892113
83559308.0015416741 11697.9517996907
89475347.1911650002 19601.3875732422
82212200.9098226726 7220.9367932530
83097120.5969440043 10623.2403979301
83394216.5711068511 11357.4311557030
83346320.0509431958 11276.5546319485
87770419.2542709559 18646.9157562256
86245403.7855003178 16494.6549224854
86450539.4432877600 16868.3829841614
86886422.5114340633 17510.5889587402
83169045.4772269428 10812.7769257426
83575362.2124007344 11714.5946836099
83156621.4280068874 10798.5102291703
83251278.9153183997 10990.3706092523
88865624.7964247465 19447.7953796387
88285686.4342358708 19133.9606781006
89107777.2786892951 19504.8277587891
83374157.8467307985 11339.3940305337
86440586.9747250229 16850.4121589661
87686229.8828334361 18605.9355621338
83810532.5734201521 12150.8742311597
86643416.4727309048 17104.8986015320
82558075.3285641670 9033.3486791402
87999195.7634838670 18857.5140686035
89257380.7812551856 19555.1354370117
82148663.3009897321 6740.6452382803
82506014.5375379771 8868.3556105047
82208830.6933238655 7216.6267756449
82598143.3136308789 9211.7837224752
88200024.9249196053 19074.9216308594
88142116.3899910748 19038.2566375732
88011087.2484290153 18863.8698425293
82435227.2967063785 8561.9275658280
82493726.5439040661 8834.7415233390
82265986.1330352724 7543.4098298103
82434040.0412224829 8548.8198896796
82509416.7773653418 8876.5362909422
82556822.8447686434 9019.0916295797
82349129.4342088550 8233.2632846162
82487725.6406609863 8834.1097112447
89323193.0720752478 19559.8368530273
88116287.9466157556 18993.6577987671
89292319.6961848438 19557.1701660156
82881588.0189770162 10055.4210759699
86652520.3603924811 17123.8553733826
86982725.3412509710 17615.4579315186
82293679.0525662899 7709.9379206300
82993334.3273627460 10386.6390532404
82125118.3734274954 5710.8931395356
86659498.0286086351 17191.0611915588
87231467.6892675459 17996.2822113037
88513585.3411410749 19331.1896362305
89420701.7836311013 19565.4697570801
82618435.0667843521 9240.3181110154
88693922.3906779587 19405.8334960938
86389966.9863460511 16715.9184513092
83767934.9348445833 12080.9402410984
83143233.4514903724 10756.5615215898
87678468.0022732168 18551.6052856445
83683171.1592646241 11922.4930295199
82637308.5323389918 9286.4322957377
84298086.4802062362 13066.7578227380
88508046.6524343193 19328.2102966309
86592284.9707919955 17026.1315288544
84152937.1520317942 12841.2143297890
86564034.6210850179 17022.9186840057
82629475.4253285974 9246.0818336196
82610636.1327486485 9239.4695907849
88688469.3630292714 19404.6926879883
88437633.9449475706 19285.7429504395
88571203.5205940008 19348.1398620605
84143268.2095538676 12749.4000991741
87617707.6947961897 18482.9683227539
88254303.9183411896 19099.6785888672
88433819.4566572011 19285.7243041992
82174735.9960642159 7123.6388543248
87061693.3936641663 17740.0664138794
83310197.0190639794 11094.1127544132
83727337.0549102128 12027.6140921962
88425971.2381784618 19283.5116882324
83371180.7963464558 11288.2963736903
83968414.0295799822 12481.4483031109
86912973.2533687055 17563.7440795898
86424041.4030517936 16779.1387004852
87498780.5771266073 18341.1692047119
82833206.7426007092 9953.6130033135
82925718.0164780319 10186.2887828350
84143610.8614944667 12815.5798380971
82869214.4463771582 10012.8260923028
84247118.6185011715 12977.9037554860
87131979.0502489060 17875.8586959839
82668432.5349419713 9394.9165158868
82694495.6550522447 9494.0132566094
86082264.8944571763 16068.0568981171
82220802.6174246818 7236.8469795585
82671066.9418756962 9434.2555646318
83324079.3433350921 11150.2094238698
82677245.5204968154 9439.1609922051
89419330.1398816556 19563.7217407227
82167383.8588327169 6824.8550849103
86058773.9508530200 16028.4943372011
83070407.9887328148 10543.4083489180
82973400.3616849184 10264.1059502363
82952420.8853342235 10229.0901379394
82947124.3358479142 10211.0197851013
82240557.2718010992 7521.1710211635
89712258.2094727010 19613.0012207031
82171132.5992421657 6829.8888625316
82309175.8881758451 7770.1538467878
82814085.1582432985 9887.8904337287
82940659.4891466051 10204.2855178118
82715064.8121549487 9527.4891082048
82824036.5033895075 9888.9291775823
82242466.5406160802 7530.4487839215
82137351.8296760768 6075.1256124494
89473653.4845484495 19567.3924865723
82133080.6309996098 6049.9567462322
82779168.1875905842 9785.9594134688
82159259.6466728300 6785.3391162273
82138976.2152100354 6086.4034844895
84482457.8034878820 13295.1829088330
84552441.7657973319 13490.6964128613
82309131.5761760026 7764.3846817487
84579305.5004843026 13555.4324663281
84485218.0435272902 13309.6114977002
82146604.1404146999 6446.5786153791
84346517.8670495003 13169.2225511670
84464906.8907847255 13275.1079092459
84513983.0336012393 13394.3566312790
84501129.2637266219 13324.8986767951
83859799.1314300895 12204.2275599167
82319816.2647914290 7874.4653569572
83886876.6120130271 12246.6283226367
82164561.3093748838 6803.4792746249
83942263.8650892079 12316.4445926845
83923117.0982745290 12303.5283710659
83961948.1281164587 12327.2704000361
83863305.4083677977 12239.5119831264
84753551.8760244101 13672.7075035498
84902112.9415482432 13932.0511760712
84907204.1963722259 13941.5884298012
84958903.7125872225 13972.5691985786
84826909.4091114402 13810.8074892461
85006180.0875654966 14117.1021212041
85115908.5140770525 14211.9072363973
85085093.4775086641 14195.8909243047
84767075.2496073544 13681.9350763038
85097828.1383057684 14196.8236025274
84959825.6460036635 14017.4371279180
85077230.8351756930 14155.7530615926
84789146.1831583232 13747.7851790264
84818995.7977471054 13798.5778624788
85074986.3565986603 14148.2713416219
84820609.1599780172 13809.0495241582
84776467.9332824647 13687.2330139223
