68188522.7569930851 1987210.7441406250
70287949.0617917031 2236458.6835937500
72249069.6476465017 2314941.0898437500
74228034.4576423764 2352636.6855468750
75385877.2659690976 2357460.6933593750
69349572.9616456926 2156367.6816406250
69237782.7734760046 2142537.6367187500
69238064.7802741230 2149181.0976562500
69586883.4412538707 2182422.6835937500
72408503.4231045097 2322368.1582031250
72173756.3444654644 2311913.9023437500
68486164.5232069343 2037432.5312500000
68753684.7634918839 2068914.9179687500
69406805.8687539995 2164471.4531250000
70240661.8806634545 2234874.3046875000
70409724.6134527773 2244635.9492187500
70311216.9467336237 2236554.6933593750
70012826.3637501895 2218866.2812500000
69176890.1023751646 2135162.8867187500
70148379.5203063488 2229848.0253906250
70484666.1723856330 2246630.0273437500
68348036.6104687154 2010352.1679687500
69294583.2376699448 2154506.0917968750
70180446.7522465736 2234591.2500000000
70360933.8832826316 2240968.1738281250
72545677.3392826021 2324848.0683593750
72217897.9198994786 2312119.2011718750
68241249.8101394027 1995962.9042968750
68316862.0242703110 2007085.6875000000
70405018.4925472587 2241896.5175781250
72584762.5259066075 2325101.3105468750
73759916.4848473221 2350918.2910156250
74013685.8198458254 2351984.0917968750
70037762.5221965313 2221929.9882812500
68458909.5218015164 2028657.1621093750
72312510.0965621173 2315907.3125000000
72322120.4886697233 2318766.6386718750
74144464.4448700696 2352128.3886718750
75668424.0673678368 2357905.7597656250
77647926.4813448787 2361763.5097656250
68170644.4167733490 1978522.3222656250
68238211.6821216494 1990154.5917968750
69276909.7958890796 2150631.4121093750
69476667.8692187518 2170045.4746093750
69782380.8093297631 2188259.9433593750
72516482.1235378683 2324145.8964843750
72413732.1120990962 2323385.8691406250
77082658.0452238917 2361150.6464843750
68130085.3790824115 1975565.2285156250
69429807.8234948516 2167811.7753906250
69458739.0803561211 2168959.3906250000
74932562.5880531520 2356443.5644531250
74878393.7428410798 2356072.8105468750
69482287.6755920500 2171625.8808593750
69788667.5306629688 2193323.5332031250
68239264.2488941997 1990772.5546875000
68551990.8299242705 2046384.1093750000
69533946.9205207229 2178130.3535156250
70467926.8903879970 2245363.5859375000
72829246.3394690156 2330876.4902343750
75566191.5544467419 2357881.0175781250
68158001.5794238001 1975999.0937500000
73204872.6574433148 2339665.5234375000
74861193.8468544483 2355738.6503906250
75717955.8735616207 2358350.3613281250
75289075.0510462523 2357436.6894531250
68207260.2223643064 1989876.7734375000
74458947.9521161169 2354434.6894531250
71133504.4442466646 2270408.7363281250
73033420.3761972487 2336318.6679687500
73992338.3775569797 2351681.6582031250
68102799.4562070817 1970339.8515625000
68091126.4027050436 1963296.4687500000
68304378.5928219259 2004716.4511718750
73298444.8899867088 2343585.1035156250
73948615.4198544621 2351418.2832031250
73859747.8992886096 2350989.3105468750
73710085.1403415203 2350572.0292968750
74557728.5803993195 2355159.1386718750
69280044.2532839924 2151780.1621093750
72843578.5976104736 2332200.4257812500
72800798.4905062169 2330743.9882812500
73095128.5073189884 2337222.8242187500
73382518.6856629848 2346276.5058593750
73684802.9245286733 2350167.3496093750
73839031.4790813625 2350930.6308593750
77552771.3436660469 2361687.8339843750
68277659.1474498212 2000876.4824218750
72694417.5422746241 2329983.9609375000
74728637.0764209777 2355485.7792968750
74601732.7244036645 2355250.6347656250
69308758.4861020446 2155601.6757812500
69897302.9371713251 2200576.2949218750
72084265.9324032515 2308370.7128906250
73574149.4563423395 2349506.2285156250
68720359.3591603041 2062352.7714843750
70115475.2869378179 2225853.8515625000
70970846.0269937366 2265537.4960937500
71020972.6858084649 2266846.6660156250
73231065.8097260296 2342615.5527343750
74809746.8129612505 2355597.8339843750
68182981.3158291131 1981323.6132812500
69162479.1907678843 2128096.6367187500
73368472.0772083998 2343814.1718750000
73036632.5439253896 2336574.5234375000
77591184.1148404628 2361717.2011718750
68461389.9283396900 2030128.1523437500
70843900.2576600015 2262349.9296875000
70759113.1510556638 2258111.3847656250
77318717.4588410407 2361677.5292968750
69821291.8240612447 2197785.0371093750
76873062.3736264110 2360506.6816406250
70269645.5660931915 2235937.6210937500
73245920.7911780626 2342924.8710937500
76747286.3252444714 2359842.6699218750
71137558.2948341221 2273345.6250000000
68234736.1816451102 1989991.0742187500
68626769.1997017115 2055213.8183593750
70756834.9513086975 2256826.3593750000
70555870.2748881727 2249778.9414062500
73487809.2680599689 2348142.1308593750
76850343.8310351074 2360383.1191406250
69361334.4628790766 2158126.3886718750
69405476.0383130759 2160199.6191406250
76955519.2746877968 2360921.4628906250
77755341.1877984405 2361786.6894531250
68665685.4150736034 2060857.5078125000
71074415.4926570803 2269715.5390625000
73628067.7587362975 2349821.0878906250
73501916.9155817777 2348755.2871093750
77785866.5751312822 2362185.3457031250
77656736.1233044863 2361771.3378906250
71022190.1693575233 2267605.6972656250
70338183.2026766241 2237850.9335937500
70785647.5701097399 2258719.8437500000
70335162.7251499295 2237427.9492187500
70828832.6536659896 2262326.5273437500
72644563.6821927726 2325465.7910156250
73900439.7970420122 2351233.1503906250
70111468.6323358864 2223574.3652343750
68652083.4028744400 2059243.6425781250
69753422.8364032209 2187749.5683593750
69515436.0449981242 2172373.4902343750
70572148.0206416547 2251330.8320312500
69660479.4123154581 2186212.3281250000
68741228.3943888694 2068226.5996093750
69802023.4727568030 2194920.3027343750
70795441.8625284284 2258883.9101562500
72913285.2723613828 2332702.6093750000
68827670.4132259488 2072677.1582031250
68654029.2983682603 2060263.5332031250
68674729.2873154879 2062155.4492187500
70674966.5946015865 2254381.6015625000
68584905.8172478229 2051668.5742187500
70698505.5917903036 2255642.1562500000
70645618.6645398587 2252084.1738281250
70773210.0072343796 2258141.9531250000
72997535.7549938858 2333152.2734375000
72682976.0573325753 2325936.0429687500
72833780.5611204058 2331885.2597656250
70543479.6055389941 2249017.4843750000
72763245.6627726704 2330486.1445312500
74746905.0089234561 2355546.3496093750
71000911.0080319494 2266123.4511718750
73140336.4201371223 2337804.6035156250
68406857.5699334145 2020163.6914062500
68650011.3790995479 2056104.4941406250
68521339.2079825103 2043714.6933593750
69815290.8123448193 2196179.0898437500
69924411.5521744639 2201737.4882812500
68372188.4965677112 2017794.7226562500
68986589.2915124297 2099704.7753906250
74556729.9711434990 2355041.4511718750
68485272.1844334155 2034069.8632812500
73078967.2685090005 2337053.8906250000
68426166.0874067992 2028305.6367187500
69049911.5519603640 2100598.9316406250
68964013.5619916171 2090718.9531250000
69997548.4286036044 2211049.5449218750
71432387.4384944141 2276296.0605468750
74181731.9363601059 2352134.4550781250
68290354.9710751474 2002335.5332031250
68904419.0244651437 2086676.7421875000
68850820.6594147235 2077646.4570312500
69969815.0463465750 2209834.3652343750
74361951.7469629794 2353304.4667968750
71265543.4023178667 2275003.6562500000
68859776.3363326192 2082477.2109375000
68277368.2833903134 1996853.9296875000
69948837.6634770632 2208080.5996093750
70007715.2976974100 2214110.3632812500
70145854.8777980804 2226207.0175781250
70946841.1112671047 2264507.6074218750
71439824.1237325519 2278549.4296875000
68367734.9777841121 2016260.9062500000
75196048.6990365386 2356837.4667968750
74419837.9233074635 2354027.7636718750
68786887.0183296055 2070278.7988281250
69101070.2977455705 2107149.2929687500
72673553.3208722621 2325780.7421875000
71261630.3215291947 2273434.4921875000
68314874.7070063055 2005402.8359375000
69089799.4014236182 2100617.4628906250
72597926.2488118708 2325153.5019531250
77172523.2214279026 2361209.3847656250
72673850.2177917361 2325862.2246093750
68779816.4016984105 2068968.4765625000
74544039.7434828430 2354443.6425781250
71118322.5475347936 2269826.7988281250
71875952.0741025209 2299481.1660156250
74391578.0889092684 2353804.1503906250
68927495.2660768330 2089607.0839843750
74399482.9393018037 2354000.5136718750
74234070.0052226335 2353065.5332031250
68829493.8663050681 2075336.5507812500
71804722.0537723005 2296508.3378906250
71862419.3859132826 2298785.4414062500
71546464.6686162800 2284249.2519531250
72149727.3123213947 2308909.9667968750
71758197.2602982223 2294805.6562500000
71621680.7924015075 2287997.8242187500
71624358.8216711879 2289065.9921875000
72049459.5622292459 2301422.3437500000
72048833.9420023710 2301403.8242187500
71727006.5732134581 2293264.7187500000
71941552.7087002844 2299592.6484375000
72045455.4995747507 2300354.9121093750
71832253.5177565366 2297897.8046875000
72056709.8800143301 2305202.8105468750
71667578.5170016587 2289962.1406250000
72001641.3420836776 2299732.0605468750
71583219.4776284695 2285549.6855468750
71783272.1462818235 2296329.8144531250
71716471.0786036551 2291055.7988281250
