123696240.6803641915 192427.5733642578
125371220.2099458128 193199.5812988281
116715746.1570838839 164523.1159510314
117297017.4392047524 167806.1695529521
116888471.7604867667 165817.9215976298
118351221.7026381791 174816.8587760925
122158073.7926656902 190647.0971679688
112651063.4707604051 103378.5625907793
112987287.9411966056 115534.0639209249
114200191.2399003059 135771.9828618476
116372126.3945831209 161038.5443989336
121578837.5672379434 189075.2333984375
121942828.2455204129 190076.6458740234
123061756.1986992359 191973.3876953125
123319808.4509937465 192189.5683593750
126053428.5235741884 193292.3449707031
122911926.3940220773 191746.9237060547
118864915.7293883860 177831.4704971313
120996880.9356113821 187324.4093933105
121442953.6764466763 188775.5369873047
122643815.5697655082 191548.3087158203
123654645.4723074287 192392.0253906250
113113193.4898304194 117819.4272314035
114162580.9277435690 135607.8393124505
113992488.2327138186 133572.2086514398
116093827.6485548317 157381.5706520379
116953569.2144630551 165851.8898019791
116864714.2619684339 165117.3680238324
118321515.7216603309 174669.9935646057
118605639.2300396264 176730.3524589539
119344586.2102824152 180038.0769424438
121749929.3979535848 189518.2487792969
122376481.4821659178 191094.7526855469
123205783.2136719227 191989.0797119141
123607092.1131805480 192385.5256347656
113156098.5110062063 119330.7514114920
112984732.5520254225 115343.3700656393
117112366.6037236303 166589.6476869184
120333601.1886683404 184134.5868835449
121593973.8427434862 189201.3254394531
121616895.5790577382 189265.7751464844
123525197.6261609197 192374.4904785156
112947877.2278743684 113387.1672516532
116850406.6888170987 164655.9611484110
118807787.2245584279 177822.0953292847
119161763.6695329249 179188.2816543579
124444443.7337425202 192864.1273193359
114229826.6121656448 136700.1692735483
118376828.8051639795 175662.8389091492
118376801.9089754224 175546.4387016296
120602529.9616894871 185892.0755004883
121741127.8863265663 189462.8038330078
121776528.9414362907 189979.5183105469
113151964.5557716787 117874.9348471262
113075236.0006991178 117483.3048629859
113214148.2535907179 119360.0900955298
114251701.3702673614 136766.5694746533
118768162.6566421390 177444.7402153015
121944395.6571535170 190390.4213867188
122511772.1109246612 191332.0596923828
123080436.3655171096 191988.1690673828
123043523.9240319431 191930.1160888672
123869505.8251503259 192569.9404296875
124113285.8981883079 192747.5654296875
112654795.0425688177 103484.4410755648
113239393.8302050382 119435.6124825971
115919686.5827309638 157163.9349094927
116204098.3453969955 160087.7220369875
116405601.4212552309 161389.7936287224
119166845.4660215378 179697.9744033813
119571478.2680994868 180877.2391967773
122023782.6765493602 190554.4548339844
123763331.1489692777 192555.0953369141
112645645.0296775848 103257.8530647173
113063870.4142225385 117337.6671924093
113090514.6543938071 117567.2057666280
123036458.4971727282 191846.9281005859
124031752.5094320774 192625.0957031250
125820596.2147650868 193234.1040039062
117014031.3011712283 166403.1633048505
112698993.5179063827 105244.9383155718
116600857.7589592636 163705.5958152115
116670211.1878143251 164326.0430575907
116405010.2354141772 161214.7664695084
118509257.8055885434 176537.8710594177
121932268.6746718585 190061.3574218750
113155489.1892805845 118927.7524359920
113015337.3785388917 117297.6144580343
114139056.9428529441 135196.7650515067
116096579.5846712887 159200.9504890740
120268822.2293370962 183876.4953613281
121584135.5731546581 189094.1369628906
122194857.1063702255 190974.9249267578
116233571.4088843465 160611.3345222771
124092179.9962912053 192666.8637695312
114145387.2873643041 135387.4794722362
113055583.6539122015 117323.2222568267
114020242.5337483436 134732.0219906732
114200867.7771022916 136695.1596859857
118635093.7556065321 176891.8134384155
121102070.8190833777 187790.2402954102
124621343.1908335239 192907.8729248047
125490940.4074790925 193200.9765625000
113948184.9352188557 132928.7029751702
112949725.1019937843 115266.4969167807
114064619.9801412225 134942.5558041497
113962967.7576148808 133473.1145504876
114013139.7276845127 134644.7054623528
116416415.8256058693 162160.0562308729
118489555.1259251684 176522.5817070007
118889015.0250304937 178075.7733535767
123273113.8029044569 192175.3948974609
123297561.6937856227 192182.7084960938
123759569.1184704155 192465.4334716797
123650596.4156598449 192388.3532714844
112701761.6663718373 105391.2032359703
114264791.0262367278 136897.5047321925
123420006.4879339188 192284.0769042969
124095142.9223937392 192670.9212646484
114373926.1442596614 136907.9763285308
120741687.3950498104 186480.5401000977
120871997.1481557339 186587.2627563477
121684500.0530433059 189455.1182861328
123219357.4907983989 192026.4581298828
116493026.0204624534 162760.1307273209
119210754.8142843843 179799.3109130859
116416515.1399518698 162246.7836814225
112735371.9660281092 105587.5039417758
117469293.7785992324 168877.1905870038
117799298.2666988671 171173.7262979347
123490542.3874244392 192353.6650390625
123213900.7796853930 191998.5471191406
123219051.0129413158 192003.9531250000
119322134.5437259227 180016.5198135376
119067404.2362275422 179159.6792373657
121574101.5027338564 189019.7130126953
112920841.3055687398 113329.1875181296
120407792.9271383882 184890.0131225586
125742332.6756133288 193226.1400146484
117286348.8032643199 167068.9123277265
117185502.8455476463 166755.2783860761
118469966.9117759764 176134.4296073914
119428085.3770343661 180496.5052261353
119488389.3282672018 180693.0644531250
121775370.5076911449 189976.4433593750
117418972.4352124035 168790.6548204023
118956083.9984915107 178844.9659805298
122084328.4647110403 190624.2049560547
122576503.0959837735 191390.1291503906
112851611.2228162885 111504.4922094443
123231013.2871999890 192157.7387695312
112895661.9219704121 113233.3550710776
118896461.7618079334 178462.1374397278
122389876.4512799680 191205.9746093750
122290017.0123167187 191038.1173095703
112722135.6164079905 105459.8581916704
117486241.0351541191 169407.3060655195
118537643.1336150914 176547.5480155945
120383228.6589457989 184481.4054565430
122377863.0576715916 191201.0606689453
118745358.4151220918 177434.5819473267
112741171.1655333489 105693.9741584673
112894618.1602371037 112922.5720335403
117383148.4181700796 168272.0012559491
117932894.4747088999 172089.6432275772
117783706.5329537988 171105.6456508636
118360196.0546177030 174867.8510551453
117917667.9526851624 171766.3340234756
120356644.8565428704 184398.2620239258
120108609.6876437217 181499.1302337646
120766185.1558825374 186507.5859985352
124811154.2372962832 192943.7905273438
112810250.2010188997 107428.6324742297
120629074.7605866194 186061.4247436523
118183018.9364510328 173682.5137109756
118121825.7212180048 173052.7241344452
117670766.9977366626 170200.1460923749
120326531.3033668101 184094.0421752930
125770770.8296860605 193228.7839355469
120722652.9438854456 186387.5319213867
113896754.0637812465 129380.6317910599
120116249.8429020047 183295.9598236084
120872055.2115448266 186684.0585327148
118262914.7869798839 174284.8335351944
117988104.3133453429 172935.9856958389
121038438.2596388906 187431.4370727539
112836723.7064408064 107603.8192512407
112812550.9265538156 107493.0000373735
120175376.8139546514 183442.7262115479
120186849.7526101470 183847.5020446777
117259145.2061432600 167065.9922532636
117904467.2048290074 171761.5337682068
122183929.8442174047 190852.7252197266
122487564.4870539904 191210.3183593750
117692601.1712366343 170304.5844468671
120410190.3492921144 185198.6168823242
122259808.4794957638 191020.6517333984
120884153.3771229684 186884.0474243164
117204074.4740573019 167024.6165513593
121360718.5363309383 188596.1988525391
121140054.9608353525 187921.5209350586
122909172.1120478362 191669.0997314453
117576301.9089180976 169927.6585698426
121195694.7814122289 187925.2554931641
117885461.4314299971 171337.2125608921
121413277.7452272624 188721.7042236328
120343179.3122532815 184292.1657714844
120853703.3064851761 186586.2536010742
122000729.7313872427 190398.0218505859
122893709.7190666348 191622.1325683594
120906940.4854410440 187195.8596801758
117800691.0638404787 171185.8352818787
120511061.7364605963 185205.9763793945
117729978.7245226651 171051.6385045350
120522133.4480396658 185639.5932006836
113930689.2395982295 130177.4873051094
117704904.7695745677 170731.2530961335
117396593.1845628321 168760.3325547773
120362534.5338826180 184474.3127288818
120689998.0183700919 186333.0518188477
121021285.4048329890 187347.1252441406
120770840.9833819270 186520.0824584961
117836744.6253760457 171259.4537797272
122936844.2518646270 191812.2126464844
121033519.7201452106 187412.9318847656
121260837.0618456304 188182.5734863281
113886553.9729819894 127975.4982610987
113704672.8152670413 125678.4408039497
113921813.5668805242 129663.2045063423
113781102.3625524342 127630.0626606392
113869834.1887542605 127810.5177316377
121339102.3565958589 188265.4062500000
113765155.0291665941 126664.5316547798
113732434.0191377103 126175.5433735298
113753829.6355271488 126183.3315815376
113809606.6883093268 127644.3442768501
124845137.8282954246 192961.3270263672
125178911.6225985885 193091.0330810547
124852620.2330826819 193017.8164062500
113690945.8924265057 125596.9208149360
113656794.2843299955 123828.6865157792
113865458.8478616625 127805.6366500566
113671971.3728023022 123889.5414962480
117373861.5064326376 168127.6003846723
113637949.6924276799 123509.9283370683
124610023.9684617072 192901.9904785156
122009787.7829689384 190402.6485595703
121544596.3486712724 188908.2347412109
121769644.9276296794 189604.5749511719
122815117.1145198196 191581.7287597656
113637875.6462156922 122036.5918826768
120084086.6353598088 181489.8612060547
120052338.5880285800 181471.6997070312
120024094.3517051786 181078.7978515625
113554536.2838413864 119818.9086507270
113582933.6688094139 120414.9689534614
