207880111.7873410285 6480796.9199218750
207669564.1783773899 6458402.4707031250
209243149.9199293554 6649408.3378906250
213488825.1891514063 7059073.3808593750
218079316.8705379963 7366661.5839843750
223854309.9114998877 7610622.8300781250
224321234.2905350924 7623524.8808593750
224588503.6361669898 7625225.4785156250
226086702.1534166634 7675247.7753906250
225729432.0428245366 7668021.3457031250
226346999.5478532910 7684840.7792968750
228920108.4846487939 7739781.4355468750
236648667.8927198350 7853805.0410156250
236079606.0022315681 7849792.7597656250
236015852.6237375438 7849487.7597656250
236053836.0163349807 7849713.4121093750
240331046.6047730446 7885676.1464843750
240136247.3093456030 7883709.0683593750
244844629.8849767148 7904872.0917968750
244839263.3253231943 7903571.0097656250
254433787.3421029747 7922344.6308593750
245305134.3748312593 7906292.6035156250
206139132.2873987257 6087155.9160156250
206148704.6040441394 6098533.3652343750
209031890.3285768032 6640311.1855468750
211106653.8708550632 6871799.8652343750
211063409.1321896911 6865771.2597656250
217829003.1986300349 7357309.3964843750
222424932.5372864008 7551741.0292968750
224177584.7761648595 7617728.9902343750
228930859.6219388545 7742078.3339843750
254035710.9129381478 7919361.4902343750
226180529.0102675259 7680953.7558593750
217775845.8053140938 7354965.8613281250
217962195.6048729420 7365696.9433593750
225843777.7590619624 7669959.3300781250
225917631.2306993902 7674844.6425781250
225846633.4170544446 7670411.3222656250
207591656.0153237283 6452430.7207031250
208874945.2425832748 6623572.8652343750
210755620.8300391436 6841097.8417968750
211388577.1540099680 6895203.6582031250
211248178.2865413427 6884154.5058593750
213234044.8057097793 7037886.9472656250
217545972.0438764393 7349127.1308593750
217288102.9706321955 7332976.4589843750
217468196.4476130605 7344482.3964843750
231728752.0336921811 7789978.8730468750
207788707.5703483522 6466307.3105468750
210823267.0209275484 6849950.9394531250
210933834.1911420524 6855168.1582031250
217435853.4317159355 7339975.4238281250
222617238.8720329404 7560893.7832031250
222733054.1025418639 7566519.6855468750
225220429.8201047182 7654690.3808593750
229032061.9167122543 7744333.0449218750
228945930.8931632340 7743561.5957031250
229982927.7732559443 7759088.8378906250
248341104.7754253149 7912647.0136718750
224673659.9497594833 7628502.4980468750
206054450.2004466653 6062986.3261718750
209179929.1513062716 6648890.1113281250
217217217.0444092453 7332219.8691406250
217387585.4834707975 7338553.5292968750
222361790.6558606625 7545805.8261718750
222668964.3389529586 7561160.2285156250
224178216.8584386706 7621758.2832031250
235493146.9392056763 7844150.2675781250
217100946.9329796433 7325797.3496093750
206437136.2734552026 6210482.0136718750
207819790.5615680516 6479568.3496093750
207749237.0746754110 6463413.8652343750
208844528.3325373232 6622822.5332031250
216558385.7634007037 7289622.9980468750
222556033.7773144245 7559675.7402343750
224465658.5525396764 7625048.1503906250
225184531.4440694749 7651088.5058593750
230081815.9689593315 7764872.2402343750
230922265.4125950336 7778878.5488281250
240172871.9895668924 7884952.7207031250
246038358.7424972355 7907232.7792968750
254047786.0502245426 7921710.1113281250
207074887.9466560781 6359988.9394531250
208780636.6965860426 6609679.7988281250
208946119.3828743100 6630755.0761718750
210532309.1718323827 6815411.9941406250
210394042.9647456408 6801500.1308593750
213435924.1728963256 7053661.7246093750
216544652.6356799304 7285468.8222656250
222522500.7677211165 7557540.9746093750
229098780.6170485914 7745409.0605468750
231047868.0706475675 7781076.4042968750
245603617.3761095703 7906745.1738281250
246971873.3465094566 7909053.6269531250
254277067.5208939314 7922338.1972656250
216744355.7886529565 7301365.5800781250
218605873.1632671952 7390647.7871093750
206543952.5276559293 6236578.1738281250
218754672.9218830168 7396485.9589843750
231512582.1126195788 7788483.0488281250
248675302.4323698878 7912823.3027343750
247894089.1391152442 7911231.2519531250
206442302.8035109639 6215445.1972656250
216607937.2516442239 7291720.9785156250
219070482.9462332726 7401444.1542968750
224810190.8579090834 7643473.4042968750
247254739.4489117563 7910227.8144531250
247959421.0651311874 7912085.5292968750
224851351.5027140677 7643690.0761718750
206540324.0397616327 6233060.9042968750
207679176.6049168110 6461658.3027343750
210549578.7352482378 6818880.1660156250
211588987.9545766711 6905267.2324218750
216471586.6442549229 7280251.9589843750
216644466.9602965713 7291905.4824218750
218741530.3285521865 7390733.6347656250
218899751.3524770141 7397438.9199218750
219200203.5273401141 7401898.2832031250
224885449.6323123276 7644623.0800781250
224903273.6624847949 7644680.4042968750
247259622.1306604743 7910506.7597656250
216340923.7827651203 7272223.9238281250
207164907.4548924565 6374505.7988281250
239704750.1335873306 7879636.7128906250
239836214.5197315514 7881866.4355468750
247010111.5799506903 7909444.8261718750
246216621.0905154943 7908037.3378906250
206406743.9749536514 6204970.3613281250
206523647.9822698534 6224427.3847656250
207414552.3880149126 6417135.3066406250
216415443.8165827692 7275804.9628906250
230447902.9666584730 7769402.2363281250
239070083.3607868850 7876633.9511718750
239398058.4872249663 7878300.3300781250
246495827.4323330522 7908834.5878906250
246177130.9787770510 7907258.2597656250
229203302.5434435904 7748899.0371093750
239366261.8904732764 7877916.8613281250
219464058.7616249323 7404462.2285156250
235730728.2826450765 7846215.0996093750
238881340.1836892068 7875283.4433593750
238340646.8244883120 7870702.5449218750
244448570.6786166728 7902118.0722656250
244037195.7941704392 7898262.1074218750
206119318.6086928248 6083488.2792968750
206027090.9610318542 6056650.6269531250
207004520.8257337511 6347866.7675781250
207260085.5850191116 6392360.9707031250
207167916.5102940500 6374956.7011718750
207922640.5252930522 6485688.7246093750
207629852.7197253406 6456127.8496093750
210463955.5714125931 6811713.0957031250
222780605.4626448750 7568584.8378906250
229300919.9994744956 7750040.0175781250
244027366.2257846594 7897462.0683593750
244331171.6057205796 7901066.2871093750
206638885.8249374330 6255377.7675781250
207386949.6335216761 6416567.9589843750
207529692.7574436665 6438610.0332031250
210681426.8002615273 6830467.5019531250
210511034.6634996831 6815361.1816406250
236408721.9835695326 7852960.0136718750
236255553.0825207531 7852435.6347656250
206250237.8653793931 6110965.5488281250
206329574.2875916958 6137493.4667968750
207280064.0599842370 6393429.6660156250
229126842.8079465926 7746563.4667968750
207475716.9028840065 6430585.3300781250
208677955.6963031888 6594818.0292968750
210489288.9972919226 6814053.3183593750
207468149.0758143663 6419847.5175781250
208655657.9672184289 6593155.1152343750
208530005.3600293398 6577231.5449218750
213698687.4109150171 7077529.6191406250
216303447.0657379925 7254232.8144531250
237958983.6907998621 7866689.0332031250
207347207.6832363605 6407699.1191406250
207286940.3076542020 6396521.8066406250
218577882.7447189987 7384034.1386718750
238127069.3002037108 7867614.7011718750
208415901.8551564217 6554754.6621093750
208520683.0074935555 6570640.7011718750
253455196.6014302075 7916745.5917968750
253466127.1748147607 7918970.2480468750
237665929.6668343842 7863249.8105468750
206556183.2995202839 6237447.8144531250
206866546.6628987193 6300147.9902343750
237890939.8167240918 7865677.2832031250
253314320.5120404661 7915847.8886718750
206524464.2824851871 6231069.1738281250
214503996.6952838004 7128792.4941406250
214705447.7270715237 7143269.7128906250
206306926.1132689118 6123143.3183593750
206914919.7990446687 6324048.4902343750
206475607.6005266607 6223005.9667968750
206869513.8815079629 6306062.5371093750
208295279.1455444396 6540500.8144531250
214252281.8759453297 7112331.3613281250
237874319.3040609062 7865033.4003906250
237489844.6868891418 7861102.8808593750
237413363.4501603544 7860514.6464843750
237596657.2672146857 7862049.8886718750
206794044.4058908522 6289456.1972656250
208135899.2363553047 6513611.3457031250
213991334.1417641044 7098462.4433593750
214067170.8044119477 7103610.3417968750
214934826.0128575563 7147239.6191406250
223079553.1220269501 7582329.5019531250
230482438.4859761000 7771915.1894531250
206832935.0163005292 6297179.6582031250
222426315.5934864581 7553439.6386718750
222836379.3061973751 7571808.4785156250
222952541.8119991720 7577336.3769531250
230381522.7316110730 7769322.6621093750
208222616.3696587682 6526712.0058593750
208176509.1579729915 6520799.9707031250
214386667.7326732874 7127449.8457031250
229832266.4621941447 7755241.3691406250
206736640.6030386686 6265455.7285156250
214316046.9632310569 7122478.4511718750
222946036.3371864259 7574141.0019531250
237169937.6564749181 7857871.0410156250
206616189.9542107284 6247348.5878906250
213562849.2352763116 7066369.2597656250
214032807.6726773679 7101650.6269531250
213803498.8767573237 7085622.7792968750
223022858.6337440312 7579601.7167968750
222844320.6204579175 7572114.8066406250
210254423.3890327513 6773939.3574218750
208037233.9529909492 6504699.2675781250
210362029.0599788427 6782697.9746093750
229739592.1159743667 7754838.9628906250
233015459.7907682061 7801686.5839843750
213877267.3144496977 7087291.0214843750
213589296.8928192854 7068121.7246093750
213554181.0996616185 7064041.3652343750
233122327.3000525236 7802852.1308593750
233175360.3303913474 7804205.8769531250
243830183.6674485803 7892051.5136718750
206397435.6713279784 6141678.2128906250
233109529.5159671605 7802723.1152343750
206823895.4487130344 6290208.1621093750
210036634.1634616852 6746156.3964843750
235081607.0139184594 7826252.6542968750
232592691.0396978557 7795204.0097656250
210138280.8464766145 6758929.6621093750
213354703.8569031358 7047408.6074218750
216187730.0278198123 7238879.1386718750
216146965.2011699080 7226336.9746093750
233877813.6626051068 7815302.0917968750
209937602.2645507157 6727311.8574218750
227375634.8484615982 7698148.6933593750
234005543.3511252403 7816047.8222656250
228176587.1362069547 7716687.6269531250
215844427.8730683029 7210535.4980468750
215744639.1347036660 7204125.7988281250
227585239.2755409777 7701144.9042968750
227781195.2495736182 7707869.7441406250
233792382.7612255216 7811795.1152343750
215675540.5755580664 7198003.9746093750
227948594.8807076812 7710814.1933593750
212823358.9149089158 7001772.5449218750
215600408.8151131868 7189259.3144531250
227457134.6996946633 7698287.1464843750
227644819.3291244805 7703662.6582031250
209919634.5961662531 6725950.9824218750
215512661.5176942050 7188916.3535156250
209970986.0122811794 6735414.2792968750
215440832.1294124722 7181210.9082031250
215466025.6892873049 7185104.9824218750
233619367.6501660943 7809882.2597656250
233591396.1389256716 7808329.7675781250
233517849.0955494642 7807810.2324218750
210199547.1756567657 6761902.0449218750
212937617.8855293095 7012416.4785156250
212991019.7023496926 7015424.8964843750
212956080.0169318616 7013966.2519531250
212595155.6723119915 6969574.0253906250
212686136.1502261460 6976354.0253906250
212536513.3692562282 6966970.4628906250
212663950.4343968034 6972670.8535156250
212474866.3210962713 6955392.9277343750
212183524.4294352531 6937700.0683593750
212027238.7805240750 6918944.9941406250
212120738.6999100745 6931200.1074218750
211901172.8269101381 6912174.4824218750
211987098.9938842058 6914174.4863281250
221674567.9806784093 7473096.1894531250
222269331.8044909835 7494993.7441406250
222120841.4605412781 7488227.3183593750
209678357.2855175734 6676469.4511718750
222124762.6463198364 7492709.0332031250
209778391.5230126381 6679776.0253906250
221200846.0466526151 7438868.6425781250
221478452.9326207936 7451355.7089843750
221338775.1392192245 7444878.6074218750
221395212.1117998958 7451045.4277343750
209784982.2804456055 6686754.8964843750
209584165.4738335013 6661728.4394531250
220377963.2291215360 7410522.4667968750
