222521695.2520978749 3943859.7812500000
221412307.3621037304 3883462.6738281250
222547934.9077988565 3949556.8535156250
211311907.9102752209 2907418.2558593750
233576602.7622212768 4186427.3496093750
229468362.4269184470 4153077.4531250000
211233868.5229618549 2894803.7539062500
211824965.9850152731 2999050.6806640625
211823393.2937884927 2992291.4658203125
215430885.7097364366 3452954.4892578125
219725621.8317424357 3786027.9921875000
225093331.9090603590 4040429.8750000000
211271940.4776823521 2902180.2802734375
222643620.6751216650 3953439.9628906250
228818302.5548039079 4140660.7246093750
211212561.9404484630 2885247.1767578125
219778534.4343489707 3790471.6250000000
219895654.7228941023 3792872.7500000000
233677096.7713025808 4187191.4863281250
216485259.1653884947 3543774.1347656250
233602362.1994642019 4187084.3535156250
222956702.9858171940 3958463.5097656250
222699418.1562514305 3956276.2207031250
229248644.2407702208 4149615.4550781250
211109067.9171302915 2861154.6455078125
221830761.3263215721 3909957.0761718750
222639011.1564431190 3952945.2089843750
248826850.7180850506 4189644.2636718750
222227968.4215460122 3934253.4023437500
229561761.4424633682 4154120.7070312500
248831516.1599529982 4189666.5859375000
211889345.9776578546 2999982.7539062500
225281503.0024710894 4050885.7109375000
211185486.9137189984 2884016.7041015625
212022136.1939921379 3002560.5263671875
222791333.5530887246 3958206.5332031250
231741368.0151906908 4182229.3886718750
234799356.5411451459 4188277.1035156250
225937628.0824651718 4066646.3925781250
216447769.5492170155 3541957.2382812500
225124753.0838251114 4042982.3671875000
220028107.2434349358 3802844.2324218750
225203397.2899531722 4047783.9160156250
225112995.7899422646 4041485.6972656250
232068356.7452094853 4182993.8164062500
222544828.9145242572 3948289.3886718750
215459195.0206196606 3454018.2021484375
212033702.6732137799 3003422.6640625000
211909036.5808169842 3001469.6826171875
211687230.8094999194 2980199.2197265625
225534811.7955400944 4056921.5566406250
225805194.5865347385 4063081.0234375000
216331252.0960261524 3529334.4570312500
225606326.3837496042 4060375.1113281250
211220884.3893958926 2890438.5107421875
225319596.3644763529 4052295.3144531250
211158555.7024073005 2880642.6484375000
211747744.3302860856 2985710.9941406250
211787517.9925146103 2992117.0634765625
216429831.0719800889 3539762.8330078125
210801906.5146977901 2736761.7324218750
228755005.0578927398 4139607.8457031250
234749914.6904462576 4187905.1054687500
221571582.8035317361 3896703.4667968750
222623583.1862432659 3951971.8105468750
222410167.7847649157 3943848.8710937500
222304163.7264772058 3941098.4765625000
220110772.1342665255 3809577.6250000000
221415864.0854739547 3891018.7421875000
210872106.7115193009 2741461.3388671875
221594862.4128187597 3902122.5351562500
213606872.7652574182 3266033.8994140625
215471008.8369105160 3454405.3730468750
222208610.2228227854 3934246.1777343750
222738554.2326645851 3956983.5605468750
228970858.9070823789 4143037.6542968750
231852268.3518458903 4182328.4824218750
210767782.7809156179 2724789.6718750000
210732057.5393441617 2712851.6250000000
213727671.9389544725 3281490.6416015625
221539034.2569149435 3895113.7304687500
213543172.3773095012 3262069.2207031250
213753420.8378816843 3282734.4189453125
221537905.9228452444 3895062.3984375000
221593785.1711474359 3897828.2343750000
221553181.4845749438 3895270.1845703125
228864521.6546928883 4141827.1347656250
226098210.5987288356 4071581.7910156250
234795168.5267724991 4187972.9375000000
211081878.8432384133 2842703.4970703125
213436664.7708873749 3245209.9052734375
215547520.1044753492 3464471.8417968750
233140459.0454037786 4185493.9687500000
234159480.4790289402 4187681.6425781250
216591802.6855548918 3551081.0742187500
211426218.6245164275 2929375.3515625000
213875725.3196174502 3287025.3681640625
216218395.4637615383 3518145.0068359375
210789157.8716412485 2730522.2500000000
215488703.7234921753 3455175.7070312500
215500725.6760191023 3460426.7871093750
216695319.3573389947 3558156.2568359375
216228687.9096241295 3524916.1328125000
216711742.8092310131 3558338.1328125000
222680327.4989622235 3954729.9062500000
231368546.2727142274 4180453.8632812500
225265633.4654963613 4049120.9882812500
229127362.0593220592 4147935.0937500000
216492884.1175231040 3543893.9130859375
211773400.2393340468 2987448.8769531250
213575786.1300938725 3263297.0810546875
225478594.1674139798 4055553.8242187500
211602171.6308807135 2964140.1669921875
215307150.7388671935 3439838.0830078125
216967080.2277332246 3575128.7343750000
216619801.1741297543 3554913.6201171875
216936094.6448734105 3575119.1044921875
225248520.8060076237 4049118.6816406250
215385346.9025032818 3449055.3095703125
211538400.9918851256 2947311.2587890625
216801914.3484099805 3566016.1533203125
215190139.8306297362 3432362.4658203125
216769750.6455670893 3565016.9365234375
232007716.9089674056 4182873.8691406250
216622535.9968587458 3555551.4033203125
230351294.2254380286 4166461.7187500000
228917552.6017631292 4142166.4902343750
231022684.7609002292 4177543.2851562500
211082854.5568739176 2844409.9492187500
233944099.0982382298 4187363.2070312500
215081310.1171826422 3420251.6328125000
233584871.6947499514 4186984.6933593750
211087214.4881539941 2845824.2558593750
211055516.5923853517 2840634.0000000000
233305506.3707959056 4186347.8203125000
214447514.5038178861 3354541.4853515625
215152284.2538318932 3424714.5175781250
233362403.8995788693 4186408.8535156250
211562835.3272743225 2955241.9111328125
232352296.5017971694 4184192.5820312500
228611209.7423415780 4134562.3847656250
214392101.4563843310 3349599.0693359375
228945737.9425205588 4142905.6250000000
233157855.7505181432 4186106.3867187500
219706126.2412314117 3783463.1074218750
219969721.4268545210 3798697.4960937500
216014185.9550667107 3502198.4804687500
230932937.4891911447 4176321.2128906250
230395687.5821228027 4167292.7402343750
224127763.0589918494 4008197.6035156250
232782910.6289893091 4185098.6679687500
210939719.1677240133 2765718.0078125000
210845665.8288659155 2740051.2255859375
215841806.5666598380 3485066.9619140625
216335133.1442005336 3531035.2812500000
215947668.2876727879 3494857.5869140625
248803423.5987530053 4189211.1816406250
211343559.4086842537 2911107.1367187500
211517800.9386788607 2944891.2333984375
214416432.5326006711 3350407.9765625000
232168056.5951900184 4183660.9941406250
215897710.2410976589 3491175.6259765625
215790839.9194959104 3485056.8154296875
211456546.3759039044 2929971.8974609375
248717849.3726277649 4189183.0273437500
211389759.5228310227 2921396.0166015625
214429014.8512243927 3351150.9189453125
212919038.5023459792 3160779.3613281250
229018173.7505483627 4143790.1191406250
215623909.3586674631 3469851.6816406250
227727256.6040187776 4112108.1210937500
229034284.8773019314 4144622.0039062500
232509899.8782517016 4184621.6074218750
210874028.7597692609 2754369.4863281250
224056857.1116759181 4006608.1777343750
232143199.3580116928 4183498.9492187500
248422776.2839758694 4188684.4453125000
214347611.9701201618 3345175.4150390625
217183772.8875941634 3579076.7216796875
213210336.1528884768 3205192.9570312500
234700649.8711777329 4187765.7656250000
213525749.5634809136 3248819.1845703125
217299408.9198774099 3596600.5732421875
217241449.6050834060 3591595.3642578125
211355584.8752037287 2912727.0341796875
215288973.9183232486 3436169.8623046875
215442795.9086172283 3453151.4179687500
215232139.2480967343 3434113.6572265625
214962845.6999809444 3406419.1699218750
211154635.4744446278 2866532.5771484375
214552600.7983795106 3368931.3945312500
224040135.6657567322 4005259.2421875000
248550228.4528742135 4189134.0722656250
217417669.8654877543 3599937.4394531250
212845609.7902744412 3154593.3544921875
229055861.3126849532 4145202.5429687500
214502322.5602443516 3363855.4365234375
214711154.6322852671 3382793.4287109375
214760799.9705316424 3385724.3212890625
214616593.8921037614 3375545.9892578125
217058595.2381500602 3578592.8369140625
223938896.8794130683 4001852.2851562500
224193211.7318490744 4011275.1269531250
213064714.9259241819 3182939.7617187500
213191690.5603972077 3204562.5810546875
227573570.0145556629 4108666.8593750000
229888388.5783933401 4157242.2089843750
224050217.9986916780 4006554.6289062500
214525539.7966251671 3364235.6191406250
214860537.5064823329 3395211.7500000000
210958486.5893597603 2778851.3378906250
214436023.9941904247 3352573.6337890625
214456514.7498468459 3358730.1943359375
213260784.1598271132 3210629.1816406250
224086769.9779193997 4007363.0410156250
223988047.5106145144 4003235.1230468750
224100175.4228812456 4008076.0371093750
210952951.4378007948 2774363.6337890625
223577847.3614920080 3985023.8242187500
224145912.0195848346 4010492.5371093750
212800063.7270851731 3141999.0898437500
230612272.4899614751 4170751.2343750000
230718476.5309276879 4172292.3007812500
223292336.2295591533 3975317.3144531250
214003835.4769569635 3302376.6777343750
210986644.4436819255 2779582.5205078125
223716317.2446627915 3989578.0878906250
227765389.5848195255 4112887.6796875000
227530196.4127735794 4106942.3144531250
223284454.5559174120 3975276.9707031250
214032340.9566562772 3305586.5097656250
210931589.5109525919 2765484.5839843750
213927862.4500586390 3296356.6132812500
214265148.1576468945 3332554.3798828125
212874228.0872885585 3156548.3730468750
214165566.0108945966 3321230.7656250000
214305159.4264078736 3335114.3164062500
223848176.7178912163 3997011.7578125000
219007547.1327658594 3723009.2207031250
230593312.9885688722 4170569.0312500000
228133668.2285239995 4121844.9492187500
227447039.5849067569 4101707.2265625000
227426053.2813114524 4100725.4296875000
227446295.9332417846 4101123.3886718750
248706160.6351374090 4189156.7109375000
213958108.1649972796 3297245.0429687500
211092338.5801671445 2847709.4853515625
219203886.5403483808 3738520.6718750000
219162427.1478520930 3734170.3964843750
210994859.9480374455 2792470.6884765625
219167828.6812142432 3735181.5673828125
220377356.2203015983 3812707.4140625000
213348356.6515957713 3223033.2236328125
219211949.8679494560 3738869.3417968750
220428778.7389864028 3813599.7539062500
220497064.8971900642 3813925.2792968750
210989951.3355693221 2789297.2421875000
223804622.9451715350 3990922.2089843750
213342603.0887036324 3220415.2617187500
219228895.4897077382 3741208.9531250000
219344926.0904474556 3748277.3339843750
212937234.4727996588 3165456.7158203125
219304133.9170259535 3745125.7890625000
212977111.1338027120 3168411.0488281250
213345850.5438644290 3221398.3095703125
219306341.4552415311 3745972.2617187500
212652778.8629073799 3116498.9912109375
213262510.7430875897 3211665.8154296875
213139924.9410948157 3194537.6083984375
213251812.6117884517 3210602.2216796875
212932420.9225712419 3164070.8740234375
213183183.4041213989 3199936.6074218750
227292150.9586660862 4099400.1835937500
227029175.9424076676 4092093.0722656250
212658433.6757377684 3118721.7236328125
227282602.0974141359 4098616.9062500000
212921302.7988914549 3161896.0517578125
218865872.0831187069 3698926.5068359375
218905684.5986931026 3700191.4072265625
218961383.4391755760 3704378.9306640625
220653260.7199702561 3815554.0722656250
212634395.4596728384 3111834.2597656250
212693303.6032283604 3123060.6318359375
218829184.4023573101 3695746.2705078125
220735005.9848484099 3821798.9785156250
212600393.1231271923 3104306.9492187500
212692153.5527769625 3119437.2294921875
221029730.1456128061 3831268.7226562500
212523753.0161888897 3082315.9062500000
212507735.6912973225 3073540.0126953125
212440413.4864481986 3065158.2021484375
212467959.9253865182 3072018.6425781250
212386437.5450251997 3058307.4003906250
212425907.8932791352 3059182.3632812500
212139392.6549937129 3009229.0000000000
212253168.6619711518 3023492.3583984375
212092003.2462756038 3004476.0029296875
212315519.0652019382 3039680.6640625000
212186591.0257195234 3018578.8505859375
212281107.0079394579 3026835.3115234375
