408292397.3591042757 4979.5258913040
415915218.6253666878 5036.2547378540
409044968.7489156723 4997.1824464798
369375381.6245537996 2755.7077555080
380463961.1720514297 3600.0881963740
396401289.7495759726 4472.1676257871
408425651.8754307032 4995.2241544724
416811266.5645943880 5039.6711750031
416494214.0066088438 5037.4657955170
363739675.0853355527 1838.0847485638
380338700.3053057194 3594.3988552156
415638964.4004012942 5035.9239683151
364158704.3290888667 1925.4408026182
380273401.1705156565 3585.2911114839
415535793.4568668604 5035.8528308868
368888904.2180671692 2714.3129130622
368845376.3083171844 2708.9859202505
372324593.8910663128 3043.8935436181
380447471.4814251661 3596.8598689700
409405963.4316192865 4999.8518800735
429972768.2919293046 5049.3351249695
363708207.7631683946 1818.1277515836
369003064.0408411026 2730.1396013518
409132276.3680329323 4999.6220874786
416440975.0803337097 5036.9059267044
429199269.5578816533 5048.2271146774
363490301.8848860860 1556.0264843078
372653289.7123390436 3081.2937670011
416529530.9730708003 5039.2383117676
429617405.3822122216 5048.6675949097
415148775.9575309753 5032.0217256546
363772203.9039209485 1857.4142166461
372670391.4085841179 3082.5819513037
395750290.5595576763 4450.5181602482
415969301.2460219860 5036.7907142639
364905968.1369348168 2083.2184196485
363585287.6835737824 1560.3615123922
364755785.2854362130 2062.7208392991
364703199.4047217965 2058.5483936442
369220671.9201939106 2745.2140769144
370524140.8143833876 2880.5706815122
363709008.2534025311 1836.7909776057
370183343.6340982914 2856.6481227277
409517740.4858748913 5000.0233268738
369272526.6924207211 2755.0372243436
369456318.4160732031 2767.4840807066
370178600.3803499937 2853.8878307918
372950661.3215461373 3099.3014284654
372825752.4346762896 3083.2317280791
372828388.8592046499 3083.3676114104
405788202.3899384141 4903.8140301704
372969573.0074518919 3103.0297733064
372619121.7770379782 3079.6726241133
372760080.8970059156 3083.1929011366
372544183.2109261751 3066.3796910460
372186303.0155960321 3039.5396447203
372352271.4068961143 3059.5982623122
409222818.2285234332 4999.7457752228
380057194.6911723614 3578.2011189128
409087013.9571115375 4999.0086269379
369449707.3768360615 2766.3237661467
370287818.0403151512 2863.4383954404
370118468.6158853769 2848.8254098294
379490810.9764493704 3543.2822052150
379631978.2750871181 3557.5731822161
379827407.8619565964 3562.2472473292
396231810.7869224548 4470.6107500814
429650081.4142646194 5049.3242225647
364029294.9691552520 1904.7335976212
408696935.7507699132 4995.5579452515
406343365.2572824359 4923.6506233215
369469509.7548860312 2770.1727888630
396853948.6361932755 4504.9642144525
378627202.4466351271 3490.8958177087
379679891.5683466196 3558.1714888806
406246401.9409078956 4917.8888964653
406467337.8642736673 4930.0040655136
363627105.1712755561 1562.2242719042
363530006.6847912669 1559.2079038145
369080157.6120190620 2732.2683054331
378483079.4809852839 3485.6294412720
406287128.0490850210 4923.2707200050
363482096.3303084970 1536.9778851987
363632167.0298380256 1580.3490373185
363514783.6866388917 1557.7227959605
378870483.5962821245 3511.5531081674
378788497.5482304096 3510.3397731301
363616186.2148281932 1561.1221912020
371837983.0769063234 2995.5619774528
371845545.1580864191 3000.2795353599
406623748.2009186745 4937.1968021393
363748507.1724500060 1838.2976083064
380250265.0568234921 3581.2290478854
406865107.0133937001 4942.5375547409
406989050.5960118771 4942.9978971481
363673764.0431811213 1581.1862651644
364947121.9550201297 2088.7043260749
363778271.0964340568 1861.0985378857
406986371.2221758962 4942.9124221802
363956601.4625111222 1904.0128643223
372000228.4271100760 3018.2994962402
371810331.9736641645 2993.3719075390
363832441.6793329120 1880.6777794071
380266704.8833374977 3581.2823182254
396719065.9006664753 4498.9409713981
416222952.6255056858 5036.8814792633
396461339.6465219259 4483.7468866132
379197403.2476958036 3532.4528865335
379543631.5556975603 3554.6411680398
379391937.7106444836 3538.7021984276
396492289.4938153028 4490.5886596463
370432862.7885284424 2879.5969027875
406736959.9734588265 4941.8142843246
369846230.5807479620 2813.9312782133
369981947.9736242294 2835.0790812371
371653206.3767132759 2990.3451922734
379430166.9436277151 3541.0882525113
371457537.9703427553 2965.9553016026
371819194.7782291174 2995.0425399144
371640468.6911042929 2989.2903865178
371511839.3700695038 2969.0270651181
371295634.6097412109 2944.2158069790
379074718.7389342785 3523.6724406311
365047737.9460715652 2090.5552885810
406388923.0928950906 4926.3140420914
406681659.0534089804 4938.6520490646
368832545.9579569101 2677.9716563754
369966253.5275946856 2834.8356954454
371634748.1580462456 2972.8398907243
371430017.8927860260 2965.3598941166
365041485.4456993937 2089.2158079093
364644019.0837760568 2043.6015936246
368632844.5339347124 2664.5979709484
369877327.9506793022 2816.8444777660
369869712.7284919024 2816.7917281984
371573991.8021632433 2971.2112979849
371322548.7247366905 2947.7719087049
371181580.8578191996 2924.6727837012
375422320.1353978515 3258.2236388309
378332812.0285253525 3465.9622680531
405555870.5954639316 4877.6732940674
407545153.6195349693 4962.1013565063
397324033.4985765219 4522.6170519646
378721487.2819609642 3496.2337896214
364617013.5320945382 2041.3999254776
364691894.0869449973 2048.7231687720
415176453.7658621073 5032.6435251236
370711595.8525892496 2886.6340406644
370799294.7402497530 2899.9407866704
378700794.6545325518 3494.8322331296
364527892.9089819789 2018.1497257127
414571719.3275331855 5028.1679697037
374553827.3585316539 3183.8084555413
396461840.5246396065 4488.2778887488
364568922.6791686416 2022.1539562119
396598229.7019621134 4493.9447893836
364280935.2151281238 1929.8215966226
396951182.7619678974 4505.7301536493
415285921.7090492249 5033.9524164200
407468554.9824602008 4958.2223701477
375329847.6464526057 3253.9779288747
397362704.9121547937 4525.6200335594
397572015.4262901545 4533.4983667936
428574007.2095355988 5044.6277866364
397308511.3458516598 4518.8781523313
374053971.0165043473 3149.0194184782
397085337.1332362890 4516.3010987844
374287278.0607230067 3150.0051153506
428913445.2196230292 5044.9608039856
374042805.4908728004 3142.7560397963
373995696.7096847892 3140.3175427915
407928488.8143654466 4965.0699996948
407958383.1654406190 4967.7823104858
374399945.6980455518 3181.1974299695
369643078.0458453894 2776.0321703578
378197577.4488455057 3457.0140312934
369745019.1222009659 2780.0491666931
393361780.3807830811 4293.2643993680
393513537.5568133593 4318.9734066311
394297409.9052083492 4363.3307764713
394351245.1873881817 4365.2343857713
369699656.3280179501 2779.3698701995
414494624.6071049571 5022.6372814178
428320922.9751682878 5042.4018259048
377692544.0077593327 3418.2259247914
377612473.5742233992 3411.4649060680
394016527.5707596540 4354.3324807469
364466647.6517103314 1977.9721881767
377946740.7405743599 3433.5652970686
377824578.4794532061 3427.8680737916
394418082.0144383907 4374.1106592150
377857089.2457419634 3433.4466364994
364484940.4558923841 1993.3037747006
394537177.5318222046 4378.3819804467
368429119.1019916534 2623.3433631503
368595242.5042001009 2651.2907483286
368686018.8399859667 2670.2249963588
394374759.8152985573 4373.7531388231
364466078.3912473321 1970.4426986777
364364191.6908755898 1948.0682578959
364362585.0682612062 1933.6234541181
394585748.6557033062 4378.4937525518
427495083.9531619549 5041.1074686050
377655764.1313296556 3413.6884301319
364445691.9341079593 1952.6081369388
375625712.8489578366 3272.9879778215
375516125.8400729299 3263.8858916508
394758640.9294978380 4390.7399652429
428125227.7189807296 5041.3914909363
414122420.5089175701 5018.9028806686
377970887.4552313089 3437.6200087681
427204622.2985849380 5040.3963775635
374769844.9679129720 3204.0519530360
414361561.4373321533 5022.2289648056
427732254.1440390348 5041.1661777496
375320150.4607238173 3250.8601936806
375018075.3180155158 3229.9996332635
394997601.3686801195 4402.1187722326
428037174.7932550311 5041.3125686646
367351417.1083526611 2405.5940112000
367111596.9614481926 2380.9020129715
367055277.9487076998 2360.3067264830
367130360.8455007076 2384.7661658798
367497972.1810243130 2411.1507557515
367237943.6212188005 2387.3134701769
373568700.6983447671 3108.2967455130
375952385.9714935422 3280.0695995126
367727240.8354032040 2431.8642315598
367983495.5691832304 2433.7198488818
377532464.4511799812 3394.4528391726
413172016.5795103908 5001.7277250290
367534011.3001657724 2420.8762013805
377312095.0972033739 3375.4675714420
367596388.7339528799 2426.6498751828
377135397.3210579157 3366.1535713123
413307139.3661157489 5002.8828496933
377474877.0522547960 3388.9977405352
365883892.9165695310 2126.2911003793
413548994.2216141224 5003.8006439209
365698557.3629096150 2101.5852656926
413553385.7297008634 5005.4054241180
365727148.6846473813 2102.3813918198
373994041.4167500138 3136.3625225419
412578141.5079005361 5000.5592517853
412817479.4399961829 5001.1210403442
412656221.7821730375 5000.6783695221
374323971.4602704644 3157.0291905851
368400416.9253984690 2519.3475134823
376834778.3868117929 3300.0990771298
376690614.7897117734 3297.3267356851
368377391.9616545439 2516.8760396721
376901820.5754901767 3319.8391307835
376415289.6148635745 3285.9562822701
368051041.6479246616 2465.0681649711
377014332.0541586280 3321.6613956128
368275592.9521948099 2493.9561810079
368327761.8676978350 2499.7802099916
368156384.1240520477 2482.2414066832
367987290.0374536514 2460.3344844267
366628390.0532394648 2167.5584763607
366625062.3876582384 2163.8311792334
366574877.8210048676 2152.1886032840
382410973.5375441909 3612.2541912236
366487439.5960476398 2150.0803803435
382201375.2591288686 3601.5205891767
366658597.9583226442 2189.6786383112
366466538.7502297163 2147.0979600867
367038279.1243088245 2209.4047236896
367029088.4389917850 2208.1844859577
387151052.1843919754 3733.4845151585
387201984.8723194599 3737.3483819125
392553898.2530883551 4060.3001695786
392761165.3302415609 4064.2327619706
392195580.6056271791 4037.3281245147
392434662.8099725246 4045.1648763333
392423526.1834124327 4043.9378629838
391302287.9923126698 3991.7152103082
391894317.5892024040 4019.1210683499
392004357.0007265806 4025.6732114468
391764968.2860077620 4014.9002450620
390510072.9611612558 3934.0157436047
390784564.5420461893 3947.4231817087
390275697.5825910568 3921.2914835771
390450854.4104113579 3924.6942972325
390579863.4152308702 3937.4845516046
390140666.9389139414 3914.3783126369
390698920.4533519745 3938.4453408502
390105139.7253687382 3913.4201722694
388334680.2386108637 3802.8054364380
388665295.8423022032 3819.5702088531
388630902.2000013590 3816.1951332164
387636654.1057316065 3759.4633946476
388120431.1350048780 3784.4607355820
387990018.0694820881 3779.5700003515
388276177.4257987738 3793.2981748645
388001664.7116661072 3780.4965833185
387564423.0246610641 3757.6865309832
386501649.1743781567 3676.8580012460
386293326.0174517632 3658.1240564724
386210603.5482890606 3657.3018518825
