180828103.8227263093 34988.3595581055
161746576.4613355696 17789.5795717388
165493165.3570149541 23291.9601434171
170352103.6993894279 28179.2249122214
174921937.0914081931 31600.1756083369
174873337.5703405142 31396.8550810218
180085231.3062068820 34696.9260673523
180956746.7632069290 34993.2398986816
161539827.3283624351 17455.4190974433
161736600.4622437358 17508.5315469652
170979141.3908367753 28775.1722922874
174399247.6130287945 31284.4840642762
174591713.6722653806 31373.2832056880
178307976.4161073565 33690.5428075790
172148539.0551839471 29689.7041613467
172820328.0028553307 30087.3841863822
172285375.3160506487 29858.6086727388
178130223.8783416748 33647.8631963730
179921223.5133490562 34531.2568626404
181494309.7874851823 35016.7684020996
161456105.4345100522 17416.1069330126
165056342.5225999355 22840.9494675994
172796993.1969982386 30075.2724596865
172554567.3605415821 30057.5047137148
172218180.3437665701 29822.0382255267
174403566.6525017023 31347.5973463309
180584587.9078110754 34870.8883666992
181239336.3349549770 35015.0475158691
159843411.9349305630 12268.7017957866
165558822.5873931050 23455.3088235855
177885450.6038083434 33438.8207921982
171974652.0478181243 29567.4082323916
160641999.7140842974 15508.8284765832
165473087.4436365664 23286.3340624273
172194299.7919516861 29810.2433153994
174310180.2274655402 31244.1681653512
188508654.8885979950 35625.6616363525
161742701.7529278696 17787.5599359423
160389777.4823338389 14781.8974050432
165148327.1576570570 22919.0056374093
179954951.1670516729 34585.3381004333
180644659.6989355683 34908.1586303711
165519845.9343087077 23397.8332986832
187687775.0530840158 35557.8237457275
180695681.8148449361 34942.2541503906
159801393.5103379488 11901.4612116069
180665431.6523396373 34936.0027465820
187130268.6818435788 35519.6990356445
187737253.4945442379 35576.4497833252
178548198.8096761107 33812.5814323425
180456047.2484560609 34825.2395324707
180300576.7761726379 34731.6281585693
187182027.4814319909 35521.4647521973
173968418.5303692520 30942.4953313422
180408446.4293542206 34791.7746887207
159858933.7609186172 12272.9142145365
161370522.3653278351 17098.7267106920
165386730.8759020865 23265.6523027420
165547475.7106849253 23400.3967503905
171872532.5018441081 29517.5577994891
188652224.7122457325 35625.7501678467
173973361.9510035515 31051.0951085639
180241703.8960050642 34727.2930908203
180027103.7825872004 34607.5988254547
180477879.2572824359 34866.9698028564
188243630.5532965958 35593.8377532959
159749543.0132865012 11897.2487928569
171868215.4799182117 29473.7175433047
189470693.4419902861 35633.4487762451
159721660.3267415464 11525.7957899272
161281419.5594809949 17044.6539300829
187264427.7778081000 35541.7539825439
161038932.5550909936 16301.7479242235
165364084.8198906183 23221.7909708023
160503136.2565635443 15188.5297840983
173892187.3883177042 30893.9675958761
173937900.5139459670 30936.1801117667
187743659.2634545565 35590.8279876709
179715665.8512264788 34430.3713665009
161128158.3705812991 16673.2009271532
165340769.1824759245 23218.5434594154
184229538.9283055663 35321.3242950439
160595545.3988774121 15237.7031349093
161231777.5277708173 16673.6271129698
165061310.8376643658 22894.1992998123
188470332.1059762239 35614.7630767822
183541339.8623527586 35241.5436859131
188711581.3756522238 35628.8732757568
164495257.1995431781 21779.2499016225
165268432.9586072862 23211.7070169449
170929264.3916232288 28747.3711104941
164966613.1282218099 22749.2845773697
180313335.3742870092 34770.6808471680
160676600.0734733641 15517.1907690316
170084637.0056685805 27977.2366855909
160465707.9104946554 15145.6994656473
164763513.0891161859 22486.5359072685
165781746.9595035911 23605.5253404677
174231038.9182130396 31123.3356232353
177840520.8155004680 33420.9912939072
177756766.9895782471 33402.7577657700
159950012.9217228889 12600.6006225199
166136867.1617883742 23873.8106546402
160275679.0081599355 14331.0399304479
169900617.1100206375 27762.9850633909
165872380.7062008381 23694.8245113643
165574562.2714916170 23502.3576517105
170893127.5550506115 28722.4882407737
177605058.9847791493 33319.6285390854
184475690.6578949094 35339.0422973633
177513354.4415340424 33267.4471053103
165183941.2774718106 23052.4478007257
165222742.9251156449 23107.0355179608
169952261.5031417608 27765.0943328989
170574511.6978112459 28315.3072219443
178108528.9352134466 33616.6424169540
160309004.8272132874 14453.2747205645
170760845.5838421583 28533.2455214810
174101752.9933528304 31115.5840973564
174794077.3245528936 31386.2641771790
164498315.3964642286 21898.2504806221
183449219.2916080654 35070.3711700439
160355427.6481737494 14580.1661970317
172064047.8700975776 29569.7550345966
178481792.4885155261 33790.3578605652
177943882.2965191603 33535.3781652451
160963263.2194502056 16012.1091612726
171820030.1575902104 29455.3273075279
160260751.3695961535 14292.5569829196
161262939.6144831777 16776.3647324145
170000751.9175088108 27810.2589531493
164924061.6301422119 22734.8875590265
160809738.6235609651 15690.3382896334
179263534.1371271908 34028.3540601730
184312927.3809732795 35328.0982666016
170256377.7307816744 28144.3733254027
164973008.2799105048 22840.2540140152
164719293.8630756140 22450.4063423574
173445913.5854212344 30595.1861733206
160565443.2301845551 15217.1610556543
173311993.0084038973 30569.1310343453
174051115.9871561527 31082.1463525900
184092714.2061223984 35320.5039825439
159945613.2989957333 12400.7816157639
178921096.2429396510 33900.7726240158
183636343.6660088897 35246.1993713379
183791283.7143572569 35277.5092468262
171198011.1256090999 28916.5641249967
183940848.3572596312 35301.0267486572
159899657.2860039473 12399.4893532395
161119001.0245252252 16636.2884822935
170447033.8710314929 28313.1237083030
170026969.8840298951 27857.7379494262
178635719.8195190430 33859.0795698166
170229509.3949575126 28084.7978859496
164610841.2996667624 22147.2359195650
161886463.7453342080 17861.1827226579
161231877.7243147790 16696.1304367930
170976185.0358898938 28764.4381113898
171560659.5174555182 29271.3563644000
185654097.7846679389 35383.0219879150
164825248.8085087240 22529.8347505704
169959506.0480408967 27772.9203224731
171402737.4337325692 29125.2320243427
173231729.3391318619 30515.0939415702
185248327.5877073407 35366.7709197998
174044902.6275380552 31064.1828424343
178680914.7758842409 33866.4815168381
171010069.7806224227 28826.7699660611
174239119.8931225836 31171.4525609565
160819261.2474734783 15932.7465223223
173661440.0236466825 30824.7300804862
164929849.1254682839 22742.2678535879
183460948.8411585689 35198.1878356934
171880375.8605050743 29533.2104598590
177680141.1169264317 33374.7145605087
171085349.8464459181 28904.6985244107
173582922.5732126236 30730.9827355155
173501497.1230666041 30703.9368370780
183413033.8259043694 35054.2331848145
161043573.9395271540 16340.8196815401
164792741.5326375961 22490.7144785821
170058347.5621736646 27901.0724831176
165500252.2459213734 23381.3067789972
173091627.2863442898 30413.0792796023
173035675.8941583931 30343.9135691531
172938587.3019744754 30117.4912520896
172644910.6127719879 30074.6667734988
164615224.0966438353 22165.5284381807
160767246.2103229463 15618.7050777525
161643685.9119134247 17494.9249292314
165879588.6769537926 23714.7286695540
165892128.2861897051 23732.9863156378
170614959.2640233040 28508.6556716514
171949310.3025433421 29551.7577468463
166025957.5579591393 23787.8081156611
177598700.0956825614 33296.9155602455
160984208.2388453484 16297.9893630892
160619058.8416207433 15276.5916503817
171292078.1547805071 29021.3224535891
171240764.6768651903 29012.1199050498
159721362.6912156940 11361.3110577613
171655433.3865668476 29294.3936873981
164732078.3909223974 22451.8878665864
161021035.0199938416 16300.0089988858
166391996.2708910406 24174.8390971622
162327076.4694046378 18511.2584863603
166716098.1105032265 24545.2184840641
167022556.7115706801 24770.1101771793
160715984.5412065685 15600.6216513067
160725596.2406131029 15606.5333427340
175514312.9874969125 31699.9374362584
170847474.6238099039 28607.3152790972
162269056.8285476267 18171.9559401423
162182475.7553846240 18139.8054834306
159741168.6862320602 11537.1897044629
162137035.7192032337 18111.5090864748
186873402.4250001609 35390.0724639893
167035986.9425726235 24881.9884514115
166451234.8111941516 24276.2633792362
160878636.7685129941 15997.9979501665
166959013.0888314843 24765.5713283024
170791714.0832197368 28593.3676024386
175333792.4132417440 31637.2912875768
159836568.6913030148 12050.9796275198
179170230.8224074841 33974.5118713379
182395944.2539388537 35034.5628509521
167197720.1731996536 24888.8748291135
166948233.1696259379 24764.4554217658
160795449.9030076861 15640.7822945863
175381240.3306308985 31647.3175813314
166613029.7334824204 24508.9534694157
160442098.8915762901 14891.3360847384
166198666.0280092955 24001.7287990055
160794242.3351607323 15640.1769317538
166343743.1262562871 24145.1514088116
166274068.0005918145 24137.5004664860
160691654.4680361450 15597.9136756808
160568212.9187655151 15226.4606727511
182851373.6780944467 35043.9226226807
160400883.2693548203 14817.0767811686
175859193.7275215089 32018.9547130223
175475260.8867536783 31690.4654065724
177234443.6253458560 32851.6229753494
177239484.3191711903 32903.4618425369
177125472.7746351659 32779.7510576248
176968779.6136738360 32727.9835710526
175722142.3392812908 31935.1714183446
176413810.9089592397 32255.0663481951
176376462.0416330397 32212.7654491663
176672983.8734895885 32509.8278685808
176461280.5538164079 32259.6496969461
176844021.0983864963 32535.2519308329
176631840.9691847563 32479.4767233133
176526909.9561737180 32416.5962520838
176502767.6036606431 32361.7810035944
175652593.4934508502 31823.8277111946
162322979.0217036009 18181.4539511800
169550428.6587603092 26919.3648186782
169224681.2483566701 26591.0424028793
169092534.5850303173 26548.2120844284
169490294.0812394321 26800.8566175411
169876918.4400036931 27107.2173124263
169537184.1107580066 26836.5408216426
169415590.9645157456 26665.6141801131
169291823.1801314950 26625.9168500713
168563659.2769538462 25963.9484561682
168775586.8636710644 26012.3588320175
168783728.7828271091 26109.8231989304
168397019.4731149077 25831.6509874025
168793502.2423482537 26213.1061273972
168743688.9121986926 26009.9042857150
168782548.7435877919 26107.8376734713
168075023.0335408151 25384.6750506023
167563819.7741339505 24971.1884754458
167798795.2511756420 25199.3820334235
168387543.0161010623 25675.8260362356
167858801.6599268317 25244.3382874588
163638207.2519187927 19720.1733969820
167548592.3793647289 24937.2982837418
167761070.9183529913 25198.9234331707
167555920.7232131660 24962.8333300212
163666046.7791738808 19751.0648994329
163852218.9195816815 20117.6390713410
163564530.0745711327 19713.7260424268
164050898.6059953570 20170.2726198805
163825585.9543572068 20085.1790453565
163249430.3471185565 19098.4679819715
163727793.3156998754 19798.5436693800
163179939.7260360420 18763.9285097790
163340537.5302351713 19098.9961994562
163285264.0550961494 19098.7439295423
163395617.2486903369 19385.1033579481
163241455.0623567104 19083.7260691297
163159440.1424988210 18750.9857164991
163023135.8408040702 18727.0149790418
163192988.3652737439 19013.6503550184
163023010.0256032944 18643.0833450926
164321066.1351770163 20662.0868159258
164467372.6732235253 20753.5944453204
