705982173.4326524734 2134521.2382812500
706110034.6980736256 2136004.5922851562
700013423.1885011196 2109199.4091796875
699936679.5693736076 2108138.3376464844
699754232.7856706381 2106346.0498046875
700231657.8487489223 2109921.4741210938
700159040.3083646297 2109253.8109130859
700259616.6382728815 2110338.6826171875
622046080.3933738470 891392.1106241865
621785596.4653789997 887427.5949991865
622145022.9046596289 892116.6092387212
621926613.7703022957 889692.3415812177
647721430.5205830336 1485735.5902334112
647570576.6021233797 1484636.7542959112
617756488.5721663237 715209.0489343107
617901593.8514397144 715522.9127470218
621727278.8118746281 886151.5728731181
639923204.1044168472 1320994.0411963107
648716815.1729850769 1498517.6245422694
648390313.2484577894 1495008.6375296521
674032322.0176923275 1818041.9341207407
700811570.2526121140 2113644.0371093750
702097142.8099887371 2118279.2570800781
705825623.9774363041 2132419.8371582031
699987945.3158501387 2108522.4409179688
699750262.2577708960 2102447.5567626953
699458652.1154804230 2102365.3394775391
617895989.3826873302 715369.2090905607
617595010.4881916046 707451.4981530607
621947024.5516414642 891013.8586872690
648060522.1895033121 1488718.0649626660
621778869.7803643942 886163.5135019941
640360344.8554545641 1334219.3321898065
640564546.9039317369 1336256.6241890118
648504308.1854333878 1497902.2973006177
648547917.7247391939 1498177.7807211760
648098865.3641628027 1492666.1384489941
648101367.3774660826 1492989.1696989941
673792361.5858906507 1815692.3755269907
674404796.3127845526 1822726.8544546030
647034836.9875388145 1472927.8197137821
647294033.3556318283 1480816.5049510854
705936624.3149241209 2134338.8083496094
647113610.1200038195 1476709.0701366323
646740977.8213248253 1468951.5620537656
618941879.3737553358 779399.4291310720
620121466.2282793522 832294.8027570508
640134929.9835543633 1323264.0621313693
640199027.2000576258 1329193.0577368380
646723047.3628193140 1465007.1499443906
673810119.4341547489 1817494.3055807017
674031258.0896356106 1817921.5477682017
673914187.6668277979 1817545.8461080454
702684638.0374915600 2124147.9667968750
618037037.7473759651 717576.8223795854
618962956.3700680733 782972.1354200849
703109628.9909670353 2124836.5883789062
617743090.3605469465 709313.9957778156
619065252.6850615740 789771.9206984052
640443441.1922981739 1335587.5426943542
639958436.5122379065 1321815.8284887911
640181536.0014514923 1328917.6907934786
673595738.7780177593 1815559.0471087359
675066720.8898483515 1833368.0730186962
618474923.8437206745 719580.3225120604
618354238.4732058048 719306.4964202940
640439263.5527125597 1334226.8416312279
647006386.7636997700 1469114.5847588438
674247520.3147518635 1822512.0032130145
675004270.9744038582 1831987.0466515087
701233395.4099806547 2114135.5307617188
705339461.6115359068 2130824.0749511719
618798809.7575162649 770756.4750781665
621134850.1497449875 865934.1519284172
621167537.0723028183 866266.0328492818
701288913.7345933914 2114969.2988281250
620766683.3820897341 858091.2285040093
621203605.5527973175 866778.3948248101
620823171.3486974239 859020.8440435601
701401527.2395488024 2115496.2670898438
620566640.8501466513 851499.2151652796
646267355.6495594978 1447804.2779368982
675330659.6155731678 1835986.1242882274
618844559.5488371849 771385.8002301566
645730999.4507155418 1434830.2702083215
645938838.2142586708 1442085.5721110925
645930827.5394037962 1438650.0761227235
620477124.6293382645 843973.0679681546
620541202.4338819981 847753.3551995999
618769242.1291733980 770224.3726763735
618755285.2025430202 770200.3201709399
619617669.0278548002 813103.7060741575
620221865.0098671913 833184.9595699634
620259289.1534904242 839557.4374003035
620474089.9958101511 842636.7528299910
645506602.8391065598 1434643.9025325403
674055664.3673096895 1820472.8729635142
645826111.3759032488 1438373.6212215051
644698236.1346483231 1418984.5785285756
645440611.6330745220 1434128.6007747278
645277094.2670972347 1431255.2939216420
704472968.6085536480 2127707.7702636719
619996431.1780982018 828260.4730448348
619733193.7464481592 817418.8122750928
619938398.8473149538 827612.9232401473
619754745.6696504354 819908.6008028609
619504889.2460567951 804970.7848848922
645381932.8045959473 1432254.0386497304
704863885.1861199141 2130234.8430175781
618591736.5066337585 722158.8117137849
703800308.4499095678 2125946.3093261719
704286547.1450906992 2127295.2438964844
619250672.9559378624 791585.9271171205
619493155.3540464640 799118.7835309617
675842595.3343763351 1839116.9499718212
675587419.0642327070 1836521.9010216258
704052162.1864285469 2126263.0563964844
704258884.4106070995 2127225.3884277344
674908340.0196424723 1828156.3076526187
674545565.0978242159 1827102.0792438053
625511549.4658260345 947867.4228097528
644047025.9951727390 1393098.1795350835
643730736.6527041197 1390350.3655702397
643692012.5886338949 1385893.4169618413
643262998.7843506336 1380490.7240322158
642944656.7340812683 1375588.9373781011
642868484.0109900236 1371871.7454835698
643470847.9000176191 1383643.4296571538
642876085.0630824566 1374738.9188234136
643199489.2063144445 1376692.9578553960
642630328.3828163147 1368416.4695741460
642600923.0797510147 1364387.5702821538
624802471.5775505304 933638.6989879488
624434986.1655017138 925009.5684947848
624947250.2052066326 934431.8542488693
641893071.2913051844 1357756.4513090029
641307209.0732470751 1345239.7375047579
640667022.8945355415 1336840.8435019031
674073363.9652289152 1821279.9263082407
639800425.1187077761 1310391.1178320423
639634695.0683283806 1307520.7521093860
625015107.3588247299 940434.3009395479
624836130.1077312231 933833.1177101015
639587374.4497303963 1302072.3009375110
624691798.0129868984 932490.4557018160
639626211.8036226034 1305403.9882238880
672923665.6798632145 1804731.3033645898
639143019.4056761265 1294084.3743647859
639114028.7587162256 1293198.7401770130
672507747.7674959898 1792676.6185954362
672455736.3240593672 1792356.7153132707
672678273.1437642574 1795886.3905680925
672600844.6976977587 1793328.9970134050
624356606.7568747997 917378.0521539665
672244352.0886617899 1789321.7089274675
672244647.1835771799 1789961.8226969987
624095199.1564038992 903488.9295047737
624105302.6839067936 909095.6314090706
623897760.6523330212 901338.0806278206
638437171.3430310488 1267718.1441889489
638821281.7166510820 1276220.1773920739
638692341.2790919542 1274628.3272944177
688262410.3562827110 1961994.3429161310
688623357.0510516167 1966877.5255333185
688156015.6902759075 1961194.0835167170
638397300.0299283266 1260824.4339018548
638153725.8473235369 1254593.9586821282
638044276.3273917437 1252564.3345671380
637881692.7449910641 1241278.6128874505
637739051.3785607815 1240102.4432860101
637895202.3092843294 1245384.2071257317
688441141.6268445253 1963732.2845665216
670607040.6436204910 1755648.8194282800
667516183.1087223291 1708033.6927401484
688566291.9469271898 1966750.3434044123
636862065.0044643879 1201669.1289631361
636725440.8990713358 1200567.4949146742
670547060.3768185377 1755457.6940463320
667374601.9443022013 1706518.6346957148
670868195.3694809675 1763527.2539218203
670482361.6365545988 1755178.3769686953
633068366.9618618488 1119134.9454764428
633428834.4328422546 1126054.7400321069
636346781.0165086985 1186946.9485886574
635385776.3330487013 1165663.2697074034
635197840.0755940676 1158892.4672171690
635270419.7132216692 1165490.0840384581
670439497.3215028048 1752536.3444369570
635667733.9224693775 1169538.4400367357
635663890.8712989092 1167198.4220233283
635033465.2368202209 1157581.1994806118
634859230.7585778236 1155856.5511041470
634845014.3629325628 1155829.7320733853
634297280.7203277349 1143057.6802873798
632993476.6590949297 1115354.7790946069
632716784.8395110369 1109209.6914481225
688708650.9247372150 1968025.7193809748
689580121.8270269632 1975693.4307156801
632634401.7087212801 1101982.1497393632
632204392.0385524035 1095342.8544283891
631997971.6292797327 1089029.1881686235
669416949.0787005424 1735835.3210147158
669662256.8094469309 1738949.2757266299
631866092.8117289543 1084171.1248093117
669819548.9662425518 1739732.8866885439
689979535.8348727226 1978132.5512008667
669094925.2540400028 1732906.9631655947
689300718.7276357412 1973281.1675010920
631840144.5681393147 1079880.8980105775
631707366.5381450653 1077467.0956424135
631448592.5027213097 1067611.2991336244
631534022.6808568239 1070224.0694583314
631587977.0159604549 1070942.0801376360
668665534.2130771875 1727156.4969338984
668361730.3416785002 1721910.0438143671
668448930.8609108925 1723943.8556985469
668049592.4722728729 1718622.8144442500
667922448.3676438332 1714473.3867098750
630241631.3838238716 1034617.2556390237
630043752.1100196838 1030089.2137689065
629891897.5555285215 1026438.2437874597
630246769.8972133398 1036910.1347894144
630193033.8679422140 1031386.0507080477
629921275.0096093416 1026787.3800179284
629829289.0122005939 1026279.9764611047
629746484.0519915819 1022791.0423332971
629602863.9634215832 1015736.9288218986
628752273.9455304146 993752.6823199760
628865201.1106727123 994804.5464232933
628696655.2956205606 987417.6097777855
628479268.6452223063 982030.0867532563
628261475.6068202257 977423.5338410992
628160581.5931347609 977268.4085306000
628159126.5035243034 975762.8751664982
627674343.1421134472 953371.1178677025
627976386.2895525694 960070.7706863823
627985398.5709314346 960185.7701981011
627563697.3615914583 952313.2199051323
666189166.3417077065 1682917.1026601405
666317539.0742576122 1687579.1715077967
666094491.3624446392 1677571.7967293472
666045121.7319934368 1675110.0928827659
665237002.6804113388 1655774.9265471534
665617847.4152246714 1668795.3511682884
665954301.0413037539 1674390.5523554222
665291547.6205176115 1662453.6134368018
665435079.5103267431 1664388.5555139915
664811693.4558684826 1633954.7559095756
664591539.3859224319 1633207.1641127006
664734412.8078857660 1633528.2288099662
664979967.0830724239 1640153.9502455131
664852324.3774498701 1634637.7193972007
664418952.4781048298 1617542.7808990553
664116602.8651785851 1603941.0668569878
664335043.7230874300 1607933.3714224175
664326944.7760879993 1605618.3603140190
687276548.8647943735 1924678.7206598353
686906346.3616944551 1918362.5379205775
687122704.7698664665 1921652.9767633509
698872433.5221525431 2014420.7283630371
697871782.9783669710 2008514.6848449707
698034863.2661281824 2010148.7534484863
698236195.1908848286 2011680.7105407715
697273957.2649661303 2005786.0334777832
698508678.8747146130 2013287.1194763184
697905502.3824537992 2010109.4968566895
697794309.4655975103 2008143.6684875488
696774140.7792971134 1997608.3970794678
696970454.1401685476 1999009.0462493896
696518655.3916776180 1996308.1619720459
696117138.0048042536 1993705.8680267334
687216839.8655213118 1922488.1627985071
687119031.1437413692 1919442.4899469446
687495445.1430724859 1927012.5194879603
687607406.7807947397 1927548.9945856165
687684548.7812789679 1929994.3012262415
696025645.4005242586 1992918.8904876709
695806985.9290103912 1991368.9969329834
695925793.8874739408 1992467.5784759521
686398150.1179358959 1878786.5004479885
685676049.1024868488 1874300.6767017958
684202169.7855280638 1857712.2500622389
683505439.5337122679 1851573.7619544081
683071985.8244763613 1848663.1555090956
683670746.6064428091 1853967.7118847487
683436552.0940665007 1850460.9395056777
683642931.7935878038 1852167.4661405087
683156738.4992021322 1849671.7736731581
682925857.6795098782 1843360.3776370101
682561400.0170650482 1842791.1908694319
663393370.0446600914 1525258.1740539824
663380400.1178183556 1525117.8403137480
663192652.4958680868 1520478.9511535917
663596769.7287498713 1527574.7552765165
663214018.8411775827 1523773.8534973417
663315000.7723909616 1524247.4384582792
663031979.7911112309 1515906.7519040010
662992248.9852594137 1515067.5880876086
662651117.9837101698 1510457.5780778429
