144330481.7262144387 78890.0369262695
136569722.4362804890 75263.4115295410
137504989.1836203635 75995.1696472168
138045269.7721811831 76375.7848510742
121783452.6919504851 37911.5344715137
123258101.1671812683 47750.9510526275
123500646.2424817979 48989.6612165486
123415722.6981822103 48550.2101762807
136547375.5925104916 75248.3027648926
137750174.4191308022 76265.7529296875
138362939.1867625415 76442.0652770996
143807887.5218291581 78732.5825805664
122087398.7009176463 40620.7605591991
128917093.1080831885 62242.0536119267
138187176.5932683647 76405.7512817383
122014488.5110932589 40007.6694107127
122859230.0708301365 45672.2970944969
123418563.3071435839 48673.9937055623
124938523.1484603286 53700.9569641463
126889843.8562409431 58111.5837852471
129407354.5572592765 63379.3498515114
121834852.0190533698 38731.5201729890
128936890.8159552515 62330.4526100978
130474878.1203416139 65434.8396936283
134376080.8153044879 72106.6884994507
135335039.9906481504 73527.1712951660
144585926.8965116143 78891.8670654297
129085878.9921374470 62848.9922652766
121945588.7668806314 39725.6814041209
128929484.4915168583 62250.4413641319
138293056.7618925869 76409.5074462891
137580053.9692343473 76124.1645812988
137979347.3576421142 76358.7424316406
126698678.8900080621 57760.8536415808
121717394.6669191420 36167.9571370594
121991675.4955495447 39825.1211552692
126409205.8543889821 57199.6542198174
128810535.5547804683 62116.7797811851
131284752.6978757083 66681.7430291995
135395193.3219402134 73594.6951141357
145521775.8387494087 78929.1675415039
145874947.8723542690 79034.4114990234
147214967.1627445817 79204.2199707031
131286398.5834661871 66795.2532720566
134482815.5359431505 72158.5206909180
144795726.6633767486 78897.8306884766
145803126.4411173761 78953.6382751465
145930172.9154807627 79050.3092651367
136695431.7642393410 75324.3439025879
128751523.1819779277 62055.1583075635
136072958.4184364974 74581.8636779785
136533474.3638310134 75211.3472595215
137284596.4393976927 75886.8322753906
142386277.9294925034 78010.5910949707
142861057.6775460243 78318.0459594727
146506033.1947772503 79182.4357299805
121877029.3396927267 38939.5741402318
129603020.2808077931 63714.4149816856
131468651.5809026659 67104.4763326645
121907912.0930099040 39156.6310509999
121847399.2405577600 38843.0017480214
144232828.7593787313 78839.2739868164
126647184.2588577271 57556.7015943453
129766650.6697306186 63957.3520612046
131315202.1492688060 66951.0152917728
131286817.2758120894 66876.3288083076
145865431.6434240639 78986.9995727539
123275943.8901741654 48087.4891090905
129188600.4173752367 63024.1256140098
135475977.0464351773 73799.0891418457
124591477.5931554437 52621.1528960541
146126298.7585040331 79140.3382568359
121753460.4166109711 37262.9352062605
124824375.3247265220 53303.3443667330
135369197.5672181249 73571.6704711914
146354105.4057524204 79143.0350341797
122956733.2210393846 46486.5864045821
126666868.7158009112 57570.4464847408
125706048.7151070386 55557.6694399733
122821182.5133139938 45595.2662025159
142972787.6521842778 78332.0245971680
121828369.9411616474 38158.2668747511
123784079.8700956106 50331.3039570525
124223439.4254602641 51744.3333836272
128905932.0291636139 62224.9735067710
137069152.7543613315 75691.6917724609
122864022.5069149286 45836.6257684072
123355915.8922521621 48307.1578138387
124905312.9816183299 53633.4408288784
126177710.2261713445 56658.5169193111
131324175.3760841787 67041.5130587737
136378239.9742602408 74863.3135375977
143360348.6938890517 78516.8609008789
121701672.1480423659 35285.3114872389
139671058.6638943553 76971.5417480469
122941286.1073801816 46434.9758912539
125862439.3357301652 55836.2385405358
122692511.3079789728 44420.0769536337
146480607.5617037416 79176.0239257812
146521729.3526006341 79185.8060302734
126998590.0414730310 58154.0664228648
122957799.7347513586 46584.4885265920
122708800.7255298644 44710.6509762695
122752933.0725326985 45330.9329049429
131516477.6190664768 67120.5990548953
144055353.2566295266 78789.5359497070
122056333.8298051059 40082.4126672109
136950257.5650092959 75529.7490539551
142750820.1476713419 78177.9130249023
121708664.6510633528 36052.0360508375
122989620.4744609296 46640.0650994619
144092697.0633877218 78799.2792968750
124974261.0862863958 53703.2630044855
125940616.6233920604 56007.0468939599
143039761.2926199138 78454.2032470703
147233113.3069005311 79204.7209472656
136415392.6446120739 74998.6508789062
142904914.6751141846 78322.3160400391
122869508.9576226026 45924.6197259268
133110825.3320309669 69212.7911911011
126530589.5353278518 57345.9372875057
142790779.0891095698 78306.0029602051
121822414.6699518710 38139.4311954842
124206877.6605559886 51697.4146448597
124342425.1872741133 51961.4116612151
126557086.1116331816 57355.5810040273
131508161.0596898645 67116.5942142531
130115009.3358300030 64813.5652318820
124210885.2455072403 51742.2562046722
126381938.2690783739 56986.3159656487
135443566.1235292256 73642.7732543945
143943346.6488779187 78764.9724731445
130880479.9011072069 66274.0494375229
126337283.8677458167 56891.3961629793
126082576.9623829424 56434.0077220760
143405983.7056754231 78571.4415893555
122776363.1282862574 45488.8856522879
124354789.2503510714 52153.4888096526
144018132.7265409827 78776.1112670898
143348513.8150190413 78464.7077636719
124894645.2250652462 53570.0163881816
124186975.3037995696 51683.0568638518
130836401.0852483958 66194.9899621829
122766288.6808681339 45351.4397077402
123198976.2314345688 47671.3393872036
125580652.1400692761 55127.7428180091
131074531.7262819260 66510.2902193069
125719844.0064264983 55582.5583380517
137051995.3082881272 75661.1842041016
130502111.8254299164 65480.3428960666
123908516.1756545901 50777.2086889539
125682462.3870671540 55519.4868048485
133728252.3087372333 71097.9470901489
121722415.6482840329 36309.3843500689
125646447.8093545586 55408.5780524071
139056275.1657330096 76744.9365539551
125930793.2511182874 55975.0556657873
125513919.5373449177 55117.3089331444
133231354.4703194499 70160.3470611572
135657032.5471349955 74061.6521606445
123456649.0255910456 48728.3214338338
133516975.0657507628 70686.0071792603
138416986.3869984746 76464.0395507812
124040528.2816603482 51168.4295466919
133784689.1874154508 71102.7567214966
136757300.9885049164 75335.0057067871
121798661.1560458541 38013.7146082480
130580806.3408636898 65665.6034017429
122999339.6762055606 46779.0002058065
123128071.7255463153 47434.2237318074
130989541.9658516645 66349.8838830814
138473360.0266142786 76521.7320861816
130538155.2730003595 65626.5308080539
138879291.2197511196 76717.5767517090
134500874.5713915229 72203.3222274780
129484858.7966734618 63425.9324606284
129905173.8965091705 64209.5303474292
130085745.8843117356 64711.6205268726
136515560.9649796486 75147.2141113281
134010367.6711146235 71626.9104385376
121739259.7178376019 37040.5240544844
121735497.8822883666 37033.8270439412
130021028.3589278311 64401.4300802574
135968504.9246051610 74367.9541320801
147118970.6556674242 79203.9326171875
133318491.6656382680 70319.4360427856
140060252.9336915016 77085.1224975586
123650684.1572459042 49495.2627888396
123264839.8241486996 47755.0528028524
144918266.3639435172 78916.8302001953
133259391.8007030934 70259.5886764526
124116337.7960665226 51447.0889530852
124754222.7303578258 53119.3137362041
124066894.5822769701 51301.9533558562
139899345.7954952717 77057.7743530273
144883593.3433970213 78915.6250610352
136946861.0851785839 75472.5219116211
144892205.0657745302 78916.7946777344
136813814.9500861168 75339.3859252930
136151503.1340567470 74713.1139526367
125842542.7994257957 55799.6342693120
139457003.5029971004 76938.9120483398
123275679.2760450393 47886.4348066365
133111012.4657439440 69279.2515869141
139459849.1621588171 76956.7088012695
135278137.3929222524 73464.7324371338
133303135.4285087138 70308.6129446030
135853614.3940752447 74358.2508850098
139350152.0054094195 76889.2182617188
124767805.1484760493 53292.1569216289
129781296.1041534394 64009.2642706260
139112135.3163232207 76785.6096496582
136103308.9400942326 74683.2955322266
139159983.0390331447 76794.6410217285
124004719.7399829030 50986.3874375187
135709210.2219103873 74156.9410095215
135307406.4948597848 73470.4138793945
139328967.1659802198 76816.1747436523
123759661.8057380915 50111.5305220261
136274512.8016976416 74770.8051147461
134577018.1076170206 72320.8016357422
135704622.8871679604 74141.8512573242
138779841.5011619627 76673.5486145020
130220915.4975212067 64856.2726170868
133386817.4079439044 70473.8220291138
133641502.4960420728 71033.9211502075
125127133.9428908974 54112.9061739482
122198765.4630778134 40870.0109906886
123497994.7309993654 48824.1868926067
130070571.2046892792 64640.8172872886
125467424.1233959049 54943.1728670634
129353954.0856623054 63126.4322775230
123934724.0452830195 50835.3206730559
129837992.1183834374 64058.0520895347
129806545.6816360652 64016.9157488346
129697064.9069549590 63955.6660726890
122361928.4874954224 41813.7674814090
134121973.8119433224 71764.0132141113
125425976.5902956277 54738.8438108138
124722862.8699854910 53008.6602279752
125231454.0013134629 54314.2996627896
123954669.4524669945 50934.2407017425
125448958.2947598547 54798.2050194032
123698722.7386301160 49745.1078140833
124530318.6917825341 52479.6752600297
123618797.5847126245 49494.6686430950
123827909.5232312381 50470.3060093597
129504704.3655115813 63483.4416693076
123733494.3814619184 50018.3147657430
134537450.7296817005 72246.8377227783
134294578.6583056450 71933.6572570801
122484622.7873549014 42565.1899057254
122598847.3787223101 42656.7034112141
122521983.9045351446 42630.0030601956
122518808.5095878839 42575.2282968387
122267029.6472909003 41067.0476092119
129066593.4109790623 62559.2462915704
129008954.7331956625 62484.4898857698
128725720.8892826289 61755.1011499688
135095520.0505965054 72863.8240051270
122317740.8482648879 41670.9305459186
134878581.0327675939 72693.7079315186
122316296.1764504313 41647.8048074935
134812648.2799744606 72607.5283508301
128485326.1749016345 61056.4178502560
134652144.4242444634 72409.6709899902
122311766.1885468066 41535.7377337236
128291439.1362838447 60551.4025590420
135154493.5247218609 73048.9002685547
134704133.4402163029 72452.0368652344
128459486.7251687348 60993.6866014004
128502583.9406500310 61087.2075059414
128356639.1711529642 60792.2982499599
128551283.9237155169 61423.7465379238
122274027.6980593503 41085.2198182363
122172577.5671500713 40667.2664812822
135121065.8228578568 72886.9207839966
142240259.9050197303 77482.9954223633
142032323.6113128066 77313.7482910156
128272861.1536543816 59861.5103133805
142137973.0922397673 77402.7537841797
127807490.6060036868 58852.6830179095
128030112.2699754685 59189.2858926654
128218377.3456709683 59715.6580355056
133084657.8547299057 69140.1791418791
127853122.1871660352 59005.6053659320
128029083.5549943745 59098.5262491107
132729015.3981963247 68541.7198102474
128220842.8351276070 59805.7601565421
141946865.6399329603 77245.4060668945
128110037.1025232971 59685.4243203998
141490889.4453234076 77129.8813476562
133033051.7079559267 68918.0836056769
141452597.5791301131 77103.0966796875
141655465.7019551694 77147.9808959961
132505850.0458133668 67937.8625859320
132616282.4757545590 68063.0938481390
132711225.7079398483 68071.1999301910
132145130.7210175246 67185.2862277031
132256129.6549873203 67327.5393099785
