682692569.9249899387 319522.3869511884
688937306.9378845692 519606.9099161548
688679288.2515699863 519201.8103148623
691227159.3274902105 577637.6938689388
721313000.5360230207 937573.4403622209
721683528.7969202995 940811.2559477149
721850696.1126190424 942831.2702641299
722705568.0963618755 947283.7133965880
722454496.4706398249 947096.4719421680
784927891.2624064684 1331907.9153442383
785703730.7375535965 1336510.0325317383
785501442.5878828764 1335044.2100219727
792346150.1314501762 1368777.6403198242
792442537.9214398861 1369544.7138671875
791949076.1030509472 1367330.1906738281
792066329.8342034817 1367485.1376953125
792119537.6847933531 1367926.9118652344
792420717.4042415619 1368801.2858886719
792251765.8930901289 1368343.1389160156
835102067.6064293385 1412990.1879882812
836594468.7360386848 1415294.6119384766
835966452.6995480061 1414856.7076416016
836852436.4726469517 1415407.4271240234
682847348.1272802353 324385.8945435088
682616250.7534024715 316004.9775731366
682836559.2531185150 320842.3732475767
688043596.8762502670 504109.9317292355
695421652.3079100847 647314.1308321656
712472319.9597554207 847986.8934734093
721157372.1254742146 935979.0863888322
792304332.8562743664 1368740.8746337891
835318459.9539852142 1414417.7564697266
792557339.4175575972 1369643.3754882812
793010183.0846278667 1370612.4958496094
695049876.9373191595 642563.8674082459
695370504.7528955936 646617.4113783540
722025690.9058750868 944849.0810425098
721799560.8408621550 942087.8874447404
792630404.0744154453 1370458.4960937500
683062720.0958369970 332360.3242204784
683184658.6821722984 338833.5182207225
683629800.6189638376 343310.9288271068
687983367.0747478008 502692.8596008651
687881303.1522537470 496240.3961023472
687812604.9492813349 495401.4822272442
694870762.5061002970 641164.1332144440
694952196.3905385733 642098.0582155884
797524614.4459755421 1381419.2943115234
695550894.1587939262 650808.8619923854
695182542.0115364790 646343.0251230897
695122509.6826434135 645526.5068125428
683126822.3136136532 335910.7297514079
694600627.9084483385 634960.9405398072
694660525.4398969412 637751.9693102540
712864144.6582297087 850781.1789319443
760094147.1086791754 1212421.9797629095
760161359.9583948851 1213451.4967917181
721723897.8459634781 941598.7420494615
721394015.6568264961 939910.2889950334
687911041.0380781889 498429.8091706418
721801888.4570652246 942682.4880917131
760260450.9888774157 1214011.5424687483
759999579.9947916269 1211834.2774313665
682953913.6891067028 328471.5065019725
683218092.1402372122 340403.9060477911
797035299.5465610027 1380874.5247802734
688268918.2890216112 509924.8991054251
695882774.3134051561 653195.9804510698
721316837.6497428417 938316.2880697309
738710020.7969783545 1066827.9194713123
796810935.1175994873 1379644.1319580078
796791305.6502040625 1379613.6888427734
688092319.4237245321 508920.2899825259
683063240.8975616693 335810.4173906444
712660268.4995115995 850227.2047960984
720961383.6769406796 933050.5694418012
738699043.8228014708 1066791.5569888782
738396018.9346586466 1066478.9510318469
758406877.7337310314 1204002.0860524154
758383636.4317224026 1203419.9230999923
793352776.5261969566 1371397.7871093750
796952872.8298596144 1380481.0682373047
797699927.2149411440 1381459.8406982422
797339893.1488070488 1381306.0538330078
722880732.7930150032 948573.0573053176
757840378.8989288807 1199905.9324078537
758209138.5716648102 1202108.2365765548
796426176.2028394938 1378163.4151611328
682980567.2321306467 332022.3462846873
682847917.7846081257 325170.5280676184
720742577.9836964607 930530.0256115014
796885719.7343624830 1380247.6939697266
690708923.3954768181 566543.0138827718
796817315.4125732183 1380100.7581787109
797104114.6389437914 1381029.7442626953
688495407.0609780550 515824.9926429673
759499875.2548881769 1209069.2681845403
720764868.1435543299 931151.9894212543
738245022.0526794195 1064203.2955753040
759455805.7116490602 1208842.7216452337
712076935.2990403175 843087.6275255906
691017717.5357758999 576252.3158809103
712896802.3832545280 851577.5631367266
758866267.8601667881 1206303.8402504898
688498627.0026823282 518499.9940306827
690712928.8097587824 569233.2315532125
690889434.5368896723 574278.2367488302
690813426.3866564035 573802.9056559957
738046560.2615176439 1061881.8048040103
757967988.0750794411 1201339.1355633712
712998994.3511430025 853537.0691006409
691617635.2115846872 584169.2058127082
691497000.9368736744 582205.1546709694
760194966.7945014238 1213645.7928122259
759689217.9494894743 1211257.8882712102
785386726.8353424072 1334940.2251586914
738219873.6249047518 1063628.7688199934
737998048.7608326674 1061594.6081058215
758883794.0546255112 1206305.4631390548
796245158.1459333897 1376893.7381591797
688348971.1891090870 513927.3303343936
759222587.2325506210 1208072.7824749923
720981091.5741366148 933489.6762393771
720546056.6034573317 928205.3732331841
720552362.5315003395 929357.5421784966
720453911.2997758389 926512.9221261590
796250798.7548551559 1376990.4560546875
794145885.5179362297 1372377.8864746094
785065434.3350425959 1333992.4116821289
785655641.6931478977 1335884.0365905762
737502592.3302065134 1058238.6260440256
737819466.3793109655 1060783.6291873362
738848938.9956256151 1068200.1124644764
785122588.0088349581 1334474.1682739258
795878732.2802079916 1375129.7932128906
691545232.4617160559 583577.1571172404
785930545.8539695740 1338004.4750976562
737466635.4927705526 1056935.5847537424
691332425.8809499741 579489.8870490717
714638820.1411721706 866991.3058096806
714791767.2335114479 868423.6295741873
784770187.2002692223 1331367.0769042969
714307260.5466132164 865030.7489096562
784518501.9229725599 1329907.5691528320
714847440.6116186380 869138.8922068367
714095839.4028247595 863493.1812979619
694240887.9757357836 624884.4072347723
737777096.1544626951 1059235.9958865549
694275014.9827817678 625287.4622907226
714024156.4361373186 861471.3530508915
756752686.3318026066 1192208.6150096275
754969472.4900752306 1180417.0015986804
693981568.9752123356 621429.8866704281
693596068.9778367281 616653.6172251056
693624384.5579736233 617181.6351827930
717651591.8283262253 896821.8534720073
716621605.2158079147 887280.3324884737
711083533.5330252647 827618.2910714787
716556632.9203063250 886062.2052533383
716728319.5662921667 888549.8300165499
693285136.2376385927 609811.3019003223
717344240.8212389946 896154.9311102758
716900192.0290491581 890189.0650174374
717227520.4373499155 894020.7449567075
717110776.7123364210 892662.9999005551
716924250.7375129461 891874.9672162289
831727177.3492919207 1410536.8599853516
832234756.2162550688 1410983.6282958984
692131432.9191336632 589080.3324043653
717040513.1207787991 892404.7243900056
832108675.9819463491 1410920.5406494141
832552373.4251869917 1411603.9639892578
754586212.2631709576 1178287.0980565194
832530478.5577398539 1411592.1588134766
833350668.9278947115 1412006.9969482422
832780498.4953752756 1411702.7667236328
754533790.6511946917 1177156.4733006600
710127102.7887575626 816004.0231898675
716767070.4322860241 889231.9080837334
754468187.8885399103 1176502.7040135507
754400409.9354794025 1175983.3263280038
832820655.3325873613 1411784.4923095703
753959789.9622175694 1173808.8890721444
710076970.6195482016 815934.7356837640
692447360.0521221161 592412.9996412329
710727987.3957123756 824370.9048732171
710367488.5016832352 820248.5938380609
692087487.9841222763 588366.5984795056
715630188.4605327845 878859.9317249621
692674478.8525635004 596770.5952635836
692856781.1243449450 599756.9679582291
692669229.8222160339 596438.8445794755
693018637.0964087248 599971.6659965347
692530814.8598613739 595634.6569230729
714898261.9983278513 870032.1792257542
693092716.7939889431 601929.8652835439
715079388.1290630102 872909.1562155003
753807053.9207820892 1172234.3955772463
692503326.7425310612 594228.7948175322
753996541.4772555828 1173913.7439354006
739901851.1203156710 1072159.2816989329
710350786.8404469490 819095.7566798577
740165664.2835870981 1073266.9140994456
754272138.1642322540 1175519.2961204592
711948589.9709444046 834648.0758771377
711981318.8766937256 835201.3003047670
711811653.8279858828 833000.8261212783
711512783.3845305443 831134.9079083877
741367752.2650228739 1081380.3510043528
741605565.6287955046 1083505.2774875071
742057413.4522517920 1086694.8655437455
741124661.7570129633 1079782.2448947337
741083352.7918320894 1079114.5608097883
740795598.2379533052 1077810.2972628977
831650887.7736802101 1406782.4639892578
690611546.4036240578 534796.8642360823
690125502.8776009083 526776.8376501419
690109487.8439891338 524627.5854833939
690706251.9245336056 535417.7539397808
690488076.9000077248 532470.9405547710
689979987.3135907650 523080.9536474564
710066492.4268009663 811560.8478489617
751600881.3194797039 1147872.0693039841
752180431.0856177807 1150817.2371277756
751689478.8841147423 1148864.5041184372
751235769.9081268311 1145614.5819992966
750890963.7401776314 1143108.9940934128
751303398.4288971424 1146418.5483078903
750630416.3426778316 1138471.9691724724
705138414.6178188324 739470.8176808846
750048579.7586579323 1134834.6516583750
749809910.1884839535 1134094.3473634555
745985336.3723720312 1104503.3716800511
746163793.9762109518 1106116.6587894261
707512972.6232559681 770306.9144229450
745711284.7558234930 1102797.6015384495
746112811.8278921843 1105156.6260973616
745388505.1013392210 1099491.1743619933
745767498.8895498514 1103560.2778079808
745842866.3752332926 1103615.0011966527
745600204.9262899160 1102033.0867679417
745147043.1530035734 1098673.0806956589
745361645.5782176256 1098982.0395939033
744548889.5128589869 1094845.5748057663
708480382.8713294268 780674.4606034523
708130984.6594195366 777178.6205155617
708112358.0212732553 775437.3663956886
707992702.9197384119 774748.0025040871
707841202.0132892132 772643.6917130508
707965759.1720832586 774298.4098526993
707904911.1419290304 773565.8277170517
706590744.5054801702 754352.9649463014
705646467.3415358067 742699.8440778570
706001245.2593767643 747323.3292005376
705587061.5768769979 741867.7441417639
706223270.6914724112 749108.0558088140
705499716.8568253517 739971.3770469779
706201660.9805834293 749098.0337751226
705878705.3470957279 744845.2122419195
705528549.0069577694 741118.1197839433
825073915.3731127977 1391465.2221679688
824028386.3007200956 1389354.3586425781
824295859.8154114485 1389932.8903808594
825723727.6383911371 1392002.2414550781
736264727.7564758062 1020097.6208103597
736286677.6625508070 1020634.6237400472
736078313.4179474115 1016654.7752293050
736041385.5746868849 1016531.3441074789
735930765.0016041994 1015822.7841142118
825375996.2109950781 1391616.3723144531
703677312.3099775314 682801.8977387787
735954042.9380232096 1016501.2406609952
735545563.4981981516 1011460.6007170288
735715266.5372284651 1012770.3860162199
703194625.8655054569 681129.8638875575
735890168.4654835463 1015543.0766900480
735949348.7403982878 1016060.8548058197
702916691.0531935692 674818.0461843105
702997881.8948853016 676282.5038827078
826023339.8907064199 1392008.8112792969
703461538.9584167004 682488.9805104823
826673838.9596139193 1392843.3432617188
825593705.4686132669 1391656.1928710938
703239414.5965802670 682228.7549855800
703023283.4239101410 678366.6694753261
702684589.2834942341 668208.0555014564
826436123.5226889849 1392631.0048828125
733096202.5825525522 986979.3350456780
702799632.1885361671 670694.1113393398
733005255.0648759604 986146.5176018303
732771821.9936264753 983038.2391289299
731956717.4996732473 974398.9875259028
731335935.0854252577 968577.1356489883
731541597.8259776831 970642.3966353164
731775827.6563290358 971341.1218445526
730698171.3938633204 953687.8700434641
730643889.5061932802 952609.5065333323
730756981.8708211184 954114.8309962229
730329071.0204578638 948920.7933699564
831543626.8182419538 1392928.2725830078
