434602133.0632213950 1640272.0358886719
434087527.2116351128 1637171.7126464844
396343845.4077736735 987031.1238866486
396413357.7016797662 992617.9632970281
396275602.8799913526 986129.8207713105
397615806.6393666267 1012015.9022892304
397363662.2296837568 1008840.3888450563
397805882.9943116903 1016675.7744534798
434175037.7046861649 1637361.8852539062
435266555.3750329018 1643341.1777343750
385146280.0473655462 471740.7865777775
397645783.6723505259 1012963.8445499726
408477870.4058970809 1230885.4463388082
414691807.4980780482 1356142.4383244514
428381763.6771109700 1564200.5160198212
385195824.7220978141 476317.2212351202
386189342.2122885585 574840.7494382113
385979020.0939002633 563326.6562209334
395907034.8331403136 977944.0312167145
397700505.5085270405 1016581.0214298554
414648627.4361019731 1356088.0081486702
414475381.3381248116 1352538.8945991993
428673594.7177910805 1565421.8724346161
432644684.2272365689 1619883.9915771484
385270470.1414600611 484393.9113601737
386198394.8777291775 581852.3519606346
391668626.8115444183 846720.4581788755
391461577.4299260378 838642.9540680624
396145138.7666124105 985128.0694895722
434836195.7040655017 1642946.6435546875
397596220.0093327165 1011232.0050724335
384968897.4138785005 444210.5027294263
397188633.7379148006 1008823.2431095429
396105149.6807567477 985118.8917551972
396881227.8274702430 998723.3274147846
414495677.8570340276 1354217.3695988655
444324509.8218373060 1651896.5429687500
392294945.1607558727 863604.4464153922
429479620.4588118196 1579033.4631328583
433212530.9023993015 1629026.7434082031
388557540.5971894264 709121.9365591127
388488167.7273311019 708546.5246888716
396000133.7635864615 979521.6466723420
396610489.7216115594 994898.8411476947
396809932.7915862203 997057.9216708280
408502225.0004391074 1234772.7987558004
432708698.3189773560 1623228.3140869141
438508351.8109193444 1650502.0617675781
443944805.3735828400 1651822.3261718750
392194157.4171463251 862508.4423870719
438173827.3500214219 1650382.4606933594
444966141.6151118279 1651987.9433593750
438326208.3996281028 1650444.8830566406
388356577.9611225128 703269.7284292299
408496012.4281163812 1232937.8704110738
408643740.7403860688 1237483.0944100972
414715274.4282105565 1358521.7151799202
396888748.5710611939 1000476.6618074030
384909221.5567811728 436952.7093136362
385310953.0557377338 484622.2546664714
395863916.7502961755 975718.3800202347
414786097.7416889071 1360334.9849553108
415352196.4945563674 1369435.5609157681
433111733.3670019507 1626575.7136230469
436604113.0482011437 1648482.0869140625
436513876.7185125947 1648241.6145019531
433895193.0261600018 1633718.4443359375
386302429.8407129049 585192.4488196075
415187778.7017014623 1365845.8590114713
429157509.0120359063 1574520.7285137177
428850875.9378724694 1570042.2080059052
434349804.3403652906 1639737.5268554688
384931507.6920259595 444152.1695064190
386073861.3923611045 565511.3002600372
388403340.4337413311 708263.0048574526
385079834.2126862407 470487.6679321765
389802442.1601313949 766839.3570292294
415581152.6400178075 1371561.0896022916
415059629.7896379828 1362898.3142269254
432457994.4139764905 1618372.9638671875
432898827.8973187208 1624274.6074218750
436847519.6670879722 1648694.3056640625
408626506.3266863227 1236512.2776376363
414588107.6268892884 1354383.7474544644
386087724.6659123302 573974.8233807385
386904817.8119104505 596293.5113774836
391555681.8050684929 840288.6318849302
392082252.5492014885 862308.7150921500
392388717.0933425426 868461.7686572946
387120337.7774904966 599923.9768613875
386945808.1139357090 598868.3770000041
408891752.1867660880 1241995.1688729879
384981223.5941106081 457119.0360846310
435694425.0896374583 1644824.0607910156
436242382.1479656100 1647164.8923339844
385026227.3721894026 461115.4260464250
414878744.0082754493 1360712.2978542447
428789039.0563859940 1567586.2685222626
395902391.9951642156 975807.9047977664
402122991.1781129837 1101995.9945298433
428790074.1251680851 1567601.5340557098
402124740.9737082720 1102002.3374167681
408824460.2615887523 1241994.9410897847
429357599.9277032018 1576958.0849590302
438066337.9526163936 1650186.9375000000
401941723.5275485516 1096592.8337546587
415858396.3624261022 1376184.9661516547
433622909.5716600418 1630840.4687500000
386474628.6729032397 595987.0028449595
389795585.0594742894 766833.7427714169
386372526.4010385275 591110.8262187541
392389730.6938831806 869359.0467413343
415289972.3748914599 1368345.2166774869
386472265.1065555811 592086.4175273478
389522221.8867962956 764950.6850129850
444897371.8922375441 1651962.2578125000
429172743.3262393475 1574704.9670391083
437814467.2682171464 1649814.4277343750
444204535.9998341799 1651864.5957031250
401986230.7000759840 1101146.0708566904
437754745.3558824658 1649446.9301757812
401599173.5604671240 1094241.6931296587
386078145.2582772374 568127.4409730136
437602942.4261346459 1649331.0788574219
385756358.2231937051 516733.4337455104
395737321.8371803761 968909.7562939133
429140319.0967208147 1574419.2045879364
429630390.8084856272 1580851.0915508270
430055739.5454695821 1584098.1750469208
392306522.3791891932 867318.6971653379
385619305.5596565008 512857.4709183569
395095301.4244068265 953639.3798238989
389261488.5926696062 753588.9597932585
430173609.8845288157 1587170.3249492645
430433425.7155261636 1590285.1676025391
395224797.1098642945 954714.4741363563
385507944.3269836307 504820.2833017702
437072657.4964922071 1648782.2365722656
437037926.9733386636 1648724.9382324219
394993648.3734416366 948364.2852831371
433991532.6547334790 1634826.0842285156
389143942.9682570100 749336.2724153288
429840930.7439502478 1582542.5275859833
394836401.8898399472 942140.2614464648
416670007.4700112939 1383369.7918244004
416669412.3459796309 1383323.4230228066
385435725.9122057557 496154.8848909731
389108610.5207542181 745744.1906459583
417082691.9327551723 1385188.4418388009
394373826.9744540453 927427.2176079452
443560776.0431813002 1651628.7182617188
394689657.1040711999 936883.6883110702
394654614.2223318219 935386.3722380698
394463196.5908650756 933852.8452934921
394581596.4701611400 935275.2184400558
394054982.4805384278 919499.5789896548
394292918.2970662713 926863.5783516467
394376334.8792242408 927912.6909901202
394184978.6916727424 926089.5269369781
386443624.1503584981 592083.6750957072
393928285.2941769958 919106.0275703967
393641982.2212458253 910264.4949750656
401713509.0190184712 1095682.8772504590
393877057.4286736846 916849.4446806365
385434839.5771857500 488885.4695184524
391885648.4387228489 854714.4246988869
388709453.8521137834 724323.1865811599
388863475.8183128834 725543.6197629226
430388254.1527142525 1588086.4549560547
430575172.6740221977 1590674.2550048828
430643016.2788522840 1592468.1824951172
388903480.2786137462 732379.1640755190
401758953.6468280554 1096034.4248419069
388969949.7376105785 733780.7859018398
388876339.7324794531 731769.6633420242
431590496.9076499939 1601210.6375732422
431880819.1773938537 1606285.0971679688
388615479.4673189521 717444.3166223299
388729168.4859404564 724332.7837643875
388301753.3757969737 700650.7190537173
388306793.0752735734 701985.1028456409
408538308.8587671518 1235740.0245858785
408206138.8488149643 1229767.9927255269
393053529.5536192060 885986.6935037905
393008085.2553424239 880337.3303452963
408062293.6108139753 1225029.8907968160
392703188.4710964561 873087.1749214465
393191376.9582380652 886783.7966304836
392861204.9252538085 879839.7227730090
392927767.1823322177 880098.5421990687
388592344.1539831758 715843.6848693574
392701050.2376058698 871770.7621573741
388460598.1077197790 708381.9147358073
414352742.6861350536 1340737.9837652817
431613533.6568086743 1601966.7926025391
392798060.4536439776 873453.4940434629
443332868.3893918991 1651369.8237304688
431993479.2960230112 1606740.8834609985
400360412.3448132277 1061051.3748853467
407615117.5575581789 1208810.8495027181
407475417.1889067888 1208323.8128816243
414121712.0724366307 1335105.7032984868
442572897.3444901705 1651025.1540527344
413824533.9131703973 1329674.2277125493
414091356.3385918736 1334833.7062281743
414343753.0869322419 1339160.5248316899
407457608.4205365181 1208316.4945832845
391392420.7217792273 829756.2404140891
409410221.3132406473 1250338.9320459738
391411385.7174705267 830382.5630925954
442923065.4838385582 1651203.5966796875
443058498.0808898211 1651252.7453613281
442855424.4549658298 1651186.3698730469
391261455.1808167696 822633.1033757986
391189131.7657643557 822629.7000554861
388263613.5776575208 685958.8155877590
410164602.5125406384 1261892.0906234160
410326011.1744238734 1263740.0774381533
409959890.9548336267 1258080.6259684935
409680963.7315155268 1252254.2416911498
400498936.5001409054 1061964.8050095066
400550454.6890083551 1063238.0487686619
409390803.0857249498 1248541.5966716185
407776707.6663112640 1217714.4040681478
409147066.1019182205 1244815.9995010495
413584660.6773025990 1314979.4918775558
413478856.4290119410 1314537.2283010483
390854060.6017984152 797753.8416595776
400104885.3897643089 1052941.1592516080
390698702.4528752565 789930.9342828598
399660899.5013579130 1036940.9189015701
399760470.8139518499 1037173.6868764237
399780345.0015606880 1044698.4696828201
400101735.8351931572 1052472.2741104588
400055939.8094190359 1052100.0079971775
390790476.3777028918 791017.8264148124
400315809.9901715517 1058537.9198397063
400248209.2264211178 1054933.3004166111
390527503.4775167108 782173.3835016098
390392150.0551422238 776615.1349664535
412589244.4816176891 1302002.2953569687
412579568.0400270224 1300394.2694780624
412232304.9055138826 1294586.8600542343
411931229.8946839571 1288300.0241167343
411597739.0738571882 1282712.7247078216
411198852.0838732719 1274604.1662971771
411307890.3730664849 1276269.4135858810
411456065.9465902448 1280672.3992424011
410714383.9230992794 1266969.9876377380
410940627.6971053481 1269879.8569357193
406659746.6544168591 1187054.3029872533
406427573.5027851462 1184695.4144374486
406731508.6395209432 1191993.8831874486
405857337.5914967656 1171921.0695001613
406405838.2659774423 1184236.1683055516
406125953.1618980765 1178979.5971109401
405813115.1350110173 1171672.6761896145
406016007.4266873002 1175729.2083360311
405458073.1570125222 1165042.2342121135
387311148.0425376296 609681.6038833261
387679360.2031119466 625439.8625338674
387503172.4738778472 617700.7148287892
387931312.1569410563 632403.3207558710
387519134.6910839677 618571.3980427384
404631242.3170649409 1138314.3684569951
404481010.7358644009 1135930.5374595653
404386225.9403535724 1131794.7442466747
404586363.8656405807 1137865.5855552685
404168877.0242765546 1130069.3289863598
404552703.7527511716 1136568.3347824942
404308729.5271883607 1130732.3277863394
388162944.9039245248 648826.9621186256
388078178.8940377235 647500.5138764381
388056036.5363224745 639980.3375836015
387982256.6865212321 634643.7646332979
403361870.7253407240 1106410.4236047349
421975510.9561685324 1395296.2196267226
421490231.4430234432 1390398.3520119765
422033802.8756407499 1398152.6334238052
421399182.1616299152 1389911.4708474257
421407149.5405522585 1390111.1584084609
421563701.2753134966 1391376.3568318465
421174686.8352073431 1386022.6459572890
423058633.6708282232 1401309.8599389174
423191352.8710140586 1404448.1810007095
422779613.7607843280 1398701.2984323502
425707192.1753020883 1422535.4832765667
427617375.2874595523 1445474.6165146828
427824877.5017938018 1450685.5364975929
427612762.7644218206 1443400.6709444134
426358064.4102410674 1433575.5187990277
426669139.3155472875 1438108.6345216839
426138743.4070831537 1432342.3020021527
425497989.5040556192 1420862.3358728497
426091639.6465384960 1431328.6896974652
425850444.9571152329 1429003.4870607464
425342996.3411189914 1419818.7081911175
425278817.3070968986 1418757.5571901409
424491049.8700025678 1408459.8416088431
424247210.9300246239 1404611.2232006399
