224935531.4473068714 13935.0043926239
209334981.3718107045 7515.6099302860
216106879.0114942491 11514.2205500671
224810708.8920618892 13931.7663459778
226518039.1733452082 14065.4378910065
209106944.8606404364 7301.7927802892
209134329.4293846786 7302.0748442558
212913960.2482639253 9989.7902453218
213223740.2676533759 10155.1336446379
217037815.4375585914 11855.7076685205
228540893.2997224629 14203.8877716064
212787031.0470047295 9956.8307421480
212967104.4353509843 9999.5828440462
225354560.6145268679 14012.2844810486
209164744.4757340848 7403.6543714197
223838748.5271786153 13761.3629932404
225286560.2749979496 14007.7849273682
222207521.4677902460 13369.4062404633
208551888.0239078701 6466.7451840940
216941526.1104310751 11833.3534203544
216671477.5361312330 11739.6059464887
218046514.1290744245 12179.0328010321
222713812.8329108953 13499.0152187347
224986802.6622328162 13977.5774993896
211328277.4092419446 9083.0691275265
224683268.2322363853 13910.0477638245
225670672.7474075854 14035.0753936768
226707605.8009713888 14126.7820510864
207924155.1366054714 4860.2221767284
213055430.7365589440 10090.3973467622
216238398.9571596384 11535.1000080177
222119089.6468373537 13343.6813793182
225174396.6064579487 13988.5461082458
225598086.5361575186 14028.4004592896
227716141.2916300893 14199.0057373047
208971483.5844874680 7098.8738233240
207911723.8450255990 4848.3446666576
207939088.1247004867 4957.8048107005
222472704.7686020136 13463.6782760620
225779085.4388483465 14043.1538696289
210135414.0181510448 8257.0678624857
211500492.4662672877 9176.4022074119
224750490.4089526534 13918.2452068329
228533238.5131507516 14201.6096572876
213212301.6527076960 10118.3484631297
217617593.9954856932 12039.6637810469
223046302.6650995612 13604.1809558868
209213737.0232453346 7420.9168277880
209892874.3518493474 8051.2851485551
218002013.7903168499 12168.7658218145
224652467.6426554918 13884.8915634155
226606157.5184729099 14110.4809150696
210770127.1515329778 8747.6179949839
210707875.9828276932 8666.0512174607
218048209.4767494500 12194.7969536781
208425912.1430746317 6252.0413857964
216977475.8404979110 11845.0987306833
209206644.8890931010 7406.1755448069
223221194.9904079437 13643.0362453461
222574567.5022122264 13486.9396514893
225411764.5740108192 14025.0899963379
227469601.7391563952 14194.0170364380
213226306.2112293541 10169.3664846692
222615290.4804864526 13495.7784614563
209918817.9090429544 8055.3100231231
210768844.1274649501 8735.4455482006
218145046.2109288871 12204.6847742796
222989125.8033180237 13589.3079605103
223041267.9314393997 13591.8323421478
213304902.6893234253 10187.5038438413
213098060.9113142490 10092.9825442109
225200212.6487904191 13995.5462455750
227036700.1217683554 14173.7579116821
208050198.9753007293 5166.7235878885
211476855.6142024100 9172.8366827634
216950771.7892651260 11844.0072290897
223201874.8342641592 13640.3119106293
212990899.1182519197 10056.0324006651
216839287.1892340183 11799.3487478271
217883565.6496414542 12150.5732406378
216582692.0684523880 11697.3010936752
223184880.1837296486 13632.7760372162
223164321.4188734889 13630.4834365845
207951903.3403199315 4967.4775495642
217749871.8318018019 12086.3951457739
223278785.8585871458 13656.5811367035
208508215.9764987528 6462.2865473631
208354790.4890409410 6147.6529952370
216628689.3622655869 11716.0486489311
227466121.5424637794 14190.8636245728
217444834.6820625365 12000.0192230940
207934016.9021370709 4862.0694290973
209406736.0762178898 7564.7086147161
209414225.1149570644 7578.1844256741
209264234.0208098590 7470.3723668249
211266965.4712823033 9067.5693107113
208999744.6750425100 7172.2500096948
222914664.1401950121 13559.9339466095
223923892.9142720401 13762.3391399384
224705866.7234570980 13915.9985256195
213272739.8182017207 10185.3015200842
210102391.9956787825 8192.0451163590
208392593.1921430230 6244.7593893078
208439343.5337310135 6336.8957583311
208930480.9320333302 7086.3613464029
210792281.0484371185 8771.0767499853
210467726.0946241021 8481.2464515209
216299589.7838340402 11587.2700205818
211587810.9874442816 9278.1098913815
222877415.7764013410 13550.1804485321
208503956.5498883128 6460.8249716794
211402263.0759990811 9168.6497473386
216886389.3266195059 11816.7506936789
226544736.5140577257 14100.8940734863
227061533.8567761779 14175.6996688843
217754489.4075891078 12106.6115114689
223153594.4048386216 13618.4373912811
223631959.2956199050 13726.5013599396
210059118.9199353158 8170.4806126595
228534059.6690659821 14203.2300567627
217672155.6815544367 12068.5683006048
226950038.0151469111 14159.1525115967
211803172.2005515397 9373.1625317201
211870269.8631002307 9389.1700156033
216422542.7361810505 11649.9260874763
211726486.5952364206 9295.9425024655
208484839.9876759946 6446.3559023741
208391396.3394403756 6241.4616410694
226643735.5590597689 14119.5091781616
211694757.2199100554 9293.7620367673
226858656.4179698527 14150.0492553711
208867701.8842612803 6976.9346803667
211542439.1543311775 9238.8809113469
222768335.6776921749 13511.1353454590
226794109.6582878828 14142.1809120178
211567492.8811390698 9253.9126801458
223577998.7032967210 13710.8436889648
216984674.1278189719 11845.3476348892
227301174.3441697955 14181.9380187988
208602654.8270751238 6557.8370094004
223337441.9175919890 13667.3210945129
226582367.3861706257 14105.5820655823
223974961.8384836912 13777.8322715759
226565854.8943070173 14101.8214035034
210615903.0012902915 8615.6000586987
210228458.9212743342 8288.1242150307
218118419.7313453555 12195.9683096409
217942118.4459440410 12162.6491950750
227375241.4956674576 14189.5079879761
210582147.4830931723 8584.1657554150
215544057.6077505350 11211.3435279694
217955938.2400473952 12162.6684783697
209277431.2774486244 7471.9488057287
223937944.1827367544 13771.1224079132
223956319.5081662536 13774.7724456787
208645072.2989783585 6651.2501636788
210506815.2929547131 8565.9397727490
227361196.8565132320 14186.2268676758
217815668.8472787142 12123.5316219330
207978247.9421710074 5045.7290110314
208831574.5942595303 6930.9591936662
209071492.4952231348 7269.3424932153
227386623.2833454013 14190.7990570068
208018452.4416819215 5155.6481516087
224425397.3927316666 13833.9214649200
210079740.7852385640 8170.7549504280
217685771.2122046947 12073.8401979208
209056793.1970390677 7257.4492360742
208560380.0421273708 6534.3441124711
217121597.9811967015 11899.1359909773
217492438.7922784686 12023.5042937994
224321721.3949508071 13826.8622436523
208051532.7692848146 5264.6493063289
217432383.4537484646 11997.8808869123
209066252.5685970187 7258.3526449550
210479524.3225288689 8496.9385670662
219583234.9390494525 12590.1481521130
224094580.0507974625 13800.0687961578
208005463.3870550096 5155.1891550744
208139166.1220475137 5361.2951384252
215591442.1645734906 11235.7031199899
217420447.5852429271 11996.3080085516
217295851.5965225101 11968.9676102400
226075419.6644613743 14054.7493057251
212436797.6303246021 9753.6556736795
208114574.7159728408 5275.3086053008
208576527.2444567978 6556.0797033909
208651396.1345123947 6655.7942073862
213220657.3117413819 10148.9757998060
219137632.0466253459 12476.4345271587
208605247.4819726050 6558.3064485642
210256870.9466645718 8300.4224999860
210649906.0942650139 8661.4810627938
218971787.7940188348 12437.0627620220
219123649.0160354078 12471.4799425602
224252036.3517264724 13826.1084613800
224534652.2546176314 13877.0594520569
210182523.4215899408 8280.3183094595
210288351.0478336513 8373.3994130135
208537778.4140352905 6463.4945992830
208627249.3051026165 6643.5056749436
210531129.2493126094 8567.6730641365
219279214.2377973199 12506.7745878696
208566349.9768896699 6555.8160464171
210300002.0830516219 8381.3315361977
224244366.8971819282 13825.0841007233
212507303.7876675725 9758.2740296953
208602191.5011407137 6556.9831122717
212256055.7832081616 9654.8137885753
212586853.2955242693 9803.6166237716
218314545.0246105790 12249.3756971359
210562220.2405040264 8580.3334340096
212689500.2928228378 9890.2070310943
210277244.9861634970 8373.1340931893
208670485.8260580897 6741.0725618455
210544018.6770015657 8567.9529789925
210396918.2963890135 8470.8732899666
213143863.8436265886 10106.5861370002
219289235.1855020225 12515.4099299908
211094804.7156731486 8930.7925627761
219258170.4876145124 12499.4096400738
208783386.5864440799 6860.4916130564
218744745.9743765891 12326.3917529583
208714506.7684125602 6774.6497224423
212561354.8363939524 9802.3412746910
212349937.8653697670 9668.6795596305
212524499.5280749500 9787.5773295585
208859491.9624754190 6947.9021410539
212406368.8020965159 9744.7469157402
219477361.1779229641 12565.2931296825
219038681.0738672912 12454.3137156963
218672694.4533466399 12300.6177999973
218481684.9167874753 12293.4603908062
208333511.0611992180 5467.4055345982
208215997.4027022421 5379.4173317129
211147971.9954167902 8972.8710797768
211775736.8347465694 9346.9833527704
208616597.9600897133 6631.6124178025
209545714.7397087812 7602.0353030457
215365317.0217473209 11150.3079745513
218389111.2961331904 12266.1975052357
211022834.1092838943 8894.8434536200
215445945.6877830923 11195.8838785853
208251261.4255919158 5446.4249281174
215429438.9737682939 11172.1141756740
221996630.5952995121 13239.0806217194
215596619.6578040719 11258.8761914935
209578145.3720227182 7614.2804507508
211225773.6910727918 9001.0640339893
215892738.4028079510 11380.8987893056
211131344.9062927365 8963.2132192891
215821076.3526389003 11349.4437702184
215861217.1160892844 11367.2767681073
221905828.1571204364 13218.0080986023
211892740.9182222486 9428.3002036676
211935122.2387654185 9444.4849576851
211920306.3877235651 9428.3118619820
212193595.2084682584 9561.3817828164
212201261.5256838799 9573.8198321328
212101296.0316526890 9537.6514056191
221576377.7829561532 13124.6453151703
218919376.9441311955 12400.6930038929
212006248.3563697636 9466.0094406024
221846196.5578289330 13200.4281730652
215771710.5705648661 11321.3259294502
215928250.2077901363 11382.5734986257
215681525.2333918512 11276.9695067298
218532487.1520954669 12294.4793593884
215196344.6694224477 10957.2821635008
209883723.7531786859 7728.7033874916
209826692.9791951180 7642.4383271413
221083316.7724456489 12903.4448190928
220946228.2496105731 12878.1859041452
220715448.5025511682 12816.5927034616
220830454.6857872307 12846.6721063852
220484572.5573916733 12749.6445413828
220536418.3355593979 12759.1022020578
220420579.7589949667 12717.5253740549
220580726.4108349383 12785.0898876190
221540408.3139596879 13031.4902515411
221296663.9168354869 12964.4396839142
221476954.4548634291 13000.4389209747
221357287.1374042332 12975.3817920685
220543494.7641785443 12766.5219045877
220884437.4190544784 12852.7694803476
219951433.5835696757 12602.9487932920
219906219.4170900881 12592.5514658689
220172807.0391982496 12643.3552225828
220408326.9230600893 12712.7260118723
220199748.2619600594 12665.9663454294
215039506.5272337198 10726.6926680547
215195365.5630578101 10882.1317697507
214860001.8980777860 10621.1420986002
214797318.8188873827 10619.5681773965
214745490.5101652443 10474.6135246103
214860131.8526422679 10663.8704921548
215023576.2244677246 10725.8923787625
214762690.7355973423 10517.5227121218
214702992.4061274827 10335.8849764973
214683288.0955078304 10248.6860955666
