212025587.8663245440 4919.3693079720
259728301.5251450539 14636.5785923004
260224027.9434182644 14674.8057384491
270311618.2107648253 15278.2346420288
270061064.8959345222 15251.3285522461
212233964.8566689491 5186.8401178675
222248661.3000505865 8563.2661914394
256443894.9089197218 14362.9596910477
260017102.0234996080 14648.2676067352
269725609.1204219460 15250.1759033203
291396952.8736539483 15755.6260223389
290432042.2421613932 15748.2849578857
211558141.4220226705 4099.2672324419
213985311.1904712319 6100.9778384922
222290347.5345236957 8575.1476078821
228496010.9959051013 10052.0387764546
228014502.5555506647 10047.0996961939
238068035.9970845282 12076.3712826554
251115398.9064745605 13813.8740801513
254246526.7792567015 14149.8991178274
254419473.5053758919 14164.1795095205
259339462.6762051582 14599.4487857819
259320142.1596325040 14589.3469486237
284123331.5877573490 15653.1492233276
289387125.5351495147 15724.8117752075
222149434.2841097713 8557.3182944820
221822655.6024425328 8498.9909820126
211923340.4753048420 4885.3856883603
221567253.3272077143 8461.9313239620
214392464.1834241748 6249.8960374465
227902505.0143920779 10028.1301656413
238838326.4404739141 12211.4553420090
276600665.6347679496 15482.6916580200
289982408.8636238575 15742.5573348999
260076047.6961539984 14656.7333202362
254735084.9737390876 14206.9501327276
259398044.6581925154 14625.0701236725
228772182.5446311831 10074.6609265926
228533043.4712437093 10074.5889830935
212189940.4728658795 5159.1046795207
212031000.5335593224 5045.2164192754
237180190.6837390959 11920.9334648695
212203016.2041120529 5165.4594752080
212102578.0076799989 5155.9558406430
212494148.4146803617 5420.4869771233
251268801.1987216771 13827.4606156051
260162342.8916714787 14670.2558517456
212679688.9459081292 5511.5301017921
286692406.7688092589 15707.6306457520
214854951.9597789049 6429.3582706211
239031453.4070196152 12214.6516620001
252968560.7697950304 14026.4896482229
258974529.7564541698 14585.3657970428
258580592.9202974141 14510.2182025909
212762608.9826461673 5524.4995918434
212339916.8113173842 5330.7881248823
212469807.0476965308 5415.0394478004
219842948.8834471405 7952.7786495597
252384887.5046590269 13960.9829438925
212311336.6456221938 5324.9252746335
214089534.7472192645 6121.7049045322
258007506.8138860762 14474.2207489014
213619777.6644799113 5952.0870112685
214400077.9764274359 6270.8066692112
238433960.8682018220 12157.1889036741
271913522.3036656380 15342.4925956726
289880722.9527611136 15729.6052474976
252142757.3135906458 13928.5796912909
257070928.4466435909 14433.1881809235
290604493.3909388781 15751.6412506104
214246687.3760528564 6221.2183438876
212131686.0234580636 5156.7336015931
214425677.8089917302 6300.2253665684
214444156.6827086806 6304.9957828281
214159063.9435527921 6210.4379825352
250297652.9411047399 13714.1711888015
256108618.0633018315 14340.4650487900
256993202.5511150658 14400.2900533676
276540475.6455243826 15473.4322128296
286570545.2107143998 15706.1084823608
261280957.9733990729 14732.6009197235
269591711.0815213919 15239.2231512070
214093487.2863516808 6157.5351505820
269141503.1877493858 15215.6633491516
211603967.6660245359 4195.0114061166
238293747.7704248428 12128.7373131594
211565828.1313269436 4099.3332063009
226989908.0280048847 9805.8688793155
271750487.0800517201 15339.5618858337
285129893.4352180362 15678.7765731812
249852164.4615326822 13652.6867494914
252035486.4118117988 13902.8163222075
256493128.5105856061 14363.3426446915
262392812.4355223775 14807.1026744843
277003602.9314582348 15484.8297843933
214155762.6736180186 6176.7817871591
238619243.1295641065 12172.3188641291
237757919.4372338653 12034.9208522361
239429536.6329940856 12273.6443527784
262916424.2345384657 14839.4824790955
287310745.3817032576 15708.4899063110
213880323.8037979007 6051.5842493792
263223528.0178595483 14841.8290538788
275047068.3831717968 15430.0128250122
284956052.4053619504 15675.3640441895
238719467.2849815786 12192.4165285673
239257382.7952323556 12217.8943250630
255296614.8213682771 14268.4286317825
268707958.9599053860 15185.9432859421
272596151.5233762264 15358.9818992615
277126209.6921522617 15490.4771156311
213792146.4978802204 6039.9180458208
261683031.2490003407 14763.2106552124
213459916.6880234480 5846.6634166857
220869004.2207061946 8268.8721509951
261313239.6417976916 14734.2145233154
271382239.7383400798 15331.1706047058
221513011.8142675459 8404.1280761736
227309754.2756010890 9896.5403491112
227281963.0728794932 9895.7689948427
255875766.7342190742 14314.7610229254
256530265.8695381880 14375.3928213120
261559318.8792773783 14735.9008331299
213894776.1709278822 6064.3726659102
275840306.3003368974 15450.3666725159
213563208.8876184225 5951.1849678179
221115881.6700869501 8324.5300870913
255984606.3346310258 14315.0993509293
275911686.3403658271 15465.7303504944
257847685.1810281873 14462.3568849564
238688752.5987065434 12185.6596621122
239313366.0329264700 12240.4263685200
256258380.2520691156 14358.4802694321
221080964.9083810151 8324.2633634585
255408622.5567162037 14269.8898229599
290297881.8369846344 15744.1032180786
256003348.1960682869 14329.1987981796
255557914.4673188925 14287.8008216619
213715884.8370655775 5996.4513595720
213309133.9154806733 5841.7248237749
239569193.1660157442 12286.6939171407
238663282.8784461021 12182.3822973225
250160217.7978103757 13682.5517420471
261889662.1750697792 14780.0760650635
261167754.1932792664 14710.7967879772
220756576.7616221011 8225.7622375893
254124268.4303869009 14130.0857471228
261871354.8309809566 14766.5143890381
270743029.5935615897 15309.3194084167
260994852.9136547744 14709.2061250210
268701083.3085616231 15158.6097526550
273429170.7931328416 15376.3867530823
220517471.3380691707 8163.3230820107
250845260.8486185968 13785.8913502395
283987780.2096361518 15634.1302032471
211883665.9956408739 4351.2228644674
218008275.6850628257 7422.4190978002
213299240.9244539738 5765.2804877154
213223912.9526110888 5759.9500322038
253785798.0971819758 14104.5130370855
260821210.8965368271 14695.9835450649
286002842.5616467595 15689.0689392090
213054783.1684259176 5668.7785343224
217943526.2560208440 7411.5408384015
227784545.5903136730 10002.9788661572
227724751.7867381573 9970.0338687870
212293380.5908105373 5259.9975638321
212919360.0007321239 5564.4156765038
212966969.9716980457 5655.8090442711
219664183.1266762018 7919.1397740458
275874644.2718440294 15451.0915756226
219329824.7315810919 7796.4678488289
276166678.7037138343 15469.9312477112
211833691.2294399142 4339.0709041469
236741354.7067183554 11827.2853027218
226653203.2664658725 9681.5368351909
233545999.1801542342 11140.2258615280
236475289.1533317268 11758.8703480855
251827382.2090016007 13890.3795427084
211807012.0825300813 4337.5601218526
211673327.7627752125 4241.7627204244
220731722.5742565095 8187.8185871924
236907188.9937968850 11864.2619253033
236613379.0674683154 11797.0673619144
252044008.9555055201 13904.3432792425
219263600.3852066994 7762.3405436660
273694200.7578377128 15387.5241737366
288177431.9362233877 15711.9219360352
251156417.4983654022 13823.4695505798
236366997.9008772075 11751.1660629146
236084930.6932125390 11684.7328067654
236688535.9772276580 11825.5324521892
217659159.3267267346 7291.1627410385
284580180.2068790793 15660.5265502930
226721095.6693849862 9696.9034047100
226868514.8446284533 9791.3171620342
253701347.5553304553 14071.4211505651
219108974.1758313775 7752.1988755081
219310379.5777859688 7765.7060168893
271551918.3245483041 15331.9145698547
286209538.9460284710 15692.1655731201
233177455.0402774513 11100.9581359243
232848565.1083261669 11057.0946687860
253485401.6812278628 14027.0132076740
234266443.1127951443 11194.3673289632
251715503.9695125818 13877.6525692642
252034177.2957760692 13900.5281967819
251534557.5072402358 13849.2015623748
233011078.4476833344 11059.3299983358
233694786.7759267390 11177.9673545575
233987565.4109098017 11181.0885737753
253563129.7343757451 14046.4712833166
232339429.3388538063 10913.4033778524
252720746.6314176023 13979.4267257452
218297676.0314558148 7509.7078626635
220151498.6970032454 8043.3546799078
273392574.6669095755 15368.3868865967
274806196.9134967327 15403.3817672729
218744996.9579810500 7630.5045736645
219028932.4596382976 7739.9647177075
218752656.8028810620 7651.7987707470
217702377.6180407405 7294.2599338381
232271012.1677654088 10848.5679410314
218702571.8514875770 7609.9946786974
232476249.3645578921 10927.8157447195
273901072.3732898831 15391.1218299866
233564571.4446820319 11159.3755629277
232570621.1187783778 10983.6605418539
217098666.7254267037 7014.1583631550
235998289.4265947938 11563.7519632931
274336762.9555773139 15395.0362434387
265942421.8865019679 14969.5134315491
266369378.4497512877 14979.3216590881
226348704.1938154995 9533.9204855854
217383988.6710166633 7107.7540981834
235592133.6327553391 11482.9142039165
226495731.9408719838 9566.1654904480
235695763.5982206166 11517.5879547939
249288821.8115622997 13493.4008306861
248631955.6867493093 13373.8972558379
249013172.5497642457 13460.2089299560
282425821.7054225206 15520.6743564606
266451814.7337868512 14984.5939292908
282510568.7071017623 15540.4543228149
283213494.3866737485 15582.6462783813
283325423.2378641963 15587.8437423706
282107385.7483688593 15500.5524711609
226546519.8437225819 9582.2736867065
282365216.6108742952 15510.8860101700
249664976.7668634951 13542.5387937427
282643902.5821371675 15544.8417968750
268572726.5485860109 15119.7611694336
267960475.4581221342 15089.7396345139
217487630.7855987847 7133.0002329638
266635438.1911122203 15007.4383163452
267233271.9292647243 15033.0629777908
266628306.7335690260 14993.1313314438
266361618.2568192482 14975.7000389099
267422098.6658538878 15061.8897895813
216835023.7771795690 6814.0886941412
217277193.1485815346 7028.1041131374
249427725.3944660425 13516.2194381356
217045383.3771475852 6909.2324364814
268356173.8081986010 15108.9369773865
249817707.2288041711 13567.5206218362
216807985.5071626008 6809.3413844565
216928987.5090068281 6905.8882415970
264591793.9055131078 14844.9666862488
226219062.8582438231 9477.9510348811
234566832.8916365504 11256.0313615808
226217715.1637729704 9468.0097867026
234550710.9408735931 11244.8422616394
226470640.2709138691 9561.0431827082
235303044.2250455618 11411.0244413884
235115868.0106991529 11374.6175715001
234749014.4074189365 11302.8795454176
234662038.0845986009 11267.6488839919
226060095.7709446847 9394.0818856726
216527873.8717812896 6609.7408106109
216434808.1203762591 6604.6373474250
216335962.0443829596 6494.5231513055
225491136.0399509072 9168.6220255359
225457616.5925075710 9164.5545135006
225164186.6411531568 9084.1344247326
225456905.3766785264 9138.1467132275
224832429.2724785507 8967.0507435506
225393582.0720939934 9125.9386318890
224977563.9519336224 8999.9591355031
216297775.5592716634 6492.2716647629
224211776.5823777020 8743.9836759360
223941520.4790146351 8647.3096525462
224211511.0437297821 8732.2781381400
243609470.9698178470 12319.9837387137
243955865.1515425742 12325.0638510592
243607224.4607211947 12300.5736037687
248500803.2179792821 12475.2964523397
246865937.8464691639 12332.9079249464
247634104.8456589282 12393.2407343946
247527446.9999603927 12371.0405701324
247968077.1423406601 12407.4398261532
