318924183.5724635124 25.6472705398
285075206.6578331590 10.1379336663
283914419.6226583123 6.0199436775
285199923.8438292146 10.4692334808
285249526.2227844596 10.4697960858
285125522.7601944804 10.2976250924
288350388.8701338768 14.1723712863
290730120.1026825309 16.6333403205
293696253.8835420012 19.0860669493
294241298.6714633703 19.1841476813
293506909.4442681074 18.8872188555
293489475.2699052095 18.8718216514
300917110.7894867659 23.2456233036
302235805.0623062253 23.9248904120
301822972.2085396051 23.7123296019
301745423.8439804316 23.7107285615
305176997.0253300071 24.8845123593
305389564.2847640514 24.9402474184
305534318.1718937755 24.9741677139
319486444.5604686737 25.6614292804
318710024.9951031208 25.6332844589
305713471.0246306658 25.0000200588
285367549.2751734257 10.6019932646
285452683.9790996313 10.6167507037
285476626.2491648197 10.6388888213
288139162.2916551828 13.9834324491
288262735.5373883247 14.1087522775
293634653.7301745415 19.0063938436
293869871.7416251302 19.0928967932
301708130.0982381701 23.5907993671
305180198.8645700812 24.9309455175
305395422.4871158600 24.9628817011
285631559.2572878003 10.6520353202
285541615.6572318673 10.6484272845
305676787.9464613795 24.9928548504
319458390.4091895819 25.6510673705
285152460.0817474723 10.3084644806
288243400.5405470133 14.0874504146
288325972.8222163320 14.1198390831
294151568.8996474147 19.1800385694
300508628.5463689566 23.0630033482
301722777.4538940787 23.6166844498
302653660.0696195960 24.0446243864
302818220.1637858748 24.0768458378
304560181.4955807328 24.7222918291
306269336.0660728216 25.0786753763
293899640.9155938625 19.1778569484
294339004.2253821492 19.1847321842
293567129.1266523004 19.0062485600
300450894.8691905141 23.0376152787
300755870.6293408871 23.1529650036
314305745.5452660918 25.5036459211
293687248.0442162752 19.0107658037
314984477.6697322130 25.5198563579
288372343.8527243137 14.2450899926
293420976.1312858462 18.8301414853
300902923.0264118314 23.2448164988
301530350.3116790652 23.5854786094
305010410.2933379412 24.8571865577
306742036.1013726592 25.1438107137
306807442.0836842656 25.1656295452
306489744.5704870820 25.1097437982
314648709.4292773008 25.5165641699
283868398.0095753670 6.0166697793
302834976.3175486326 24.0974762794
304922941.1657122374 24.8129844051
306583090.2835783958 25.1239265744
315523544.2222390175 25.5325819496
315277742.3710149527 25.5291848127
284928397.3079242110 9.7932445457
288233327.3060491681 14.0732051854
300369372.3801906705 22.9654401988
304462778.4284955263 24.5102443285
309344109.7117981315 25.3238624725
288379361.2874009609 14.2980705710
288312277.4838751554 14.1096727212
288160962.7013625503 14.0728708354
293550510.4409646988 18.9332396804
300816403.8844469190 23.2176754270
302594745.5374140739 24.0281641614
304706720.4402619600 24.7659392599
304813746.3464136124 24.7813089509
308720266.9783969522 25.2958476786
283917995.9135757089 6.1997524180
283856510.4329017401 6.0163888537
284950502.8711779714 9.9618758148
301937207.7427533865 23.7538209241
302498583.1788538098 24.0213314574
304925603.5675123930 24.8341756482
306776052.5629025698 25.1503663454
283800913.0120557547 5.6818723316
283838003.7706861496 5.8350276360
308776458.0770468712 25.2960783634
315664083.2711293101 25.5397011284
284651969.2422643900 9.1266593803
301005186.0487340093 23.2809894960
300635835.9837360978 23.1312417332
306584272.4131857157 25.1420830432
307053446.3047085404 25.1737991516
308885522.1087871790 25.3003252391
284610673.2225468159 8.8201522697
308432435.7054209113 25.2826531623
285035277.8738661408 10.1368560922
288048056.7825020552 13.7807903441
304751424.1428558230 24.7717814092
308904758.3431595564 25.3071678225
309587589.1534435749 25.3267394248
284089107.6676036716 6.2048201646
302204439.2229470015 23.8744237926
308835318.6549552679 25.2989016715
308975806.3487216234 25.3103541527
308634313.6251892447 25.2947512362
284936177.2893690467 9.8032750463
284898117.0328080058 9.6747446184
290531305.9741286635 16.5202596730
308587925.0205933452 25.2907285932
284948217.1406289935 9.8488312339
302315818.9142255783 23.9405457284
304918540.6530283689 24.7926776055
284963195.2297211289 9.9747203868
293119549.7744989395 18.5786080460
300918866.2848798633 23.2489194106
285007569.4975998998 10.0102902632
288063101.3670946956 13.9071644398
290480841.0451999307 16.4697219292
293266659.0823458433 18.6873420137
302048057.3458359838 23.8398666885
305915133.4291856289 25.0071615297
300762527.9370709658 23.1996340994
302396608.5212202668 23.9485299233
308122742.0228768587 25.2562301252
292993952.9550393820 18.5311314544
292925319.7268983722 18.5148179444
292758259.9783340096 18.3660225205
284631961.9116539955 8.9917606581
288201237.5704278350 14.0728729071
318342393.9005616307 25.5972731356
318531092.2137295604 25.6100480650
284687837.2224773765 9.1474469981
288121794.5700448155 13.9253360038
292879576.9721767902 18.4049243356
307552870.5703787208 25.2179461364
313606627.9757395387 25.4735725019
318449875.7273548841 25.6088968758
302053401.5433518887 23.8418123480
307755314.2155647278 25.2256668452
287990475.6901932359 13.7745691018
284793857.0667929053 9.3081329349
301834228.9671750069 23.7319487911
284796509.9552375674 9.3381730161
284141909.8723210692 6.3467105933
284824855.6981230378 9.4796846352
307936424.1312181354 25.2437459920
284802088.7670948505 9.3670756101
307686400.1033350825 25.2205780987
284725649.0784081221 9.3080762468
307797929.3509165049 25.2414926384
318647959.7896488309 25.6119116042
292893599.0769534111 18.4075831526
292639797.5605795383 18.2956559609
307137993.9646841288 25.1875354890
302043523.0452368259 23.8345938381
288051712.8520686626 13.7896621639
292910936.6518321633 18.4161516565
307586008.2043491602 25.2202195916
300280473.4558230042 22.9078566525
307506874.8726919889 25.2067559008
307528125.1123312712 25.2101814095
314955278.1989197135 25.5179953817
307294699.6240114570 25.1987282131
284228016.6415417194 6.4641667091
290461974.2925993204 16.4672440610
300073052.7683501840 22.7708321381
313928638.9564931989 25.4870808218
300235119.4246821404 22.9020631555
284603162.6709075570 8.6876022875
292713393.9950954914 18.3493077072
314118130.2885411978 25.4920719359
300601346.7358194590 23.0840294976
292628705.4823230505 18.2719794425
284650595.2449041605 9.0117191424
284700885.4414714575 9.1830168745
287973774.5882520676 13.7296807131
306243801.9959832430 25.0495415200
292696264.5261758566 18.3355324629
301256459.0089318156 23.3701438922
292590121.0370963812 18.2060465130
292447878.4718505740 18.1635410885
292285533.0529094934 18.0236616701
313536676.5234980583 25.4656035993
304466284.7163119316 24.6385488864
292205976.5727394223 17.9919327001
300140722.2486006021 22.8194917273
300590476.3841061592 23.0742078237
290327453.2644028068 16.2906725428
300123823.0075763464 22.8078781571
300280616.8877415061 22.9342687372
300632208.2139230371 23.1162171979
290287535.0424702764 16.2693054437
290344731.3072645068 16.2969244109
292005085.3809947968 17.7629859499
292119234.5789321065 17.8900116740
291821838.4225392938 17.5611276060
306095886.9943452477 25.0269168410
314487225.8781139851 25.5040210132
291850722.8011225462 17.6247482366
312604509.3624325395 25.4236485902
291315898.5757450461 17.1394965088
291963733.6577951312 17.7327359944
314291594.6320526004 25.4948101584
314565985.5495070815 25.5053205881
291368095.8746316433 17.1999564228
291697813.5736117959 17.4979277544
290224273.3524145484 16.1473971924
291453187.7521390319 17.2181002033
291941959.9851363897 17.6937262594
291519836.3488985300 17.3490085455
291503000.5865093470 17.3299191800
318221750.9560018778 25.5778921787
291457601.0561014414 17.3262796161
291936580.2872101665 17.6595943340
291712822.2121695280 17.5192785367
290311352.5745471716 16.2717765478
290376706.6194669604 16.3249206974
284220984.3782958984 6.3844263943
284287286.4100110531 6.6731783817
284240113.0892353654 6.5015699933
290290149.0889828801 16.2715446523
317991679.5360048413 25.5691107158
284381773.2705622315 6.6731908510
313874326.9541006684 25.4745314363
284413289.5000391006 6.8447867701
318078174.9928616285 25.5705756340
284408601.0466004014 6.8352238139
290417946.5585307479 16.3570493853
290381657.9151566625 16.3501610777
284383442.9632884860 6.7287874800
290456076.6382065415 16.4431530407
312964891.5470241904 25.4352761451
290989291.9361240864 16.6917683615
291086861.0534936190 16.8500036967
313237901.5469191074 25.4509869013
313384567.5270128846 25.4572495315
291064372.5836887360 16.8220962116
312975006.4254766703 25.4410114530
288827657.8901893497 14.3916379490
291051539.4632822871 16.8191167430
312148526.0374563336 25.4005822632
312492402.5305559039 25.4189770911
312731440.1190997362 25.4324854109
290910204.7826207280 16.6717570706
284486924.3893930912 7.0329496083
284538907.6146720648 7.1918479886
284458346.3864976764 7.0141261337
291083173.9608439207 16.8239637038
291189904.1351362467 16.9803122447
291126538.5968617201 16.9171272198
311939148.0692382455 25.3863505069
284593433.0712723732 7.1945602513
284510344.7868008018 7.0829189116
290903756.0505847931 16.6655115897
311899135.1100950241 25.3778628353
313281096.4134865999 25.4522971455
312595273.5907530785 25.4195899907
311803752.0389289260 25.3650320712
311980680.0819569230 25.3881718460
290089322.2011495233 15.7027186131
290044541.6487410665 15.6360461317
290109782.1255631447 15.8089091791
289989478.3875843883 15.6127009192
290094094.6606081128 15.7843093076
290062945.4618535042 15.6551999289
289921406.8336135745 15.5772930894
289947862.8139292002 15.5869104549
313214642.5687236786 25.4469490293
289892626.5066927671 15.3107062844
289611005.4571734071 15.1384871272
289534692.1902217865 15.0163440637
289488556.1454797983 14.9821718641
289584330.1501826644 15.0667153787
289397159.9215536118 14.9687670924
289248528.4888511300 14.8085056990
289291788.1850976944 14.8086280622
289185758.6710823178 14.6462835610
289047896.9437572360 14.5014923877
288970699.3169162869 14.4722105479
289135172.3796656132 14.5480669296
289120342.4325184226 14.5261653020
311547408.4043294787 25.3376448546
311545751.3435571790 25.3310917858
287953441.0215570927 12.6280643614
287942505.7452576756 12.6259581508
287935244.8636028767 12.5333680072
287867054.1570997834 12.1412962107
287833974.2431502938 12.0897086118
287903571.5002220869 12.2308170502
287885538.4879813194 12.1445132457
287801636.1087765098 11.5836830756
287819647.1255965829 11.5980814492
