120937170.8477290720 277235.7070312500
122700585.4997188151 289247.6052246094
122714032.9573165178 289287.8740234375
122674359.6700736582 289037.6948242188
122292312.8244977295 285270.8117980957
123733723.3150741607 291599.1726074219
123984501.6090642661 292545.7897949219
124117960.3549850136 292739.7993164062
127034510.3178057224 293345.0073242188
109724272.1937502027 92412.6888656785
110965302.6333321929 133195.9526905268
123584728.3695665747 291590.7819824219
113197700.7098347545 175458.4284744154
125003602.4904352725 293111.0336914062
125683048.3909335136 293290.4777832031
113307447.4762814343 176825.9353103529
117411600.6028867811 236256.6126670837
123775117.2104503810 292212.5307617188
110862922.7551844716 132632.4820484370
118888347.8771400452 255181.7058105469
123782951.7518225163 292236.5361328125
120762518.3327602893 275049.3483886719
121310395.7653754056 279439.6540527344
122434199.0929719508 287613.5478515625
112808296.6035561711 169827.8416290283
118462859.3904648572 249430.6335144043
122559961.3137386441 288114.9624023438
123751420.8301154375 292012.9658203125
123856863.9692352712 292265.5080566406
113296976.7685389817 176442.2268142591
112892389.0930203050 171186.0146560560
113061378.7600894868 173552.7220535169
112950076.0545061231 172703.6242751966
121361945.4847750515 280425.7930908203
121160984.7977857441 278748.3723144531
121449458.5589727908 280831.0933837891
121327597.6973077506 279926.7435302734
112815968.6526172459 170273.5036792457
110779418.3422328234 131531.5942310542
112940855.1631644517 171756.4376296888
113040023.5913989246 173505.6412429701
114864724.8072968721 200109.4934723377
111395862.3526135683 144456.8909320293
124317216.2081156075 292809.4765625000
110407312.3502078652 117730.1970020831
110192086.4569998533 110681.8427158892
126190364.9486498535 293304.3547363281
111346201.9210755825 141729.0860228539
111972394.2692342699 155207.4935576618
112740285.9919141233 169430.4110183607
113156883.7388574332 174930.4567530155
122335666.8357322067 286943.4210205078
119910993.2867614478 266044.3475952148
111266311.4337173253 141184.3775839806
111709059.6983581781 151095.5373313129
111158287.6251744926 137062.0665488243
111186447.0143381357 140334.5771689415
118435289.3629017770 247926.0041198730
118452926.0881615132 249288.4652557373
118501293.4641682208 249950.1304626465
118702678.3384877592 253681.3896789551
110760155.2738298476 128825.3880118728
122951874.7392635196 289867.3366699219
110279595.6931990683 114271.8647877276
117490126.8907963932 236330.3116188049
119091697.1641941220 257644.8838195801
121358823.4878964573 280163.6953125000
121417965.5644238293 280658.1356201172
121243385.9479981810 279394.4429931641
113381984.7501928359 177716.6202466488
118602539.9857783020 252004.3587341309
110699720.3895716965 128125.1743277907
120885182.8382537812 276257.6975097656
124049202.9338240176 292559.3801269531
124886781.6886250079 293105.0771484375
110315340.1505621225 115500.5578328371
110891225.3189992458 133072.7482290864
111177620.1782958508 138257.1823935509
111675715.7356070727 148911.0435568988
112623253.0898987502 166029.2463993430
113188868.5525961220 175407.7365200520
109752937.1401047260 92927.7006869485
112471748.9505942017 164792.8611063361
112444168.5803176761 162862.4888558341
119796143.4650783837 265804.6508178711
112342062.4311197996 162079.5916593671
112334644.6755141020 162000.3978387713
111352447.7462968230 142861.7834527194
115176826.3994177580 204381.7033302784
120059760.0549937487 268454.3067626953
121354933.2587747127 280034.4211425781
121272598.2486523986 279433.5689697266
109774106.7812115401 93674.5050641596
114913005.7861844599 200735.0189430714
118861240.8250005245 254799.6231079102
120097081.8724168241 268513.2576904297
114998467.3324823678 202452.8402016163
114956619.6734727472 201934.4790871143
120103878.3850393146 268690.8715820312
109947796.2534047514 101939.4224443631
111499504.9018797874 146973.2262961566
120621894.4539891630 274134.8685302734
112101009.1403996348 158100.5982511640
124079841.8712037355 292600.5034179688
110459052.7354484499 118055.5520955324
125507115.5506459177 293240.9128417969
110253409.7836536318 114237.7076171637
113346941.4846803397 177366.5978481770
115063747.4981389344 204124.4568703175
117479016.1455918252 236276.7399686890
119165907.5165698379 257826.8836975098
109636294.9184669405 84721.8366930058
109706431.7431620508 90184.9808447957
125512881.4444735348 293244.2416992188
110234619.9980625361 113607.8859669268
111368597.0409496725 144168.1932322383
120603721.4358640462 274092.5521240234
112055816.8708102554 157334.1514001489
109885273.8671309352 100575.8678122358
125153638.5586628020 293161.6201171875
109855098.1857856512 97495.8346815305
125333445.4765844941 293197.7839355469
110737620.1934904754 128680.9742108583
115318662.0889092535 207391.8505921438
111915685.1840814650 153168.8560800254
115298624.3849973381 207314.2379982471
119195602.2881955504 258953.5931701660
120108806.2337157279 269455.3195800781
121323539.8782714456 279564.0600585938
110829885.0938729793 131744.4191555283
111884637.8687333316 153144.9398805499
119672090.9238663167 263132.5942382812
110730993.2884588987 128494.1871130369
117301992.0552939475 234892.0050407648
125080259.6575264335 293151.5478515625
110229033.0180440396 112210.1702249050
115295548.2524220645 207199.0746681690
120027204.6321569532 267716.3157958984
127342022.2723959237 293377.3950195312
111361886.2684502304 143418.8163854978
121095340.1192467809 278513.4482421875
111236441.1316740811 141120.5110876462
112859057.2910137028 170655.0696594715
124706269.3937073350 292942.6196289062
111182031.4079816341 140037.2250158689
111928573.7027976662 153993.6812753379
111986007.3014169186 155974.1702890098
115542576.2599449903 210635.0800392628
117406070.3195392638 236132.2318840027
118959277.3567258269 256442.4812316895
120639824.3605789989 274428.6182861328
120808202.1699954271 275211.4553222656
115380535.7634842098 208089.4222633839
117639153.8254693151 236344.7989860773
111034850.7309648395 136531.4481934967
109693352.6028054804 89549.4421742558
109929073.2375523001 101445.2415037155
120399950.7875886410 271378.7030029297
124443067.3962083161 292838.0073242188
109938945.8074547797 101646.3343095975
110117176.6912684441 109485.5749317706
116566200.6172252297 225276.9962825775
119343756.1984987408 260145.8463134766
119249268.2464063317 259501.5095214844
113093221.4003175050 173672.0623255186
124525192.2453920990 292868.7407226562
110136579.1415443569 109501.9152641296
120573295.1561251879 273666.6080322266
110154914.5481965840 109812.5203281641
120597300.1006786227 273942.0487060547
109878706.8003810942 100508.4002275662
119981976.3551371545 267697.4556884766
110831247.9329678565 131792.6029455564
122151822.9574964941 284965.8322143555
109642457.5774535686 84913.9576595426
110119271.0210872144 109487.1652347147
112660999.0866388530 166199.0010462217
109774407.0974824727 93712.4963171482
111946852.6581213176 154174.7564718220
109678311.5054506660 86143.4901608527
124467701.1223806292 292850.1582031250
118909948.3824660927 255664.5370178223
120404620.3643024713 271397.1491699219
109748390.3678217083 92525.1333519313
120232732.5573507994 270697.7514648438
109648894.2795289159 85427.1311390996
122569295.3446349800 288264.2480468750
110652903.9218527526 124071.5319101079
120484012.8704127818 272737.4737548828
123334075.4998580366 290650.2011718750
109682459.9450009018 88237.9415301551
118608840.7219208181 252187.1331481934
110609240.3618807793 123564.0324509642
115231545.4715052098 206512.7690041065
112295308.1611992121 161251.4672109783
120686334.8515580595 274669.6597900391
124841415.0494103134 292958.0046386719
123001730.1293332279 290063.3251953125
111918593.7385427058 153784.6459970176
123071312.6600751430 290163.5646972656
110626735.4757431746 123929.1180222533
117093863.3288808465 232322.6530818939
117240700.2210346907 233727.5803565979
124821655.7260441780 292943.3208007812
117144125.4902942479 232978.3241361695
116797501.3599856645 228266.1515235901
117296537.0638723820 234576.9062004089
116812274.0530522317 228614.1684017181
109972186.3773491234 101956.4366411120
109912140.7502826899 101148.0067533404
112728492.6422379613 168388.5253382139
115695696.1644418687 212113.0542175770
110588498.9480471313 122428.0848151497
117483271.3629267514 236327.3614463806
110690681.9441025853 126945.6238205931
117350618.2598457485 235604.7892850952
116833340.1279176027 228971.2811336517
112461093.4132778198 162979.7757707238
123263275.9877401441 290402.4348144531
123143971.7085050493 290256.8842773438
118802196.4667945355 253921.6868896484
118676105.7635411024 252810.3930664062
119240414.9510160834 259094.2589721680
120631586.9440747499 274420.3133544922
112437299.2932936847 162313.9554922283
118943420.6634428799 256323.9833984375
122998478.2733604759 290057.3835449219
112225453.4370878637 160113.5331289470
116786655.5301964879 228096.3793392181
114002028.0405837297 187168.7295041531
119173962.6389662325 258370.9698486328
111686551.0916162729 149547.6750497520
111584426.7455261350 147729.5482186973
111831611.7674755603 153043.3783848175
120037839.3151526600 268052.5035400391
111814997.7391817570 152700.9570321739
119034983.3123956919 257156.0186767578
111778901.9974101037 151881.2832784355
111763770.3027186394 151851.8592538536
111750781.3508036286 151283.5704748929
114124927.3206689507 188558.6762791872
113883899.1246948391 185026.7603784204
120537017.1759910882 273160.1881103516
114219016.6570385844 189841.0196557641
120811775.3730727434 275341.2502441406
114247679.3378347903 190789.2184500247
113769156.2859899849 182989.2152429223
115699519.6728827804 212359.6057829857
116878852.0293816924 229528.9837989807
116760216.2436517179 228092.7511653900
116395637.5304385871 223007.2870877809
116706027.0693639815 227083.4414024316
110000894.4507709891 105254.8524736315
116376485.7777603716 221336.3035007245
114191031.1298140734 189250.3116479516
115955365.0052380413 214975.7847596432
119849503.1347393692 265961.0123291016
119605327.7991633564 263123.7907104492
109995975.4296571314 104905.6596919447
115848276.6684574485 214827.8286502324
121883021.7275489867 282204.6315917969
110070566.3291133344 106769.7098473608
116138970.0559325963 219116.9831708498
116432058.7265286744 223168.4235476084
116342424.7578236014 221063.9183133669
116389026.6336561590 222104.6393827028
119726229.4489402324 264574.1733398438
122049163.1870897710 283634.5996093750
119461494.0302185267 261121.5219726562
121759388.2139712870 281611.5605468750
119532259.8640723974 261531.2592773438
116029327.2451632321 216462.8150207996
116038588.8017661721 216696.4597847462
119535242.6316728592 261588.4617309570
116100684.5102357268 218508.7631134118
115271585.5771994889 206534.6391753517
121987840.9678450823 282731.3405761719
110497240.6167798638 118573.7683217525
110499205.3088906407 119025.7804030180
115468056.7722174525 209363.8549721241
113584383.5566064119 179898.0842740536
115987395.4124923199 215727.4735299530
110525519.6837559640 119547.3756226301
122010489.4195463061 283112.5834960938
113597073.5339926928 180505.8616357446
121877258.6274193823 281999.9804687500
115496364.0370214283 209871.0436759293
115747787.1070652455 213326.8574710190
115061125.1417834014 202937.7788744197
113669920.8265655041 181381.0171032622
114092955.2778514624 187736.0249658227
113810403.8329243958 183769.1995084286
113614324.6100783050 180533.0262988880
114753246.6331588030 198466.8860087693
114553272.9894764870 194641.3170390427
114620412.3604933023 194893.3840744495
114666606.8953597248 195950.7343462296
114498907.9558514506 194344.5749736130
114467091.3200401962 192565.8393926881
114330287.2197388709 191657.9553447068
