780211639.3409593105 120845.7134585996
801199831.6662030220 131913.7756309509
802189520.4353184700 132378.4156951904
801429555.8333694935 132128.7454071045
801345373.2763037682 132048.3425445557
710814538.0955966711 36930.4856634758
710588416.6262075901 36651.8755394456
748311557.2751487494 96547.2551039916
780335584.4904091358 120861.6111865659
717600680.8635305166 54829.2067108675
717542499.3573151827 54595.1050568148
717943025.0149008036 55190.7976265474
725743978.7246390581 68801.8932189417
726861322.0836600065 70202.8310670220
726408233.9240865707 69901.1725256332
780924528.9323319197 121440.1450572629
712052749.8267999887 40669.5260888579
717398310.8793526888 54435.0275322720
725897098.3124771118 69207.5750277025
725803692.0234785080 69119.2124726885
726244116.6581995487 69603.5920050033
726601641.3719588518 70201.8900396713
749375528.6554300785 97343.8592814666
780344636.8019256592 121086.0286899228
792723996.0605198145 127880.0334291458
792652628.7123898268 127789.0050783157
801563383.2435317039 132162.7053070068
809692134.8177285194 133706.4938201904
829416554.7616245747 135222.8363494873
711925463.4989416599 40298.2333148959
780846374.3148281574 121300.0937834401
710436788.3815332651 35956.3446094774
711827023.0867170095 39966.8710381779
726407776.6597162485 69856.3840713151
792214668.9334053993 127548.7185487747
727140425.8607151508 70204.9930191227
726197675.4821051359 69515.1143691731
726277881.2507467270 69828.7291357406
726028686.5226122141 69490.2148992904
792209003.4266182184 127461.9057168961
725759207.5810660124 69108.8737428301
749184353.8347321749 97158.0573920470
749386322.9584006071 97428.0231036406
717795936.1305071115 55137.2541771456
802128490.1275361776 132291.8583526611
717595200.7686096430 54802.6084290071
749698740.9467844963 97639.5825002568
802154617.9713510275 132307.1905975342
804307134.6276015043 132909.5530242920
805146949.9478501081 133030.3951873779
833478517.1989852190 135335.0704040527
809002827.8934606314 133633.7230834961
717427254.5710436106 54508.5959150604
717842535.4124699831 55184.5101519826
749578579.3792368174 97531.9573839616
781122280.0847028494 121512.9383540769
711637225.3773720264 39319.5135675201
717620859.5871272087 54865.6702508646
781154244.5892621279 121578.5272441526
725566814.8258467913 68754.4262214192
749283648.4384684563 97268.3132955031
801260438.0558164120 131972.0650405884
805162223.3113374710 133043.8411407471
833428332.9630821943 135333.3659820557
717243629.6768686771 54106.6036228462
725346470.9388326406 68377.3285198846
801760493.3357164860 132260.0691375732
748117509.3117721081 96210.4776191751
823688421.7928791046 134696.8926086426
833899462.6212426424 135362.6747589111
804796892.5776172876 133021.8502502441
823629293.6845421791 134691.6253814697
802464828.6950647831 132406.0815734863
802686560.5763132572 132452.0176239014
807674774.0815088749 133332.4088592529
823705352.2059550285 134817.9230651855
747324024.7474393845 95041.7879339184
803326185.9589836597 132550.0338897705
803476881.6091144085 132659.9111633301
803806795.5472419262 132749.2338867188
805946589.3640952110 133117.3384704590
724908530.3904184103 67587.0500201688
725103858.3560358286 67913.3461255122
829215346.0599828959 135197.8666687012
833289895.8694800138 135302.3761291504
808111418.0496246815 133456.3808135986
793207126.0212634802 128051.1541109085
808057168.5958266258 133433.9480438232
716635863.6428877115 52209.2750972129
716548387.2767856121 51821.9057016702
724416945.8781638145 66575.4489398552
724418071.4319550991 66613.3993500451
711524780.5652570724 38552.0083643632
724272073.8993189335 66511.4972504357
716399382.2855386734 51463.7881724589
711492855.4765862226 38307.9043952842
711437730.7425028086 37944.8218704598
716569349.0675437450 51823.8060783779
716319770.6152803898 51452.0246498918
724542786.6834533215 66881.9946244935
716157850.6916147470 50787.8007641172
745567472.4169344902 93211.1535345872
745948338.7222514153 93579.3108646234
824309659.0751156807 134877.7993469238
716301536.8882488012 51136.3707840776
716171484.5845124722 51070.4148476457
779906110.5436041355 120163.2021933217
779966863.1472945213 120245.6780348439
747844037.3762252331 95815.7068222861
747679739.5913561583 95438.6279814343
779416875.3154146671 119504.8798437734
779657671.2135716677 119962.6973639150
807239596.1878157854 133230.1344909668
807359741.7576938868 133245.4613342285
831752465.6104515791 135249.7014007568
711285477.7011973858 36933.5214059372
747606401.7512233257 95423.1494425635
747077285.7788447142 94992.9991120200
794832570.6801502705 128676.8504638672
747386983.8801498413 95329.0947379451
832568481.6861389875 135292.4667358398
711290133.4974091053 37260.2489154137
825080596.2654484510 134902.9030609131
744906619.9767353535 92257.1415719127
744832758.4293061495 91845.9044937824
744932290.8541330099 92367.4690223073
745032184.4208475351 92501.5895120834
806964599.5229791403 133142.0538787842
744901440.5866367817 92049.5826492643
722931323.4646979570 63500.5859237257
832181907.2916760445 135284.2090454102
723585708.6259865761 64913.3372659814
723622183.1014697552 64916.4088138946
723349635.5629428625 64545.4280546737
745169342.8562165499 92788.6265080308
824711261.9513565302 134897.0358886719
723225220.3713394403 64200.6856880653
723053434.6328361034 63880.0526552432
715806651.8808010817 49649.1083202581
715735116.1059026718 49487.4406254510
745708577.8317416906 93367.2814549541
779163356.2337908745 119335.3184385915
778925251.0994209051 119061.6808043142
779218789.4764906168 119356.7440519948
831883294.2890183926 135275.2612304688
722660314.0175789595 63107.4609190267
722549233.2093676329 63089.4715985600
715347075.0493655205 48531.9599295477
715277458.4522143602 48107.0944753173
736025186.2012244463 81243.1957729890
735783594.4110118151 80877.3448920383
824562208.7506649494 134880.2124023438
721988663.6711752415 61784.9755326506
722194458.7411357164 62102.3900147673
722061347.3689438105 62090.7250519987
754243116.9176084995 100428.0443066409
754222246.3026293516 100410.5069513446
715276362.3105628490 47758.3869846634
746241855.6727521420 93971.2748536726
746106006.0546482801 93762.4233827253
745806237.0394340754 93467.1924625223
715181322.2309494019 47727.9636425099
714980573.1162413359 47347.9897030166
735571182.2316181660 80531.9308661057
715091289.1746108532 47432.9826543810
714946657.4273941517 47052.0179760041
714836129.1483610868 46606.0690682739
752818273.9722765684 99217.6250369711
824185816.3974626064 134858.5067901611
745525594.2680234909 93164.0129507219
752856135.2374416590 99332.9308078452
753442793.9211570024 99758.0022399588
721782929.4772690535 61272.4438928707
778717455.1148093939 118642.3733623475
778701235.0381845236 118615.0033290833
778471293.7250918150 118494.5377223939
721814239.9332647324 61301.7725099666
721823703.9358991385 61315.7965273006
753014281.6579306126 99409.6308181448
721523173.4940477610 60633.7273332222
753210482.2416890860 99611.5737273856
721659058.8343286514 60991.3390688045
753565312.0992249250 99857.7807767554
736623049.1562191248 81314.0160364562
736665042.1399893761 81321.7288150096
736200513.0045042038 81288.6350088918
828340313.3873777390 135026.3564758301
752992816.3572272062 99362.5610358878
735442662.3327729702 80168.9935136286
828025712.7119376659 135022.1443481445
827854987.9841771126 135001.2092132568
720399568.1393399239 57416.4175917903
720703380.2022089958 57830.7789580771
720449007.4383149147 57469.4700810859
827570535.7661066055 134970.7215118408
720202325.0874662399 56790.5438978472
827027382.8224492073 134904.0433959961
827425755.8633134365 134960.4076690674
720116889.3449891806 56498.4676543878
714647790.9111360312 45320.8500368442
714364163.6063969135 44297.3405898061
719781492.5936499834 55439.9849748712
713899526.9139466286 41109.0247197007
719797041.9006321430 55512.5269167524
800848751.9153257608 130760.3149871826
714116572.4976875782 42619.7336434389
714180188.8082597256 42987.9636413541
714177203.5918405056 42631.0015146355
800477545.9110358953 130589.5904998779
799345436.2799997330 130103.6137619019
799248168.9814825058 129869.7917175293
713971289.1847319603 41567.9967462639
713909138.1776655912 41310.6202678303
734764466.6942939758 78603.3781097713
751678062.1523423195 97755.5144384908
735123560.9701458216 79030.4842941849
798198510.7104982138 129489.3173141479
797817651.9520951509 129310.6508712769
796846675.1799744368 128983.3897323608
796716344.2646745443 128923.9274063110
796372969.5845891237 128749.8554763794
797384552.7301836014 129134.4909286499
797622019.5814826488 129236.7961502075
797672562.8753591776 129246.7722244263
797215937.9186726809 129091.1665878296
734710658.1618489027 77676.8961801063
791846272.3215019703 126067.8523673285
791915327.5970740318 126095.1295432319
790973428.3442777395 125446.2498425712
788709578.5003845692 123695.5618735403
788089291.3549580574 123376.8449622244
788005804.1006245613 123253.4934016317
788243260.9801492691 123498.7949896902
740573562.3637666702 84944.2363280175
787144630.6040580273 122786.6516715139
787486969.9474245310 122997.4780722708
787228831.0314809084 122794.5090323538
744663689.9261629581 89379.5415456682
787847975.4210209846 123205.0224219412
787058347.5309399366 122527.5978032202
744462742.1330720186 89095.3635337739
744177063.2092435360 88720.5548880177
787552073.2671874762 123032.3095542043
743047910.5730742216 87421.9974978047
743528235.9801210165 87898.4370367604
743337124.2622450590 87728.4779608326
743331191.5686691999 87521.2976934986
786774774.3412615061 122312.6216593832
741792797.1044018269 86274.6048535183
740737896.0643903017 85178.3096366809
740720587.5904223919 85155.9254960347
741368338.3342527151 85559.2171371324
786905873.5105141401 122332.6471472830
821829142.1785588264 133852.7611999512
821775641.2117841244 133832.9528656006
739614961.5293679237 83424.1319326181
739338999.9589681625 83212.9421811123
739156337.2611936331 83087.3543447275
739442432.9535592794 83279.8750084341
776561514.7224662304 115217.0534625386
776684853.0301200151 115348.6511493062
776016566.4838676453 114740.8218625874
777279531.2433394194 115586.2630246968
821716122.9566845894 133811.2510375977
822272419.2117722034 133932.8756866455
777433077.4949915409 115660.6529471435
778176208.2294226885 115807.1648794663
774082442.5781515837 112338.3343331543
774189359.9156059027 112385.5160653320
773924612.3100681305 112133.1411187378
773340802.0134259462 111852.4955813315
773925515.3121669292 112189.2579419342
773979050.9986081123 112262.0492760864
771712197.1066353321 110459.4166922596
771795298.2808737755 110552.7821553972
771825057.1855680943 110565.9880083418
769832718.9250749350 109020.4450459507
770153577.6119866371 109331.9300140169
768621814.9841285944 107593.4933514842
769168548.7412637472 108070.8373265513
734568241.4095151424 73845.5315282682
734249111.6332647800 73017.7718303540
768628382.5731717348 107636.5223813304
734044550.4225354195 71868.0888002959
768147648.6841038465 106825.9103379496
768132375.3073384762 106797.8619127055
734065051.5484913588 71983.5868399589
733983636.4377393723 71692.5868714302
761932529.2895544767 101077.1713199491
733863748.6549475193 71626.0173991173
762142712.7628353834 101145.3994083281
763687184.6678535938 102349.8705239387
763410013.1235911846 102167.8677648099
765909464.1396937370 104110.7525373977
763343817.0138089657 102077.1879714520
765768802.8424623013 103866.6205083223
765723674.7608542442 103853.6930405961
765455843.6447157860 103548.9825503348
765645452.3328664303 103591.3808377774
765702176.1810140610 103657.8403104336
