88465191.1632187814 31358.2160311490
90181870.3216665387 41855.1910640746
90370805.3039359003 42224.7405876070
90680070.9217676967 42516.3806240112
90393583.6298372000 42391.9073421508
90237759.5957772285 42066.5325474765
88501420.5539251715 31734.9812329561
88916576.0907764584 36127.8873450381
89075795.5271913707 36959.6337394339
89712363.5214198083 39994.6900589019
89992972.8807552606 41604.4510585815
92222523.2231145799 49760.0770683289
94929835.2016906440 56722.5087280273
97029139.1000842303 59154.4352111816
98148914.1917852759 59594.7871398926
97705744.6748342216 59488.3874816895
99499963.2150732130 60049.0992736816
88997468.3121082336 36270.8275692088
88523441.3900277019 31811.6231305152
88544276.2349368930 32645.0272290260
88846613.7895100564 36025.1731116397
89012835.7945565581 36802.5817315727
92363134.9715487212 50246.7521476746
93916092.3717338592 54526.9988708496
94662747.6254426837 56160.4102630615
95434849.1170142740 57342.1316528320
95638631.0632609874 57814.1616821289
95652584.2295985967 57865.9479370117
97107071.4313449413 59210.1583557129
99770151.0668573081 60164.4617004395
99371363.5699611157 59999.1888732910
101896269.3639568537 60605.0973205566
102652346.3918494880 60858.7270812988
105795954.1446274072 61328.1230163574
88890294.1060757190 36025.4514151943
88930526.8087130189 36173.3753478080
89878822.8952389956 40794.5108623530
90035618.9812876582 41615.0419374108
93299059.2318921685 52869.5498352051
94654342.2479097247 55990.9245605469
95676714.1435862333 57934.1803894043
97997820.6531728059 59571.4678649902
102370994.3159728050 60806.1758728027
93678941.0276049823 54007.1397705078
89055087.5848456025 36929.4807449197
89967633.2774078250 41292.9080849290
92593550.3445416838 51249.1099052429
92193292.1919309497 49718.4313735962
93488164.9357442856 53712.1075744629
93443482.1864650100 53514.9328002930
95403760.1764900684 57294.8101501465
95388967.5634702891 57232.2868652344
95763880.1529361308 58119.8350524902
105136446.0523566604 61232.0545349121
89926327.8728437722 40844.8652255088
89967607.1034612805 40961.6181094199
92450452.5378191322 50671.0086784363
95230743.3414375484 57179.4946136475
95428794.1714565605 57303.1145935059
95710783.5400939435 57967.1515502930
95462127.7991684824 57473.4025115967
95890550.9169210196 58335.2998352051
96647740.4962513000 58979.2505187988
104522380.9946780354 61163.8557434082
89871918.1413475424 40781.7555071861
105382475.5592589080 61268.5226745605
88798619.3463882357 35027.5365502387
88906032.4808034450 36114.4510710388
89789467.0052184165 40678.5584780723
92383062.4247705042 50446.1110420227
92589863.9860071838 51012.9898796082
95226180.8546407819 57145.5303802490
97724294.9579122961 59494.9205017090
102314296.8549167514 60790.9911804199
105584114.1370077282 61301.0283508301
89014261.6579083651 36813.0081980824
88530838.1462258101 31927.9306162177
88600131.4302673191 33321.9223281890
92667776.5953415483 51344.6401672363
92466390.4825797975 50700.5986442566
92400336.2870530039 50631.1892814636
94080118.8646036983 54738.2951965332
95493293.3575864285 57486.5686340332
96448556.6794156283 58797.4866638184
102869882.8898060322 60886.5264587402
105164784.9444695413 61244.1617736816
96033789.0110093504 58431.8892517090
96433298.7053992599 58778.1726989746
89662709.5469766110 39984.6249072105
89758769.4659043401 40234.1750900298
89616563.8363873065 39870.6223055869
92946333.2936901450 52037.9370269775
93587052.9334756732 53737.5498657227
95512583.5480253845 57782.6604309082
95834024.9007903337 58271.1773376465
95885257.6912384331 58333.0461730957
96206744.6321710199 58583.3515930176
96569167.5896155089 58948.6175231934
97415322.4823951721 59298.9162902832
99041904.7234331816 59915.7433166504
103694286.3285156488 61034.6552429199
97057498.5892870128 59201.5618591309
88596284.8553496152 32867.0410659499
89508673.4118748903 39083.0899607688
89498520.3906309456 38929.9505932927
94601301.7667400837 55955.5735931396
97017064.2442913651 59100.8823547363
96669122.3710152954 59001.1304626465
96475235.0882349610 58843.8881530762
97562977.0273163915 59363.4643859863
88526513.8883308619 31908.5497113019
89500345.1409143955 38976.3893916160
93704625.4374824315 54009.9526977539
97314714.1656668484 59226.7769470215
105087300.2134051770 61215.6406555176
105491596.0214731097 61296.6434020996
89615035.3158276677 39703.4700572044
89604635.9888999462 39226.2728685560
88692028.1502593607 34388.1817109138
89069696.7651852667 36952.3459996730
89434945.9138059318 38929.8103892356
92065135.6586503685 48484.1905403137
93757089.5511501431 54193.8920593262
96137790.2650946826 58473.1282653809
99983751.6977421790 60208.4105529785
99684619.8353088200 60133.0143737793
99430075.6742118597 60036.0865783691
99504149.2385757416 60102.0108947754
99152526.5426971167 59923.8503112793
88977727.8689230978 36234.3031135201
89560059.4141230583 39172.5804072348
94979283.7914316207 56763.1682739258
96203095.1039745957 58516.9311218262
99162762.0788775980 59965.3631286621
105115203.0670904517 61230.3838806152
88562967.0562455952 32755.4188711643
89323179.4661622941 37982.0028899868
92848234.3788309842 51697.6110992432
92569157.2101325244 50971.9488372803
93219678.8382023275 52855.5229492188
96018206.5039016604 58349.1910095215
96981632.7168402523 59097.4523620605
96768276.5398162007 59028.6950378418
88678428.0386878550 34289.7232148200
89610614.3314832598 39267.5345850913
89401130.8268008381 38255.5295784069
89591811.2744627744 39175.2972802697
92508905.0100320280 50830.5256805420
92566000.9897275865 50874.1692504883
96376308.4148993939 58698.6393737793
97254557.9172652215 59215.4655456543
88999493.3006495088 36532.1093599349
92255912.0365524888 49899.0332984924
93707427.2318357974 54026.8212585449
95919887.5247503817 58337.0004577637
96356962.6288745105 58695.2670593262
88806359.1946805120 35289.5637983829
93426982.9134736657 53210.9214172363
88579220.8712307811 32861.5120236427
88536760.0617550313 32017.1952384561
89086473.2654164732 37038.5250770599
92092419.0223097503 49232.2892761230
93508651.3874222934 53715.8699645996
94004368.8718932569 54641.1196594238
95045133.6175240278 56886.2711486816
96301441.0565352738 58681.5624694824
102775237.5836580992 60861.1205749512
103065011.4861527830 60964.7626037598
102803723.5195792019 60868.8395080566
89428164.1436388642 38734.9669262348
89361584.7962264121 38007.4375102073
89422071.8559104055 38723.4894190757
89257157.3902495056 37892.7214481831
92997607.3537006229 52268.5961608887
94984961.9645805061 56816.1087341309
97377695.1551357657 59297.0642395020
96926671.8835355490 59080.2529602051
89244183.3116219193 37850.0779788047
92791555.4525473565 51589.6548767090
96474457.0900784582 58811.8949279785
98681991.2839717716 59783.8646545410
102089328.9412536323 60659.3217468262
88653072.8633653522 33749.8853742629
89163794.0588397831 37118.4938113242
92286462.7439587116 50086.6081886292
93766094.9182316810 54197.2106018066
96406780.2796065211 58737.1253967285
96505574.4842951298 58850.3792419434
102958571.8472585082 60894.9121398926
92851772.0148416609 51785.8356475830
92477787.2574658245 50769.4259033203
96857636.2764576226 59066.1564025879
102518959.4683464319 60822.7245788574
96712574.0894934535 59003.7055969238
88740752.9695701599 34610.5487973243
92823158.3859102279 51636.2110748291
92696765.5649994761 51505.8317413330
95231617.3884691298 57222.7100219727
94822215.7312728316 56516.5462646484
98259382.0263573974 59606.7949523926
92962592.6781878173 52142.9366912842
93187970.4500402957 52718.0315856934
93112151.8179015368 52330.0207366943
88577496.6047155708 32823.9927937537
88745181.1229479760 34614.9380068332
92893265.4789265692 52030.5785980225
98571579.1094694287 59716.6158142090
96182054.7880627960 58504.2378845215
94747098.1141949594 56338.4179382324
94884510.3578198552 56516.7261810303
94506035.2884910107 55792.5801696777
98593229.0220734477 59764.9317321777
98933180.5474205464 59792.5328674316
89364377.9549639374 38164.9746420979
93141547.2282038778 52546.1969947815
94672994.9799514115 56170.4750671387
95105798.2146719396 56959.1697998047
92960455.8169399202 52055.5131835938
96179466.0684938878 58503.3050842285
98950661.2431702167 59850.1425476074
94493401.6812116802 55696.6808471680
97624088.9013351947 59374.6229553223
98393738.3128717393 59667.6713562012
88530895.5086402595 31949.5824582130
94706498.2057835162 56302.3344421387
98265799.4557529241 59654.1650085449
88730048.9321932346 34414.6963448077
89227449.5077434331 37293.7352472087
92891558.1658903807 51933.7284355164
93180317.6953198910 52581.6602325439
93643725.9134311825 53897.4141082764
102826903.9798617363 60883.9602355957
105453181.4507342279 61293.8857727051
103844146.3235021830 61083.8692321777
88649086.0576955080 33583.9350157380
88732689.7296038270 34460.2410685569
97521478.0750166327 59332.2018127441
97615280.4801641554 59366.4211730957
92842861.7812892795 51686.3087272644
103320778.3435325176 60964.9984436035
88627463.7389839590 33576.0689579993
88721605.7542373091 34400.7191690952
93117186.8750839829 52482.2530212402
94159899.7759888321 55184.9877624512
94261706.6645236760 55257.1481018066
103556246.5285822451 61028.2644958496
93114499.8735628128 52389.4550933838
92864545.6480598599 51896.5614013672
94019837.1421955973 54718.3730773926
93954493.0207644105 54593.3571777344
94343634.4729000181 55435.4599914551
101021387.6371961981 60323.0843811035
104558939.8136056215 61172.6796569824
104634486.4531558156 61208.6706848145
93441286.2934241146 53222.5329589844
93334497.3688358366 53086.8009185791
93866902.3860177547 54391.7022705078
88829517.5235936493 35299.1140086204
88838611.5604810417 35354.3451080918
89188112.9720377922 37247.6266120076
93596905.6976522058 53832.2016716003
100994885.9205929339 60218.3522644043
94413854.7673706561 55559.5888214111
89179289.5622261614 37142.9942267537
93907313.9803276211 54514.5903320312
101368761.4571847171 60436.3352355957
94368256.8524441421 55492.2297210693
104284663.7120895833 61103.9971618652
93307280.1785464585 52937.2444763184
94353051.6035725623 55466.6530761719
94382904.1128656566 55547.5469055176
103906752.7253501564 61087.8648376465
93710655.8415265828 54095.2680969238
94120244.2993270308 54973.6880798340
101654201.7901972383 60469.8085021973
101784321.6346524954 60486.3024597168
104318001.2322973460 61154.1538391113
94377481.0073771030 55513.4963684082
94428679.5489137620 55689.2803039551
94129978.8777261972 55124.5174865723
101546880.7091109157 60451.4649353027
93731007.6884086728 54174.2176818848
93662516.4519288242 53900.5880050659
93980708.4521463364 54604.2864379883
93770598.5904461741 54317.9288635254
94271995.7019156218 55365.8515319824
90769244.7377503365 42744.6408878267
90791182.5768000185 42897.0718419254
90818701.0102376491 42900.5089197159
90956419.8374208063 43399.1744226990
90827274.5335534960 42915.9223055420
91093771.4669641107 43847.8140024720
91044415.0343976915 43790.7373137055
90908918.9998098612 43147.0765642701
91654560.8238698989 43936.6592592774
90765004.8705055416 42620.2913832245
92042113.5520821363 47145.7679530382
92034889.8314593732 46562.9999822378
92018773.1998831630 46484.1932010651
