641558740.5781443119 2114.3695669689
678554702.5282974243 5828.9511371159
640808347.6834920645 1930.8586828176
654097057.9269735813 3995.9928712784
678144567.8353424072 5810.5958312654
678232399.5453454256 5814.8538729993
679545211.4914283752 5886.6395363044
679304920.0419642925 5871.0831368954
697578726.5611349344 6835.1711089611
711454122.4391695261 7155.0837125778
711142681.2251813412 7148.9010214806
716801852.0024679899 7181.3937549591
718407278.0034286976 7189.1854906082
641490935.1779316664 2108.4239643862
707264316.9934594631 7090.1164708138
709756193.1375221014 7130.0122041702
710245154.2977573872 7135.6107330322
717238631.6190589666 7187.6988759041
641580109.1146693230 2115.8927990550
640944286.9944427013 1955.6586917153
711275418.6835299730 7151.3647260666
711813590.6290436983 7159.1214580536
653861668.7193316221 3974.1671673744
641591862.9911769629 2119.8994259876
700780930.2680747509 6942.7103481293
710694322.2898875475 7147.9232816696
653613004.2062300444 3935.4234078615
678962503.1102627516 5852.3698102898
679480319.8905857801 5881.7862084897
707513829.3685541153 7093.8437981606
679379944.4106534719 5879.7549241574
679537687.4672275782 5884.6837128194
641584549.9537529945 2116.8926110475
641442430.3076920509 2095.5613176306
712011960.9773411751 7159.1522293091
712328814.2157933712 7159.4389266968
641418455.9258403778 2093.4277113639
653739300.1318237782 3954.9922292768
672584621.3068190813 5417.4991977489
679328377.7916073799 5872.9626071906
679276298.0444581509 5866.4418623230
698581444.6970934868 6878.2792830467
698952367.2557336092 6892.2360777855
711702765.0717436075 7158.9408283234
718139891.0717375278 7188.6078500748
711541965.4024722576 7157.8060617447
679298593.2109165192 5866.7122862121
640897926.7854187489 1938.7231346435
653496555.5792709589 3934.8118198602
679094715.5299223661 5866.2075627835
678846715.6455067396 5851.9963304779
711548876.1333477497 7157.8653078079
653246164.0340813398 3913.7469876497
653131284.4285836220 3900.0184859867
697876712.3056421280 6850.2752323151
698291937.7790894508 6865.7344384193
653026971.2298759222 3880.5318453680
640859098.3976535797 1932.1060870847
697732782.4414283037 6841.9917864799
697743005.2247166634 6844.3233065605
697814004.0997612476 6844.6563906670
679018330.6071004868 5859.0618192932
651261742.5135904551 3685.3760163670
652671656.8791491985 3844.5214446060
698146565.2736854553 6857.7298407555
641295878.2389130592 2057.8528911220
697497891.9398386478 6817.3195500374
698051421.0451089144 6856.1459784508
697668169.4821093082 6840.9507441521
711364028.3254321814 7153.8157167435
641205749.6492003202 2034.5178062069
641193585.2247234583 2020.4359458434
641120561.0524111986 2011.0318473327
652843984.5299521685 3861.4354319557
697846265.0110809803 6848.7604951859
700183937.9656138420 6932.0548205376
699569716.9279823303 6911.2905673981
699744765.5793700218 6915.2136502266
699729243.1367566586 6913.8999371529
707966147.1057082415 7104.5098671913
710942897.8124680519 7148.1143503189
716930400.1889692545 7186.0337181091
698147016.4844064713 6861.7804598808
640796783.0553576946 1870.8355750356
641106187.9802515507 1981.1919279137
673160201.7219333649 5455.3723488128
698133682.9079271555 6857.4287314415
697963626.8240354061 6855.8972697258
707965802.2666180134 7103.4942202568
678763678.2578775883 5843.8588103304
653098226.0041499138 3884.1522565573
678440019.6249135733 5825.9687899599
650943683.1076511145 3639.6152754247
650940378.1758290529 3636.8875018403
653160283.7258162498 3901.6898141592
698350007.9353340864 6868.4519791603
699882083.8023225069 6922.3901762962
652771070.7851868868 3856.1468138680
707701270.3114486933 7099.7403798103
652629001.8487401009 3843.3704936713
707422740.4264298677 7091.4952769279
652534767.4476922750 3838.1003470406
652884158.8560419083 3867.4312672485
652908984.3200135231 3876.4313495029
673344904.5291543007 5470.0011975110
698393811.9128357172 6869.9470443726
659251813.3955305815 4371.5232628808
673281311.9595464468 5468.2015030755
698636930.4645850658 6881.8054356575
698517606.0150916576 6876.2337880135
699469537.1733053923 6904.4224343300
642097447.2448244095 2142.9529807316
650943743.5811551809 3640.7645805299
651078192.9762611389 3666.3085327538
650950375.5864628553 3648.0616560399
699251792.1855722666 6898.9538092613
716374486.9156295061 7175.6216616631
642111052.2123870850 2147.5674407231
652691300.6483454704 3851.1709154010
650946555.1698594093 3647.5538465276
651026753.5827740431 3662.9962206304
642325937.1937663555 2164.0880495795
651322986.6468640566 3698.3790105375
652281432.1795399189 3803.7952396686
716403736.9353833199 7179.5294632912
652138766.2972817421 3784.6665299650
652270720.2528802156 3792.9142709787
652080944.2113076448 3782.7042325254
678327646.0585047007 5817.8052304933
651189912.6344115734 3683.9995168418
699348706.2404974699 6900.7259812355
699518928.1970071793 6905.6983351707
716284534.5694268942 7174.4653439522
658456906.1418981552 4317.8286199047
658569326.8160498142 4326.1545562627
658144249.9762618542 4293.4547877385
673645240.8653850555 5482.1458134925
707769400.6360151768 7101.7763924599
679935031.3553966284 5901.7683126772
658094704.1819477081 4284.6594198568
658259411.7650939226 4298.7038586958
673312459.7345759869 5469.5698347366
657841497.0455223322 4253.4076854809
657899195.9797706604 4267.0859940870
679783291.0686112642 5891.1083020171
657666808.5984417200 4246.0601939334
680157279.1572821140 5903.3407043040
679849968.5985779762 5894.0215199242
657807788.5133142471 4246.6018780846
657469986.9289392233 4225.8379964045
657846344.3334832191 4257.0542634352
657646852.7711178064 4243.2449407204
676982297.0532394648 5718.3004590935
708672213.7518433332 7109.4906053543
673497203.0224334002 5478.1998834884
673769254.1045198441 5495.9932565963
656434639.0380729437 4127.5598826710
656187474.9856990576 4104.4631649767
656327174.6709693670 4107.6147197155
656376019.2986372709 4112.4221239185
656145964.0364484787 4087.0411728394
656010477.8542294502 4085.4096932501
655945016.8541313410 4082.2135475647
655767571.2821834087 4062.1586144130
655627954.0833543539 4046.1718422334
709741916.6772246361 7126.6500654221
648706181.7696552277 3138.2000481635
709707700.1184819937 7126.2117795944
648652643.3345330954 3126.5879432410
648542146.2762660980 3098.4795344621
676560712.3321139812 5691.5579773850
709009661.2938892841 7117.7927432060
709337368.5791041851 7121.9706811905
708862097.4781514406 7114.9962430000
676831030.7363522053 5707.9996640153
676919841.8288167715 5716.6596161789
677068091.9336984158 5728.8186013169
708775084.6055338383 7112.0045480728
677311036.8344432116 5743.6043621964
676736273.7993382215 5706.4123207993
676714694.1168099642 5704.4085308976
676552867.5690797567 5691.2998732991
695726058.5811645985 6695.3634517342
695448044.8241107464 6678.9899280220
674680328.6826758385 5550.7447030958
695117578.0151110888 6663.8875278160
695510627.3901143074 6686.1998469979
695213913.8956632614 6669.3766062409
676234636.7444176674 5652.1154826086
674158962.0887297392 5499.1666758334
716092533.4245859385 7167.7863874435
716203968.6134449244 7168.3218555450
676179251.4872344732 5645.3376925390
673977053.5220236778 5497.2702105319
675180408.2533692122 5562.2988296934
706557682.7471787930 7028.0818891525
674789922.3614013195 5555.8451105438
674823785.6137889624 5558.5762182556
672424900.6298942566 5356.6730074316
695967253.5125995874 6702.4520571381
696426993.3704407215 6718.5704448372
649483506.0720796585 3166.9680882369
649624280.8962668180 3187.6225478438
696192534.4181104898 6711.1657970101
670103884.6958030462 5121.8256722684
650169272.9058489799 3243.2806427382
650793203.2812498808 3325.6438452514
650632853.7827827930 3299.4479983362
650517591.4498274326 3277.6118375562
650321270.7528471947 3246.8469189388
650537218.3641904593 3279.9858129906
650460897.4107592106 3274.9367743038
650415377.8300625086 3265.6290210029
650321499.7825292349 3255.7207594417
671344519.1314284801 5240.6550052598
670807277.3369467258 5191.7789526400
706552728.2129350901 7006.6351032257
670453320.3892779350 5157.9169929442
671174318.4797321558 5224.5262049835
671109667.5321590900 5207.9776512547
706501069.0124363899 7002.9909328222
670909136.1954518557 5203.1615682761
670662284.5003250837 5183.3848410067
671110325.7906858921 5213.9405946569
670880222.0245853662 5198.4188905177
645570762.7987973690 2164.7802962799
645664111.1320464611 2167.8632063726
694237348.4879506826 6549.2556309700
694259874.1742272377 6556.3120684624
693790843.5864390135 6534.6719813347
693762357.7592768669 6531.3512797356
694007564.0395101309 6543.9591708183
693833058.3748439550 6537.2861437798
692589752.6295167208 6456.7049852610
692717960.0769315958 6462.3215023279
692730228.7820773125 6464.9655414820
692347891.2563945055 6437.1016439199
692248785.2666213512 6421.7492583990
692374184.8695801497 6437.3063160181
706160905.3386127949 6971.3835859895
706428806.7115240097 6980.5651483536
706241688.7699633837 6978.3547286987
706434973.6258049011 6981.9230289459
692136240.3958550692 6413.1318923431
692009090.7905596495 6399.0570539432
646423395.5766015053 2182.8891832924
692007683.6487008333 6377.1422531111
669801097.9190601110 5000.6220721127
669709018.3251637220 4981.7997794393
669894189.8908810616 5019.7650487665
648195788.7170230150 2286.2123023622
648132100.3356053829 2254.1540290347
647947042.1370958090 2212.9282707673
691436862.2289733887 6317.6052809712
691599561.0181381702 6318.1000255104
690241636.2509974241 6252.8439519766
691336561.2355648279 6302.3537490749
691185882.5531154871 6296.6348981101
669515686.9716372490 4887.7758028084
690317549.3604590893 6256.7384755972
669638166.0599434376 4891.7685509644
689425953.2720148563 6201.5103417996
689308937.2565279007 6194.0600145611
689320429.4548138380 6197.3283537182
689236892.8929407597 6191.3042124065
688990479.2150458097 6171.9833051490
689267053.6696799994 6193.0075834545
688794861.0834363699 6169.3752042579
669627074.6314677000 4890.9932562433
688288162.3428821564 6140.0073785114
668815966.4506131411 4814.2690834923
668719764.6713012457 4797.3688336609
668449689.9814203978 4774.1143058537
668437190.0757985115 4770.4154735472
668635428.0869901180 4786.6197164919
668649571.2791335583 4789.7748526003
687192020.3440064192 6056.3346141796
687050843.5647417307 6050.7403835278
687011000.9815870523 6039.0164059620
687019884.4750058651 6041.9386796500
686033266.7714415789 5986.8329998951
685684194.6379501820 5967.8732177715
685259304.0402215719 5944.5396360845
685201755.8026273251 5931.6637587041
685984019.5543398857 5973.0528211087
685401240.5180364847 5945.5984606236
685633132.0343034267 5954.9516434163
668386814.0994230509 4738.7665660447
668055733.0036545992 4707.0087928838
668234447.4133337736 4721.5739786691
685125997.0503132343 5930.3086025915
667930850.0582336187 4591.6820744052
667928392.1827739477 4585.1713766127
667895808.0685925484 4553.1660541190
667880779.4748264551 4538.7349593534
666794025.0563880205 4409.3660597174
666738376.3407168388 4404.0313103764
666598552.4337148666 4385.8003205079
666592008.7910513878 4374.5716305086
666564239.6245418787 4372.6277334848
