736867812.0572179556 10096.7016034161
746005823.2863259315 16070.3674260317
746655570.7350137234 16324.9136281162
775730730.1594047546 25146.1898380041
775931747.5581587553 25167.6413756132
776381989.4039906263 25302.7278966724
776045031.2951010466 25245.5408259153
776568519.5436061621 25331.5764703571
840013428.5417811871 34558.2989234924
840861003.9156816006 34606.9902553558
746768591.0583788157 16408.7942284181
746130460.9174859524 16222.9936274125
736864890.0976558924 10092.5101319945
745692597.9249091148 15980.0350607469
776145644.0353083611 25272.5109796345
799627987.0432480574 29389.9694360914
883638803.5325058699 36556.6696662903
884361768.6576348543 36642.2318115234
737126599.6791325808 10126.0633344055
779241971.9290636778 25871.2239604417
855097328.1300872564 35720.0670814514
736249434.4371306896 8906.0604066914
776613346.0045151711 25345.7594847500
736332147.6515915394 8906.8682134463
736200031.2835955620 8795.2079324140
775073303.7447557449 24893.3442212911
777503117.1028493643 25532.8504857838
736901972.0243023634 10115.0418403143
736180082.2167401314 8794.5417231931
736695850.0607963800 10000.6057283080
775092907.9211864471 24928.0247547003
775019628.8520696163 24875.3598081442
745567754.9322371483 15962.5796516969
778670532.2451189756 25793.4777732316
745761259.2376170158 16053.5203023984
774976864.4518213272 24848.5683733793
778408212.7997652292 25741.6405954781
778526301.0549451113 25769.2384181443
840690671.1252490282 34589.9534502029
884245094.0573130846 36633.3276519775
745556718.3391735554 15905.4573544099
799795997.7356659174 29431.4504999342
737187181.0731199980 10151.0056913427
737358530.2046610117 10155.5640515889
797628410.1073925495 29094.2501124034
799184268.0092498064 29344.8789581480
883903955.5851122141 36614.8987579346
883300140.3412400484 36536.1347522736
745533070.6127102375 15860.6416479184
777206362.8507578373 25485.3276271641
777702135.7347161770 25601.0769958916
883650083.5512574911 36605.6487274170
883932481.5430063009 36625.0303344727
777083454.1862941980 25472.4192104160
778117952.5733813047 25694.2865457955
736389628.0551768541 9073.4185216599
838498343.9565144777 34356.1334338188
854919192.3502520323 35715.3826789856
884116947.3650466204 36626.3191680908
776835219.8339327574 25391.4382095158
838404875.0341711044 34324.9653992653
839693339.0270442963 34513.5189514160
798633253.5137238503 29227.8488752512
776952530.7314521074 25430.0609578907
798717378.4591329098 29282.6923887400
778214486.5024690628 25695.1132879677
854524227.7404657602 35707.8915443420
745288219.5194659233 15692.7327713802
745479968.8388335705 15858.3085599973
745421206.1292270422 15805.8300348962
778005440.2106850147 25666.7031984749
745297839.6751384735 15720.6503371879
745372856.5054049492 15803.5134645536
854219595.0214411020 35692.5245323181
777051830.8780052662 25451.0940024229
777303920.0114920139 25488.3218687624
776719203.9920182228 25382.6204959722
853443866.8742603064 35643.8142967224
839806725.1388618946 34532.5914344788
839284126.4754821062 34451.9392318726
839477300.7669547796 34496.0487632751
745313527.6131904125 15722.3004569247
745271236.2259688377 15683.7356003188
797334746.6446846724 28999.5408352377
853601348.1666731834 35660.1954841614
853834508.8695441484 35675.4717826843
854494005.3719798326 35698.9150772095
854175203.2756013870 35691.3319396973
838218027.8392889500 34319.8330863714
777352510.6926219463 25492.1002427908
736548358.0728894472 9159.8833373233
797934820.5320528746 29140.3563712080
776527937.9861229658 25313.0241481659
797573211.0050035715 29058.0079558333
797363204.8154369593 29043.0539935072
838079269.8580288887 34309.2784981728
796904835.8089103699 28924.9564731732
775242947.7049442530 24988.8888456197
852673410.1105571985 35559.3912677765
838797346.3994939327 34407.4028506279
795132386.6101722717 28600.1908205224
882105589.9175932407 36443.3484096527
852343485.1482663155 35498.4749975204
795440900.2812553644 28684.1990325046
852309411.5064548254 35433.3675537109
794867572.5238157511 28593.8367392612
882727858.9291558266 36487.4388046265
794478855.5001314878 28491.3209845615
795227827.5709570646 28622.8457051259
794840525.7229613066 28570.5912024570
882353968.1385231018 36480.4324111938
883038277.0263924599 36507.3534393311
738283275.2956783772 10223.1045034961
749433873.2226072550 16871.2202277160
749610799.6797884703 16954.6843245534
794470705.1297215223 28475.4840352130
738794622.9390017986 10352.0185980385
738443069.1050927639 10255.6603472366
749529377.0834745169 16921.2035434222
738987214.2315607071 10354.1791120252
739377941.0254286528 10917.2028261750
749020778.1902614832 16741.9218058562
794168246.2596757412 28441.7466532779
837962065.5298111439 34208.6685316563
837687548.9304124117 34193.5132935047
837950756.4360454082 34198.7957670689
749321860.9005552530 16834.4484553467
749072268.2333809137 16763.1002144790
739216289.9495491982 10823.4423824132
793348062.3832581043 28238.2867858005
793570212.0558929443 28315.5911337924
748803994.5537019968 16633.0288705874
793441410.5906896591 28273.1023227763
739307806.7540240288 10858.1085353844
850201582.6574572325 35263.9206199646
748631864.4338380098 16549.7111768771
748568564.8541759253 16487.2774165917
738997416.7426995039 10489.2668626772
739052322.8793709278 10547.5788599130
739712487.4751054049 11103.4163036654
739694076.6973296404 11087.1877021501
739133906.5512940884 10658.5976686764
741271972.2113146782 11992.2362647240
790844963.3550697565 27808.3194443774
790522121.6562250853 27722.1155408499
790756558.7000895739 27746.2267644000
790239540.7369757891 27652.8949672771
790396198.9706791639 27717.1310360027
789870828.0551367998 27621.6799356532
789799424.7929314375 27592.3476211620
790240159.1049293280 27667.7745172572
789547659.6093801260 27569.3306896281
780941732.2809917927 25978.7794839265
789232343.6221601963 27430.8124579978
780685285.1609939337 25939.3389302613
741538532.8821126223 12102.1084708903
740942988.6752322912 11824.9361953918
851741652.5539209843 35392.0119228363
740519281.3454575539 11250.3349411597
740157950.4638187885 11249.5830826272
786154094.3704054356 26867.6242417640
785984595.6710824966 26856.4462060279
785527244.7747116089 26803.4381799049
785432447.9262933731 26768.4093407936
785292216.6346080303 26735.8031739540
785316471.1192884445 26739.6696519203
784297968.8074289560 26528.5975158758
784743928.6081014872 26615.5686642624
784978635.5348755121 26651.3945259399
740691405.0250295401 11615.0406972204
740746801.0341433287 11700.4108024423
740642588.3299895525 11526.7713275401
784410605.4806498289 26577.9332168645
784312181.6392148733 26568.3981909103
740571376.9787114859 11520.0996377913
740817176.2303551435 11713.6671423975
782536943.3826146126 26230.7115135736
782254092.9808373451 26160.9555702753
781755152.9420607090 26049.3051701135
766928302.5022823811 21815.9746553295
767006858.0337288380 21827.8392125957
744879945.7705161572 14280.5917427592
743791756.5305775404 13654.1648049690
744807326.4779142141 14159.9877005048
767152126.4918415546 21906.9547266953
744789664.9573768377 14149.5357902676
744504119.1789559126 13935.9197765768
772281897.7140480280 23429.9952802844
772392307.2471618652 23498.9443788715
744546515.5641628504 13975.7666510672
744395867.9815813303 13920.3957494825
744207986.2629700899 13804.7784122631
744358204.1860867739 13846.0254193898
744144996.3739520311 13786.9844750538
766772131.8421275616 21784.1655350181
767064902.7473951578 21886.5151034149
772328268.5360672474 23491.0820293613
772457885.2423880100 23579.2103297897
772446285.0692216158 23507.8382091708
742197217.7251049280 12183.3831024174
848118244.3621510267 35027.2418861389
742265261.7404419184 12270.1368930611
848015280.6745764017 34962.4652271271
848031156.8425595760 34999.3479089737
743617755.5656296015 12954.2438021558
743606036.0282729864 12944.9657423330
742960190.7867497206 12610.9452556439
742776399.8229204416 12494.0062225082
743448793.4264298677 12859.1538648869
848113039.4442317486 35009.6201019287
848321705.8989763260 35031.9678611755
743354611.8560858965 12788.4072960637
743197879.1624652147 12716.4838875414
742894853.5850268602 12559.2704613207
742732319.6769822836 12493.2312945940
848346896.9487771988 35039.4301261902
848943701.6366134882 35101.3944664001
774177445.2333207130 23943.6317011891
831036800.5555444956 32822.8019096702
830782206.6046366692 32783.8977596611
831588784.1749132872 32881.9939563721
831000315.3265639544 32807.0254776329
846896671.2757905722 34869.3423461914
845776209.7186881304 34755.9732469320
846517030.2256017923 34833.2445259094
846429456.4434065819 34832.3238220215
845933872.9152128696 34765.0964225233
846652125.3625913858 34856.1771087646
831370528.4653893709 32860.2731096596
846060095.9274413586 34769.4609870911
845434302.3541169167 34673.9196662903
832139977.8106191158 32889.3376152366
845521200.5561569929 34694.6254615784
830621341.7323546410 32733.6632654518
770642247.8790498972 22836.4409480761
770839746.0674505234 22886.2714203071
770384425.5893262625 22776.5158451270
770379055.3922768831 22760.8131952803
769959467.6730175018 22659.6773380615
769935098.2617484331 22613.6244199542
769596494.4368977547 22545.8319784073
769141411.7479665279 22311.4969760485
768807844.5560706854 22197.2916626267
768959150.8937095404 22251.5239545413
833016107.0456186533 32966.9549963325
820386029.7101446390 31170.6494716983
820019343.4327214956 31094.0644220691
819833064.4741163254 31044.8875484243
820186845.0567133427 31123.6722200731
820568250.0844774246 31185.4732260089
836837799.0861140490 33165.8145240890
836311411.1137460470 33089.9518913375
836722203.8879898787 33152.8852161514
836692098.5205692053 33148.5447544204
835939692.3931943178 33059.7909731413
835979963.5194331408 33066.3814226878
834784324.5818629265 32975.6338499929
835106306.6006859541 33002.7381500895
835303438.8196483850 33016.8396372343
828709057.1799435616 32223.6236352669
827942751.6309672594 32172.9608361721
829213086.5738376379 32277.1411113143
829447135.5690040588 32288.4377208948
828980963.0350047350 32248.9433614612
829172806.9428259134 32256.8016301990
828488020.2520064116 32205.2633017600
828995519.4427542686 32251.2055837512
825158207.1253923178 31651.9241088033
825169057.9217444658 31651.9442622960
824765621.8756231070 31640.8405864537
824318556.9378504753 31541.2244328558
823842610.0623215437 31500.1745106280
824150389.2016209364 31513.7608315051
823995271.8020552397 31506.2005046606
823845865.6728338003 31501.2775303423
823599673.7470567226 31451.6637705993
766325646.7711526155 18224.5671157952
766133786.5076087713 18114.4514773592
766104681.6110771894 18109.9440312500
816769277.8475677967 30191.0580075383
816643901.2477545738 30151.2512658238
816486378.0724356174 30123.3637141585
765981901.4004708529 18055.7594795342
765962043.8114510775 18026.5279412820
816643189.0477933884 30148.8627215028
815738007.9170286655 29989.7318394780
816307201.4932998419 30098.2345250249
816003969.5443937778 30048.4463310838
765187658.8739527464 17744.4892544470
816081251.7982327938 30078.4123395085
815775241.2799811363 30002.6243627667
815763763.6919773817 29997.8466928601
765012784.9139347076 17644.5776035645
765056761.8025863171 17704.9294330933
764074068.1548525095 17227.6002777134
764210694.1521953344 17306.0508478199
764285240.5984064341 17320.5375223671
763922272.6386462450 17209.1080229794
764039752.4873012304 17213.5517865335
763995558.7836850882 17211.3121377145
