218746075.3414987326 17.7903353870
193328475.2262603641 3.2304316804
195403714.0766080022 7.1146862126
203402694.1394695640 13.1197897568
203682387.6238701642 13.3527601473
207958695.7466333210 15.3701810116
208323215.7884751558 15.5231054375
212516385.8517504632 17.0250505824
212564105.9971457422 17.0396295264
212148757.7294517457 16.9533590917
215993940.7105544508 17.6036297232
193236526.1885457635 2.8805228502
193997339.0695909262 5.2802502193
194938931.5097861886 6.6263244162
195811133.0063959062 7.6026968992
218881919.6535393000 17.7933994830
193984789.0216627419 5.1343282765
195725133.5782999694 7.4427073489
211764383.9465745986 16.8106469766
218798218.9290128946 17.7925111055
218781003.3189929724 17.7924170494
193410525.6753045321 3.2418746868
193899969.2920021415 4.9558064525
215941387.6572878063 17.6017966047
220301509.3773613572 17.7960960418
218772401.5299658775 17.7923328131
218769380.1913498640 17.7922980040
218637570.5930024683 17.7783018425
206861656.8186319768 14.9232923085
207378355.3665647507 15.1374582449
207165796.1911935806 15.0371690462
208952198.3921636939 15.5954849172
219902532.1544888616 17.7957450151
194113292.8395747244 5.4520644296
195805088.0605250001 7.5935416149
197924096.2437103391 9.2565957889
204442107.2003484964 13.5983534604
204261541.4817282557 13.5851295367
212191376.0900333822 17.0047734473
214098005.7443118989 17.4052974880
214827245.5233134329 17.4776639044
219752456.4685527682 17.7952592820
193303890.3077612519 3.0777148320
193911782.0743646920 5.1274148409
194865508.4278166592 6.6200387618
193441577.3618787825 3.2434626191
195865855.9246987402 7.6180002347
204060571.9114890993 13.5472855996
203828992.1647548974 13.4477939289
204222946.4976693392 13.5841955021
204292284.7593705952 13.5913940966
203725250.5295367837 13.4294573068
219100873.0079153776 17.7937405854
203518951.2874244153 13.2724507329
212697382.7654161155 17.1337991208
213823751.6414209902 17.3884965703
213931329.8064031303 17.4002215788
212307134.9184303582 17.0152451489
211990035.7521696985 16.9031696394
203427705.8105914295 13.2593145668
208820821.9113669097 15.5886176186
207449043.6862724125 15.1667551244
214438617.8464787304 17.4536716342
214179886.5807707608 17.4207498431
214373676.6095372140 17.4505811632
196006758.9958456159 7.7651372806
207024434.2804602385 14.9475852134
195994846.2017859221 7.7567597247
195778767.0861712694 7.5935288922
193343308.6637545526 3.2334971309
197672094.2531871200 9.0799035842
208385887.3302758634 15.5331609207
193269958.5964486003 3.0618887424
216220880.9188542962 17.6252163276
207033322.3888042569 14.9625158901
207081283.4751442969 15.0360566596
216114805.9236190319 17.6249993145
195703131.3228132129 7.4380903635
215044976.9865368605 17.4902807474
213145399.4985975921 17.2478670031
215593978.0564116538 17.5814790726
215780389.1372954845 17.6012165695
208259671.6007928550 15.4698742471
207831285.9588558674 15.3249003174
208198082.1744186878 15.4636981226
195775327.2288556993 7.4449329352
195645819.2296354175 7.4302980597
208744164.1587682962 15.5884328815
215192998.2442666292 17.5425858498
215270787.6368623674 17.5479202941
212663575.4111942947 17.0882202033
197875896.2159189582 9.1733121617
197685431.1104354858 9.1156283880
215597442.3072831929 17.5847935975
195520370.2194319963 7.2768849388
194181351.3993509412 5.6148774919
207861904.9285694957 15.3390753748
208050879.6275400817 15.4245227254
208414814.0581775606 15.5759363132
215379925.2140258253 17.5624230951
215602416.3598016500 17.5854567140
203552961.6377511919 13.3025215026
197622306.5567669570 8.9785219922
197785837.5219605267 9.1182625128
197636854.3989317119 8.9788058570
213818759.3171256483 17.3798180297
195163569.5093974173 6.9506338272
208488253.9410990477 15.5807629550
218081680.7420641780 17.7215162665
207972336.7836145461 15.4186825933
194061952.3775107265 5.4434810518
194131263.1118287742 5.4606565030
195200230.4357700050 6.9584893228
202273100.4447119832 12.5186750402
218107668.0216213167 17.7344900966
195236367.1324494183 6.9628547920
195124693.5657583177 6.9498433760
202188914.3025886118 12.4586881919
195452911.7502552569 7.2503121153
202149134.8663052917 12.4258880065
201961456.8449147642 12.2876462414
195040366.5748186707 6.7913549758
202099702.3725191653 12.4176286402
194139766.1934580505 5.4620421135
213663082.8218787611 17.3495131508
195004771.1988154054 6.7782977504
206907672.1010791361 14.9457692685
195029188.4678108692 6.7907533488
218565530.2118718624 17.7673672214
194958616.7838743925 6.7782349876
194830045.4883454740 6.6197465873
207404307.1172398031 15.1480436544
213677272.2278288901 17.3535292000
203282782.5092014670 13.1105486676
207914524.9431059361 15.3530467227
207602950.8478952050 15.2585960659
207245759.0548159778 15.1009821179
211920100.0438551009 16.8638232425
207204548.9853456020 15.0993541809
203418072.0938667953 13.2391344383
217885513.3244273961 17.7061432302
202367583.4251681864 12.5879690459
194094841.4237375855 5.4518586077
194051090.2914634049 5.4432691035
218447548.2112750113 17.7670118883
202463448.6644445062 12.6128875499
207011795.0392087102 14.9468823797
202341434.3084896803 12.5877487844
218095084.4707543552 17.7261477485
203192080.8547160327 13.0997985010
197594457.2462200522 8.9662389165
217943756.0816798210 17.7175232023
213149947.8274874389 17.2515667081
214919096.4330629706 17.4901352376
207203445.2600049376 15.0955100390
215742939.9372481406 17.5920566842
194821073.7793977559 6.5952752448
202833930.6258020401 12.8937873987
197531203.3253399432 8.9654484654
202631287.3145402968 12.7589373996
194778314.7821965516 6.4565157548
194122568.6768996418 5.4604550021
194774809.9292735457 6.4314377906
216262703.8430086076 17.6293147132
202863225.5967785120 12.9067208020
194159641.1118334532 5.6132903805
199914968.5900653005 10.7067787151
214613834.4906012416 17.4727097675
214416577.9674810767 17.4533820823
194230292.3310776353 5.6256029106
196575577.0957782567 8.0902312178
196572826.1140460074 8.0899728558
203068626.3818159699 12.9639074949
194666425.2283008993 6.2917283064
203124861.3468571901 13.0572620479
199803993.9967885613 10.5673306722
199619106.1566923559 10.5485576622
218148277.2356645763 17.7453025207
206532098.7708797455 14.7369575062
197407870.8793945611 8.7911200707
194269569.6119400561 5.6347858359
196591399.3216631711 8.1021443727
213059038.3264221847 17.2290173620
216382038.8161692321 17.6297624186
193473171.2189623415 3.3963412610
194775780.7559272647 6.4396558034
194646293.5218594670 6.2836372096
199555984.0264345706 10.4216939836
206801769.8386582434 14.8130405032
212296991.0815521777 17.0140102450
213405315.1246872246 17.2892050520
197504324.4408352077 8.8469545170
197326002.0740461051 8.7857999762
199609168.5230314136 10.5274707087
213546071.9944071472 17.3053447381
197097654.6363252997 8.4516860857
194707912.7457077801 6.2995190479
213459245.0222885907 17.2992520258
194488646.3163340092 6.1045187272
196952559.1086793542 8.4425831994
211709388.8281717002 16.7661730461
197027262.5296475887 8.4430122112
197132008.4385865331 8.6141915878
197315948.9275974631 8.7620071804
211890906.9651392400 16.8484383151
196418027.2143564522 7.9421716801
197100013.2443881631 8.5768820321
197121427.3293908536 8.6020408655
194481478.2765252292 6.0979594744
211429181.5712830722 16.5079652102
206108420.0427431464 14.4009656464
213293235.7207145393 17.2785993442
194420149.9252502918 5.9489143568
202781776.2611199021 12.7704027095
213647335.0388791263 17.3325684890
199687642.9586873055 10.5615692670
211450413.6512984335 16.6778842155
216401493.0934068263 17.6327786222
202754096.1766684949 12.7677127537
211582464.2623711526 16.7286854666
211810395.4260121882 16.8295033500
202525068.7169255614 12.6316640216
205631918.2547856271 14.2048391424
199220766.2350616753 10.2323540443
194560051.5818490386 6.1172955868
199180228.5054976940 10.0923498016
205691970.1671216786 14.2264534314
194566311.7278130352 6.1286993653
206009580.6476430297 14.3696203162
196713240.2527745962 8.2588830286
196690335.1867765188 8.1537269587
196510584.2273263335 8.0873869381
196380041.4936037064 7.9362024389
216444434.8957903981 17.6332727596
198931374.9492766559 9.9188508795
199088635.9184278548 10.0906597519
201956755.6763845980 12.1696166344
205456971.9342670441 14.0479539153
194394724.5226249695 5.9326196344
205353814.8353014588 14.0425354415
205488761.7915152609 14.0480382503
205606290.2675388157 14.1989831110
194394011.2315068245 5.9260625870
198996779.3852023482 10.0607456559
199195308.1901566982 10.1802770621
205940568.3241080046 14.3692454663
199422206.2582785189 10.3921852047
206157879.5242332220 14.4051454035
205641591.0838764608 14.2092863848
212145821.1805883944 16.9411147125
193668219.5251116753 3.5765493327
201775201.4791151881 12.0053821632
193623792.8988603652 3.5665375987
199202270.2160646021 10.2213672674
201702023.0426415205 11.9302829902
212991465.4814631045 17.1937016621
201724378.3872490525 11.9874749880
201737604.2330329716 11.9968485932
193667220.7941224575 3.5679641136
201659584.3990109265 11.8820672806
201508380.5810448825 11.8276941365
193590379.9554791451 3.3992954071
193806402.9816826880 3.7479041311
193749562.8008781970 3.7390735792
198781493.0905810297 9.8444590215
198836119.6877824366 9.8867124639
201052427.7458100319 11.4843627052
193806654.5835603476 3.9187220684
198762622.1690055430 9.8402991168
201245311.7181271017 11.6001557034
201069306.7839232385 11.5031429367
198629751.1027929187 9.6890535526
198588195.0823322535 9.6737853534
201088758.2288455665 11.5082950654
200993021.2781703472 11.3951652149
201143673.6470051408 11.5271155886
193846670.5558737516 4.0899353053
201105620.6816100180 11.5094153794
193844935.3253039122 3.9408786675
193854264.9306448698 4.0980285813
206470863.1544933021 14.5634495280
200879455.5654959083 11.3376119165
206329756.4538872540 14.5324630699
200641900.8749228418 11.1838446898
200499783.2646511197 11.0215269965
206529386.4465834200 14.5754826107
200453910.1206193566 11.0140389768
200326498.6346837580 10.8521327509
200443266.1284512579 11.0117082712
200215049.5911403596 10.8505500415
200598150.0603627563 11.0342762740
200404697.3121892512 10.8627166087
200144082.2533263564 10.7387443641
198687905.9030071795 9.7249259513
206510382.4595655203 14.5713349542
198433847.8393306732 9.3778335299
205294703.5388238728 13.7937095911
205264268.8533012569 13.7476113681
205232786.2143866420 13.6791613587
205350010.8771278858 13.8213779033
