62804108.5634564832 547720.4686317444
63059023.1594087258 581528.8858356476
65864974.1350144893 775499.2221679688
66145454.5269221440 782208.4506835938
62790067.8205183968 545828.7528724670
63637064.7244526297 636986.1536560059
65124206.5947657302 738415.7739257812
64916055.0453949794 730924.2119140625
66215797.6725195348 782461.8237304688
62878070.4267317131 560927.6132316589
63555840.5282179415 636024.4719696045
64829154.0539505184 721310.5913085938
65788496.7897766232 775158.1557617188
62762889.0478288159 540047.7215480804
63325982.0387888253 615399.4419708252
66040650.9361580759 781037.3491210938
66186699.1613592207 782453.1225585938
66129104.8408709317 781735.4809570312
66237262.4881955087 783487.1547851562
65720659.1405900866 771760.3427734375
63006546.9797502682 577239.6501374245
64872281.5412509814 722808.9257812500
62690471.2492887899 526093.0157508850
65667118.3706150278 768044.7988281250
65606754.6425086483 767326.7392578125
65825691.6044249237 775303.9047851562
66216894.6812652051 783128.7055664062
64932052.0841200501 731935.6035156250
65141531.1419041678 739027.0671386719
64885444.0236440226 730557.3310546875
65715393.2675833553 771005.7866210938
66182179.4699425995 782428.9438476562
62996695.6550512537 576867.1179108620
63620441.7114017010 636322.9208908081
65898123.8990778998 776399.1430664062
62679719.2475625947 524691.6720008850
65787191.6984107196 774799.6938476562
62716853.3064967915 535450.2665443420
62891035.9459595755 566573.0163178444
66152273.7543290108 782352.0981445312
63647196.5499997288 638258.0099182129
62836577.3344310895 556897.9730873108
62932046.2884705439 570239.2731876373
64876011.4444630519 725595.2177734375
65027239.6555877402 735312.6782226562
65765327.8763185441 774585.8452148438
64959946.5168367848 734505.9643554688
65176929.0554929301 744977.5810546875
65107396.3088419810 737492.7941894531
62829210.0052205101 555774.9673213959
63540563.6343414187 632171.0027465820
63470635.3105522096 626801.2890319824
63343264.1447591260 616576.9127960205
63590182.5729127824 636029.0044708252
62770539.5634142384 545081.6393013000
63012897.9499849007 579001.1042728424
65566475.3308599070 762223.8256835938
62943660.3438370451 571730.1667423248
65973249.6283095628 778652.7465820312
63034587.3295837641 580391.3983993530
63399361.6649983227 624625.6691436768
63451525.8042132705 626733.0498809814
64835214.8165693805 722115.7593994141
63018241.4776917472 580027.6140384674
65689956.9567587376 770587.8725585938
63608921.5509594604 636219.3483581543
63340501.5079162568 616045.5219268799
62902999.0340071991 568334.4704532623
63479499.9194727391 627585.1577606201
65919345.4193274826 777934.6870117188
63392639.0438065380 624171.6339874268
65954215.7425253242 778506.9975585938
63095119.4982230216 581828.1166763306
64801830.5514579043 715931.2735595703
64975135.1789569780 734872.8452148438
63365734.1466270685 618143.3178863525
65052536.6132857129 736392.9558105469
63299478.2298829854 613639.2179107666
65161696.3534415737 744201.8735351562
64768658.7862500772 714902.2451171875
62881220.9039552957 561758.0603256226
65098071.5965885147 737234.8999023438
63269768.5379969329 607927.2849884033
63376572.1418965012 618451.3852691650
64953405.6791101769 733925.8117675781
62985265.4799146801 572384.0389022827
65553809.5123028681 760231.1898193359
63137608.1422438025 583520.6181411743
63347205.8616867065 617997.3501129150
62988472.7584085763 572875.5764541626
63290730.4423362985 609987.4970855713
63246098.3356715664 592977.2600097656
63217576.8310067728 591438.7863006592
63196858.8884953186 591135.7723541260
63268225.4847941920 601638.6428375244
66006168.7377379984 779266.6459960938
63152689.9062454924 591019.2498931885
65325945.6278703064 747640.0927734375
66122376.8772252202 781079.9438476562
65440164.0396683738 753308.4458007812
63217953.0272669196 592191.8779907227
65379993.8529638425 753038.7370605469
65361291.8000411317 748026.5263671875
65347393.7546098605 747901.6638183594
65091020.6031472310 736659.7194824219
63146731.9399536103 584217.1427841187
65559079.0052799061 760867.5102539062
65448414.5954327285 756075.2316894531
65527876.1453862563 759111.6845703125
64447399.6567327753 688789.3873291016
65590078.3499592170 765275.8608398438
64721842.5334129110 704777.4838867188
64550299.3954766467 691549.3559570312
64475044.3327774480 690575.5798339844
64561055.2919056565 692672.2834472656
65450031.4299393222 756969.3669433594
64606282.4829404652 694385.1376953125
64646179.6085146666 702823.0651855469
65481190.6991176233 758824.0551757812
64376834.0110870749 647424.1624145508
64236986.0286263824 638920.2047729492
64317413.3679591566 645202.0123901367
64426031.3743997067 647971.0695190430
64434713.4298463166 652886.3008422852
64276638.6942880377 642951.0681762695
64311462.5496231094 643759.4728393555
64347237.9146053493 645637.2557983398
