104686546.7910481691 23045.7123838067
104457838.1615626961 22766.8712258488
118968700.0441907644 32526.4333648682
118811483.2817589194 32521.0253601074
118498235.8353056759 32478.2205352783
119001205.0935183018 32556.3657531738
118715658.6070506722 32520.5187225342
118527284.6895387918 32513.9553833008
100816751.8214669824 17537.9338643621
100883162.8577563763 17617.5664613317
101078422.8812029064 17859.5580607183
100481409.1824900210 17242.3853185247
102696501.8748238981 21270.9999569654
103079181.1606599540 21680.2188900709
102666036.6489947736 21270.4811085463
103290158.4402480274 21980.3338040113
102774916.5740983933 21280.7995442152
104052846.2885738015 22706.4002957940
104011286.2469855547 22609.9772499800
103712462.3387869000 22400.6612404585
117594832.3373387307 31891.4987792969
117899256.8832360208 32084.7987518311
117721646.0950106382 31977.6986618042
118405218.3584844172 32453.7756042480
117962427.6295816004 32227.6349487305
119036094.8888049275 32567.9726257324
121079003.9037066847 32752.4330902100
120807809.2163819224 32744.7388916016
100362543.2456973493 16539.0925816539
100414381.3486517519 16896.9084183219
102781359.3967353702 21531.6162289381
103156918.4343247861 21721.8906353712
103790537.1224332005 22451.4166420698
107640893.7069291472 25015.9961296991
118227653.8392954171 32349.0740814209
120178063.5147631019 32692.1670227051
121017093.3464329690 32750.3831176758
102773164.2447116077 21272.3315075636
103183226.5594803393 21753.3579281569
118440992.8925917745 32467.5230102539
100424109.7395980209 16900.7630330417
100641273.5670968592 17263.3225754741
102792790.8688792437 21605.0637997389
107217535.8286898434 24846.8940026239
120229916.5772580057 32715.1948089600
100092735.6593604237 15905.1799693257
100744113.3482089341 17266.5466336254
103544915.5780443698 22243.6143349409
107871420.8854110092 25293.6546837762
107738722.3988315612 25056.6656853631
107834181.4234719723 25099.8506133333
117901081.7902036309 32149.1427917480
121617992.0382785946 32769.8931884766
100572340.5320985168 17263.1269811484
100033485.5990145653 15541.3003971577
100376516.4033461660 16891.8695725444
103097998.5117304325 21695.9925411940
103525986.5726974458 22124.8109310865
103402818.6108071208 22018.1603325605
103945520.5540360808 22471.3569496870
107068110.4049059600 24686.5521828607
118363960.0551554114 32402.3329772949
120517626.2915407270 32725.2005310059
99984227.1321331263 15537.9326958805
100187974.0259790123 16207.8337630275
100215901.7935580611 16525.5949467662
103548993.3931014836 22287.1098793745
104103170.2835732847 22711.6991587132
107511178.5124975592 24998.4344231561
117776682.2205679715 32032.6375579834
118360661.1171566546 32392.2931671143
118428184.5299799740 32454.7409667969
118372092.5893005431 32439.7739105225
121310919.1514783353 32768.5938110352
103615030.0836284161 22336.2903298140
104215209.4886565804 22713.2332248092
104043389.5902203768 22658.1837929487
118175647.4857224524 32309.0408630371
100037605.1526671052 15836.4995764736
100152641.4388902485 15987.8627967983
103027698.6862777919 21615.2129410505
103571118.8519662321 22335.6082009077
107473035.9945054203 24965.0094506219
118343366.2583918273 32390.6557464600
118248264.7321480811 32389.8549957275
107769135.7569373995 25086.8998708203
107844481.3620382100 25173.5923821405
107243739.1026117057 24917.9396264032
103687458.9878103733 22353.8423772454
103769695.3560624868 22409.8676022291
104140771.2977874130 22712.2631016150
106747661.7154346555 24567.6211296991
106208475.6834468096 24154.9067414105
104250699.1186947078 22738.5689353347
106890923.6682200134 24578.8216111138
106920615.3427995294 24590.5262086107
117832513.3428764194 32057.0833129883
103451836.3205007166 22088.3427609205
106607356.7966450006 24279.7043946087
106618048.5987899452 24305.2983277142
106060055.4779034108 23895.0205185711
119987151.8444577008 32677.7991027832
120124396.9770595878 32685.0697021484
103233902.6891373694 21915.3482846022
103645623.0358536690 22347.9698055983
103334897.1991917193 22013.2144036889
103274029.0170831978 21979.4493089318
103235422.4098110795 21976.5168026686
106027253.7886172384 23887.6346314251
120449170.8289689720 32722.6076660156
106301395.7387586534 24246.6100339293
106194690.7205506265 24111.4111969769
106292615.8200421780 24237.9234352964
106463554.9658333212 24263.8253357708
106220893.9944725037 24203.4050629437
106179841.7770891935 23951.6693125069
106095557.4545966834 23924.1593220532
106089614.5355082750 23919.6331379712
105786708.5647127777 23844.3136647046
116610642.4760152102 31253.0415029526
105752832.5444159508 23783.8759205639
105647963.5151958019 23508.4435369074
117828240.9499572814 32053.4041442871
121359084.9917084724 32768.6450042725
105288256.1186813414 23400.7251988947
105277703.4797137976 23399.5981542170
119674485.2877130657 32630.8800964355
116426748.9830622673 31009.9857091904
117459537.4469509721 31763.5142822266
117798973.5640248209 32048.3242797852
119817890.4061347097 32645.4534606934
120855297.6072185487 32747.5656738281
121085140.0939953476 32767.3456268311
105656259.9583640844 23518.5329875350
105312129.5762094110 23412.7500743270
105244488.5813352913 23223.8070887923
101406620.8489019871 17869.3005286455
105161826.7073671371 23132.1293254495
105042735.0610189885 23096.7748695016
105993825.6847806126 23847.9975133240
116274537.7657354474 30594.8705999851
117568160.0112094879 31844.1008186340
119479933.1536096185 32598.0321044922
119930748.7290149331 32674.7200622559
105408015.7846842259 23473.1878184676
116674678.2669474334 31292.7750234604
104614181.2041171491 22832.7281210697
105216592.6357529610 23136.3052592874
105108794.0611580014 23131.8705570102
105091096.4499223828 23110.5273707695
105405008.3449504524 23418.6249747872
119736115.8490331471 32631.9319610596
119598535.6171844751 32625.3955688477
119606258.9275477827 32625.7672882080
119877410.2849520892 32653.1401214600
120889142.0736026913 32748.5240325928
119540661.6043642908 32606.6246948242
119554977.5770554096 32624.5191040039
119896022.3692349046 32664.3856353760
116718132.3244871348 31311.6409902573
120653959.6471346766 32738.5183105469
120412525.8086884171 32721.5558013916
120177915.7069445401 32691.5127716064
119924616.0996503383 32674.2805175781
120077023.2087779045 32683.7703247070
120172921.6775259525 32689.7108764648
105262268.8416798860 23261.0639091134
117016291.1416628361 31405.9932889938
117875542.1695460379 32067.6418190002
125320044.3446735442 32770.4837036133
104896116.1386001110 23085.5677867532
116600992.4204232991 31178.5954885483
116534554.7236070037 31060.4018239975
104609123.5952769518 22772.4049657858
116856032.3497166336 31360.4653921127
101602426.0995071530 17923.3503681212
101625498.6322098523 17956.6323066899
101886248.3827814609 17966.7453746901
117218151.9812374562 31449.0191144943
116780673.0607119799 31331.2319936752
116800359.4603188336 31341.7302846909
116327226.6590060294 30976.4519834518
116685230.9059149772 31310.5464773178
117226664.6296274513 31473.8845167160
117288722.4591728598 31673.8273267746
117360961.2911921144 31706.2874708176
110263595.3848146349 26622.1962934481
111237673.4045721143 27316.2316621812
111444695.9814304709 27367.5767592480
111141929.8487213254 27027.9216581332
111213431.0158446133 27081.7591640595
110721174.2468574345 26956.0698820101
110470088.5588444322 26696.6157728182
110395351.5414936841 26683.8290143954
102596070.2978393734 18546.8168927266
102420734.7911247164 18423.8844739033
110066891.2815651745 26344.3386198031
110566845.7388862371 26747.4492682507
102204115.5944591314 18098.6679249837
102067360.4343654215 18021.3709355427
102232060.7302232981 18353.4065266682
110359494.8276496828 26670.5182386385
102312603.1414548755 18390.1910420491
102113454.9868590981 18093.8121281697
110624534.1543663442 26755.4102468452
110252097.9517846853 26567.9017072665
110288527.6233203411 26638.5816083895
110541485.2682137936 26708.6176267611
110344614.8203251958 26648.6545606600
102575735.8914901614 18425.9756273164
110536481.4793817550 26698.2213533111
110928526.0993268490 27025.2969206860
110456119.9448999614 26691.8266721712
110215132.1154466420 26403.2462507235
110919935.9574108869 26990.0533948885
110246171.6236641705 26561.2941056984
109576659.0711569488 25962.5792101929
109544768.4099249542 25926.2721897112
109864562.8272020519 26041.4617658602
110138811.1829414666 26372.9527555453
109942336.8070864826 26312.7200132357
109990101.1724673659 26331.4877439486
110088709.2679174989 26355.5914731966
109732551.1749770790 26021.5321088778
109876137.7898757011 26293.7456174837
109329776.5665675551 25626.6727345632
109455401.5222842097 25635.9136118600
109220865.0303813964 25593.5540364431
109143379.7169322819 25345.8702061819
109521158.2044957280 25677.4754384207
109169161.9567794502 25569.6879017996
114689881.7733467519 27427.0839758217
114755796.5791792125 27644.4365072548
115994013.8301558048 27736.4218554497
115875190.8487663418 27715.9348883629
116085928.9877320081 28005.5548014641
116180381.6969940811 28155.6692423820
