208001565.4913340807 1992305.6801757812
207584257.1894934177 1978232.5122070312
210991307.3224598765 2114522.1826171875
215805286.8173616529 2247577.7060546875
215473963.7318078279 2242760.7089843750
220741385.4820584655 2361349.7001953125
220829791.4886982441 2365805.6269531250
205132139.3264896870 1849636.2539062500
207652224.3202165365 1982338.4614257812
207408702.3773914576 1970386.5805664062
211167614.4832193553 2118950.2832031250
213392097.5281484425 2185103.2172851562
220744490.7234034538 2363910.5478515625
225659090.8099841475 2428501.2031250000
228353736.5459381938 2443811.3173828125
228751146.6530207396 2443817.8291015625
210976883.0383227170 2109343.7587890625
213679768.0881750286 2188808.4526367188
214091820.6509674788 2204215.5937500000
213924332.8667693436 2196061.2065429688
215935123.5196978450 2249463.4199218750
221085154.1377648115 2368962.8476562500
221179048.9796724916 2371933.5078125000
221285103.8436003923 2372986.8261718750
222582901.9214404225 2392292.4453125000
226105755.3340125680 2431308.4775390625
238757807.0532016754 2449683.6962890625
239431906.1986657977 2451694.2421875000
200003002.5051522255 1419026.9680175781
199947466.2009083033 1417417.1450195312
201490279.6185119450 1602664.0695800781
201521552.9291686714 1603543.4934082031
201922394.7803008854 1623776.0402832031
202077524.9989897609 1632227.8154296875
202050538.6432060897 1631631.6875000000
215927918.4488546252 2247606.0234375000
226099671.8729292750 2431171.3320312500
227949527.1183252931 2442231.7802734375
228128050.5679144263 2442660.7578125000
211089835.4075174928 2116131.9482421875
210665001.5929691494 2102593.4023437500
210937588.8415248394 2108929.1079101562
210625383.8739061058 2100924.6782226562
204377536.7113509476 1807004.7558593750
208263589.1220673621 2002416.3344726562
215683869.0950512290 2243727.1718750000
228203223.1699342132 2443715.2861328125
238812298.0881248713 2450781.0751953125
210074345.5512901247 2079430.9072265625
213380904.5143452585 2182119.1137695312
215280959.9128636718 2235261.9980468750
220639835.0153820515 2359431.7441406250
238931719.8547995687 2450852.8769531250
238163509.0112616420 2449375.9091796875
239202280.2720379233 2451584.7207031250
200289638.3462433219 1481463.3833007812
201808624.7945604324 1618262.5822753906
204600895.4179719090 1824423.1020507812
208453218.6499150395 2006345.7583007812
208264542.5420960188 2002722.7148437500
208011897.9761909842 1995821.0654296875
210398671.1098669171 2088500.2353515625
210578108.3051747978 2095989.8212890625
225830150.2718038559 2430062.5195312500
238991050.4322090745 2451581.2060546875
200572919.6633830667 1514767.0900878906
201552616.3563773334 1605698.2043457031
199820428.6001570523 1374918.4028320312
201711821.5556122661 1616692.2985839844
199850017.0192913711 1388486.8322753906
201931040.1059361696 1626463.0856933594
208260842.7239298522 2002085.9487304688
201975149.8632199466 1629641.9348144531
200231015.7706777155 1466809.2858886719
201589487.5441102386 1612685.1818847656
210242582.3145665526 2083666.6406250000
217164727.3560037613 2274032.0400390625
201566944.2410032749 1606140.8303222656
207583182.0213296413 1977843.5522460938
216382110.6214341521 2265262.0771484375
212846536.2192714512 2168331.1323242188
199906690.2386989594 1413359.4692382812
213457104.6014272869 2187553.8286132812
221589866.0539653301 2379538.5585937500
225357644.2793822289 2425307.8671875000
225765955.4508114457 2428936.7382812500
227202837.2046841383 2437679.3193359375
225462824.4714153409 2427611.9082031250
207519300.5373420119 1977547.4687500000
225219231.9840537310 2424130.9667968750
224573429.1876281500 2419645.1201171875
222121975.4217513204 2387847.7041015625
216124875.8507896960 2258984.4306640625
207342791.3611982763 1969367.1020507812
212897414.5479374528 2171871.7407226562
215988984.5223538876 2254458.0859375000
216335663.6314762235 2262518.0058593750
222484977.7851374149 2391965.3574218750
226463505.9352467656 2432559.1943359375
227496787.2519846559 2439626.2343750000
221646421.1720599532 2380552.2089843750
221740814.4745738506 2381199.2031250000
201289734.8177020848 1587253.9807128906
216246368.5422449112 2260891.3349609375
201393126.4510923326 1598347.8479003906
206157785.9531378448 1909666.8408203125
213419940.0138421059 2186225.1889648438
221997073.7946068048 2386612.5087890625
221874189.6732298732 2382754.9423828125
222593428.4404736161 2393691.8232421875
229346756.5090445876 2444279.8583984375
210359874.7994851470 2087384.2529296875
210197269.5593817532 2081290.4443359375
222354455.1378101707 2389447.4248046875
200381269.4841849804 1495238.7851562500
206543264.8460273445 1926418.3666992188
222190533.6761116982 2388193.6630859375
210276265.7113974690 2086558.0732421875
200247549.8141560256 1480701.2780761719
206428333.6348228157 1923425.5546875000
207854048.0910643637 1988649.2617187500
222966286.3868854046 2397969.1572265625
201235501.6613113284 1582636.5107421875
224940999.6663660407 2421774.6054687500
224683491.9303339124 2420005.0615234375
224738097.8709120154 2421011.6074218750
209723858.7099866271 2060871.8833007812
201240704.2858082950 1583284.7482910156
210001761.2614112794 2074013.5097656250
221789393.5502265692 2382075.9843750000
200533228.7320939600 1509819.2304687500
223843583.3062843084 2407743.4443359375
216214962.5526115596 2259508.6484375000
200530789.8984686136 1507906.7851562500
224088151.8559883833 2413771.4716796875
223831649.0007408857 2407739.9345703125
223882158.1019238234 2409430.2792968750
207446528.7151573598 1972695.9199218750
216078391.8417677283 2255774.8955078125
200519985.8442483544 1505011.7631835938
207873217.5555873215 1989202.8999023438
215402275.1441574693 2240081.4140625000
213499375.2292095721 2188042.2221679688
200493247.0940351188 1502980.1369628906
201043915.0197247267 1559311.5869140625
207217586.9371538758 1961088.1904296875
207066628.2293899059 1955288.9829101562
207231854.5781624019 1961379.7329101562
207236261.7251031101 1962589.9472656250
207436951.1269761622 1972255.3857421875
200438626.6371530890 1501874.9038085938
207116350.1260404587 1958846.4033203125
203965475.7397187352 1779719.3066406250
211683613.5461802185 2128798.5644531250
200365367.9311980903 1494189.1477050781
213001885.9089064896 2175749.5747070312
207107314.0736703873 1957460.7670898438
200080572.2467542291 1435955.9472656250
206976218.5121541321 1951516.1108398438
203808805.5316950679 1764780.9802246094
223667423.3624116182 2406156.7978515625
206791668.8645859063 1940084.4648437500
199860846.2246617973 1390567.6035156250
212673116.3118748665 2164666.0239257812
206696521.5069690347 1938396.6582031250
226256030.1785082221 2431732.5478515625
227934007.7611443996 2441755.8984375000
204564757.4606519639 1822722.0957031250
200701343.0693271756 1519759.1726074219
206343160.7790766358 1916420.5195312500
206205100.7984550297 1913614.5571289062
209242982.0155327320 2038533.4223632812
238938452.0004915595 2451338.3583984375
199835854.5157435834 1383326.2927246094
200606385.6378677189 1518180.4392089844
238762279.7371032238 2450570.8037109375
223444802.9439557791 2403169.2158203125
214572222.2993085384 2216479.2373046875
201154887.8899348378 1574221.1018066406
204554366.2499492168 1822578.5419921875
206654012.6940939426 1934446.0434570312
206848427.2047543824 1941439.9082031250
201229969.8521545231 1575781.5651855469
205193661.4779817760 1854224.1127929688
214857835.0479865074 2224329.6943359375
212572135.5349533856 2160088.2480468750
212521160.7512349188 2156244.4833984375
212035385.7669041157 2140192.6035156250
204803125.9208070934 1836617.4008789062
208757551.4051563442 2020963.9843750000
212287765.3533244729 2150900.7060546875
216053601.2021076381 2254774.5175781250
199882469.6542184055 1398898.5285644531
212236341.6443608403 2146183.8237304688
200099427.6642724872 1438184.7917480469
214965337.3642451167 2224622.7587890625
215006338.4878108799 2228219.2226562500
209353053.2407707572 2045915.7519531250
223480423.9848320484 2403412.8193359375
220496783.2618046999 2338620.7197265625
220158124.1020844579 2336210.1035156250
214532400.7355409265 2211143.6552734375
200998567.7019341588 1551881.3122558594
223114059.6278012991 2398023.6718750000
220341554.2049131393 2338202.4853515625
214557607.9114232659 2211264.2626953125
214336361.5912419856 2207131.4619140625
219868289.5520073771 2335174.7500000000
219558213.9045557976 2328675.1884765625
201213318.9472195804 1575453.3029785156
209012730.8039853871 2030958.7998046875
219565361.6817418337 2330809.4091796875
201131380.0411698222 1569118.0598144531
203971984.8899685144 1784503.7434082031
211854058.5599484742 2133604.4252929688
205039208.3908596337 1848691.2753906250
211753205.8614871502 2131263.0424804688
211744119.2839775980 2129478.0454101562
201087552.5237677991 1566970.5031738281
200074832.3081264794 1432984.0017089844
204071160.5187735260 1790880.9687500000
219407330.7787166834 2325327.3154296875
204082480.8488590419 1793849.4042968750
206080139.9346874952 1901864.1127929688
200005542.5628469586 1426859.4619140625
200971666.7780841887 1546550.4611816406
200870221.7486167848 1538025.3183593750
204845477.1566939950 1839839.5581054688
226939064.5587449670 2434219.5595703125
200833954.4792494774 1536067.9321289062
206007959.0926033854 1899294.3452148438
200935610.8347486258 1545763.8808593750
219298329.5154228806 2324455.5380859375
219127808.6036317945 2320498.4560546875
204758473.8978824019 1834577.5664062500
219319157.3962756395 2324480.8388671875
206022414.3369835913 1899527.0112304688
219045588.5551469922 2318513.8291015625
209301981.1868419051 2042521.2534179688
209895534.8326317072 2061507.6767578125
200729436.6621285677 1527596.4348144531
206043058.6383755803 1900647.8427734375
209461649.9389984608 2049210.4145507812
227161377.5444985032 2435418.4033203125
209880573.0809270442 2061200.7041015625
204693626.9681597054 1830423.1606445312
205007657.0215936899 1848512.9345703125
205923697.1297399998 1887132.2675781250
209973418.0626007020 2065064.6518554688
205682111.6169966161 1881383.3867187500
204129279.8199726641 1795415.0605468750
204286959.6385587156 1805231.0000000000
218945125.3902100921 2313718.1425781250
205926665.1602329016 1893663.3349609375
205479725.4275004864 1871774.0444335938
205765797.0479300022 1883638.8818359375
209534238.9908699393 2051518.5727539062
219006291.6628714204 2317349.4287109375
209685056.8527814150 2055548.1923828125
205373248.5986757576 1859974.9760742188
204926115.1069006026 1844134.2490234375
204179953.7343846858 1800734.5869140625
208753498.8398110271 2020475.9018554688
208699401.5743869543 2017307.0585937500
208612160.5685881376 2014845.2851562500
208509173.9963931739 2010121.7348632812
218858031.4270599484 2313356.1210937500
205779737.7471311688 1885585.9145507812
205606477.4351349771 1878716.5493164062
204735781.6302596033 1833015.8808593750
204995783.9302742481 1845513.4628906250
205325117.7957292199 1858228.6049804688
218802166.8441706896 2308755.8593750000
218417155.1283957958 2296174.3867187500
220184883.9898293614 2336859.0771484375
220226314.9648829103 2338086.1640625000
218430808.1242423654 2297420.0224609375
204652341.6865480244 1828700.2407226562
204446175.6420992017 1816134.6376953125
200218732.9549304247 1457295.7863769531
200160197.1294945776 1449153.3032226562
238058942.7263508141 2447065.5468750000
200119506.4864687920 1440791.1171875000
218193902.2671461701 2290355.6123046875
218256330.9842554927 2293682.1982421875
218146435.6917692423 2287532.0546875000
218246043.9067087173 2292469.7070312500
203737650.5527216196 1739274.6201171875
203738814.7826635540 1745348.6762695312
203808280.7398842871 1748663.7536621094
203731881.3294295371 1684255.0939941406
203607885.3593423069 1683765.7233886719
203563880.3834789991 1665865.2687988281
203407014.1121385396 1654074.3779296875
203455688.0073130727 1663021.9074707031
203538627.2828127742 1665682.8747558594
203287067.8043866456 1634091.1262207031
203373882.0769559443 1649840.4221191406
203308295.8375454545 1637374.3391113281
203370347.7652969956 1643086.1555175781
