253619115.0590584576 8302953.6562500000
206892062.7917916477 7212914.7343750000
219831648.9085525572 7896213.3046875000
219061991.5877778232 7883195.7187500000
233473338.2208849788 8182440.9218750000
206659617.1470980942 7189993.4140625000
206869973.0256544948 7210742.6953125000
213801385.3067110181 7687145.7187500000
217210786.6594650149 7822827.4218750000
237294433.3218310773 8223967.8906250000
230187662.1557778716 8130418.6992187500
234267213.5505978763 8193028.1640625000
213276123.2132430673 7666821.8984375000
215799729.5031329393 7773903.0625000000
226939253.7637192309 8073174.8476562500
247444975.7008193731 8290659.0546875000
215541407.5888583362 7764088.5117187500
206947176.0142105222 7214469.8671875000
213469594.8152022362 7676221.6406250000
208343387.9650048018 7345522.1835937500
208292414.8809130192 7340918.0390625000
233417463.9354296327 8180251.5507812500
243681937.3495741785 8278339.0117187500
205273897.7835027874 7033920.6953125000
211464285.8601882756 7567946.4414062500
213688916.2273061275 7685599.8203125000
202444887.0539391339 6622992.4140625000
207550653.5129280090 7282816.5429687500
208330804.8836362958 7342975.0312500000
207934067.1904198229 7316515.5000000000
241257980.5538140237 8263997.5976562500
212141748.9268020988 7606435.1367187500
226836034.3409363925 8071412.3398437500
213411108.7318345010 7672922.5273437500
204004907.3365128040 6876726.3027343750
215866912.4345300496 7774560.7773437500
245038125.6476323009 8285469.2304687500
253957949.4796820581 8304684.1914062500
239138400.5737421215 8246854.5742187500
238869644.8524823487 8243364.9257812500
203198796.3756849766 6765562.1054687500
211081703.4356640875 7545678.1835937500
226574731.1134077311 8064885.1796875000
238391941.6528760195 8239124.2031250000
243782802.4674769938 8278956.0585937500
213509467.8260076642 7677167.2187500000
230093135.2740567327 8129246.5273437500
253944119.7763130069 8304642.9726562500
217113778.1771874428 7817465.5195312500
238093142.4250857830 8236405.3085937500
213415899.6732661724 7673740.5273437500
226799582.4126733840 8070892.4179687500
227023489.5118433237 8073895.0820312500
211132888.1040938199 7549279.3789062500
232582260.0541315079 8162882.3320312500
213406238.3206180334 7671609.3007812500
226740077.2984167039 8068708.0351562500
234426822.1512714326 8194989.8125000000
238969119.2615346014 8245288.5742187500
244285123.9439792931 8281896.1992187500
254903690.8794324696 8304959.4335937500
212337349.0973919034 7613656.0546875000
238504200.8094381392 8241518.9218750000
202067700.1638492644 6527477.9257812500
202544468.6246137917 6629319.9433593750
214969459.5683020651 7737671.0000000000
243844265.3259264529 8280581.5273437500
215019920.6319309771 7744144.0976562500
217346676.8573645353 7826531.2187500000
211148727.6245307624 7549652.4257812500
247481967.1484902501 8290916.0039062500
247510256.6951442957 8292119.4257812500
210970772.8591131270 7536796.6328125000
203380303.6316613853 6788519.8554687500
202435631.2343359590 6619455.0546875000
247823460.6867749691 8292492.5156250000
202742405.5927665830 6685104.9003906250
207061208.5124203563 7223701.8046875000
211097756.4491437972 7546822.4335937500
226648622.0930999815 8065339.7382812500
234659596.9204598069 8198279.8164062500
254534608.3976699412 8304883.5390625000
245392812.1313942671 8285764.0156250000
203783664.7844272852 6852870.8417968750
207853887.6567900181 7307775.9023437500
217423596.8380282521 7829540.8320312500
218254757.2406637967 7856219.2734375000
234161556.6754426062 8192391.5976562500
230246148.1937018931 8132136.8359375000
230070307.2099352181 8127819.1210937500
245497144.0447125435 8285883.2695312500
207724885.7360055745 7294555.0976562500
218870765.2870863974 7871951.2929687500
230494850.6934274137 8135394.0585937500
237715798.7896436751 8232641.5468750000
206784647.4922551811 7206546.3359375000
227022819.7594041526 8073335.0390625000
203801087.8924972713 6853748.0488281250
213246014.2966764569 7663905.9414062500
207876220.6863606572 7310719.6796875000
216129050.4480151236 7785194.4531250000
233273452.2189545929 8177554.0156250000
241105216.0361345112 8262593.9765625000
213029562.1050233841 7653498.6015625000
205291667.1183518171 7036358.4726562500
208574566.6703861952 7358404.1250000000
216097465.4281565845 7779341.8554687500
204098408.8541654050 6883460.1386718750
206705762.3725908101 7196767.2265625000
229679656.2554679811 8121912.3281250000
229832680.1414411962 8126126.2226562500
244878288.4309611320 8284379.5859375000
205307087.4226853848 7040408.8398437500
208636568.0789377987 7358807.5859375000
215151442.9681670964 7750316.3515625000
229532083.3318281770 8120685.1992187500
237378548.9095534086 8228569.6132812500
203154697.0089884996 6760116.2187500000
206611313.7882187963 7187368.5859375000
201934890.3444016874 6461940.4335937500
229257924.1115616262 8116762.1132812500
227072452.8931391239 8074693.9062500000
202025898.4306586981 6513310.8339843750
216983904.0564139187 7814497.3671875000
216514189.2613831162 7797360.9921875000
227504152.0826146901 8084793.8476562500
205630385.0829917192 7073297.4628906250
216367468.2029417157 7792709.4335937500
228101613.0704350173 8096803.7695312500
202855781.1845081151 6699928.9960937500
237583043.0305866897 8232028.4218750000
202183406.7611958086 6556527.5000000000
203290960.9045312703 6776491.5371093750
206617779.4596118033 7188799.6093750000
202101803.1410984695 6537112.5683593750
218312615.0415553153 7857522.5000000000
242356525.5358007252 8270263.3906250000
249870850.1571807265 8297553.7773437500
203568538.5967959166 6818826.5468750000
250266620.0446701050 8297943.3710937500
227782864.1393615007 8090341.8750000000
250304770.3446922898 8297949.3164062500
205134948.3911359608 7020579.3554687500
205221330.5462751091 7031845.3828125000
205678246.8641374707 7075158.6308593750
220896719.0452027321 7925209.2773437500
249333597.3084384203 8297406.1875000000
208471632.1775381565 7352543.7187500000
208458686.0869352221 7350944.2187500000
214869143.1786185801 7734576.3828125000
216464961.0909245908 7795095.3281250000
228073055.0058532357 8096027.8671875000
211606399.1849795282 7577783.5820312500
212238298.9954330921 7612412.3828125000
241634530.7615739107 8267552.1328125000
205279086.3071430326 7035500.4335937500
218179512.2819670141 7853702.3984375000
218016767.9667548239 7846372.7890625000
218102943.8066034615 7850285.7148437500
234294214.5032025278 8193028.5898437500
202355407.9918702841 6605394.6503906250
253360405.7948171198 8302434.1484375000
211749893.0440830886 7585233.7421875000
248911217.9889835715 8296292.2187500000
211775521.1471424103 7588597.0429687500
205448062.6225641966 7056180.7929687500
202034719.4036922455 6518191.6289062500
212545195.4232407808 7626970.6445312500
211722734.2356076539 7584647.8085937500
205184747.4688003957 7027829.4492187500
202195706.4221699238 6561255.3183593750
248897701.5577529073 8295905.9453125000
205333392.0906798840 7043817.5468750000
253161834.6780722439 8301895.6953125000
220819632.2390687168 7923991.1562500000
203842748.3380244374 6855350.5390625000
201942740.1417827010 6470777.6679687500
202267039.9564469159 6577424.5371093750
211956812.0800303817 7597121.0976562500
205180522.8526927829 7027802.8554687500
202723236.8900657892 6676870.8261718750
203597831.1676326990 6822385.1855468750
248416773.6745154858 8295403.1835937500
248309586.3366922140 8295095.1718750000
239599325.1835240722 8247736.7773437500
214810186.6611638963 7731258.7539062500
215068774.3325660527 7744264.0585937500
212032085.5587286353 7601505.7070312500
233054843.9174791276 8176022.1679687500
242369458.2833576500 8271152.7929687500
216634843.2197091281 7802230.8750000000
203667423.1760813296 6833398.1835937500
232882404.9705994427 8172565.9453125000
233899458.9217049778 8188091.7382812500
224066765.6790486574 8002530.8945312500
212608521.4845975935 7629041.8398437500
214376083.8600890338 7708660.4960937500
202014431.4402167201 6508904.9472656250
243156827.8302976489 8273760.2968750000
243201535.9047504365 8275120.9531250000
214549575.6693942249 7719690.9062500000
239625461.8335664570 8248913.0585937500
216729784.0415663421 7805291.5390625000
216567896.8353182971 7800628.9179687500
242927888.2179458141 8272778.5156250000
202689665.3879812658 6674672.2851562500
239643650.9971555471 8249114.5507812500
239891551.3511781394 8251294.2031250000
203008771.8861056864 6725605.1250000000
202227240.6671056449 6569026.5390625000
236908594.8944859207 8223951.6875000000
202667301.5596312582 6670830.3300781250
202970484.9025891423 6724334.9667968750
234374566.6715740860 8193571.7265625000
207165750.5099188387 7233983.1015625000
202932614.3099210560 6712320.3007812500
207362088.2130130231 7251350.5917968750
204960843.0403767526 6995749.6308593750
202967555.1742555201 6722371.7851562500
241363194.6276804507 8264788.8945312500
214328941.7827483416 7707817.4023437500
241079830.2040802538 8262198.8398437500
207432304.7938579619 7257407.6718750000
242735261.4572727084 8272282.3007812500
208806189.0727553368 7365659.3261718750
233735515.2887567282 8185185.0898437500
209096967.6790469289 7386672.8222656250
209122575.6310916245 7387324.6699218750
208998551.5913225412 7382787.6777343750
214076402.9853171408 7697227.8671875000
204915305.4208854139 6985764.2480468750
221289027.4384092391 7936297.6992187500
252745319.3749487400 8300852.7968750000
204847425.9761792123 6975085.4746093750
240865579.4247267246 8259871.8945312500
204099591.7363980412 6886675.6406250000
224511653.9712956548 8012689.1601562500
236173634.3475680947 8214607.4414062500
231638836.8706931770 8148070.2734375000
231333425.5924360454 8147021.3359375000
236614987.9005280137 8219316.2578125000
222185221.4140378535 7957078.5546875000
231659647.9404209256 8150190.4531250000
225398475.4524760246 8029570.5585937500
225083399.5902376771 8024178.0585937500
225312735.3255468607 8027459.3984375000
224437494.9257898331 8011338.9648437500
225084628.2654236555 8024872.5585937500
225075119.2340351939 8023649.1406250000
224966733.1974490285 8021689.4609375000
222273083.3417338431 7957552.0781250000
222002190.8410252333 7952919.6328125000
235587116.3835129738 8207042.3789062500
252910124.1650991440 8300898.3242187500
235699362.2916526198 8209865.7226562500
231666439.8441029489 8153802.4296875000
223831547.4115805030 7997176.1601562500
235528735.9961287081 8206223.7890625000
231101772.3026058078 8144057.9140625000
222060058.8557606637 7953544.8007812500
239736724.0964757502 8250059.9257812500
221793071.3968123794 7947978.6953125000
210566776.4272646010 7463741.2578125000
233013390.4053307772 8175561.6875000000
209614410.8505896628 7425061.6367187500
210518657.8035736382 7463023.6093750000
233793713.3404201567 8186626.4726562500
210096792.7159056365 7457491.5234375000
210171306.1463963091 7461990.8281250000
204175936.7720284760 6893152.1855468750
210580285.2475487292 7481365.4375000000
210108824.2214976251 7459635.1132812500
209929645.3766597807 7445408.4296875000
210012155.2310506403 7450057.4140625000
204823012.3369507492 6968829.4589843750
210062464.5966573656 7454368.5097656250
206245956.5598182976 7122775.4414062500
251863614.5297788978 8298206.4453125000
222499696.6219697595 7961165.5625000000
202564847.3443083167 6641944.1621093750
252360256.6846610606 8299817.8710937500
206296887.1892168224 7126931.2148437500
204795089.8793125749 6966853.2285156250
222628543.5977438092 7966274.5664062500
223078897.6797387898 7974813.4921875000
223381668.6918739676 7983012.9843750000
223149151.4635834992 7976024.7851562500
222681001.8901038170 7966624.7343750000
206133616.6396807134 7108078.7929687500
205928664.3308226764 7089263.5898437500
206030105.6295188069 7098821.7421875000
204407812.5186516047 6913477.0781250000
203532775.0991908312 6796682.7890625000
246812748.0875992179 8287189.5273437500
220118186.5949068964 7900577.9414062500
220073978.2609970272 7899030.2109375000
220252209.4218215048 7905774.7500000000
220237831.3267391026 7903023.0312500000
204622312.5507882833 6927414.4199218750
204604833.7981779575 6926281.8554687500
