196054596.3467329741 614152.4965722216
199832109.1959431767 842308.8095510602
215811763.6756013334 1337732.1777343750
199948083.9245662689 846462.1602056623
199920699.2695427537 845913.4106939435
200407567.5802187324 866173.6292131543
200410137.8384878933 866822.1340328848
200134585.0107427835 859655.5895474916
199987563.0557085276 854466.8618658185
200213784.8987338245 862954.2222465649
200136079.9657543898 861188.5072820783
206937229.0826255679 1144746.4765148163
193897419.5114017427 426423.4934345642
200282671.7594227195 865401.0922628178
206811930.2917270958 1144437.7064418793
193647707.9563444555 394474.7224271894
196397785.7456863821 634689.6474973215
200296132.4203723967 866092.6004302204
199961322.5723968148 852811.3325689435
210833954.6545559466 1286662.8540039062
211078806.8129281700 1293560.5131835938
214687990.2703536749 1334888.3876953125
196310800.2124983668 634287.3255081936
196672727.2696617544 635474.2434576647
214987246.0426919758 1336672.5302734375
196002045.4756989181 613572.0922753466
196127173.4377579391 622357.2135106800
196013764.6477229893 613625.8323876513
203745278.2817058861 1033717.5656738281
207056454.4844086170 1146162.9968452454
206043414.8566981256 1123450.7455120087
199858069.3320962787 843044.3740087140
206117249.3558800817 1128772.1075725555
215317439.2265512049 1337240.3359375000
216127856.2477718890 1337767.1152343750
196221603.4429168403 627264.9877831591
196056234.0470038354 621696.7641503466
209791627.4653946757 1255917.7326660156
213752010.6057273448 1331324.1777343750
199765244.3410245776 835492.9223440289
210916336.6960279644 1289603.2856445312
211016658.6862272322 1292452.9174804688
199777476.7529140115 839904.6386526227
217362573.1002507210 1337971.9169921875
195793261.1755212545 602542.0525071276
195988930.1955392957 609956.6711594714
199670909.6154532433 832240.0726488605
214914578.0569135845 1336052.6533203125
216017304.9372747242 1337734.7734375000
195889237.0855759382 609485.3332688464
195987760.2606547773 609880.0112332553
211404492.2592983246 1298093.5146484375
193564948.2970594168 368430.5697416812
199752376.2197971940 833999.7504690289
204474855.0718839467 1067499.7498182952
212530020.3973466754 1320432.5751953125
212291041.5600716770 1315739.0493164062
193569595.7128028870 375384.3130872846
212844043.0760901868 1324173.5019531250
195747480.1773107648 598024.9153000964
195584097.1659136117 586533.3599874778
199782345.6628255844 841520.8652151227
213355101.2427316606 1329056.8427734375
215606309.9300964177 1337476.4248046875
215202561.1276841462 1336792.9335937500
199054835.3428979218 790791.6195420787
203819214.3872926831 1035878.5463867188
206053937.3306103647 1125601.8812541962
209737420.9762144983 1253312.1906738281
210145792.3259473145 1266542.1960449219
209885923.5384717882 1259958.2766113281
215030510.5104059279 1336752.4472656250
199098716.2092686296 791715.6117294355
205191660.1897358000 1094135.6153244972
199036742.9274752140 790727.9589452752
209828755.3299207389 1257494.3664550781
195652784.4615172148 589840.3305672212
210100513.5821754336 1265602.8239746094
193728836.5885094404 396956.5778364539
193600973.4519073963 384651.8650282025
205015791.6438389719 1089864.3105387390
204819469.6268639565 1084205.0796396434
205227440.8604837358 1095415.3739256561
216237914.3798649013 1337786.3183593750
199086027.2051715851 791335.5750698681
212654213.4882116616 1322111.6259765625
213413329.0742208660 1329543.4375000000
198929131.4908883572 787442.7076440823
203475221.4553830326 1022287.4940847009
209597819.6360658407 1246051.3489990234
215576956.2377447784 1337422.2734375000
217255724.1933754683 1337959.9072265625
204511383.1305845082 1072768.9641458690
210602443.2557124496 1276834.6953125000
215683858.7808001339 1337581.4570312500
210559865.8084024191 1276527.1523437500
217363505.5594123602 1338049.5751953125
193693031.9431087971 396888.2705091236
199073793.7372364402 791131.9197655328
210414379.9871758819 1273470.1328125000
211176851.8784635961 1295417.3364257812
195526863.5915678144 580523.3555929465
198859163.7423976660 782548.0707300238
213364926.1475816071 1329540.0820312500
215106002.1131018698 1336770.4599609375
193849514.9480558932 420225.8892077804
206462180.5717417896 1140867.1063671112
211662920.2688367367 1304508.9897460938
193793480.3664982915 413474.4480685592
193877462.0683202446 425084.6691552997
195730229.1710875928 595000.1285777939
195554652.6037158370 582774.0988527192
195512630.9568275213 572969.6139894379
206152811.5955246687 1132232.0417423248
210258659.0284044147 1269072.2565917969
198988727.6407516897 790601.1543794207
193750956.8253509998 403354.2726033181
206359420.6682884097 1136113.8201885223
206127096.9335353076 1131782.4694766998
211241285.7967597544 1295854.7343750000
211862893.0734386444 1307415.3276367188
203875691.3872545362 1039712.1456909180
217671548.8689532876 1338068.5898437500
203620320.3661151528 1030095.4094238281
203574167.8925013542 1024098.1218261719
203729252.1281816065 1032984.3969759941
206124591.5547485948 1130693.0944766998
203917784.3027124405 1040922.2976074219
214626888.2470300496 1334193.6005859375
213041362.3091691434 1326460.3291015625
199724490.7319723070 832552.6464745998
203828258.2266866863 1036286.1667480469
213508471.9668494761 1330396.8056640625
194967332.3585721552 528963.8922240278
193882009.4348366261 425931.9980890155
195504081.6294466555 572965.7155519379
195402848.2330739200 569400.0754152192
199662200.9017046094 830160.4150292873
198525230.2009107769 764900.2775483660
209493052.3529508412 1240097.6342773438
194971508.5893374085 530516.5726439497
195368148.7575690150 560281.0729208840
203597343.8078292906 1025474.7106933594
203769859.7240161002 1034546.6758880615
204415538.6883094907 1067263.9538919628
195261677.0345158875 549498.0536723984
205395677.3774070144 1103395.5652174652
217041267.5449720025 1337804.5527343750
198635855.5366409123 766859.4297206303
205685711.2898827493 1108080.2620520294
209595735.3800131381 1245194.3759765625
193731275.0113670826 399825.1936963052
203396308.8043569326 1020000.0551757812
198670979.0154469013 772709.7194142350
195229678.7365440428 548376.4364767922
195265180.1214578450 549625.1881736265
217200325.8543546796 1337875.4863281250
203522756.3800766170 1023763.8166503906
198442196.6744643450 756496.6335988053
203985003.6030956209 1045374.6032180786
214509653.1240307391 1334110.3378906250
205852398.0166590810 1115485.6274900436
203639555.6416881084 1032201.7717285156
205710417.6115983129 1110700.7304017544
212860739.6083207428 1324201.0468750000
195103954.3704442680 538002.5453595063
204399718.2335591018 1066071.6846048534
214124942.2174541056 1332357.9169921875
198723775.1543191969 776080.5190052994
198512639.2469349205 763934.1090626725
194915624.4459145367 524805.8039725777
195225914.4352447391 547760.8419943703
198345029.4844940305 752157.0017514237
209586918.7487491667 1243981.5888671875
214294071.8325888216 1333114.0556640625
213971719.5487746298 1332053.7861328125
195216405.6352038980 546691.0384994836
195275010.3225747943 550462.3026958359
209731468.9489763677 1251458.2529296875
211496524.1878412366 1300994.2998046875
195161447.6976347864 546614.6984396828
194993234.9925371110 533468.0437186714
211737471.9073302150 1305062.3574218750
209560406.6207624972 1240341.2595214844
194975257.2029010952 530710.7706863424
194843203.4938445389 520124.4574095747
213744253.5586192906 1330897.9833984375
214090541.1873386204 1332302.1679687500
198191918.3997505307 738520.5553945597
197909319.6150666773 721494.0551483639
204051189.1254186928 1051751.4190714061
212705336.1135689020 1322449.8466796875
194183806.9494583011 452232.6820847660
194089733.8839279413 445721.9551855344
194715115.6238463521 506964.8112599254
198146599.0271066725 737604.8429214963
209411884.3532880247 1238522.1706542969
209466317.5068328381 1239980.2587890625
209615385.2227778733 1248027.3310546875
194608810.5876508355 494269.4162931312
194633259.4271924794 499449.3009018153
204571589.6675274372 1073935.9787561893
205944454.6973412931 1123297.2700681686
194159195.6228155196 452213.4790511522
213933158.5730416477 1331499.3369140625
198398014.1257931888 752436.9186661252
204372774.6110708117 1065650.9968607128
211809667.3272449970 1306765.8784179688
198309368.2345714569 744233.0654954028
212499521.8476667702 1319846.1220703125
204308652.5726487637 1063747.6648294628
218401578.9148501754 1338103.2949218750
194542457.9237954915 487705.1986614335
209678094.4754205048 1249956.3867187500
211562797.8834096789 1302292.5449218750
194744716.6259559691 506965.7239103187
194044630.9847534299 439974.3016821165
206084132.0312797725 1127975.7938566208
194662601.9692893326 499904.6512174476
194496741.1578298807 487676.7713346351
205710621.0527793765 1115479.2339353561
211942419.6639192104 1308964.4135742188
205456616.1553584933 1105655.1472487152
194147535.5666626394 450192.5729223508
213234140.1961642206 1328099.0937500000
205353801.7686705887 1102678.3269362152
194478733.5899133682 478297.2451440692
194010526.2198700607 437964.6930395383
194496467.4385908842 481005.6843268890
194369491.9854702055 474649.3874518890
211767491.2964588702 1306194.6010742188
194425748.9982453883 474708.0569877028
212111749.6157193184 1311399.5258789062
199597299.0474384129 823727.6278032374
212132211.8387317657 1311496.0405273438
194288627.0200909674 462433.6222608108
194148519.1883782446 450205.7423779983
212001217.5245196819 1310645.1137695312
205078403.9591335356 1091887.7973646820
211969999.1444364190 1309386.9340820312
212030019.6026089191 1311374.1958007812
198042787.0647267401 731064.6822581299
212178145.0421631634 1313068.9047851562
194255663.7765872180 455218.5182615910
212181466.6966904104 1314173.6889648438
199477886.8611059487 815228.1337440216
199402569.8760746717 806981.4193885529
198223037.9564957321 742540.0078690177
198002618.5888490975 728766.1266129025
199430207.9931820035 813774.1474158966
199232363.2682675719 803223.9333656037
212768046.3358325660 1322846.8779296875
199126694.6133247912 792218.2949669564
197702140.6888591349 698186.7934184083
199223244.8192054331 799541.1161644661
197789827.7232972682 710006.2951273926
197768708.5327319801 708958.9821391114
197834508.3548162580 716503.2497172364
207074007.8170518279 1149320.6421356201
197894858.7817013264 716877.5343573027
197901049.1818224490 717858.3092612409
197338960.4827816784 666011.1026915014
197747493.4557781816 700820.0214990294
197490643.9027296901 678716.0089415014
197650949.2552386522 689278.9605615288
197557898.6063559055 688456.6500146538
197376729.9607177079 675250.4151915014
197350573.4495434761 669102.2272032201
197431805.3404132426 678058.1231993139
197261889.1254540980 663249.6946013412
197685354.2424072921 691410.2625994384
197212999.0524896383 656695.8647249183
197157715.7949367166 648193.9838505872
196975509.9871644080 636070.7614121325
197047531.7793630958 643253.1525254138
197087848.7842663527 644908.6818222888
197144601.9779582024 645556.3901696093
207922267.8877379894 1159088.3741149902
208003179.3650784194 1165351.4395446777
207950306.3495245278 1162789.6303482056
207581922.3465520740 1151726.8722763062
207808224.0731841326 1157785.9057235718
207649904.2650055587 1154294.1935653687
207522693.0757399499 1149887.2160263062
207594987.3747463226 1152575.5978622437
208138455.4158543646 1165698.5268402100
208831532.8796560764 1178141.1684570312
208776066.2277251184 1175671.2534179688
208734269.0582464933 1174304.6157226562
209112459.1453410685 1185379.8901367188
209281771.8632087409 1187734.5328979492
208576605.0351484418 1167361.3349609375
208700489.3676602542 1167697.9082031250
209222021.7107414305 1185891.9390869141
209311840.1640113592 1187750.2880249023
209256976.3186401129 1186233.1446533203
203303246.7171564698 878180.0890321732
203240095.5769149363 876126.6927309036
203114856.6353929639 867501.7178773880
203201605.8289069235 869351.9250154495
