225983346.8767769635 8098078.9687500000
236121613.3061351180 8252315.0156250000
243518703.4594162405 8317957.5820312500
225995777.2927800119 8099118.3164062500
225568703.1551193297 8091800.6679687500
207228738.7803065479 7347235.0468750000
207474933.7905412018 7362808.0898437500
210895000.5698142052 7607582.1132812500
217334475.7823143005 7885932.5585937500
219140023.7404033244 7943675.7382812500
221532212.5642484426 8008222.4062500000
222269084.2131506801 8023759.4101562500
222223822.7300693691 8021400.0742187500
203375307.3588750958 6825842.3027343750
205569376.0779158473 7165033.3710937500
221792683.3149728179 8014730.6328125000
225491141.3202701509 8090579.3398437500
236363347.0998545587 8255741.2695312500
242899629.8371497691 8314436.6992187500
203607780.8482744992 6843076.8300781250
203442571.4501605332 6837819.7226562500
212465321.8026742935 7682942.7500000000
224969952.2211487591 8080187.2109375000
225217781.8567250967 8082260.0859375000
224685587.7514918745 8074028.6054687500
224815737.2289738655 8074623.8476562500
242383643.4119028449 8305338.7031250000
208931006.4614766836 7477546.1132812500
208983768.7526652515 7478600.1562500000
222014141.1985109448 8018914.0156250000
221711152.4335095882 8011427.2304687500
203586164.6146618724 6841177.4394531250
203387338.6841842830 6829374.6796875000
221477428.5381618738 8007534.3203125000
221364463.8769894838 8003402.8125000000
203631470.0592140555 6843321.0605468750
203468715.9349294901 6840988.0117187500
203207679.6615715921 6812487.9238281250
202676021.8561880291 6712051.2558593750
250485751.3487377167 8349024.0117187500
258999210.3148992062 8362364.0507812500
211169892.4917822480 7623381.3750000000
235794540.3746026754 8249839.6289062500
250522028.1542988420 8349131.5625000000
211507365.2000328302 7643259.6210937500
208861977.2542667985 7472987.9531250000
236299367.7979761064 8254952.2695312500
218841969.2820399702 7937858.0156250000
206636859.3898027539 7286147.3125000000
207417088.4351363182 7358569.6640625000
240831503.5690053701 8298992.3281250000
201913460.5658340156 6480451.0195312500
207446602.0084765255 7360102.4609375000
210682085.6008400917 7593742.4765625000
235139886.7068967521 8238856.7187500000
220998859.7359082699 7994384.7500000000
245312186.1035294533 8325878.8750000000
206950716.5812386572 7321046.6445312500
206872315.5789978504 7309523.4375000000
223972692.7580472827 8055979.0585937500
202760037.5796877146 6732723.6347656250
215124950.6467037201 7806859.1132812500
224033357.1375852525 8057557.0156250000
234954662.5310819447 8234569.8476562500
207421261.0158883333 7359625.4687500000
215473799.0444089770 7822263.7265625000
217431882.5241992474 7892521.9453125000
218989073.2607022226 7940641.4765625000
211255077.6606978476 7630003.7656250000
210977234.9873016179 7612941.1835937500
220902679.9456031322 7990985.6367187500
235395360.8068718314 8243243.1992187500
246260914.7369371057 8333122.7773437500
214590251.4259737432 7783470.2890625000
205380709.4494938552 7139449.3007812500
207406066.6428733170 7357731.4101562500
211962380.1869737804 7664031.3984375000
224348057.6815980971 8065872.7539062500
209262691.2774839997 7495221.5625000000
224654996.4256884456 8072199.6757812500
206813252.5325394571 7302441.3515625000
207300665.3117683232 7350536.5195312500
235327017.1334929764 8242552.8710937500
207138622.3213351071 7338306.4570312500
210873693.7985112965 7605922.1328125000
235648073.2264148593 8245791.5234375000
235446854.5443529785 8244626.4765625000
235900307.3317042589 8250812.5078125000
211674660.0777486265 7650406.2187500000
240226500.8924734890 8296286.0312500000
228750561.0088225901 8144791.9023437500
209068857.5416248143 7485323.2187500000
238657720.0109638870 8282497.2070312500
211214371.2102643847 7626882.5468750000
238260535.3360394239 8277486.8359375000
212964286.3444476128 7696495.4804687500
231178917.6107734740 8181217.9218750000
245740219.7774645388 8330357.9179687500
224188928.2686435878 8063308.7539062500
209079459.5485525429 7486607.8671875000
248185739.5686852634 8340493.7265625000
215768659.9922110438 7832371.2734375000
223799012.0048298240 8054736.0937500000
209057592.7836858332 7482690.7304687500
212605622.3805307746 7689604.4218750000
223735449.2952308655 8051942.2421875000
206688180.6408020258 7290494.5507812500
246038419.7973286808 8332470.5234375000
258785403.4604696035 8362104.2460937500
212697355.2271844745 7695695.0117187500
212296657.5540454984 7678802.0234375000
212136760.2519456744 7671514.2460937500
205340820.3812822104 7133730.3886718750
202902570.5503949523 6759229.9746093750
210840857.7776973546 7602805.4570312500
227657188.6592152715 8122539.6992187500
236661869.7118515670 8257830.5351562500
219801013.2887749076 7961209.5937500000
228783159.1080211103 8145674.0351562500
218068361.4580428004 7912592.8203125000
217727963.9633491635 7901308.8242187500
219645421.1005225480 7955920.3750000000
236962733.9443488717 8260566.0585937500
229495474.7151961327 8156914.0312500000
218015517.6845475435 7911947.8828125000
222760369.2064538896 8029635.5078125000
227296070.7308764756 8118509.8281250000
209030237.0984539688 7480943.0546875000
202193092.8753529191 6596007.6992187500
245536744.3153812587 8329613.5234375000
210869278.7800002098 7604381.5156250000
219677439.5274145305 7957258.0273437500
208147148.5692735910 7409948.5664062500
208951642.5965773165 7478152.3789062500
209107154.6267052293 7488094.4843750000
210603110.2198481560 7582844.4218750000
210796688.4278722703 7601124.3906250000
240539949.6461134553 8297583.5820312500
205451018.5665228665 7145733.6406250000
229032981.6949908137 8149801.9453125000
216013619.0549296141 7841331.1171875000
219723369.0914351344 7959375.9101562500
238399367.1545135379 8278994.9335937500
243186797.5749753714 8316933.0234375000
219549510.6092381775 7954297.9375000000
206520799.6812817156 7277407.1875000000
213944489.1805702448 7749980.4804687500
219374313.0740423799 7950338.8554687500
240324345.0588805377 8296416.9921875000
206309354.3380750120 7255162.7656250000
226965887.2388340235 8111100.6171875000
230848701.8780395985 8176190.7695312500
240042756.2173096240 8294526.9023437500
243679510.8123722374 8319803.0429687500
218148405.2962436378 7915581.8789062500
205481331.9002946019 7152679.0546875000
216179941.9429277480 7847041.8515625000
205414835.0001070499 7143677.0039062500
217807623.0972654819 7905125.1835937500
219611284.8853738308 7954787.4375000000
228434484.0181753337 8137017.8476562500
226763318.2577341497 8107439.6679687500
231601483.2435600758 8188521.0000000000
239814804.6440710425 8292509.2265625000
203333889.5011489987 6819090.0156250000
216172337.5961912274 7845482.1640625000
214330936.6834966540 7767448.9687500000
202180180.3892868757 6589355.0937500000
228902981.5307620168 8147890.8593750000
231591857.9513715506 8187944.7070312500
259029782.3888331056 8362625.8710937500
214434509.1262569427 7771961.0664062500
217190419.8453611732 7881158.5585937500
202730995.1817009449 6726736.5996093750
231238233.5024966002 8183419.3789062500
214243988.3250024021 7764758.3750000000
217058446.5712199211 7877953.2070312500
202944956.6252000928 6762533.7167968750
216514323.1862781346 7855913.5234375000
216284158.4526635110 7850537.0468750000
249469580.0179824531 8345636.9179687500
249730251.1129728556 8346823.1835937500
229695566.9355793297 8160612.6250000000
214013624.7437475324 7755322.1953125000
202105732.6547834575 6569754.5546875000
202145050.9962262213 6580314.5449218750
216582412.7741032243 7861139.6757812500
216098356.2102443874 7843446.4687500000
206614314.1703184545 7285238.2460937500
230740762.4325751662 8174930.2148437500
249527793.3282967210 8346070.9609375000
231660139.1174838245 8188820.0351562500
205733683.4102285802 7185364.1835937500
249021490.8994009793 8344865.2695312500
259416576.9319714308 8363075.7773437500
214522138.8844802976 7775024.5351562500
214579679.1214186549 7778753.1210937500
205882938.0293302238 7197575.1523437500
205614098.3485128880 7169415.3496093750
231338499.2385772467 8184028.6445312500
205709521.9526174366 7182486.8906250000
231487577.2139030993 8185673.7031250000
205667570.0877422690 7178719.0664062500
239398771.5346513391 8289239.0078125000
202856411.0549648702 6750349.3945312500
246312656.2979240417 8333234.7617187500
205568015.2887390554 7162625.9804687500
237676135.8750116527 8268191.4843750000
239149009.8446100652 8286628.6250000000
202800422.9553977251 6739741.3398437500
209812776.7146193683 7520616.0117187500
209408950.8097328544 7502705.9453125000
203086881.1040400267 6787281.0214843750
210056890.2774394453 7541157.5625000000
230093417.8027917743 8165962.4921875000
237764110.2119907141 8270587.8164062500
242987380.2956368923 8314771.9335937500
248422727.2882617712 8342010.8515625000
202659043.0896389484 6705883.5175781250
202171101.9431370199 6583733.7695312500
209912355.5028371811 7534358.1562500000
201940524.6273138523 6490069.6171875000
209545618.7393900454 7503244.3554687500
229542957.4157148898 8157321.3867187500
202056222.2702119052 6546009.6542968750
206136224.4790123701 7229393.8359375000
208095965.3848971725 7407343.7304687500
205998504.4969114959 7214654.8242187500
210452915.7349019051 7572568.7304687500
257713661.3291296065 8358289.8007812500
257251380.8077813685 8353773.3984375000
238068679.2506256104 8275126.6015625000
207730439.6432260573 7382911.1562500000
202038242.8313961625 6531405.3789062500
206241942.2523301244 7243236.2695312500
258195245.4998767674 8360747.6132812500
201938165.4203295708 6489374.8378906250
202005622.2146432698 6521026.2988281250
226836044.7322783768 8108835.5351562500
208537496.6621233225 7442734.3789062500
247842847.3017169833 8338481.7460937500
247485732.7394463718 8337158.9414062500
247521630.0425269008 8337306.0312500000
202046743.6201858222 6533709.6484375000
208439029.2377715707 7433921.8554687500
207666239.3043841422 7376816.4218750000
213452975.8060657382 7717493.1210937500
228113168.0631866753 8131194.3671875000
204238980.4178994000 6956187.7578125000
247084509.2492673993 8335876.2304687500
242598206.5671681464 8311153.7851562500
210435613.1889229417 7570270.2617187500
232175672.7227056623 8193296.4453125000
242419885.1445025802 8309957.0390625000
227440087.0897390544 8119071.4609375000
227857800.7777512074 8127088.4570312500
227707015.2988128662 8124701.5937500000
206176399.2048483789 7233867.5195312500
202411757.5334129632 6631275.2519531250
202363931.6101012528 6628119.8710937500
231941682.6634662151 8191164.6445312500
244983469.3313578069 8324770.4726562500
202488696.7599135935 6659241.4375000000
202544912.5524539649 6674419.2558593750
208277729.9711411595 7415203.7812500000
202416396.1009875834 6642024.6523437500
227704133.3755850792 8122933.3632812500
213272312.4821892679 7708222.3359375000
202444935.2368178368 6643636.1542968750
202464786.6994406283 6648530.8925781250
203992902.5905134380 6905226.8691406250
257384167.5449807048 8357119.1914062500
244450969.5536676645 8322794.2265625000
244085966.9796239734 8321097.1171875000
204110131.7880457640 6928348.3574218750
233226810.1758674383 8204658.3398437500
233460827.8782594502 8206205.7695312500
233202294.3177264333 8203223.3671875000
232882087.6947067082 8200315.9882812500
204093424.0473987162 6927728.4316406250
204088954.9119623899 6925028.1796875000
204118421.7409287989 6931496.6894531250
254434173.6523088813 8349199.3515625000
241994248.6469041705 8301741.4687500000
241949603.5319419205 8301654.1015625000
204612463.8893379867 6989722.1542968750
204577640.5678843856 6989101.6777343750
204989449.8040828407 7045151.3085937500
205051615.0347195566 7054796.5058593750
205260616.3912752569 7081293.0644531250
204678061.6788915098 6996777.6250000000
205321817.8938924074 7083514.3144531250
204858918.0711105466 7015084.3730468750
254976119.7331659794 8349694.1640625000
204833509.2349874973 7005859.7753906250
256937244.3920380473 8353141.1406250000
256088639.3880848289 8351762.5585937500
255545912.5470784307 8351001.4101562500
255341646.0661638975 8350000.5625000000
204758453.7452352643 6997547.0468750000
