617582295.8750007153 4169147.0595703125
617893315.2711373568 4169377.4755859375
517907455.8516187072 1674967.9702148438
526175530.8796691895 2338113.2152404785
527263107.9339513183 2400339.1643676758
537057882.9167528152 2841450.6059570312
554858172.8312813044 3483808.9099121094
554765926.1955454350 3482845.9030761719
567774658.6242938042 3747853.4941406250
576170480.1572288275 3878978.4379882812
576012384.1582571268 3875657.3759765625
576949754.5287221670 3894316.6166992188
576947760.0144721270 3891465.7290039062
583508816.6543667316 3967032.0424804688
583381553.2213352919 3963958.6645507812
583754185.1478633881 3970141.4262695312
594142343.9314115047 4073215.7929687500
601926993.5501810312 4120694.5136718750
601405165.5114487410 4118474.7539062500
601805161.9960405827 4120677.4160156250
601271534.6363383532 4117613.9589843750
601019144.4296733141 4116497.8369140625
517634244.1944830418 1638005.4551849365
517862959.6151142716 1671674.7701416016
521384215.4657215476 2018493.3774719238
583813974.4138400555 3972273.6049804688
593743647.2401009798 4071983.0166015625
518154563.4902658463 1694189.1525878906
527349707.2718992829 2404499.8040161133
542440627.9289703369 3072849.8706054688
543123996.1892464161 3095720.8692626953
568080852.0090696812 3755605.8247070312
567949586.1017775536 3753535.5488281250
589758515.9826349020 4032430.0996093750
593347345.7658036947 4070360.9794921875
615743546.4045089483 4166641.8691406250
614856450.3627694845 4165615.1699218750
615204335.9619445801 4166555.3574218750
526873313.6745299101 2380314.0800170898
536306548.2604653835 2821816.3392944336
589388881.3722060919 4027926.2080078125
614386824.5089539289 4161421.1328125000
527691637.9844503999 2413359.1956787109
536408439.6858545542 2823492.9642944336
542894833.3787047863 3085908.5870361328
556154206.2762619257 3522270.2219238281
567998597.6618573666 3753571.7080078125
573778605.4428684711 3848087.6752929688
527485975.1935231090 2412217.8233642578
527504879.8351975083 2412359.9456787109
517355999.9357018471 1488260.3422241211
518181067.8728880882 1705733.7011718750
526949715.4205155373 2385942.2968139648
527089443.1285257339 2391014.6671752930
527127858.9842151999 2397489.9090576172
555827400.1182340384 3513779.1887207031
572981709.0419746637 3836182.5341796875
615195746.9494965076 4166553.6318359375
517380954.1281951666 1495434.0479125977
555694763.3182188272 3509073.8420410156
543072298.7451701164 3094916.2406005859
555919983.0725640059 3518142.5314941406
573519239.4231379032 3847120.3999023438
572869086.4929096699 3833308.0307617188
573331431.4389173985 3843485.3598632812
518346424.9567303658 1711444.8240966797
573049812.3046891689 3839338.7734375000
573173710.8341510296 3841862.4985351562
526715898.4179538488 2375327.4745483398
573461830.8860921860 3846200.2983398438
567808580.7617523670 3749558.9501953125
555236246.1196421385 3498951.4548339844
555388656.9619292021 3501832.6540527344
536304843.7497428656 2819042.9566040039
602384667.0157061815 4124067.6435546875
536322272.2955418825 2822808.6648559570
542719016.5533969402 3084057.3931884766
602359913.6023272276 4123992.7832031250
517306749.5240846276 1479361.4498901367
602074435.5721732378 4122623.6015625000
601553652.9135488272 4120161.7919921875
602885548.2690551281 4124290.0947265625
526668367.9503232241 2366362.0275878906
555040024.8502942324 3491554.8303222656
555391217.7889294624 3502136.8537597656
555056164.7845847607 3494115.9133300781
517375020.1441511512 1488336.5847778320
577186765.1589387655 3896290.8828125000
517588111.0410423279 1630286.8687591553
543426034.4818612337 3107902.7534179688
520692051.7229359746 1958965.1743164062
577220505.5265508890 3897776.5083007812
517380908.5338399410 1489164.7667846680
520993273.0557945967 1980283.1059265137
576733119.4198166132 3891453.0161132812
617035254.4781821966 4168697.0898437500
526037806.0013650656 2330641.7430725098
526237740.1001111269 2344370.5443420410
525935365.2223032713 2323434.3712463379
576648500.2063502073 3891339.6381835938
600986392.8804483414 4115718.7099609375
520818610.8978618979 1971581.9150390625
576475109.3238605261 3888837.5341796875
520652576.4241770506 1957721.0966796875
593630525.0561017990 4071977.5732421875
542954983.8909591436 3093041.6505126953
517309297.8326431513 1480681.9606323242
526576043.7543591261 2360011.9225463867
593449773.2088301182 4070615.6240234375
517687558.8750375509 1641756.4629974365
517643963.2808539867 1638695.8314056396
517553479.2911164761 1626443.2564544678
517489015.8857679367 1615750.2247161865
526503817.2828319073 2355279.1365966797
535903379.4668198228 2802486.3927001953
536010265.7778643966 2804352.1409301758
577008560.2543970346 3894318.1323242188
566502538.1161961555 3722924.8310546875
567600290.1948177814 3746765.2851562500
567458267.4048711061 3743453.5576171875
583557503.0163496733 3969660.1782226562
520898048.8705469370 1976842.1795043945
521881831.4933107495 2052463.5558166504
526062390.1467127800 2333067.2276916504
520794174.9800001383 1969147.8984375000
520704478.1455398798 1963969.3896484375
518329681.5423734188 1710970.0762939453
536066419.5789337754 2809789.9059448242
525832202.2876150608 2318547.9549255371
517706233.6200176477 1645859.4705200195
542599859.9481672049 3079094.5915527344
535842884.0105721354 2798983.4476928711
567844565.4321677685 3750187.3896484375
592565070.2604750395 4063108.3935546875
575187958.6795111895 3869342.9555664062
542578145.4801849127 3077027.6481933594
583873936.3933073282 3973795.7973632812
593249062.5442218781 4068349.9003906250
521649836.3613545299 2032673.8150939941
616821709.5692653656 4168582.6445312500
552055603.4844338894 3395686.3208007812
551990504.0852046013 3393709.6953125000
575246505.3914327621 3869996.1103515625
536185491.2709999681 2815741.7387084961
551903887.0832800865 3392020.7216796875
589444658.5371148586 4029462.6748046875
540472387.2174019814 2990715.9718627930
552153302.4925475121 3401118.1596679688
552179937.9593861103 3401513.6000976562
552286826.6392933130 3404682.6923828125
522141173.3356404305 2056750.1565246582
535967122.7749127150 2803189.9689331055
540437479.2526856661 2989786.8217163086
535769570.7975618243 2796703.5343627930
517896151.2117066979 1671946.3728027344
616157972.2408015728 4167830.0576171875
592139500.3134876490 4058893.9931640625
566667114.3378070593 3727634.6718750000
590714802.5576628447 4044857.4882812500
521557843.0317912698 2026676.2358703613
566776582.1885141134 3730467.4687500000
566829659.8513938189 3732030.7050781250
525324320.6320137382 2282483.6197204590
535628729.2352111936 2785938.7350463867
525472512.3815810680 2290655.4421997070
553780836.5567622185 3444955.3569335938
566258944.0759950876 3720096.9262695312
525022831.0525799394 2259847.2256774902
552694822.8280712366 3412743.6333007812
525101515.3848333955 2270674.2544860840
572659506.8502792120 3829230.3022460938
591143096.9415547848 4048181.4521484375
572775922.0825533867 3830893.4799804688
590883819.7439855337 4046801.5839843750
591392491.0180041790 4049128.7031250000
590532087.3625046015 4042440.5595703125
552897220.9065306187 3416368.5659179688
553284505.4131921530 3429003.2744140625
528003974.8193781376 2416483.0161437988
524895664.1576914191 2249422.7209167480
528169281.3224205971 2423366.7160949707
528191789.6350696087 2424089.5621643066
600834422.0603407621 4113874.0410156250
553692219.8575696945 3439815.3549804688
553425614.3495552540 3432812.3730468750
541413222.0728628635 3027338.7185668945
524737687.5803018212 2240278.0517883301
541275212.4771232605 3023624.6814575195
540575234.0065370798 2994050.8876342773
540606022.3376414776 2995290.7684936523
553362773.1793991327 3430493.8195800781
540524647.7126387358 2993303.0333862305
572530323.4823921919 3826174.6538085938
584925061.5113300085 3980320.4130859375
539848383.9885811806 2965282.1674804688
540866149.6167970896 3007637.8734741211
528222692.1602997184 2425059.4554748535
541203503.9124447107 3018810.6228637695
524397719.7499195933 2216622.8302917480
524096132.6888651252 2194388.2501525879
523970327.7731974721 2186249.9938354492
523771045.8645173907 2172319.9072265625
564031609.9050761461 3656078.7065429688
551389072.2271845341 3349709.7360839844
587811843.0006073713 4008738.7568359375
540378421.3335534334 2985563.8687133789
540364976.2950850725 2985171.4453125000
540288854.1808892488 2982492.6447753906
569609100.1928956509 3768572.9726562500
523689584.9161809087 2164390.0384521484
563933654.0579026937 3655070.8671875000
563547678.3821824789 3648226.4472656250
563804027.8084995747 3651803.7275390625
563402613.3300641775 3646077.8652343750
569443385.7679851055 3767483.4575195312
604570319.5993022919 4125690.5361328125
524062661.6231932044 2189373.0993652344
599606093.4216278791 4097760.7412109375
571541909.8853991032 3803497.6845703125
523648796.1048324704 2156324.5589599609
537856162.8515015841 2878547.8631591797
551037899.9964433908 3333144.7753906250
585429265.8146215677 3982798.4003906250
570469667.4895964861 3782695.0493164062
570609745.6084742546 3784813.1699218750
564748117.0813488960 3663384.1137695312
564356806.8682816029 3658148.0063476562
598926428.5623668432 4091394.8193359375
570194540.9269109964 3778954.2485351562
587707068.1117745638 4005151.7275390625
537775527.2098748684 2875107.9832763672
598622041.4848889112 4090036.2910156250
537753562.4637079239 2875059.4100341797
538346449.8338414431 2895587.3955078125
586073128.5613199472 3989151.9287109375
537664838.3899970055 2868255.1898193359
587459070.7332439423 4001194.6884765625
549870452.2427355051 3292089.9572753906
587522414.2401030064 4002603.7626953125
538176135.1473779678 2890116.5921630859
550595607.1423939466 3311283.8747558594
550786032.3660937548 3317154.5827636719
587163909.1070399284 4000590.8164062500
550434292.2284820080 3307937.1286621094
550086530.7039178610 3296987.9504394531
549887318.8332366943 3292499.1809082031
537456843.3160526752 2857808.0427246094
587024992.6247316599 3997794.8847656250
549580772.9182752371 3281523.1560058594
586147354.7487957478 3989888.2109375000
523389898.4169330597 2114363.9548339844
586547239.2919437885 3994277.6904296875
565235625.7952785492 3673966.5371093750
547872896.1096910238 3209969.8254394531
547940269.8967635632 3214864.2448730469
547328201.7948685884 3188856.6926269531
547600988.3353513479 3198438.4108886719
547427552.3503469229 3194195.8669433594
547613345.2348823547 3199740.9353027344
581653763.0257754326 3928569.5107421875
581692239.2890582085 3930098.8750000000
581428377.3998992443 3925355.9355468750
581164540.7456656694 3923095.5898437500
560699223.0571308136 3545858.8046875000
581552482.8501473665 3927289.8833007812
581420705.8321291208 3925079.1562500000
560866720.8600996733 3548837.1679687500
597719553.5775810480 4077249.7812500000
581092033.6603965759 3922729.9843750000
546845329.6125130653 3167743.1345214844
560859770.8174698353 3546461.4360351562
522940770.4766531587 2064943.1157226562
522901963.7324605584 2064854.8872070312
546076454.2670069933 3138999.2580566406
545795055.5631061792 3126536.1203613281
546412550.6708693504 3147350.3593750000
598323167.7414107323 4079589.9042968750
611485139.5136793852 4129793.3828125000
611662691.3337880373 4130493.5576171875
611020230.5028551817 4127595.9033203125
561567741.8967099190 3553151.6733398438
611318944.1638808250 4129507.8271484375
534405595.3407886624 2669324.4008789062
534093715.0882356167 2656030.8524169922
533864111.5378792882 2640153.1916503906
533781748.3990193009 2637857.1076660156
535184945.3279541135 2704070.8488159180
533927037.8663026690 2647365.4367675781
612415960.4669263363 4130584.1015625000
534927995.1705978513 2690315.4125976562
613137364.9846735001 4131636.5683593750
612472385.1647365093 4131386.6718750000
535163746.8557169437 2702720.5889282227
533713168.6088901758 2518412.8714599609
533431631.6634544134 2493181.8354492188
533227315.2283103466 2471631.1391601562
533269464.0070394278 2473976.6702880859
533396959.1058140993 2487832.7109375000
533214186.1738929152 2452626.4003906250
533097265.8258175850 2438275.1046142578
