64321498.1165918484 2397634.9472656250
63422390.2734324634 2308716.8066406250
64312743.2818186581 2396947.6347656250
64244798.6272783279 2390305.8593750000
64305707.4648998752 2396712.9238281250
64388578.7961542457 2397848.3730468750
64273848.2829545438 2396272.8691406250
64637665.7386196181 2414193.9492187500
63565367.6741664708 2327438.8808593750
64194555.9574330300 2386168.9921875000
64259623.1553072184 2393075.1914062500
63050936.1657758802 2261571.1503906250
63083388.4177668244 2265760.9316406250
63876169.8455037028 2357375.6289062500
62429676.4083329663 2101694.3164062500
62720809.7477001101 2200465.8085937500
64141167.6330063790 2385494.2265625000
65073996.0057373196 2430710.2265625000
66757833.1202195808 2441848.8750000000
65357050.8120465279 2435562.9843750000
62539531.8541550487 2156471.8808593750
64563583.1262629107 2409284.1132812500
62621573.4273321182 2182868.0351562500
62427403.7047014013 2095295.1738281250
65328664.7172050551 2435506.1992187500
64829059.5628964081 2420282.9335937500
64714674.0232897326 2415964.0546875000
65177270.6315919608 2432680.2539062500
65550903.8177684471 2437765.5507812500
62617913.9051628932 2179149.5292968750
63506824.4492367655 2320461.4824218750
63434529.9901282638 2311202.0371093750
64232831.9653380066 2388803.6484375000
65053209.8687211126 2429826.5468750000
63069310.1954728365 2265120.0039062500
63568192.7566944957 2327700.1523437500
63792179.4407911301 2350279.2070312500
65473424.7078007534 2436992.5117187500
63693176.5281573236 2343364.1015625000
64398555.0959263518 2398834.5722656250
64917375.4307722449 2424219.8710937500
66263476.1672836021 2440696.2109375000
63111824.0919043124 2270665.3847656250
63651873.5480462313 2335642.2792968750
63096137.9769799560 2265776.3046875000
62970923.3880838007 2252515.8281250000
63098721.2974423319 2267222.9550781250
63754317.1950241774 2343756.7480468750
63154856.9882980734 2273932.8007812500
65099866.2077767998 2431312.5625000000
65360408.2335522249 2436180.9648437500
62967804.6631362662 2248683.4746093750
63029290.3208315521 2256723.7753906250
63673907.2912437320 2335720.0605468750
65502045.2494572997 2437173.5585937500
63043176.1899745464 2257410.8242187500
63114990.8694480807 2272012.6640625000
62946604.7892520875 2245534.9238281250
63017362.3422168493 2255809.2949218750
65337158.1478928924 2435554.5625000000
64047253.0555197820 2373909.4375000000
62442405.1377394572 2103680.3378906250
63675997.6397727579 2342500.8574218750
63604620.2533589751 2334454.5273437500
62983672.9472969323 2252531.2011718750
62873614.4034387469 2234976.6718750000
65068122.6914296225 2430637.7968750000
65335674.0480734184 2435539.8320312500
62985618.8258696795 2255134.5292968750
64233636.8777158111 2389725.6718750000
65020673.7230827957 2425780.3242187500
64230591.3870732337 2388420.3789062500
65252811.4862388894 2434011.3203125000
64028017.0521739572 2370148.9902343750
62833514.6379253417 2227200.2558593750
66666101.8491633683 2441729.7304687500
62508105.3714066297 2145542.2539062500
62919273.0876403302 2242377.8437500000
63471220.3289132267 2318524.4511718750
66226554.4278086051 2440371.6445312500
63903511.5529072881 2357713.7792968750
63983484.1956026182 2369708.9355468750
62947181.5773353279 2247938.0742187500
65949953.3654715940 2439460.0976562500
62452909.7582499608 2117571.3261718750
66026661.9355159029 2439981.2304687500
64860551.7620744482 2421935.1875000000
62904448.7381686419 2242329.4804687500
65149116.7771082669 2432018.3789062500
64396443.8027152047 2397948.2636718750
65058008.5324019268 2429932.0195312500
67019002.4585184976 2442352.5078125000
64069900.5602696314 2375642.2246093750
65323466.2930174172 2434818.8867187500
66115531.9199065492 2440347.6718750000
62856507.9760001004 2231499.6425781250
63834047.5501341820 2353811.5976562500
64853599.7408075109 2421843.3046875000
64538406.7281289026 2407132.6816406250
63502963.8452603966 2319199.2167968750
65549390.6733030081 2437522.9648437500
62455093.9487583786 2122642.4824218750
65394023.3617825732 2436621.0195312500
67081550.3759495690 2442921.4257812500
62785233.2205465063 2216003.6679687500
65164407.5856990889 2432408.9179687500
67121063.2956970036 2443090.6015625000
62807546.0344004333 2219425.3867187500
62743685.9429183453 2210534.6542968750
63196007.6115826368 2281201.2519531250
64561819.3840780035 2409197.3671875000
65104474.6799221635 2431334.0937500000
64223259.3867120296 2388406.0820312500
63959177.7201893404 2364847.1347656250
64421320.7646452188 2399269.0312500000
62416538.6034160331 2094530.0976562500
64195874.3734479174 2388363.5937500000
65384034.1571464688 2436230.4804687500
65573095.3932820857 2437997.1093750000
64424660.1715384945 2402459.0371093750
62415112.4976725206 2075967.6503906250
62684615.2819391191 2196156.6523437500
63831005.7461200356 2352037.7226562500
66917939.2405946702 2442271.8476562500
65004878.0300229713 2425394.4882812500
62737484.1828944236 2206235.2675781250
64679523.4139944911 2415574.4921875000
65019345.6908839941 2425557.8945312500
65870108.0884406790 2439435.5117187500
64353425.6310101971 2397640.0878906250
64674607.6791544259 2415556.0273437500
62758510.2923900336 2210583.0175781250
62760368.5379789174 2211774.1660156250
62728863.6611780971 2204880.4042968750
63583490.2641005963 2330470.1152343750
63758579.1637176573 2347345.2011718750
63321100.2154248804 2295214.1542968750
64474516.4665925205 2405726.4140625000
65126693.9892839119 2431968.8632812500
62753210.1499037594 2210574.6503906250
66031711.7966504544 2440020.4296875000
62517780.9630075097 2153705.0351562500
62672751.8426750451 2195405.4296875000
64932946.7152607217 2425105.5585937500
64647779.8976473212 2414899.7265625000
62700440.4381589890 2199010.7402343750
65117373.2607610896 2431343.6132812500
65094950.4729367346 2431294.0976562500
62468231.7536753267 2129806.7011718750
63385611.3036589175 2303523.0214843750
63553621.7828824669 2326061.8671875000
63468520.9305161461 2315310.9570312500
64922333.1459472477 2424258.7089843750
63400286.2286699265 2305655.0820312500
67157018.7623660862 2443134.8515625000
65234425.9621318579 2433419.8593750000
65637130.7660508081 2438012.9023437500
66389124.4088242874 2441236.8789062500
64665121.3930574134 2414923.7500000000
65197916.2712845802 2432979.8046875000
65725711.8071011901 2438526.4453125000
66437589.4194289371 2441261.8164062500
64543760.3408458382 2407237.4804687500
65697022.5200201496 2438516.5781250000
63501415.3098727912 2319104.1484375000
65048885.0877809078 2427097.7070312500
62523786.1147113740 2155685.4941406250
62579667.1604960114 2170460.7578125000
62698350.0896299630 2198809.6621093750
63299026.1692408025 2292216.4101562500
64998331.7082410008 2425259.6816406250
64729280.3409072757 2416250.5234375000
63569631.7681406736 2328516.3906250000
64742882.0822615549 2416468.7421875000
63192784.7684573978 2275588.8964843750
62622726.8447666615 2183646.8046875000
65934048.7118302882 2439447.7109375000
64878251.9543804154 2423217.2246093750
66262152.1918777004 2440476.3242187500
64502498.4401052445 2407048.4960937500
62479966.1334516406 2136933.5996093750
64498576.7786362022 2406430.5156250000
62540928.3617929816 2158030.8750000000
64469681.4042270929 2405720.0507812500
65222541.1927956268 2433239.6835937500
65902347.9005553052 2439445.1523437500
63268354.8524514288 2288445.7109375000
62475947.7819681019 2134587.7148437500
62543617.7113555223 2158799.7519531250
62655629.9420910776 2189132.8261718750
67005978.1818948537 2442299.9453125000
67228254.6579034925 2443462.0937500000
63411525.1721470952 2308572.8144531250
63538797.4334107786 2326013.5039062500
64031905.3846963570 2370216.5898437500
62482238.8370832056 2143473.2519531250
62428836.3728698418 2099791.6777343750
62642825.6867685318 2185972.2832031250
65455504.6659071594 2436776.8320312500
65741585.3009021357 2438724.9531250000
64900810.2340775356 2423292.3203125000
64140584.9933960065 2381911.3984375000
62442843.4562777355 2113458.2285156250
62547132.9557977989 2160804.3046875000
66279787.1798538640 2440887.4257812500
64573961.2324387506 2409454.0390625000
65528228.2555438355 2437518.9335937500
64616083.1566339135 2412366.3593750000
65491091.5521895438 2437139.9296875000
64601284.3913726732 2411005.1015625000
62415698.5679529086 2092627.4589843750
65955171.8438562602 2439768.9179687500
62571986.8941283524 2168832.5585937500
65775262.7677165642 2438883.0195312500
64672453.3934186175 2414938.0468750000
65666116.9144856185 2438511.5273437500
64558807.6803363413 2408589.6406250000
64067980.0246998817 2373982.1171875000
66028749.0544317216 2439998.3906250000
63426758.9132567048 2308942.4003906250
64718634.2137418836 2415996.0820312500
64812116.9212780446 2418061.7851562500
64450524.5987460688 2403371.7753906250
64119021.6193481013 2381215.2304687500
64496287.2015890777 2406126.4726562500
64102808.6833296791 2377615.6425781250
66339193.7425076440 2440912.3125000000
63275174.2879751474 2289623.0019531250
63312679.7439699769 2293425.6289062500
63498605.3421773314 2318566.9394531250
64114332.4747281000 2381181.5976562500
63243945.5281694829 2286159.9218750000
63408960.3717735112 2307107.6542968750
64479816.6090787798 2405734.7812500000
62511676.3652714044 2148961.8339843750
66337429.2752061486 2440890.3242187500
64464992.2596070915 2405686.4179687500
65519451.4059956893 2437174.5156250000
62728607.5592472777 2204258.2265625000
63475909.4735332280 2318558.0839843750
63563309.8312055171 2327238.2695312500
62656540.9644077793 2190297.4433593750
64631184.0814687163 2413388.6601562500
63514475.1451244950 2320674.6777343750
65641244.7297923639 2438330.4804687500
62601802.4321611673 2177930.7617187500
62549882.8493658155 2165336.9687500000
62440417.0251024291 2102561.4726562500
63232587.1220483705 2283191.1875000000
64778017.5284965932 2417305.1640625000
63559610.4777207226 2327007.2207031250
64636484.2239549756 2413397.0273437500
65561843.3837741837 2437958.9882812500
66099774.3430399969 2440068.3671875000
63467863.3331674784 2313144.1347656250
65004322.5521410853 2425373.9628906250
62642164.8303948492 2185472.3554687500
64621659.8744832873 2413348.6640625000
63364571.3631740212 2300288.3750000000
63224528.2848045677 2282843.3808593750
62638543.8459161371 2184517.9824218750
65522390.4362546653 2437465.4765625000
63543486.5780307800 2326047.1367187500
65958134.5860749930 2439790.9570312500
63143954.7129766345 2272360.9707031250
66985827.6334955990 2442277.2343750000
62467561.9134272560 2123392.2421875000
65956682.4595922157 2439779.0195312500
65995756.3299813718 2439976.1796875000
63193917.2630535960 2281000.1738281250
65807642.2555442527 2439052.1953125000
66101939.4409935847 2440325.6328125000
62669587.1861482859 2190437.2441406250
65444530.3121484146 2436757.9453125000
62617069.8222880065 2178223.2910156250
62597520.5913087726 2176476.4609375000
63326193.4673187137 2296866.4160156250
65521231.3925121129 2437455.4453125000
63394244.7035568506 2303954.3125000000
65620383.4005760774 2438011.2109375000
65462008.0211995468 2436934.7226562500
65978786.5043547601 2439794.6054687500
63162873.9228214622 2275080.9121093750
65992793.5877626389 2439954.1406250000
63429336.3114679158 2309883.4550781250
65842273.1615286991 2439232.4257812500
62508402.5553980395 2148072.8437500000
63241135.3557962924 2285157.1015625000
65483363.1651267782 2437013.4804687500
63220009.1791719645 2282259.6347656250
63274773.2201432437 2289381.7792968750
63955977.1009357274 2360163.5156250000
66909913.9971823096 2442205.0507812500
62595380.9853911549 2171002.5703125000
62576046.5676806420 2170181.7695312500
62544421.9513635114 2158813.7089843750
63924233.5845885575 2359488.7500000000
