944512337.9058649540 313226.7864990234
836110479.8195811510 132125.5686290885
845126578.1178447008 165691.4555332940
850591560.6863354445 183036.9918916263
876097979.9624797106 240689.9438219657
897765552.2752979994 273253.1986431833
898223862.2235492468 273984.0978831258
897603981.6230617762 272985.8024851736
826969693.1716729403 86584.5769316098
826995709.4432712793 86744.2954985043
826804760.3049229383 85832.3659330746
851406349.5164891481 185862.2249871455
851230045.7255235910 185222.7986085378
877422715.5972222090 242955.4821173394
897888975.9790207148 273490.3869518992
897857918.0116597414 273301.5365490671
897942551.6520537138 273538.0065603983
898381478.3127378225 274147.7958740946
922746638.8753652573 301886.2747421265
824396292.6063427925 55399.3522017076
875907003.9798983335 240475.7345705619
944852742.6673431396 313415.7070312500
824433485.9333977699 55888.1251719072
851014829.0896393061 184354.6524354182
874565777.6605037451 238251.2931178476
874534156.1025608778 238080.8362621469
877765290.1843837500 243188.6767013514
925567187.3425133228 304416.1861801147
922923091.8719197512 302066.5925369263
827771597.4638156891 91552.1769469185
874652706.4688993692 238466.4717779113
898380873.5652781725 274055.7779488321
827940181.6568481922 92709.1259526862
828172419.9828279018 94203.8382737292
851304008.8719714880 185432.7952996455
877482308.6054221392 243187.7356326641
851400832.5643030405 185690.3624993525
827965239.3831708431 93219.1815251959
851267163.7613314390 185285.8411675654
824549970.9303417206 56790.7912418916
827537176.6248193979 90782.2070207698
844862567.8991589546 165396.5009407513
851044409.6842468977 184950.2954217158
933630764.1567929983 309891.8096008301
851194279.5297821760 185025.2255974971
851247846.7753452063 185283.2768330015
851042271.3371933699 184461.4225410277
851159148.0237032175 185013.7758904658
924487490.6738237143 303571.4205398560
877166895.1429957151 242777.5741203272
898301035.5856078863 274017.0521187540
827725308.3779411316 91522.6153459651
824587066.8353672028 56937.5923519255
836011565.5982762575 131717.6787212515
922508957.1047934294 301522.8962249756
923210972.9214833975 302412.9201736450
932923888.6270964146 308998.7054901123
836490174.4730609655 134200.5191314862
898076968.7922321558 273684.6598248240
925136216.4720991850 304106.9092636108
825030325.9799835682 60642.7674049548
844532346.1882708073 163766.4781684931
898144653.5219501257 273778.6445049997
934032919.2795939445 310072.9040832520
865601959.4656112194 218943.1132317856
876238603.1155580282 241292.0839951104
924786022.1079438925 303672.5493392944
876922769.9257041216 242444.7896057563
836552592.0280525684 134241.5090959068
876654284.2294570208 241930.5326553779
897590918.3571156263 272938.5519099459
897104478.1423128843 272056.8304839358
850621337.8656023741 183563.6807878055
835895496.1175731421 131578.5939830100
850265045.2281373739 182696.8938005008
850233126.3329006433 182365.8985968195
876761456.6408880949 242117.2249466376
921981136.4283308983 300873.5623779297
877016510.1198247671 242527.3841998638
876534436.6199702024 241823.5006119208
922334379.0457803011 301442.2510223389
922158129.5173692703 301064.1325263977
945529494.2881484032 313600.8145751953
897130212.3306819201 272086.9577222094
924210410.5270256996 303201.5190048218
876844661.0483340025 242137.8266201606
876427714.4527350664 241617.9459438911
896975773.9378384352 271926.0375256762
944003848.8215146065 313182.5321197510
897266908.4905349016 272388.8824963793
896772952.8902245760 271394.3414044604
924148726.4183850288 303187.2917098999
924354964.4124871492 303422.2658920288
865464379.2768737078 218657.1121751145
921997906.9516491890 300957.0488510132
824756338.9966545105 58845.2620327584
865796101.3923798800 219318.3480815291
922164396.1389598846 301198.6152648926
922540387.9813612700 301649.7715911865
865150739.1351982355 217943.8248871341
845567284.2221143246 167362.2853543516
866018637.3789650202 219406.2428508550
865412542.1106179953 218578.5265015140
865297516.4909089804 218109.3242910877
826455760.7271865606 81116.1095904615
827233508.3839073181 88774.0170121929
826527522.0082117319 81970.3813342359
895675520.0415939093 269660.8220505938
827135892.6266301870 87948.0715747615
827039325.3774040937 87036.1420093318
826926479.8678232431 86124.2124439022
826727904.7187613249 83155.7076243367
865675625.5411058664 219116.0184038654
849332856.8970469236 179681.9834249261
944132795.8446047306 313217.9869384766
943789883.2625241280 313029.3677062988
873823962.3747764826 235989.4512810127
874058184.1437817812 236523.9502586739
826632659.0409926176 82666.2127405610
873910054.4255664349 236071.0324119942
873114706.1297705173 234092.1961540596
873554337.7963888645 235394.5530876534
846248776.6676448584 169699.7062328376
873136916.2253234386 234595.0066666023
835842712.1195526123 129211.6612991817
873492811.7423977852 235260.7645494886
835850981.4617564678 129732.0830211766
921958705.1487072706 300381.0279579163
873455314.8809313774 235193.8882741670
826441166.1872570515 78932.1958010029
865343007.0847216845 218267.3709846452
849173901.7998059988 179057.6757532933
848950141.8019050360 178290.4564079585
934764020.6923691034 310136.5145874023
873728149.1471397877 235687.7399887459
873378273.8367319107 235107.1672958748
934495105.6511093378 310094.7522583008
935169882.8625408411 310262.2341003418
935336112.1381607056 310366.7227478027
848228824.0304008722 175722.5804251077
848461594.4541935921 176436.6030081155
872987159.6070272923 234053.7129040414
848484009.4408346415 176543.6706961038
848033332.4095215797 174805.2202846388
835776848.5526983738 128945.1160869725
848335023.1258562803 175892.9269360619
848140186.4204841852 175008.7014975714
848105112.2270141840 174969.5908675957
847904592.6045185328 174761.5688894632
934596737.0469408035 310129.9923400879
825570992.5707198381 62154.5117546213
862592155.5753586292 211437.0886961938
847235846.0132919550 172481.0738311243
846886748.8360947371 171553.1226727498
846627037.7444514036 170198.5682293904
846755998.4060038328 170958.9184185994
847024235.5751522779 171624.5144617093
846786905.5348435640 171135.2756421102
847006235.1546310186 171585.3417279256
846629661.8219989538 170810.3394085896
862394322.4139922857 210994.5396596859
825542277.9113997221 61565.2907845178
862522661.3474305868 211237.3128534342
862730849.7269076109 211944.5396142985
870114999.7892985344 227510.3421150226
870182509.7446734905 227800.1697822589
862620010.1700714827 211748.5502344157
870362905.2245700359 228108.8562522906
870377097.8906245232 228136.2773862857
870189063.8037462234 227905.4670372981
870600044.4741020203 228671.0785652179
870206801.4795031548 228022.2142463702
825761539.3624284267 62810.9020129025
870484349.9633738995 228580.4071174640
825793057.7471857071 63688.3280038099
826236361.7334282398 65191.1640336620
844444236.6384842396 162315.9112451089
870153601.2193553448 227648.5959613904
844363431.2494597435 162148.7418389985
844405382.3333911896 162178.0154061982
893610295.1128114462 265466.0394653494
893407573.9835573435 264915.1512130911
927891082.5346673727 305299.4637145996
844473317.4600219727 162448.9713235566
868334061.6341996193 223326.9839026096
927504398.1224616766 305007.9192810059
931835841.6062524319 307359.4965820312
927471506.2277140617 304900.4859619141
867971447.0204794407 222719.0010995740
867675489.9702320099 222219.3206290329
844525170.5623810291 162903.8655496308
893693877.6898257732 265822.4328064139
894043369.4063948393 266219.3176025564
893643755.6633192301 265538.3779834921
893654620.7115880251 265563.3150219137
866805081.5967539549 220305.5286240547
894046716.6693555117 266354.7508777792
894139841.8544021845 266481.1672138388
893820568.4948025942 266097.6328968222
893207861.7590080500 264884.5536731894
867733906.6565272808 222236.8745559302
867403372.3257935047 221616.4373914572
867060302.4628458023 221010.5380155416
866827691.1738575697 220565.2412015768
863223880.6809390783 212807.2415976372
863343019.4853500128 212974.0088940627
835742044.4731755257 126674.9758556873
863436435.7592328787 213251.4529426391
863343011.4027622938 212934.3710551421
889366462.6003451347 257754.1730869527
892316267.4124079943 262468.6097109624
892446347.5479798317 262517.8867037602
892366204.6433341503 262487.8123934575
891929990.6543334723 261580.8162508317
891321906.7516790628 260715.5085820638
891160129.7636069059 260142.6791905843
890967744.6884988546 260067.7713986122
860923167.5262805223 205840.0313553136
860659198.5429333448 205265.8477310460
860601752.8589972258 204771.3400914517
860986037.9544678926 205978.3975509923
844264751.4879053831 159397.7634477890
860867137.6394079924 205462.6938314616
844030509.3083928823 158535.3133656060
860339966.5222181082 203229.9033324807
860352971.2317329645 203374.9014861672
932259811.7823997736 308009.1877136230
932054277.0811285973 307927.6029357910
843278212.8269603252 155268.2155219823
886838697.2966258526 252123.7087960049
886852826.6191120148 252393.9503239368
841933089.4789699316 149839.0266382860
841779256.6578732729 149503.2883697913
886648743.6696970463 252101.4368433759
841979931.6925595999 150242.5052283020
860199993.3613346815 202627.6558802049
886376168.3147642612 251609.6046452328
886388657.3033652306 251651.0403094098
886609060.9215950966 251905.9470200345
931073592.2199355364 307188.3173828125
843118458.5044999123 154413.4057991415
842934289.3721885681 153492.9559700399
904950365.8268563747 277021.8680188656
904898480.9015343189 276895.0268323421
842752869.0903438330 152765.6449103429
904572773.4257937670 276173.8908536434
842408811.4549528360 151288.3401249422
860036331.4263736010 201459.6705167214
929899925.6217942238 305673.3371734619
904312094.9528703690 275327.1560423374
929590613.1853048801 305508.4619140625
904247612.3455837965 275131.0624411106
930047452.1243034601 305909.7201538086
842737394.4587649107 152252.6980210085
904162107.6512341499 274852.0868551731
930401507.0506081581 306118.8880615234
930090077.0940179825 306033.8518676758
904206318.7390956879 275008.3440420628
904406704.0574531555 275472.9560110569
943171873.1612684727 310995.3844604492
943376725.3467252254 311302.8565368652
943395067.9299219847 311316.2432556152
841222577.0222077370 144931.6891419483
841282697.6223795414 145981.7148453785
841011655.6994912624 144509.3411166996
943557708.7098387480 311345.5146789551
841034249.0098984241 144632.8174886238
883201160.5551049709 244856.2062465075
883066619.0427187681 244789.6206947986
882807165.8934944868 244527.6808795158
882792496.0384117365 244222.8597874426
882998117.0369050503 244610.4138493323
882747319.4600814581 244107.1822361731
882698085.5248705149 243964.2822499060
883198527.7528978586 244804.9621661060
840320624.0366250277 139667.5174888102
840378633.3273251057 139759.4172889916
839509130.0534971952 135295.0747711342
839716632.8181368113 136838.3984035048
839857981.2554109097 137127.6904762948
839827428.9205063581 136964.5610397961
839587657.4392112494 136209.8905266430
839854712.6798034906 137055.9013909008
858794588.5805372000 196168.0385826852
858494094.4120122194 195439.0836876657
858263964.1489031315 194383.5413898619
858308696.7933137417 194556.4461946281
858081845.1960778236 193828.4531454237
858327997.2729818821 194591.2733772190
857919399.0945441723 193280.3091558607
858119652.5353772640 194100.8391851576
832829915.5006734133 94969.2618729440
833202152.8262788057 96724.1752410255
833414941.6856311560 96928.2704615224
833522135.5937920809 97097.9074929649
856671113.8337333202 187285.2909033095
835466875.9064258337 100669.6344454270
835575930.0639971495 101240.8641045894
835397128.8308336735 99467.3290640488
835421839.3767970800 100304.3115030900
