282593765.3526240587 128235.5937860869
283895748.5470279455 170000.5630810857
296346189.2208303213 290306.2667583132
300693409.1967900991 314025.7987070084
304175533.5519308448 330238.6058959961
314182357.1665828228 351052.9111328125
304885958.3903968334 332906.0123291016
289686217.1700131297 239721.6798766032
296425163.7435738444 291369.2362865114
296867243.9016100168 293989.5389078856
300898612.7412923574 315046.7062997818
305739120.3063793778 335106.0368041992
314317383.3357528448 351073.8647460938
315377544.1179763675 351512.4692382812
288824745.0211777091 233361.9907144727
297387098.4536161423 296418.5541940981
311736888.8929963708 348404.4528808594
315061523.2079507709 351422.3049316406
305304939.1072224975 334069.0834350586
283116380.8674969077 149095.7539714140
311741560.7594371438 348698.4050292969
282670238.0027993917 133191.3500333410
297678575.0951120853 298443.7499948794
305390744.2599413991 334076.1505737305
283987267.2097893357 171510.7381938696
297695234.7632758021 298629.9931589419
304763427.4662335515 332399.2672729492
304499024.9190165997 331792.5913696289
305190341.3836482763 333635.1519165039
297488596.5120166540 297276.5498300844
283078232.0957070589 147716.8732879919
289420589.0000830293 238155.7504084604
300008421.7786865830 310880.7789316177
311258610.0133496523 347868.1732177734
311437216.5215392113 348178.5340576172
326225374.1862622499 355351.6071777344
295526338.4689347148 284929.3045043945
296553883.6197466254 291673.8951915407
304384656.8618609905 331303.2365112305
304109017.7070597410 329856.0869445801
304266594.7105944157 330423.7648925781
311963215.0461291671 348767.9970703125
328962104.8824297190 355996.4617919922
282616572.8123930693 128253.1726435088
289610503.7668921351 239613.2054032898
289464301.4872041345 238421.4243586557
300329757.0218237638 312871.5751962662
288995791.4763640761 235030.1250585737
284017180.9990415573 172785.7750209570
300311808.3184078336 312648.9227914810
311414606.1801464558 348064.5936279297
326011824.6269406080 355342.4284667969
326983276.7952982187 355522.4720458984
284219690.6290357709 175112.6853893101
289137410.2706343532 235953.2995634201
328565764.9033699036 355904.0993652344
282808684.9355930686 136692.2721345407
284073922.7207535505 173320.3047450781
284955268.8978909850 183561.2599899769
288738975.0974714160 232919.3609594526
300278404.0122262836 312491.6016244888
312168137.3085232377 349233.5882568359
314140421.4718699455 351006.9763183594
328209422.7668898106 355777.6937255859
284099897.0961179733 173701.2538685501
297908160.6236652136 300091.3875070864
300611671.4825958014 313898.9534006119
300140946.9535287023 312199.8932504654
282740303.6325826049 136325.7708700281
283217145.8960663080 151122.2922918871
283177337.0017449856 151013.0878763956
300034265.9448097944 311217.3372812271
311812034.1953465939 348763.4787597656
288548939.4564915299 230552.9959081830
310908400.5722557902 347221.2896728516
311988783.5012556314 349019.4976806641
313557986.5178372264 350585.4312744141
327586402.6846926212 355648.6547851562
283786909.4939852953 167412.2991135716
282642762.1766806245 130074.2673864029
312347046.4210680127 349271.6280517578
295603454.5629470348 285356.4852089882
284768749.2667453289 183403.0899989009
303256779.4284567237 325722.1358833313
327528188.2596596479 355636.1773681641
303764299.9895755649 327198.6856994629
311606937.2834229469 348265.3358154297
311632895.3343130350 348355.5928955078
312427135.2623883486 349309.7410888672
325828513.8722544909 355126.9169921875
299318179.3592877984 307692.0092458725
282697380.3172299266 134627.7768514734
284030674.1067932844 173063.2763942480
284728435.6833810806 182835.0531831793
297873465.7734631300 299805.7262522036
299465763.7474219799 308417.9568777084
299642672.4127321839 309151.8481664658
308857299.9650110602 341587.8502197266
299844066.5389847755 309976.0894165039
311964896.8898417950 348949.8327636719
326553900.9253442287 355456.6330566406
284567260.9720323682 181362.5444666743
303798582.0590719581 327321.5386657715
326358882.6318681240 355408.6856689453
282625234.5324895978 128307.2619142197
283821643.8470022082 168733.9059250951
284422741.7366485596 178641.6379583478
298143358.0632465482 301138.6436568648
282663632.6805778146 131152.6166887246
288533484.9833140969 230302.3985853251
288699650.6547700763 232201.1083612619
303968871.8486207724 328384.1607360840
303976806.7342134118 328406.2239685059
303930337.6186555028 328365.6110534668
283996762.5384975076 171875.5718267560
283881450.8569738865 169312.0663641095
302425192.6196820140 322374.2529182434
303226936.9855779409 325304.8365974426
303406511.3143705726 326378.5630378723
283962218.9899432063 171123.1312826276
295334646.4203988910 283794.2212319374
288865455.0290450454 233526.2346961675
282829569.9091145396 136712.5156934228
290202904.7561286092 243486.0170845612
327986560.7278240919 355767.7186279297
283037569.6779054999 146901.3987985551
302312642.2069721222 321946.3026466370
298030921.2251005769 300696.2510707283
315867740.3732581139 351680.6807861328
284183082.5517232418 174940.3918645978
299383492.4403840303 307783.2992238998
309215607.7704141140 342231.7856445312
282973477.0685468912 143242.1622148454
302866816.2317054272 324150.7814826965
302805707.8510509729 324134.7574348450
283926725.9493219256 170864.8098943830
302211106.4708449841 321285.0590400696
302500750.6981609464 322507.2268562317
290049218.3514752984 242798.4880463779
284125309.2555155754 174029.8010363691
302403714.8268794417 321961.5758552551
290299077.2425223589 244095.8348290256
326265069.4801523685 355363.2758789062
283963078.5232723355 171208.1359767914
282994634.2636703849 145255.7864328325
290166450.1635426283 243407.9296567365
297771159.1422901154 299202.9251657778
298811055.3090943694 304445.2939443588
315640518.2703046203 351598.7889404297
315757076.7281039953 351606.5435791016
299191835.5794982314 306397.1098928452
315614655.1711279750 351513.7497558594
284151242.3378159404 174418.4782293439
299000771.8882905841 304527.7902517319
299308150.9320639968 307102.0595998764
298730845.1492129564 304437.8276461363
282887336.3313183784 141566.6836191118
308417852.4038779140 340000.9785766602
308549491.5893887877 340730.4675903320
282921508.0060411692 143222.6445871294
282875149.6517931819 141174.7886911333
325602183.7199257612 355056.7314453125
289902227.6015009880 241668.9273068830
295401144.5452277660 284246.7342019081
297543487.8882385492 298106.6187692934
289963623.8722924590 241844.7209493890
308937150.8736771941 341701.8016357422
309343979.7993966937 342763.8793945312
294931604.1598608494 278954.7542214394
298641794.7692368031 303444.1448619270
308771848.4716604352 341369.1101074219
301636989.2057406902 317295.9030371904
295260779.6661328673 283239.0362014771
301359679.5148603320 316561.9534522295
301473545.1776816845 316778.8564063311
282851424.5652658939 138392.8297164887
296742821.2569332123 293214.8039744997
301174048.4521948099 315479.8337908983
301651289.0322401524 317304.0749102831
301255593.4975298047 316142.6598712206
296655209.9262571335 292754.0933726931
327391817.9414856434 355524.6118164062
297498125.9839611650 297543.8983103090
308514917.8409399390 340261.0000000000
296672980.0814147592 293015.5338939333
298354444.7915094495 302123.0972788483
298229548.0860034227 301501.1636850983
295502747.5199842453 284884.1048378944
308763721.2930954695 341253.6907958984
309143092.0950180292 342140.8707275391
282845094.3163557053 137886.7543075532
283785547.7780941129 165442.8926681578
308970728.9318243861 341798.1829833984
312899970.6579185128 349747.7064208984
297075639.1250026822 295071.7572826052
285630806.8032160997 190364.3331468699
296992790.9415773749 294539.5884593630
296770797.0894266367 293612.2166331911
283506921.2884768844 156773.0361120626
283761743.6071105003 162763.5596063063
285872720.9844176173 192662.0686518278
283594276.0804454088 159035.6014230177
283639589.6530101299 160607.9480340406
283695453.3780700564 162391.9497125074
296268142.8945950270 290293.9966624880
286075530.2201064229 192813.8602504532
295714125.6754332781 286553.1891274452
295164171.5207544565 282147.4959816933
285553369.3602413535 189346.9977509405
313135797.1150235534 350015.3303222656
286055694.1321611404 192712.4172489669
285655946.3075208664 190938.9370626833
295904329.6481608152 287346.5532631874
310411847.1693025827 344741.4494628906
319959452.0499875546 352874.3486328125
285498677.0574617982 189069.0778676595
295087124.8436806798 281968.4186501503
289816399.8291432858 240819.2962230251
313071250.3476363420 349836.7199707031
320033063.1363267899 352904.2928466797
285377044.7712321877 186499.7174550619
283470529.1067045331 156534.3136236593
283427432.1588379741 154486.4577276632
285417461.6342588663 187738.6624929036
310337807.4758628607 344513.9816894531
319638047.8845407367 352802.2398681641
319648399.6892090440 352813.0834960938
283347326.8212639093 152379.0758936331
283401084.8090204597 152805.3366193697
319383420.4502587914 352692.6303710938
318205705.8271666765 352164.6082763672
309951545.1650745273 343564.2947998047
285208877.3089810014 184131.4036107463
318820198.5127102733 352450.1318359375
318461210.6888609529 352325.9594726562
285367425.9263917804 186038.8501160544
318589950.9543972611 352364.1397705078
308172228.1107758284 337781.5088500977
307974538.6914512515 337028.1583862305
307965702.1815387607 336980.8026123047
308085835.8301163316 337708.0654296875
294863553.4795377254 277179.8296070099
324205996.7888165712 353878.5916748047
294812891.0467332602 276290.1734180450
317956091.2939004898 352007.6783447266
317837000.5648059845 351850.7358398438
317545415.3081187606 351772.2385253906
325126128.0739674568 354136.9776611328
325158350.5477523208 354154.7111816406
324760898.2306438088 354078.6341552734
294619058.5502808690 273587.5835798979
294561074.5272930861 273300.6846998930
288347146.2161085606 220328.4762255435
294701110.0950338840 273614.0342634916
294742827.5963727236 274204.5071028471
288219071.2008377314 218849.7613537794
288100652.3598355055 217148.8402112012
288050311.0441460013 216567.2336438184
288075010.4838981628 217031.0311857199
288165914.3838704228 218351.0458996778
324660590.7132155299 353954.8627929688
321420238.7051403522 352955.9046630859
320969266.2996628881 352908.3911132812
286466381.2560338974 195179.6738415912
286667632.8334512711 195943.7348986004
286883713.1197074056 195953.9402220205
321535694.7277530432 352961.6688232422
322047470.8412305713 353090.2193603516
323026002.3549659252 353132.4190673828
323246669.4819045663 353143.1359863281
321899172.6178074479 353046.5451660156
321715583.1885777712 353038.9633789062
323198417.6397168636 353142.8709716797
323395972.6252833009 353215.9885253906
323071722.1224735975 353135.0717773438
322816736.7617010474 353121.3217773438
294459630.1458610296 268317.9476319440
294126560.1030510068 266071.2594224103
294093187.8119923472 265659.8395348676
293936606.8015677333 264411.2341659218
294004123.1753296852 264540.3156466153
293719806.7361106873 260987.0296302475
293842453.5700839758 263060.1788592008
293535720.1330376267 259259.8004323323
293228703.9335663915 255926.7463985016
293189722.1499103904 255485.1718135406
293035568.4764081240 253030.8282970935
293102350.2404460311 254558.3622155935
292960119.3021537066 252193.9265838414
287803402.8079479933 203032.8110327274
292801892.1234882474 250199.2779529840
292451181.6642449498 246727.7346616797
292512034.6549697518 247297.8027483039
292387854.5305958390 246146.0744190048
292396368.9857621789 246420.2758298926
287390025.4669048786 196322.3923956227
287383157.4994470477 196153.9075804275
287661018.1547221541 199303.5343842577
287708330.3283373713 200323.7137055468
287546369.8772726059 198188.2886603397
