711777351.7649754286 2181272.5035018921
711881722.6360825300 2187629.4464950562
714220277.1610230207 2210876.5948715210
714150297.1685855389 2207766.5549774170
714543311.3272904158 2213620.1878890991
715490800.8646926880 2221103.2365341187
715119026.4916672707 2215742.6325912476
715419287.6080994606 2219845.0088119507
715547296.9601315260 2221550.8806381226
716286373.6189290285 2224185.3342514038
715883661.3360204697 2223652.7678451538
715751742.4321841002 2223280.6736068726
739560970.9016070366 2341744.7962646484
740064245.6394578218 2347545.6170654297
740157760.6152881384 2348545.5623779297
740131416.6396232843 2348434.1859130859
739930401.4061435461 2344880.3555908203
739749704.8087259531 2344361.8839111328
740749767.6856117249 2350255.8500976562
740610741.6522884369 2349982.4207763672
741087449.6163911819 2350878.3089599609
740375717.0667898655 2349212.6026611328
745902722.9954165220 2358378.2651367188
745423037.3700031042 2355393.4731445312
746073820.4451390505 2360039.1303710938
746041152.0236209631 2359569.5932617188
746342196.1450146437 2360458.8823242188
746691888.0229283571 2360584.8632812500
641995196.5733567476 852691.9079085810
641934453.5778684616 847075.2230407221
642098268.4125336409 855207.2062575405
641918577.9820491076 845895.3927184565
642818156.6624642611 873601.0622156917
642961287.9087369442 875963.1288596456
642854994.7586717606 875307.2456445758
643570551.4827431440 892161.4963636464
643190141.3548291922 883538.7693604289
643007657.6801652908 881727.7986142701
643522739.7690113783 891610.4478892679
715728027.0748838186 2222422.6257553101
658839539.1011458635 1348334.4403836713
664448201.0317912102 1473555.3604488787
715573191.5006046295 2222120.5315170288
715316471.8086003065 2219609.0969467163
658059031.0679765940 1340085.1030204282
664283704.3261747360 1472019.0257497248
714351844.2082502842 2211039.5456771851
715023979.5204228163 2215203.7782211304
715207061.0325052738 2219254.6145248413
714617320.0364564657 2214376.6599349976
714853129.3889341354 2215071.9885482788
714672003.9665553570 2214990.7771224976
740690964.3982448578 2349988.6414794922
658052695.2194161415 1339826.2491715581
657548369.2034232616 1318340.7015279739
657803366.7343654633 1332498.2530791329
657794729.0777472258 1327211.8398590849
663763814.4020842314 1466512.9723744807
712379537.3268762827 2191687.8235702515
712443613.2910816669 2192382.4820175171
712529559.4849766493 2193253.1939315796
740208395.6425168514 2348830.2064208984
740046113.8830838203 2346798.8870849609
740402841.1229593754 2349622.2996826172
740759846.1991730928 2350436.0799560547
740788121.9016345739 2350463.8270263672
746182764.0159935951 2360113.8056640625
657892062.3229221106 1332570.9127789305
657715027.1725778580 1321778.8306542204
661425508.3909089565 1416772.3766997666
661288865.4051009417 1415494.6475694985
661400685.4709979296 1415499.8157647462
662870200.9092473984 1445384.7551566777
662931500.4153754711 1451134.1518308339
662651522.8351993561 1439878.1023246464
693412212.7081986666 1918007.2835909128
713478830.1702207327 2199587.4705734253
713323917.5895262957 2199370.3128585815
745962544.5080635548 2359211.2260742188
713906293.2945176363 2205380.8912277222
713201605.1838643551 2197875.3457107544
713836734.4086836576 2203883.2120437622
644745596.4076759815 921497.0141585292
713176697.9936016798 2196978.3493728638
644450016.7346087694 910663.8594744625
745745014.7797014713 2358085.5129394531
745542345.0241023302 2357954.0045166016
746687089.2805838585 2360583.2197265625
644524523.4201836586 910962.5474716948
662765004.2841211557 1444870.8383824048
739497444.3656057119 2338385.8870849609
739381167.3499879837 2337304.8200683594
739700276.5046646595 2344013.9105224609
644537059.4480732679 911339.0941650227
644175466.7159807682 897002.1497284697
660898453.9050992727 1407750.1402176232
661119420.3705923557 1411995.1399644227
661590119.2533161640 1418179.7708776803
661621422.4836547375 1418499.7096804560
662905387.1443594694 1446407.8774167714
662496530.2495721579 1436438.4816123662
662543938.8695794344 1438970.1387015996
662410821.8412929773 1430426.7383071599
661786747.4564949274 1425145.4786352725
694460321.7142459154 1933615.6584392786
739248301.7417703867 2334339.0836181641
739248363.7572613955 2336062.0924072266
660981557.9056582451 1408952.4342495343
693676702.4719254971 1926771.2831531763
693422997.3007323742 1922704.9015003443
704360314.9924349785 2059096.3022727966
704705805.6044762135 2068041.8580932617
704728019.7075281143 2069175.8085021973
651997042.5749256611 1148278.8002691325
704422955.3533120155 2066448.2018432617
659868785.5612621307 1370771.6589062391
659973468.4793916941 1374616.3888867078
659564338.1216832399 1364913.6446354566
660050041.0662190914 1375802.0378600536
659800495.3070977926 1367703.6506135641
659909084.0917237997 1371054.4784634290
659678190.3738695383 1367084.5566799818
659557148.7754718065 1361283.2812130628
659515978.5969748497 1360133.6414110148
659182875.7106454372 1353623.1275112806
659104796.7074606419 1350068.6651919503
658987836.1482917070 1348971.7961457400
659085076.5778646469 1349790.9945748476
657351149.0440913439 1314292.5023881972
657169490.8195453882 1307862.0519664609
657068825.8501231670 1306344.4112717093
656818267.1260374784 1297741.7312637747
656677101.6673405170 1293568.1870092591
656511208.0145879984 1290224.9139877737
656498571.0331850052 1289875.4381837242
655826100.0834534168 1272786.0892965619
655478362.6167273521 1257273.5744629947
655613822.0166372061 1265319.3374890883
655778513.0473347902 1269399.4587945540
704877147.7056219578 2071778.2282104492
655340915.1986938715 1256387.4613440160
655547061.7904719114 1263335.8701390822
655521463.7031782866 1258547.3277601798
655408780.8068609238 1256659.9916684867
654454392.4111077785 1216998.5620190413
653453639.3777587414 1196185.4422617466
653821575.3407361507 1202788.7306334288
653471656.6211844683 1196989.9198424132
652633309.4235042334 1172769.8264044579
652573215.1583244801 1171670.6213263329
652324445.4829246998 1165158.7872076090
652682559.9404146671 1173838.1853445824
652493282.6967194080 1168392.1526259240
652432229.3533000946 1166101.2541348394
652202862.4778493643 1161216.2569341715
651057134.5282160044 1117494.0252733394
651400750.4982674122 1126136.3332550689
651346384.7789561749 1124539.0302813943
651207391.6808036566 1122875.4107713862
650914553.0460613966 1112589.0399122997
650472510.4290627241 1089669.2400975018
650587244.9787094593 1094359.6379727810
650236977.4960777760 1085633.4710802822
650484123.8895736933 1092967.0654711514
650195093.4486107826 1073235.6791660553
710886766.1196751595 2134642.8742828369
710448441.6937891245 2130184.0670776367
650042312.2020530701 1071370.4774091425
650017923.9797973633 1069012.4763501077
650231531.2354538441 1078892.9312451272
649835659.3362401724 1059329.8796056001
669157766.5340406895 1490472.2500026580
669084898.2489458323 1489444.1100790501
669360945.1168931723 1491647.7641236987
669322980.4876450300 1491194.9146784451
668739235.0756343603 1482999.0677546170
669481776.7585515976 1494799.3667018767
668975790.0674982071 1486985.8582819607
708886853.4004021883 2110691.6231155396
709921284.2417085171 2122570.8612976074
709860598.0982077122 2120254.0641937256
709782382.4654918909 2118629.3760757446
710004073.5670520067 2123271.1490173340
709459170.1465573311 2116834.9749526978
709210480.6655464172 2113163.0608596802
708898643.5343908072 2110937.1566772461
692707412.1566244364 1900328.6784744263
649374687.8146787882 1034473.5869362646
649305536.8260147572 1030973.9503258759
649068384.0749992132 1023486.0122918183
649165767.5316706896 1025709.4380120331
649049353.1449103355 1023466.1277703339
648942286.3601295948 1017866.0724473292
648377923.9123253822 1001736.6477952296
648318098.4308735132 993870.3505094344
648072896.5158420801 978990.6362592553
648209650.6394381523 980661.4065582132
648217084.0711678267 985860.2676984643
648198765.3357745409 980456.4320251321
647884750.6945956945 941445.1035712527
692144031.5933519602 1886116.1852197275
692284033.6178518534 1890124.3666581735
692321859.6793432236 1892559.5204858407
692227889.9115972519 1888386.0579614267
691884021.0691622496 1878965.6182298288
691976755.3236008883 1882473.1585168466
708091124.4790272713 2100778.7309875488
708038126.4944496155 2100003.8609275818
706983559.1945197582 2086941.5928955078
707174317.2252496481 2090865.8287963867
706581316.3947824240 2083598.6176185608
707032168.8143334389 2088500.3543701172
706669618.8105425835 2083769.0435180664
706756123.5552994013 2086620.8028564453
735643349.7201441526 2297524.4171142578
735449026.9695875645 2294578.3287353516
736516022.2153447866 2304839.8918457031
735948526.0213803053 2299917.7666015625
735654789.8003292084 2299245.9034423828
735949879.9893448353 2300447.9396972656
736183313.2722517252 2302973.3264160156
737361128.9889773130 2305141.4011230469
738203298.1471219063 2306482.2264404297
737932214.7811267376 2306063.5020751953
738574562.3356969357 2307057.0416259766
738945594.0000592470 2308881.3431396484
738441721.5814838409 2306753.3756103516
738566847.9573417902 2306826.3409423828
738391200.9290781021 2306692.1954345703
691698858.2227960825 1868684.1300492287
691760121.0135524273 1872487.4786820412
691105408.8782182932 1854393.9249577522
691131083.5689077377 1856813.2164540291
691384938.1585289240 1859002.3421864510
703812831.1285358667 2037736.0955123901
704062711.1962294579 2040116.4040279388
703785956.4713377953 2037556.6096725464
703942181.4803014994 2038967.8315963745
701181293.3768873215 1985066.3274793625
701021664.1441859007 1983858.8418836594
701336648.1304203272 1985305.7517652512
701019647.3449192047 1982854.1109266281
701009462.0214469433 1982659.1704053879
700865608.6993987560 1979365.1483860016
700761174.6677207947 1979034.5187635422
699208355.1432946920 1950454.6048803329
698972064.6198801994 1943518.0680685043
699013896.7645952702 1944088.4118261337
698756432.7643737793 1935526.6824455261
698941450.7527990341 1939065.6807365417
698864951.6388579607 1937713.3222923279
698624808.7988678217 1935116.4967918396
698486529.4265564680 1934656.0683860779
690966370.5148966312 1829443.7535600662
690692894.0475016832 1807284.2238874435
690869940.4123406410 1808513.2336034775
690634291.9250475168 1800449.9579334259
690610066.6504029036 1797463.9556751251
690615308.6326423883 1798417.5016345978
690659845.7078292370 1804231.9906482697
690339780.6042256355 1769101.4671344757
690020793.3751225471 1761482.0030231476
689821692.1345920563 1757444.4926166534
690282862.1538261175 1766717.7620563507
690184998.3441121578 1761926.0882282257
678915858.6443506479 1499552.3805116415
690201786.2088534832 1765855.1897907257
690590343.2541382313 1772031.9387826920
688900385.9567074776 1721565.7719163895
689212543.9470008612 1726891.5142202377
680625448.2676274776 1501697.8802534342
681117184.5575628281 1506453.8787580729
681259401.0476688147 1514222.6030622721
682873752.7228263617 1549908.7471947670
683014150.1921855211 1556878.5794091225
682460791.6939951181 1541487.6346697807
688269281.2932224274 1689543.7507972717
683469948.9096587896 1558182.6666660309
683497324.1477830410 1558681.6126499176
688013746.3641871214 1683003.9094963074
687912726.7771905661 1680232.4290466309
688258616.0508689880 1687188.2584571838
688207799.4891927242 1687144.6847267151
688071972.0691630840 1684504.9712848663
688117710.7406615019 1686049.9183692932
685414719.6428277493 1585828.3435974121
685227427.9009355307 1583285.7966308594
685313205.3744553328 1585802.3095978498
686639871.4464557171 1622359.4202131629
686667487.2181007862 1622469.4709944129
685759439.3316198587 1589313.7294769287
685907301.1373113394 1593192.6881408691
686047981.8290066719 1594058.4774475098
685887028.3724070787 1592981.3526306152
687457797.4881812334 1630180.0892677307
687487986.7746061087 1634024.3185958862
687826738.7232056856 1640650.9930801392
687721193.4266031981 1639903.3544540405
687654791.4824047089 1637208.4134750366
687870489.1007751226 1645332.1264572144
