164029127.5581277907 1379576.9096679688
146497548.2308899462 949241.0545330429
158265375.2992349863 1289726.9465332031
158260502.5336906314 1288872.8269042969
142376879.5305148661 809260.6925416796
142847889.9385141432 827954.4928694167
142567777.5355227888 815228.2652338322
146136786.7872596085 948138.2997507239
146310688.6343953013 948607.3221788788
145782025.9192740917 936577.0385202551
151915852.8409213722 1122626.6450549364
154866110.6780427992 1197728.6189765930
158342777.6185221076 1291817.7429199219
160350600.9205549955 1331857.9448242188
160835979.0763348937 1342039.7265625000
140359854.6491560042 712414.0200052133
140955041.2054869235 746619.6261942259
145109049.4219107330 910711.7876143940
145947093.9426465631 937983.8676218176
161906264.3911125958 1356103.4013671875
140243509.9487480521 701523.8668151184
142259059.5634979904 802892.9560297306
160925101.1758336425 1342999.1044921875
161350065.5227464139 1350282.5761718750
160961417.6491678357 1343021.8671875000
161128727.0336099863 1346124.9414062500
161874492.7663478851 1353582.7768554688
155206045.5804143548 1209534.6886215210
160738730.8370537758 1338270.2656250000
160716776.0367831588 1338006.8520507812
160573287.1112576127 1336203.9096679688
161209445.6588398814 1347595.8105468750
160778537.3537607789 1339642.0512695312
140313594.1267276406 705850.7423336415
161262768.0276212692 1347792.2978515625
160798045.5552386642 1342022.2070312500
150584399.8596498668 1084033.7857513130
140597657.4942126274 726138.1703939310
155274402.6974611878 1210350.4257812500
155196376.9012898207 1208392.8025512695
159746226.0239561796 1320665.3886718750
140532642.1453210711 720382.4045520481
159624549.4955124259 1314754.0693359375
163482855.6820714474 1376392.3574218750
145161891.8414082825 911886.6106124409
146207351.3228184283 948165.3027900457
150517103.8685021102 1083353.8305589855
164164681.6317800581 1382076.7817382812
164286330.8764251173 1382615.8847656250
158242532.3680667281 1287643.7800292969
143088397.7533970177 833548.7332265417
159289936.1336548328 1309827.6240234375
160668136.1499430537 1336232.3964843750
164743425.9110144675 1384509.2055664062
140432553.7268318832 716256.3557239231
145613648.4572947025 928124.1220870502
150011089.7040610015 1066254.5658034980
164553449.5915447176 1384040.8334960938
139617125.6922809184 602455.0483890809
141419732.3693635464 769082.5351202528
145564858.7161668539 927880.2735835183
145253908.7495582402 913104.4555831440
159192111.8358649015 1307486.9816894531
165438020.9973700047 1385995.1635742188
149863401.4295965135 1063194.7840652168
149872390.1408104599 1064696.3117751777
140552030.4525373280 722597.4360625616
145729584.8256823123 933722.0905614384
146090419.2060077190 942639.1537468433
145988925.8652146459 939543.7539377660
158172169.8096381128 1285394.5915527344
140691419.9635051489 730470.5721028021
142405045.3852800429 809372.5377860109
155130710.7809231281 1206803.9287109375
160122703.6082770824 1327096.2856445312
164459870.9030936658 1383704.2426757812
157667891.8134824634 1273538.2403564453
140232570.1256653666 700551.8829586415
145140259.1593324244 910742.2558684833
150306151.7609891295 1075479.9500133693
150077496.1150495112 1068541.5963210762
141177102.2317552865 756527.8203461170
142151434.4012578130 799814.8850760499
142934637.9736035168 832300.0886883775
145398925.5063648820 922903.1855636127
157892877.8561503887 1277931.4458618164
164874922.3982771337 1385029.5170898438
142171871.2006695867 802248.6174979249
145685456.7193260193 931457.4962096699
151504812.3535991907 1110949.6532146633
140271774.9980800450 702371.9167890719
145291125.3424462676 919182.6319518574
155139275.9374228716 1207241.5380859375
154917511.6540703177 1202744.7564926147
145194246.4897934794 912389.3665506057
151705836.1340375245 1117462.7557574511
157610221.4270187020 1264650.8973388672
157949421.6235324144 1281130.0938720703
158041486.8837819695 1282435.1939697266
158914471.8982255459 1303586.7956542969
158417473.3981055617 1292382.0504150391
145205878.0093737841 912819.5653090514
145006858.0157323480 908696.7638971023
140409544.3150701821 714572.3832829169
140934332.4079100490 743796.5250265973
141276398.7207590342 757676.5042719024
142606913.2618413866 819954.3030438463
155237639.4828327298 1209632.7491683960
150139030.5655689836 1073433.5687331855
159371151.6969748735 1311084.8605957031
140128717.4994734228 677211.8120477835
144672679.2608559728 895943.6038463573
144857244.1278635263 898620.6546374969
159214924.5229428411 1308567.1286621094
149216863.3766108751 1043249.8511509895
148945068.6325097978 1033025.4009099007
158906494.4232168198 1302725.6208496094
159655666.9503251910 1317460.0776367188
165720670.3891607523 1386221.7578125000
139609608.9810414016 597240.7020294936
144503115.2235955894 885443.5776937465
148799201.4917121828 1029331.2859969139
162279965.9707974792 1359453.0566406250
139569394.9375948310 585128.7129214235
148453824.7425112128 1017024.9136509895
163297258.0073282123 1373789.2485351562
165645652.6958345175 1386206.4145507812
142633852.6581724882 820584.8548026124
144562785.3006483316 888395.1685061846
160334081.7821662426 1330125.1962890625
148897107.5987184644 1032712.9788365364
150169323.1913025081 1073614.1612624824
150908010.7119500041 1094755.5051805675
139728317.8901443481 625948.1477252308
158480611.2914143801 1293033.3922119141
139630127.9321928620 613784.4794193543
142530029.7327616811 815198.2778382730
150366087.0622246563 1077591.4295295477
158225197.0628642440 1286530.2091064453
162500477.0982078314 1363168.7871093750
163034393.3947874904 1370045.0122070312
142666039.2222599089 820975.7725362389
162467420.5593366623 1362045.0600585938
163697166.6542573571 1378084.6464843750
154387986.2085577846 1185460.2953338623
165467407.2783028483 1386006.5854492188
139582053.7008366585 592758.0744060546
159012918.6093377471 1303717.0383300781
159310204.5667155981 1310657.3093261719
163735331.6027365923 1378308.2451171875
142745363.0572105944 822739.0037283937
141176571.2379345596 754436.8367616218
143267213.0509901643 842819.0688460676
150655231.3840333521 1087372.6089853048
162506211.3614697456 1363600.5205078125
162126434.9764107466 1357007.3886718750
159985953.9364321232 1325065.4326171875
160568451.9465509653 1334980.7382812500
163681864.8534803391 1378080.6240234375
155278287.5941882730 1212437.5252685547
142932251.3060432971 830505.2261193434
151721206.0622693598 1118559.7699138820
140142210.5003492832 677713.5428821819
151834638.6199961007 1119669.3216716945
149334716.6877532303 1044866.4642171860
151757230.3793960214 1119469.0127307177
149315024.9039478302 1044317.5742497444
150324146.7861739397 1077430.7644904852
140175296.1965570748 688012.8130243460
159395456.6132861972 1312255.8662109375
159848153.1843755841 1321606.8164062500
158705590.5307499170 1296904.7873535156
160039691.6803669333 1325680.8750000000
144812759.6862933338 897744.9500939846
165554401.6752086282 1386063.9228515625
159229665.5132216215 1309210.8137207031
144571698.3803059757 888472.3684652309
163780798.4197967649 1378687.7915039062
151214745.2134297490 1104273.3198908567
154528020.1046576500 1190847.1137695312
151570518.2136164904 1113789.2000638880
150859401.4277558029 1093151.8927057981
151742603.1005878747 1118585.1654426791
142132127.7568050027 797977.9420020285
162558188.0422913432 1364350.2548828125
155758609.1692703962 1220635.1990356445
150383240.2020362914 1080357.9641975164
151197466.2104642689 1102690.0653361082
144084429.2719945908 869262.7116858510
144124196.4759685695 873580.1405138831
144221149.0059496462 876242.1403091960
155637136.9979286790 1219929.7781982422
155949379.5063051581 1225523.1236572266
143973411.9735365808 865273.8790508817
143865408.7879032195 861315.5492052893
155380705.9654016495 1214904.2884521484
155532365.3531052470 1215858.9085845947
143781290.8458496630 861309.2747912268
155339500.8816997409 1213926.4710693359
139853987.2876149118 628833.4101086091
139856999.1573423445 629411.9546030670
140004731.8636777401 649830.7995960910
155056337.4559406042 1204498.5445251465
143103572.1935965717 834623.6892931501
139893632.3656025827 633589.9009838533
165602228.4581357837 1386079.5761718750
140018419.8257406056 650219.4293293452
151068216.1867190599 1098921.6021784544
141471586.9354712069 770417.6747337955
143763389.0868819952 858733.8351012415
141923202.8934827745 787334.9720625582
143771836.1213628054 858871.2048192620
162377450.6932034492 1359498.3334960938
139964312.2876915336 641241.2417354016
139855575.7729513049 629163.4901363580
141860848.8735650182 787223.2391524019
154528077.0274842381 1190858.4041442871
141375778.8380290270 765350.9173140156
143398141.2532777488 847151.5075238347
151006943.6881572902 1097356.8663386106
143028927.8559055328 833235.4863384108
162488008.0680438876 1362933.5761718750
162424489.0631411076 1361994.9047851562
150783880.1509041786 1092541.5162409544
154739619.7661892772 1197433.6021423340
154716669.0813536644 1195795.3154602051
151364401.0814422667 1107226.0742432810
151101347.0170628130 1099661.4850367308
141103872.3185653090 753247.5782524722
150862464.4110014141 1093703.0001734495
154161816.5390914977 1179997.1758346558
143644158.6080173552 852357.8030392956
154240449.1308537424 1184134.3107147217
162195935.3510851860 1358365.2631835938
153768767.2271842659 1170082.9170455933
153999542.9472821951 1178856.5657272339
148787137.2060301304 1029273.0724880099
140067618.1414930820 660111.8462601595
141276569.4364200234 760714.9789679090
141086290.7392183244 749287.2444624531
151363522.2830306888 1106157.4361279048
143420114.1437007785 848065.6709710138
142755693.5963730514 823524.6831505934
141219463.5176917613 757127.7052208560
153537402.6659435034 1166691.0585746765
140099848.2713215947 665566.0702016358
140109217.7600262165 667098.1147758518
140042768.8058364689 658436.3277630841
143538784.9414083064 849936.4933978359
143176408.8709836602 837745.5833580534
153146456.8958777189 1151622.2460746765
139993407.9814898372 648926.9910355501
153665402.4233789444 1168451.0800590515
153156555.7740681767 1151735.4782524109
153243166.9276384115 1157071.3871879578
148607779.0426001251 1023584.2852973938
152792788.7752457261 1144514.0692081451
152984341.9850370586 1147815.9399785995
152379714.8163802326 1133658.8149793446
152637103.6717043519 1140141.2507658005
152533671.2306833565 1137266.3549938202
153058892.8582522273 1149911.7685079575
152016309.1994437277 1124394.3579480946
151986821.0555417836 1123246.6035535634
152010894.5705169737 1123568.4419324696
142293006.4119875431 803233.0129580277
149755102.6304513514 1054959.0953378638
149804370.2558089495 1056958.1849374732
141809754.2284247577 782646.7040680312
141751976.7094015777 780433.3991434614
149052219.5425511599 1036616.1676836014
149733614.7750495374 1053574.3595841785
148322311.7476414740 1012722.1315863729
149481450.3835147619 1050013.6539569956
149568178.1625918746 1050850.3236782551
149099847.9053328931 1038548.3389439583
149431358.6223520935 1047056.9782867432
157511027.3878152370 1241266.3099365234
149091741.0357059538 1038015.2544713020
148700247.9204701781 1026153.0157017708
148244913.5117015839 1008843.4503061436
147805832.1648246348 994005.0512821674
147870283.5984680057 996675.9796183109
148107305.3194954395 1005269.5302978568
148019551.6432959735 1002390.0429813862
147927266.0820637941 998795.7167281657
147542603.0357382894 987043.7597782612
147213402.8685978353 973955.0320713520
147362670.6760372221 977790.5620090961
147080074.2517648041 971033.7167942524
157482425.0275939703 1237643.8133544922
146992202.0827574730 965353.1935760975
146930295.8510728478 963296.0773651600
157535809.7898690701 1242655.9633789062
146724046.5252554119 958747.3771698475
146946338.0918007791 964784.4010200500
146510573.6337110400 951534.7359039783
157218445.0937011838 1227871.6938476562
157295714.5544205606 1232749.0938720703
157441816.4523392916 1233711.8819580078
