760217792.1394857168 1362220.5151367188
760778838.6370171309 1366148.6923828125
760264061.6553722620 1363795.6169433594
767270371.1942992210 1382603.0885009766
781775342.4141948223 1410433.5866699219
781726090.1500616074 1410046.7888183594
781876955.5644595623 1411058.0983886719
721518313.2032014132 1158710.4411013816
653937970.0791926384 299486.1722229635
653792598.4899706841 293477.9619979775
659280070.6231182814 513244.0264391967
659552237.1375718117 522826.5006214764
664545976.9474778175 623356.7684623608
664810478.1080827713 624769.7118675122
675069553.1578686237 755894.3242921543
694348533.2732554674 953377.7896381933
694762969.1077944040 959369.3885151464
700523672.8236467838 1009230.4826865159
699885748.6802290678 1005047.2031455003
782515734.3977713585 1411499.0192871094
698062873.2878689766 989480.0605178792
697766985.3203678131 988471.0124221761
698842523.4599195719 992555.0585833509
699545065.5504407883 1001708.4162802659
699763413.3748753071 1002082.5340890847
722841110.7663933039 1167252.5381165836
722780479.7772347927 1166592.2792885993
723316843.4153605700 1168321.3595507834
699144223.9125820398 998406.9333701096
699332618.2789620161 999334.3882040940
699372224.2691888809 1000846.4482626878
698911333.1187232733 997082.1606650315
698854244.8660844564 996735.0097861253
698705751.8044146299 992493.9007773362
659750421.0635956526 531772.3897354018
660116245.7913770676 537743.8480154586
722426054.9910562038 1164757.4416220877
722579921.8119100332 1166221.9538291190
767163401.0661835670 1382389.8538818359
781611370.9652376175 1409081.6915283203
781420356.3306910992 1408771.3702392578
660377198.1372565031 540901.6881072570
660284643.8942312002 540252.8202126075
722733755.2190487385 1166369.6612361688
782454449.2775393724 1411466.6579589844
722390700.5785825253 1164644.9570029471
664360713.2548725605 620934.3404991040
664184940.0971593857 615732.2606294164
694618787.7483922243 958672.7232929785
722028872.4904789925 1161998.2856162284
757495834.7880089283 1350633.4025878906
767484317.5645487309 1382618.6527099609
767032997.3094060421 1382028.8365478516
654177847.0108375549 309319.8919042489
654056803.8811998367 304989.1709305486
767007664.8979375362 1381239.3978271484
782413555.7082358599 1411329.0593261719
675216125.2056298256 757018.4577150058
675205868.1321108341 756155.4886777264
782434395.2482832670 1411422.6132812500
675149400.9173141718 756083.9722413730
675058056.3550382853 755745.9654817295
675396927.7293419838 760402.9387941074
694953986.0802991390 961416.6556660254
782456874.8503208160 1411487.9987792969
782200986.7913321257 1411178.0910644531
789552675.2756851912 1417450.1665039062
664244416.1495969296 618406.6128633032
675836959.0125863552 765109.0729652357
653902868.1046743393 296836.9612211948
665422709.4505687952 629026.0713468310
675750108.8249764442 763769.1226396274
675939432.5010440350 765575.7893876743
675603926.0932101011 763393.6370439243
722470128.8950232267 1165263.2944150444
675564906.3953818083 762297.6985673618
675319050.0407801867 760056.2873048496
675320015.9711161852 760070.3552980137
665570670.1585582495 631143.4222138991
721583234.5919114351 1159728.3810752127
721830612.8134834766 1161820.1352256034
654143646.6505221128 305247.8305983311
659859828.8618630171 532858.6440038141
790856203.7353563309 1418008.4384765625
659667070.0579420328 528838.0133678329
766935150.6522123814 1380535.6268310547
664081637.6525435448 611039.5834466303
665380519.5891245604 628881.6982453932
659315588.6312197447 517100.7249807392
790327186.4270977974 1417911.9343261719
781522743.4737799168 1408785.7145996094
766940010.6803292036 1380636.9249267578
766722149.6598107815 1379865.7891845703
654565224.8957134485 319896.8436335076
696248344.2343667746 971537.3416090924
654513477.1627671719 316744.6580387282
674997206.1028242111 753668.6727146950
695408704.8335798979 964758.1076613385
695387211.1629500389 964511.8893385846
788206835.4409747124 1416958.1010742188
658817493.3694896698 496403.3829032381
758652788.5003300905 1357030.4660034180
789842881.7666949034 1417850.4265136719
659026863.4089765549 500583.3325644929
787767858.2311582565 1416354.5097656250
658923889.1758174896 500525.6939383943
654443796.2571280003 315673.8100260247
759031124.3965331316 1357861.7153930664
789581212.3225208521 1417630.3916015625
767628972.3686518669 1382770.0651855469
768291805.3969113827 1383720.0405273438
697195067.4396893978 980695.2996893842
659032276.3123214245 504276.2981864412
767648118.3328156471 1382781.7575683594
720454684.9072060585 1151523.6828006003
696530835.4407869577 974298.4758864362
695673945.6144950390 967368.6614333112
695893119.4197388887 968613.3044997174
758110500.9944353104 1354490.5043945312
696506840.1718072891 973213.4308539350
783731134.2027591467 1411867.2080078125
789669717.8260364532 1417726.6401367188
673564945.9769792557 734457.7448369928
767974856.0735652447 1383205.1459960938
696448522.6787750721 972482.9233466107
696706126.1120189428 975722.5811040718
696168778.2666848898 971042.7678786237
674060803.5457215309 740405.6314418979
696877291.8631587029 975803.7686040718
759298173.1077127457 1359181.1385498047
673628203.6420730352 736075.6195928522
674734398.3524014950 749442.9028491892
696968795.3965368271 977513.0825689156
720662433.5155807734 1153323.7091677878
759862953.4282633066 1361327.6322021484
768146010.7709448338 1383503.3173828125
758795977.3063460588 1357480.8318481445
673929456.3172662258 739275.6904546686
697008245.0023237467 977925.8601568062
659111158.6418919563 507339.8451835115
674537306.4912310839 745784.6753460832
674839755.0661265850 750808.5976734080
674824337.0327546597 750596.5385303416
767847067.6636228561 1382998.3430175781
674561365.0865393877 747092.2723919817
659097868.5761356354 504796.4474784334
663374413.3656146526 591919.7329633653
674164117.1626685858 741951.5968820249
768076372.1730678082 1383445.2092285156
768047823.1402180195 1383249.1232910156
767783266.5480101109 1382941.8232421875
662786471.3009412289 582275.1158017747
663275715.7776467800 588638.4324416786
662780083.1533813477 582053.5716123215
663240848.1402764320 588098.6095722138
655202901.1309142113 337667.7543226790
654946468.3827149868 330051.7159323406
663100951.4950284958 587509.6034171961
662940246.4376492500 584790.9327573411
767835564.1725063324 1382957.7590332031
720179993.6748925447 1148615.6718295310
662729360.0809755325 578699.3831121929
662777336.3486690521 578903.3124827228
662540761.5497198105 574819.8079137437
661882649.9658005238 558122.0412774475
786976397.8903801441 1414062.1478271484
661737107.6363172531 557186.6304955380
661673394.5534567833 553165.8619275587
759513460.0164273977 1359563.0972290039
656814288.6340715885 408072.4200499860
656767595.9025737047 407474.7268050520
656714115.4304968119 403437.3409484235
656848426.2326638699 408099.9349425642
661569916.1789366007 552926.2813606043
661319320.4218486547 544373.0368711916
661361273.1837285757 547354.9433653322
661194397.8837965727 544030.5921080080
719723851.5692570210 1142335.6484222505
719647233.8447945118 1140315.4235687349
655691468.9890210629 338331.8331814953
693860046.4053457975 940065.0812086657
693791261.2247854471 939551.8642286853
694168786.2107235193 943950.2776808337
694095241.2720309496 941403.2878126696
693930938.5014021397 941108.1318730310
694229284.2335298061 945138.3511061267
655739506.1409237385 338606.6646353849
719167862.2545886040 1135657.8290252779
728460059.3676811457 1189534.3285313100
728787722.5045946836 1190897.1903905123
656097753.6056394577 341875.7369382284
729140495.5166741610 1194012.6530980319
729217365.1555809975 1194698.1844701022
657349996.3998612165 420044.4869819863
786596837.8298058510 1413377.0270996094
718763151.6634029150 1129921.1570625398
728911080.7989041805 1192406.1766931638
718837919.4201494455 1130544.1836738680
656317817.5185378790 345125.1985527289
656327419.8008494377 345662.1974385988
656424460.6389422417 348333.2722757969
656376783.8134090900 348094.7064322147
656293268.7728829384 342033.9881674561
730813065.7825107574 1201954.5004670396
718450315.6639500856 1124426.1021308992
658018084.5557366610 428888.7465612917
718419167.8688163757 1123660.8866868615
717655750.4518657923 1117629.9891038537
658773299.1887590885 454219.2011965291
717253065.3707094193 1114811.0259080529
717863698.4826864004 1117746.7346482873
672773361.7664819956 697914.7033669604
717563818.2243751287 1116780.8393846154
657942818.4466208220 427846.9732915788
673025110.4260272980 698449.0847093146
658544780.3894821405 447012.8966768889
672411168.6449736357 691985.5914699687
658105466.8803713322 432206.8960450036
658085549.0848236084 431578.1175339562
658103250.8771162033 431744.1960823876
765098125.7791314125 1372073.4475097656
764805616.5241079330 1371089.2741699219
763782991.2351882458 1368291.0651855469
764659114.4110200405 1370405.5942382812
716712283.9784988165 1107818.8899247050
764250428.8431527615 1369408.6262207031
764361183.4837832451 1369940.9094238281
672246763.7476307154 688164.7491324795
672193314.6664286852 687593.4259589566
764064548.4535245895 1368800.1794433594
764029267.5000627041 1368781.3186035156
672353968.6602609158 691129.8363593472
728136033.5208504200 1184402.5138008296
763934660.3120026588 1368763.8723144531
728098634.4502673149 1184371.0384590328
672396768.6017755270 691587.1622446431
672393340.9053590298 691586.7059458150
673300174.3547394276 702232.4818622814
727868526.3050740957 1181237.9297381528
727882905.3565492630 1182425.0461932309
693662785.8094693422 920174.9215276358
693608784.1590406895 919637.1299016592
693738925.5345528126 922687.8806340811
693585427.6344143152 918652.4131658194
693424149.2741545439 917182.9432866690
673011289.1840679646 698430.8388404595
716528098.4396424294 1104874.2559533790
716380593.6061720848 1103252.7360676145
716079328.6717122793 1100951.6059406614
716203646.0298233032 1101567.4919934412
716188910.3759278059 1101562.2775715208
671978769.8335046768 654031.4402939533
671877970.8146387339 651090.3314100956
671658626.1895576715 647909.1242844318
671779368.9804004431 650714.0892197345
671473996.1140191555 645765.0944382404
671513317.9009383917 646948.9714524006
670957393.8384742737 633996.9029645626
692900377.0437616110 894331.5996269698
691705254.3329659700 881059.3031586821
692218500.6913167238 886735.1809662993
691910297.3305517435 884032.9861420805
691277044.4780559540 870326.8493830484
691132228.6017060280 861063.3706093092
690914853.8248194456 860609.9658804542
691217449.2637264729 864705.2351112623
690864356.3056350946 860202.9335365553
690481162.1841719151 856132.5757766027
715467471.8851783276 1080598.0100271702
690181470.9241309166 852270.7440575321
714544638.7433621883 1071129.6635489464
714597027.5916913748 1071345.8080801964
714785994.4878528118 1072829.4858145714
714451923.4179393053 1070856.8083243370
714420495.0192351341 1070090.5151114464
688536940.0450118780 826005.9003305847
688532944.2855695486 824260.5924692566
687742793.3353174925 816358.8915491516
687990054.1272741556 818972.4797144348
687896690.5531922579 818212.6692591126
687871109.8613595963 817794.8763742859
687549639.4153977633 810527.7136119420
688243957.0365493298 819978.9538889343
711916031.7243889570 1045284.5490823272
712114859.6258404255 1046475.3489391296
711547408.2875770330 1043171.0517678740
711406912.4000622034 1040774.3443704131
711532678.9477082491 1043017.5651956084
711239160.8635069132 1040005.2972512725
711316910.4641753435 1040369.8775735381
688222819.7366120815 819968.7034006531
708643517.9544371367 1016442.7342171627
708806711.7929804325 1019161.5040766927
709705147.0967719555 1026292.7633135053
709309836.4173927307 1022963.8915200192
708950006.8964762688 1020095.1985726315
708822019.5494123697 1019459.2210335690
708459768.4826703072 1012743.0460219188
708267148.1723012924 1011292.1641859813
708093390.5231378078 1009308.9011244578
