174375767.9901722372 58556.3795058380
179610131.1624027789 68248.6732455343
191444168.0645132661 79205.2531433105
166647640.4349215031 32255.4370776103
186089410.5044896603 77924.3097534180
187870986.5405357182 78778.4883117676
166720479.8080877960 32749.4991503643
168475910.1280133724 41282.9489531284
168556716.6536757052 41395.2050548261
169257309.3852282763 44101.3065003967
169475169.4700183272 45006.5645110374
170110359.9987503290 46526.0758516332
170110699.9729323089 46779.7225002786
170354077.4594043493 47126.8104251688
174129171.1505690515 57981.8955922972
177943196.2881749272 65500.5299305320
177338497.7553828955 64224.8377751708
177760085.8709340692 65036.9313129783
179674175.1576378345 68408.2389075309
191538303.6777953506 79210.0226135254
166027137.9382807314 23184.6663628272
170608619.5434591770 47335.5894965669
183892423.6040056944 75122.2473144531
166403743.4429205656 29520.3678477179
166792362.3377780914 33009.5260973857
169892560.1517197788 45927.6744961282
170217446.0727545023 47081.9570621317
174470313.6528066993 58639.1804091583
185738972.5499606431 77505.4813842773
170184135.9419642389 46910.4012417337
169326875.8919973373 44346.1136443382
169446179.4684764147 44943.9085662132
170027330.9935606122 46482.0547210388
169907118.7886666954 46415.6897854349
174096632.8094623387 57971.8739821564
167365370.6704061329 36200.7644248206
167538093.3802945912 36260.9189029980
169164943.3649150729 44094.6349456077
180409194.2361353040 69470.9586688876
186963816.8144669831 78464.6166687012
167391222.7867128253 36257.6452518750
167178035.0231935084 35338.9962955762
169801019.4750681818 45667.5140728494
185932546.0719233453 77638.3289184570
186006911.2278849185 77780.3553771973
186192161.3401238620 78008.2304077148
186407245.8233996332 78175.2893981934
186634722.1845284402 78234.1725769043
186696713.5364870131 78355.6645202637
167107720.7901154757 34743.8034110267
169651234.5718776882 45620.7438625833
184003047.8386838436 75242.6272583008
186685838.8420678675 78337.8400573730
186576157.6255202293 78233.8892822266
169397472.8979379833 44767.4857449075
166418520.8568641245 29785.2839480327
169160005.6808580160 43956.5820586449
168986603.2565522790 43193.1590042626
183447897.7774907947 74451.9217958450
185509968.3955384791 77055.1094055176
166459280.2194071710 29927.2034045146
184124281.2194784284 75463.7866516113
185459339.2317720950 76962.7370605469
185208771.0352464020 76660.2941856384
166066884.5096831620 23746.2105502389
169047079.6465997994 43264.4846160179
177797843.0702373087 65281.6519398093
177918571.1900865734 65460.0902637839
180240572.6409825981 69234.8031470329
185511258.6897490919 77055.7694702148
188790453.9793085456 78923.0066528320
168235814.0159023106 40054.2104522949
188074371.7577105761 78843.4288635254
168526223.1438953280 41379.4151495164
168192722.3583828509 39767.0077703660
177974911.5139782131 65554.2742847800
166376594.1606519818 29498.4156542705
168237108.9649932981 40464.1742742723
168738129.9165986776 42248.8652312523
177559185.5534580350 64974.6726917624
168921578.1745620370 43171.0665557152
166820218.4594473839 33091.8293711381
166893178.7125186324 33100.7478808278
168860947.3828812838 42812.4648173293
174222903.6574379504 58204.1606610368
191229842.8585118651 79202.0390930176
166220276.0619519651 25742.5136408457
174177442.5012399554 58101.4905810542
185516429.5085142553 77102.0480651855
185243106.4676015079 76793.2934684753
174541095.5456427932 58894.7285964142
177898089.5741166472 65285.9366077781
185580556.6191224754 77320.5521240234
175097801.6070184410 59178.0435769174
186825901.5605102181 78404.6846618652
191219709.1216413379 79195.1948547363
167168541.2876592875 34756.9593693066
172324168.4525888264 53092.4137173956
168460375.5553847849 40696.5271664327
174431465.7033362687 58556.8112764608
166118167.1101952791 24811.7867193805
174322425.7637369931 58499.4247328888
174062467.3774117827 57969.4320265900
166226818.8516743183 25830.9222268039
168397774.8425651491 40634.7660280829
174661388.2934502661 59056.4234075733
191016246.8084569573 79179.7388610840
166493438.7392255664 30497.9483691143
183549059.6178538799 74684.9689025879
167043179.5935492516 33838.5316349316
171484776.0743427873 50888.7323283507
171323988.2687336802 50057.3204631163
186893477.0342480540 78411.2201843262
171833652.5104619861 51809.6490329718
173944067.4257094562 57562.9626662384
180131085.7756432593 69032.0669672489
180316003.2010285556 69299.7850849032
168437565.2633191645 40661.3658047384
190491486.2199457288 79120.8975830078
167013822.9302350879 33832.8947161550
167299033.9630383253 35580.4130367759
168848545.9810399115 42673.5301275915
173918302.1101471484 57438.7439353119
173958743.5104432702 57569.4760713826
166134939.1783827841 24816.0372284824
166476424.0471238494 30371.4520617412
191022096.0411376357 79180.7385559082
166167628.8823309243 25593.6237648898
166230373.0881614983 26519.1002394134
168622373.4095377326 41918.8989020055
175045684.3409769237 59068.8382293570
180147951.4599539638 69063.4220435172
183520847.8858991861 74520.5185699463
169039170.1780482531 43201.1954413122
174213908.0114139915 58169.2251086421
166355984.2283040881 28027.4688605653
179510991.5284703672 68204.1287509054
188054611.2378184795 78796.5512390137
190650855.3231922388 79165.7651062012
171717461.3675628006 51568.1232205695
174286486.7863774598 58347.8368154417
179296168.2723596096 67886.3796340376
190392063.8405206501 79072.8006591797
168591929.9070105255 41429.0091005927
180330934.5876116753 69428.1001441032
167055647.7819758952 34646.8217350293
168147020.5593689084 39728.9144198066
168307315.9543904662 40517.0795351630
184163711.3117940426 75472.2648315430
183424427.5540690422 74377.4321899414
190339417.0892721415 79070.5645751953
166919379.8645311892 33801.0301531667
166779873.5153624415 32835.2567797588
168085521.1103272736 39158.4780494934
177409481.2636069059 64592.4174732566
180200473.1294661164 69206.4896213561
187062715.2803267241 78494.2853088379
180526913.9933822453 69594.4692866355
180477041.3136473596 69545.2040583640
166529877.5916118920 31205.8109484600
179695620.6072548628 68585.5673495382
180008503.5155075490 68974.4597937614
190276734.8605594635 79068.3199462891
173687742.4020416439 56839.1445815216
166289539.2755757272 27427.4434128539
172349889.2421705127 53338.1883557544
173712890.9570336342 56915.2489290487
173819284.4682534933 57291.0652053009
173465455.9850906134 56248.4126174103
187551351.7218915820 78605.4647521973
171761433.6752914190 51750.9113675421
177612605.4094603956 64984.5857471824
189081698.5533415377 78939.4472656250
170964088.8385762870 49245.9575175596
173532638.5806686878 56603.4695021759
179023234.0520379841 67263.3647676822
166294945.4770048261 27625.5168632852
179517189.9750458598 68215.3513156027
189510446.0452555120 78952.8775634766
166285516.9365615249 27335.7759575234
179819395.6710806489 68684.4303141683
190160827.0655191541 79028.2481994629
173274073.9594297111 55627.7699990636
184109499.4753498733 75415.0376892090
190188786.3884934187 79032.7498474121
173368230.7165596783 56089.6264443761
187478943.1235594153 78580.2861022949
184835168.7696268559 76273.6385498047
183840946.5472545624 75110.2099914551
166634613.7849802375 32127.3104906963
189869023.1443997622 79007.8440246582
184232301.5090000033 75630.0440979004
184407076.7846476138 75821.7810668945
177072012.0076908171 63600.9220379442
184798413.6931842268 76204.0995178223
179471781.0790103972 68102.6312876791
178441305.7001477778 66072.2453010529
173131349.9461105764 55412.0697790748
184814302.6542079747 76251.6096496582
168067245.4433847368 38960.4879066711
178975041.4472686648 67225.7255421728
189563323.3204218745 78955.0909118652
178444272.5589616001 66381.2508247346
184632822.7975024283 75964.6680908203
184360183.6350121796 75750.5179748535
187235103.1870916486 78539.8926086426
171417986.8989615142 50614.1776408507
166538012.0340150297 31246.6421090053
167854544.9911932051 38113.1360389953
187131281.6202974319 78500.7896423340
187733803.8043407202 78698.4399108887
166606351.4465718269 31414.1857558559
167762220.0616038740 37460.3170234924
166562833.3001158834 31357.6955846928
173256932.0880765021 55420.2373816138
178911104.2155520320 67182.5512092561
187712180.1241226196 78657.1000976562
178794900.8655722439 66912.6041737646
172806613.9025740027 54533.7645422583
178853758.2270558476 66986.3979499787
167946760.7785410285 38582.0577003723
167802059.1420784891 37822.1164947813
167752743.0044753551 37254.0090922927
178655932.5236301124 66769.2380397171
166629283.7828457355 31609.0913582729
167942220.4980583489 38285.1130901640
172981166.2671649754 54845.2761514373
178776372.6194522083 66811.2417915314
177012875.5083608627 63460.9621533006
178568069.7824532986 66637.3128974885
176810481.2838702798 63046.0372112840
172811414.7959999144 54562.7961584693
177099972.6924791336 63893.4149578661
185120307.6604593992 76392.2290954590
172652501.8180102706 53925.0705107516
167675356.3978126049 37011.4532387024
167815208.3678710163 37943.1618873840
172733579.1222813129 54306.1460758364
172489449.3402314484 53777.8138004458
178390395.5239261091 66066.1023007818
171169521.1597906053 49985.8161296202
178262390.5429369211 65774.7396196015
172197272.2566199303 52986.8750974005
178342362.4897620678 66009.4950212128
177555418.5401776433 64686.9717029929
170890512.9141870737 48341.5416690670
167705145.4254165590 37190.1904340228
167707516.0490414798 37190.1906173495
172070228.4154914618 52550.7237435160
182145795.3544286788 71563.2748169601
171072510.2967655063 49350.0293224333
171174610.1457208991 49991.8673351286
171511074.0574506223 50907.2460435033
167616107.6830998957 36501.6439523389
167613234.0637918413 36455.4252198008
172560731.9742452204 53861.2448752848
172416049.8576065302 53479.7747214762
172090578.3562174439 52666.6776009379
172039261.4116078317 52486.8948708354
182271185.1354558766 71752.6526245773
183222498.6583481729 73110.9124507904
171465461.3524982035 50779.1689436017
182649091.4340415597 72348.4036734104
182376193.5070102513 71968.2782826126
176940169.5746522248 63264.5008132458
182512482.4819654822 72161.9911527634
171340133.1126664877 50374.4167768536
183239979.9290471375 73141.3574886322
177282065.9716033638 64074.3450820446
182493077.7363513410 72153.3876404464
182730068.7956833541 72373.3982791901
182941075.8453994989 72621.2159481049
183056430.9625452161 72937.2435665131
182115548.7700697482 71110.0561089218
181837463.8730578721 70907.6098909378
175749511.5118991733 60431.0026798919
181738817.8107838929 70727.7865156531
181463909.6056494713 70249.0156188905
170732088.6484948993 47708.2948467610
176520258.9225645363 61545.8414860442
181073169.1397812665 69897.8738729656
176127345.1333332062 61283.0989599898
181526522.9298356473 70504.7732293606
181223687.0080006123 70026.0198995769
175875316.3708555996 60679.4045353606
181586591.1851959825 70583.8345918655
176204021.7722952962 61335.0500756875
175773540.9745294452 60633.9119206145
181042034.0780073702 69801.8955709636
181581240.3813559711 70582.5212984085
181043308.5893781781 69846.3487875164
175459274.5555787385 59844.3111439422
176058562.8903225660 61055.1796997637
176759950.2159010768 62610.9717910290
175883343.0044068098 60754.1906271651
176529302.1836028099 61812.5304974169
176718649.1079654694 62171.0033462048
176554792.9818531871 62053.9664199352
176743486.9631179273 62438.6902932934
175428091.6099778116 59584.5718445778
