196524655.6601718068 1685265.1953125000
196309562.9992902875 1684575.0820312500
197603945.0443812609 1688658.4970703125
182024235.7591992319 1279765.9334716797
187179240.8904717565 1510014.0283203125
194959817.2432504296 1674982.1748046875
197274649.5076923668 1688107.7275390625
180009240.7957120836 1170104.8459472656
190607470.2209574580 1597919.1313476562
201827385.5959248841 1692531.6640625000
201683398.9072644114 1692501.4326171875
176285648.9519565701 789722.6734619141
184416755.6829868555 1414140.4575195312
184173581.0319716334 1404818.0859375000
190595232.3927570581 1595800.3359375000
192701922.7487030029 1644748.2353515625
193853953.3831235170 1663207.2607421875
176961948.9706066251 907705.0386962891
181623811.1962024868 1276845.7849121094
181777201.1996323764 1279633.6717529297
193690070.1532646418 1659847.4316406250
179820390.3992876112 1155149.2839355469
181004900.4423579872 1240071.2169189453
197682358.6411560774 1688768.2216796875
176943640.2081453204 899763.5544433594
185252858.6073279977 1444802.7783203125
194271679.4131773412 1666782.0527343750
198065837.1622859240 1688953.3066406250
194109540.9433032572 1666151.9306640625
193791106.3120556474 1661879.3847656250
178162044.9531350434 997074.6621704102
179887509.3044906855 1163553.6562500000
181029710.6119030118 1244546.8267822266
197328126.7875931859 1688488.3417968750
176732887.9791667461 875618.8089599609
185571693.6067693830 1454803.0791015625
197262902.8953455985 1688095.1210937500
177195479.2384033203 931312.2930297852
180222269.8103774786 1188211.8713378906
180260130.8757519722 1190116.6472167969
190960213.6716649532 1606555.9633789062
193803791.7408987582 1662744.9316406250
195422700.4158014655 1677711.1025390625
195191499.5302140117 1677090.0927734375
176376946.8306945562 792935.6356811523
194067585.3397803009 1665514.9873046875
193968086.1698349714 1664293.2568359375
201351419.3586424589 1692460.1269531250
187318974.4918292165 1514214.9931640625
196678045.1504305303 1686460.4130859375
197524945.9461766779 1688582.9882812500
197102727.7786498964 1688078.5546875000
177485170.0107937157 961724.6900634766
201395362.5361407399 1692476.1982421875
176761188.1398074627 879891.2553100586
177418004.5714064538 948759.7218017578
177980545.8893091977 996362.0367431641
177915097.0606217086 993010.1154785156
180100900.5216282904 1179089.2126464844
185599527.9876407683 1455180.2026367188
187323872.2777087390 1515634.0253906250
201065266.1056741774 1692185.3339843750
192791216.5713101625 1645885.9384765625
200996632.2510753870 1692176.4394531250
181529336.9965937436 1272932.8756103516
181398716.0602698624 1265194.0635986328
185110965.9569727778 1443102.2045898438
181434686.1904053390 1268609.7098388672
181159507.1788505614 1255777.6063232422
181069949.4091766477 1245230.9244384766
184111688.9106806815 1399837.8105468750
193941299.7188900411 1663658.3564453125
185110472.1756104529 1440555.3125000000
188011914.9050270319 1537472.4487304688
179973077.9200623035 1168350.7478027344
181287769.4485248923 1262204.6585693359
184261752.8969016373 1409262.0356445312
184058045.0415879786 1397818.7626953125
195357599.6729590297 1677630.1777343750
188862656.8137166798 1556526.9379882812
188461822.3982558548 1547750.3203125000
192897863.8338887990 1647361.1181640625
176268269.7199673057 784577.9067382812
177190961.6657420695 930004.3165893555
188226936.4217297435 1541813.2456054688
193043056.8807342350 1649273.8095703125
177788037.1665648818 986498.8093261719
184996315.5568371713 1438853.5585937500
196784464.2851627171 1686782.7675781250
187163894.4599700868 1509580.9160156250
191088328.9747259021 1609960.7104492188
188777267.3310231268 1551882.7685546875
188595955.5516832471 1551518.3217773438
177234288.1240377426 935377.9472045898
193405926.7208669782 1656421.2646484375
200622201.2739042342 1691794.9833984375
188311544.8951476812 1543733.6928710938
200559246.2275124788 1691408.5087890625
193370130.3875229657 1655920.5742187500
179955938.7966583967 1167823.2077636719
195020684.2288984060 1675992.5107421875
192300968.8197674155 1635240.0234375000
192135789.5523203015 1631161.7998046875
181128762.4663876891 1252745.3929443359
179983388.9382912219 1168833.6330566406
188506801.9593639970 1548270.8242187500
205359736.9424907565 1693950.8017578125
177107560.2031648755 925324.1337280273
180830669.9910589457 1231309.9044189453
187693958.6040221751 1527470.5195312500
188256730.0816532075 1543243.1083984375
176201964.6142726839 767423.8403930664
192604057.7197840214 1640139.5439453125
176324694.8373373747 790939.9597778320
191043113.0044989586 1608969.7768554688
184802428.3634816408 1428720.6806640625
180925664.3668150902 1239328.9837646484
176814021.8384421170 890951.1431884766
184690927.0474737883 1424723.8281250000
181265736.4458373785 1258398.9586181641
184682555.9065805376 1424362.1992187500
187326709.0609271824 1516948.7685546875
194672045.2384546399 1671548.7421875000
179925795.7877403498 1164451.9953613281
184564490.5481024086 1421399.5419921875
196262270.8518106937 1684455.0341796875
197042100.8879527152 1687574.0908203125
191980684.3352050483 1627666.7216796875
184927006.4138555229 1432924.8652343750
205801295.0142753422 1694006.3564453125
188325449.7927521169 1544571.8740234375
194529329.7774375677 1669520.6640625000
180306651.9928002954 1192251.4309082031
191922865.3332819045 1626678.6181640625
176187449.6235404909 763118.8671264648
184237231.5656618774 1408470.7250976562
196420234.3146090806 1685250.0957031250
187880483.2168971300 1533821.9941406250
195819518.5660210848 1678123.7158203125
185704437.9950966835 1462635.9746093750
180032904.1271772981 1175416.9978027344
193615562.1676240265 1658162.7998046875
180141934.9835033417 1183192.7456054688
184325396.9120259583 1412180.4970703125
187205919.1545998454 1513134.0346679688
196205502.6415654421 1683472.6123046875
193463925.4152893126 1657043.1250000000
184806121.5149518847 1430776.6596679688
176880835.5402097404 896675.2368774414
183937539.0393196344 1391539.2983398438
186311873.8577306271 1482531.8374023438
187822828.4546995163 1528383.7451171875
201652975.6139821410 1692488.4863281250
183970478.3882334828 1392894.7534179688
185871575.7731625736 1466654.7255859375
204517507.7785314023 1693628.9697265625
187577531.0697858334 1522984.0922851562
178648521.1251043975 1061051.6448974609
184141816.0679481626 1403257.7675781250
186571914.4551503360 1492551.6718750000
187382954.7946579456 1518963.2045898438
201191797.4698891342 1692240.6650390625
205482371.1898385882 1694002.6298828125
204907499.5978974402 1693944.5185546875
177825487.8032395542 987599.4697265625
176216056.7418872714 774170.3596801758
177856646.3042919338 991230.2615966797
180314680.8016798198 1192331.5438232422
187630355.4411503971 1524172.9443359375
183990760.7705731094 1395433.8837890625
204881144.1623129249 1693891.5605468750
180563060.9561160505 1212003.0628662109
187225447.4542823732 1514214.7675781250
194852622.4942398667 1673900.5009765625
180810109.0015838444 1228825.1866455078
180782160.4106483161 1222035.9490966797
180430796.8091003895 1203079.7800292969
180699783.3772705495 1221751.7635498047
194347340.6557760835 1667131.9052734375
204692953.0240549147 1693804.2294921875
194786065.4385792017 1673464.0761718750
185618973.2374679744 1458126.7802734375
204854586.0983426869 1693885.5068359375
177664466.5717060268 975223.2696533203
184754104.4131194055 1427834.4223632812
204860906.3224822879 1693890.3867187500
177812873.7858508527 987015.5848388672
184698441.3573516309 1424852.4951171875
190678511.4131775498 1599597.4985351562
177613245.8744831383 973358.3267822266
196533464.7973111272 1685771.1425781250
180654201.6751612127 1215403.9952392578
176878918.9214827418 895673.0821533203
180418910.3249056637 1199737.2794189453
184079402.4529618621 1399450.7714843750
176758859.1084141731 878547.9666748047
176697341.2168233991 869333.5386962891
180511922.4974836409 1204594.3101806641
178393052.2225279510 1038463.9969482422
178365068.5441995561 1033115.2381591797
199233757.8464403749 1690019.7255859375
186472792.2707955241 1487478.9780273438
176714226.8870871663 870461.1104736328
192143319.9182178974 1631964.6308593750
186679996.1319094002 1495417.0029296875
186436410.2248325348 1487307.5009765625
186848788.8442608714 1500264.4316406250
186476938.6475188732 1489467.6767578125
176767923.8806056380 884106.9810791016
186046077.1139712334 1471861.9477539062
186367510.1708102524 1484203.4072265625
186235377.1977218390 1480295.9536132812
186259218.5720570385 1480868.2836914062
195929573.0263191462 1679116.6005859375
185888726.7343010902 1469159.6782226562
192288353.9433671832 1634737.2382812500
177449525.5558598340 956105.6370849609
177147352.5203557312 927304.2482910156
191276656.2788490057 1613833.5717773438
191309850.1536422074 1615205.9902343750
176642652.7013652325 856828.0166015625
185374939.4431346357 1449147.6625976562
204424127.2754386067 1693323.4179687500
204139948.9011046886 1693291.6210937500
202422227.2679215968 1692564.3984375000
184984670.4350917935 1434592.1533203125
177544066.7702464163 963179.4503173828
177295460.1301585138 942908.6270751953
177534711.8191569149 962588.2509765625
188860650.3062688708 1552106.5507812500
176532460.9596831799 800032.8931274414
202648305.0292871594 1692582.7353515625
176444674.8667163253 799636.5345458984
177215929.8854569495 933967.1716308594
177293731.6898877323 942310.1425781250
178335202.4762435853 1029885.5280761719
191622733.2554971576 1620291.6669921875
199586978.5211035311 1690433.3544921875
177136155.5119690597 927122.5603027344
192647224.2162199914 1640549.5849609375
192501081.4129592180 1638791.9345703125
178460488.9048753679 1045097.3780517578
203969816.3609644175 1693129.5439453125
178877709.2433766425 1073883.4630126953
177080990.0470265746 915335.9608764648
178418386.1090367138 1039118.8531494141
178953867.1829726696 1083017.0300292969
178736300.2661956251 1066789.1153564453
178349952.1582567096 1032473.1074218750
178585008.5516637266 1053965.6854248047
178843517.6334959567 1072376.3394775391
198885307.5134411752 1689280.6416015625
178821793.7503559291 1069533.9938964844
176738953.9023094177 876839.1704101562
176566071.7031050026 811569.6375122070
192380927.6758435071 1636052.0615234375
203581157.4807851315 1692608.7148437500
176592091.3187346160 813193.0579223633
203782591.8756153584 1692948.7285156250
176536880.7942532599 806233.6185913086
191618605.8515279591 1619985.4589843750
203863740.3473328054 1692998.2666015625
191835985.3648646772 1625126.4707031250
199395099.2553326190 1690070.7998046875
189694570.8340950906 1569014.3808593750
189562437.9760950506 1566668.8457031250
176604470.9397947490 818390.4675292969
199095140.5433597267 1689908.9687500000
178181180.5445724428 1005601.2043457031
178247059.2324492633 1016435.1677246094
199562511.7449075878 1690408.5615234375
178220800.3572871983 1006837.4532470703
178214198.8280238807 1006724.4171142578
199026191.1777763069 1689786.4677734375
178241234.5433872044 1009734.6091308594
189568065.0982010961 1566795.5966796875
189841289.1171645224 1575092.3242187500
189984424.8420666456 1577554.6425781250
190391915.2510811985 1588236.5498046875
189918714.0521914065 1576728.6640625000
200105131.4381111860 1690788.6093750000
190188898.9603394866 1583025.2319335938
200303329.5595188439 1691011.6914062500
200213661.4096717536 1690969.9218750000
190320891.7580222785 1585979.5151367188
200384275.3928090930 1691074.0976562500
182945369.9630738497 1283637.4619140625
179693603.8003421128 1099062.4953613281
179604834.4075072706 1093355.1010742188
179705738.6130331457 1100056.3178710938
179726623.1371627152 1100187.5620117188
182921939.2640878260 1280066.6264648438
179587310.6316007674 1085477.2141113281
182910716.7018519342 1280042.3940429688
183329087.1656091213 1297334.6481933594
183736460.3452392519 1314347.7788085938
183672720.5927981436 1309264.8242187500
183683906.8975220323 1309644.0153808594
183735153.5483175516 1310726.6052246094
183726543.7549527287 1309977.6440429688
