425928069.8171428442 7668761.7958984375
426098018.7402358055 7687845.0517578125
428418533.8949039578 8054630.5087890625
428728128.9436555505 8095285.6357421875
428596469.0257692337 8083453.7861328125
428816913.1506480575 8100990.5966796875
435141367.6683551669 8761651.6044921875
435456818.7772779465 8782429.9091796875
449481501.3486112952 9368809.1591796875
449804990.4593189359 9375599.9130859375
456990184.1268467903 9521228.9755859375
459764233.6282686591 9550418.0849609375
473666653.4147615433 9626578.7763671875
429046100.1130607724 8120338.3408203125
428728680.9073266983 8098817.2392578125
428847742.6639929414 8112425.9521484375
450262825.3651245832 9381412.8623046875
450061013.8923442960 9378758.1279296875
474020383.2273126841 9626645.6826171875
425788842.0789909363 7643587.6162109375
425804088.0795155764 7649370.1201171875
428647514.1662728190 8090887.5048828125
430142204.9575683475 8241734.2451171875
441716002.8941802979 9115308.0205078125
441233827.4371522665 9099795.5205078125
446136772.5988603830 9270943.1279296875
449238464.2952747941 9357553.2060546875
449525254.5793097615 9370386.4794921875
422370879.1911830306 6675949.0205078125
422283974.6761069894 6668645.6513671875
430055222.3414936662 8231970.2841796875
440642929.1445045471 9075167.7783203125
448325682.2656847239 9339771.7333984375
449213862.3855068088 9355871.7548828125
422229714.3237387538 6648836.6513671875
426302491.2175652981 7717812.5693359375
428576068.5440611243 8072707.7041015625
444950975.7800374031 9235722.9560546875
448260150.0534175634 9338956.4052734375
448357961.9153159261 9342388.3271484375
448364834.9275219440 9342761.9482421875
466664163.6190032959 9610747.8271484375
426137266.5789229274 7705055.6552734375
428507602.8168481588 8065559.2236328125
428255564.1336213946 8027292.0849609375
429963326.3198744655 8225932.3779296875
435141798.9981306195 8762554.9833984375
435389983.8641182184 8776526.0556640625
435339069.0641237497 8775965.3779296875
444962762.3335843086 9235938.8544921875
448178640.1182239056 9338574.2177734375
465878588.2089647651 9608949.3037109375
465305869.9447528720 9602518.6513671875
440434468.2134892941 9058407.3017578125
465819673.3068954349 9608842.2099609375
422222715.1225456595 6634001.2373046875
425782722.1367645264 7643564.1396484375
430180265.6726332307 8248021.4150390625
430098597.9066956639 8236590.3837890625
435398278.7852900624 8778203.9677734375
435390072.1458708048 8778133.9365234375
441868798.1089550257 9116745.0693359375
465681929.9702199101 9607171.7763671875
436210959.6502689123 8837413.4384765625
436566533.3349748850 8855854.9931640625
441108901.4457936287 9093712.1533203125
424145229.5784559250 7066702.7568359375
428346240.0570535064 8046282.0595703125
429964870.2490287423 8229566.3603515625
436213095.1921753883 8839072.8525390625
457483878.0086004734 9525787.5537109375
465798537.5770667791 9607307.5849609375
423683259.0494804382 7064632.0087890625
423549075.9921369553 7063734.3173828125
423533491.9168784618 7057908.7880859375
466233038.7740575075 9609440.1591796875
435961439.1407051086 8823919.8369140625
435776559.7036750317 8811120.4091796875
441455419.7668858171 9109166.5048828125
441515963.2287625074 9110607.9853515625
448873431.4032956958 9353699.5263671875
466308935.1417149305 9610581.2802734375
426008370.5489356518 7687090.9267578125
428829534.9336096644 8105390.8388671875
457271890.1707485914 9523561.6162109375
473299229.6065995097 9626072.9990234375
441134302.7830092907 9099020.9150390625
448487459.2894632816 9345615.8349609375
449633020.3561883569 9372333.7490234375
454670164.8829698563 9487315.9326171875
454861900.8680144548 9491882.7919921875
456914809.1640272141 9520041.3740234375
473051219.6653526425 9625984.1357421875
423421364.3677218556 7043348.5595703125
426292562.2898492813 7712325.2236328125
428720751.8979278207 8094563.5126953125
454627878.8601510525 9486360.9208984375
456371319.9555610418 9513193.2958984375
423095459.1641012430 6945999.8017578125
423413406.4754503965 7042037.0732421875
423372025.1697541475 7038085.1767578125
426211720.9837443829 7706905.5791015625
440266505.8391702175 9049224.0048828125
425991849.9159678221 7684592.9697265625
435220302.7921742201 8771030.2177734375
460110838.8720261455 9554090.1865234375
422483078.4688841701 6704301.2001953125
440796498.0078760386 9082271.9462890625
455876608.4501532316 9505479.3388671875
456287030.5599648952 9512074.1240234375
472681228.1722950935 9625077.3232421875
440318129.5382153988 9058261.5634765625
447437809.0037888885 9316265.0458984375
455282383.1874910593 9498700.4091796875
460502043.3572093844 9556410.0576171875
423244968.5444658995 7003805.5341796875
423238913.8608369827 6991477.0966796875
460070440.3514541984 9553847.9677734375
455413733.8874981999 9500771.2099609375
456171821.7687220573 9510174.5107421875
440162600.2869718075 9048642.7705078125
458058654.3800720572 9531541.7373046875
429753564.7332202792 8201085.1826171875
440088445.9809448719 9045686.9755859375
458085601.4456564784 9531721.4208984375
429757744.1902757287 8206907.3154296875
448005105.7601414323 9332802.4287109375
457603969.2933467031 9526437.2646484375
457966384.0675640106 9528665.1826171875
429663939.0990082026 8188908.4208984375
448024298.3039304614 9332922.0458984375
429662606.8449409008 8186373.7587890625
440039578.3903076649 9041254.1337890625
460607944.8866900802 9557570.6630859375
422446473.0259858966 6704142.0751953125
428162376.2643169165 8009647.8681640625
435673649.9230222106 8800889.3740234375
445041657.7369291186 9241167.0927734375
465001464.5417751670 9592321.4638671875
423338733.1767249107 7023299.8740234375
460555664.5516647696 9557012.5380859375
440083445.4455270171 9041712.6884765625
459238397.5826310515 9543041.5732421875
472322516.3988603950 9623614.8466796875
428283060.5355725288 8028732.4228515625
429712809.4638428688 8196039.2353515625
429461046.2991633415 8171445.1630859375
472514503.7372338772 9624359.8232421875
448675339.1674106717 9348328.8857421875
459079663.2949749827 9540229.5068359375
458996108.5527671576 9539395.8701171875
429377102.6624461412 8156530.7666015625
425633061.6452054381 7577010.0830078125
423190343.0481408834 6980544.4267578125
423123326.6229796410 6958387.3173828125
458836625.0167268515 9536081.3544921875
458605600.8879228234 9535591.3271484375
458590705.3613001108 9535542.7763671875
461875050.5125474334 9560120.1279296875
423036691.4766305685 6929209.6611328125
444842230.9447204471 9234437.7138671875
462194454.2676616311 9572154.5263671875
422857834.8536036015 6854314.2255859375
422885474.6066513062 6869942.3369140625
422917929.4474886656 6884151.7119140625
462340708.9293705225 9572215.0654296875
462365231.5837830901 9573128.7685546875
422937309.7245911360 6891837.9072265625
444685996.6005871892 9229965.6630859375
462148927.7397075891 9569700.4208984375
443825580.9683046341 9191219.0458984375
472061491.9150754809 9621220.4677734375
422979049.9987697601 6891978.6728515625
434165269.7473635077 8659148.2744140625
434277194.3733067513 8670659.4404296875
434334842.8493922949 8673992.5810546875
422859918.7071857452 6865092.3857421875
434573210.9536744356 8700285.0556640625
434675913.3265110254 8709982.3212890625
439730143.7671020627 9019863.1142578125
425107820.8293352127 7450539.1376953125
446916851.7348467112 9299094.0068359375
447360311.6089560390 9313297.2998046875
447026410.1039254069 9301524.5966796875
425655140.0547772050 7577536.6572265625
434634024.4936626554 8705627.7236328125
434450098.5356445312 8688693.8564453125
422790313.9626325369 6804975.3271484375
434514736.4532062411 8694476.8212890625
422790922.4233751297 6807858.6923828125
425605045.5426258445 7563481.2626953125
425603574.8505529761 7562575.1572265625
443175810.4686712623 9165127.2919921875
425341816.6825036407 7498279.1357421875
439532328.8208581805 8998455.7744140625
462701909.5818170905 9574497.9248046875
425164689.2273229361 7465467.8876953125
425190403.4922833443 7474871.9794921875
422618999.5355044603 6715642.1767578125
462599714.0949615836 9573995.6279296875
439455194.2513299584 8997561.6494140625
433787239.3228524923 8611728.2900390625
439564063.2078160644 9005655.8955078125
446416351.5215291381 9285683.2060546875
422684541.6747609377 6740574.3935546875
422655402.1061091423 6734846.3447265625
433721864.5262205601 8605468.5400390625
445651973.0352466702 9254928.9560546875
439198477.4651940465 8977196.1728515625
445361104.8333071470 9251940.6865234375
445081072.2591830492 9243065.9560546875
433829429.0577281117 8614494.0361328125
453493838.2703598142 9450098.7724609375
425528312.3146302104 7547736.6552734375
445582088.1557711363 9254590.9833984375
445747023.4142947197 9261522.2099609375
453024873.2366325259 9441440.0107421875
425361317.4427641630 7512691.9052734375
425253291.4968378544 7485246.4404296875
445842683.5388174653 9266695.5693359375
453225515.4638858438 9445458.4091796875
453152975.9893742204 9444067.1826171875
471718815.5297241807 9619426.9755859375
422676322.9489771128 6737620.7529296875
453093830.2911025882 9442785.2607421875
471127881.4799714088 9618204.3076171875
452829838.5888366103 9436456.5029296875
445773855.1040325761 9265697.1630859375
444122208.4311385155 9198161.8779296875
443729605.6024640799 9189353.5693359375
452819033.3585300446 9435586.8857421875
422704733.8538514376 6750763.7158203125
439101510.6902254224 8961637.8583984375
439048564.7453320622 8957935.3017578125
438899487.3743769526 8953494.3798828125
443036032.4769767523 9150426.3505859375
470757501.7803358436 9615855.5966796875
452367662.6324997544 9421118.2841796875
470501011.7671976089 9614932.9482421875
452340776.3251857162 9419948.9560546875
452116635.6399840117 9416021.5693359375
470747932.3667867184 9615839.7998046875
470724186.5575871468 9615823.5146484375
451703170.2266911268 9405554.4052734375
424955469.7521636486 7395657.5498046875
424972771.9177165031 7396410.2099609375
470037337.8177585006 9613810.5654296875
451870601.2549362779 9409959.4287109375
451114909.4895357490 9392495.9130859375
450903778.7252846956 9384508.9599609375
450705657.4156798720 9383046.1630859375
424940652.0017814636 7381791.4248046875
424937049.5515018702 7377940.4404296875
432997062.4440582991 8532572.7626953125
432776521.5290408134 8506369.9384765625
432728355.5650060177 8501673.7626953125
432799469.0080683231 8511112.6103515625
444001805.6653158665 9197302.5068359375
469772851.8034735918 9612270.1474609375
469573856.4137596488 9612017.0263671875
424482484.4473862648 7239398.7822265625
424303232.6563893557 7194604.9345703125
424289420.8897020221 7181884.6826171875
424312642.9058682919 7198978.5029296875
444191060.7529400587 9204972.0771484375
433198903.0854636431 8548683.5556640625
424338081.6677925587 7206583.9384765625
432980077.1608452201 8526052.5634765625
432967735.2302820086 8524829.1494140625
432641476.5319997668 8451943.4365234375
424543586.8794221878 7260707.9033203125
424522385.9439165592 7254773.0361328125
424928279.7629099488 7338234.0244140625
424923943.7814866900 7337363.7158203125
424838403.1385880709 7324280.7626953125
424775505.0536392331 7304715.1533203125
424704006.8218860030 7287951.0029296875
442733048.4198679924 9119106.3115234375
432171993.7419891357 8401884.2353515625
432198295.0864523649 8402695.1845703125
432059266.5455117822 8391227.0986328125
442955912.8440442085 9125156.3076171875
442986843.8055624962 9126962.1787109375
431948837.5505897403 8368410.7158203125
431728189.4317315817 8346919.9169921875
438423239.4078098536 8874287.3544921875
438508602.1336725354 8885051.5185546875
424184739.4884570241 7080358.3896484375
424261326.4675964713 7105568.3134765625
424187872.0886742473 7083944.4638671875
438656020.3179774880 8895529.2685546875
438487503.2111714482 8883623.8544921875
431134573.5590598583 8274598.8779296875
431279960.6633387804 8288727.2001953125
431080102.5527496338 8272895.6708984375
430952986.7570528984 8257894.3818359375
431062854.7819258571 8267307.3642578125
431151687.8523983955 8276671.0224609375
430900979.4755800962 8255966.3759765625
427798940.2114624381 7748562.3564453125
