181120962.9743294716 9992.4489746094
181716901.4448426068 10041.5921478271
181446193.1913045049 10039.3246383667
181646789.1841330230 10039.8520660400
162876342.0262129009 3014.9506751682
166315889.1905577481 5243.4423024205
178588833.0465120375 9433.4019927979
178740747.3862329125 9454.6586303711
181374077.9058734775 10037.5845565796
180976668.6421326697 9978.7148475647
180830263.9822879136 9949.5855617523
180999373.7140186131 9987.5536499023
184658757.7718291581 10067.9896240234
162154006.4278461039 2168.8933079926
162069528.9328533709 2059.4331639496
162326352.3596699834 2464.8284368562
162351563.9292603433 2473.1154067481
162362590.0846974254 2563.4320986752
162796489.1270799339 3014.9455845837
163505451.4054557383 3555.5231036295
165478802.2561903298 4870.8945630549
165463213.9001123607 4849.8690427302
166118732.0191635191 5155.2992428674
166037403.3077006042 5058.7664822473
166080660.8274695277 5152.4095747157
166204424.0802559555 5215.1022900476
172991888.0405205488 7879.0213353402
178741974.9937395751 9506.4312324524
181272199.1542520225 10032.0255050659
181035903.7158485353 9989.4407653809
182653947.0422760844 10050.3547897339
162209154.8043615520 2353.6812112812
162257814.5525230467 2369.8033341799
162260426.3181864023 2453.9719546322
162283752.9759262502 2463.1413553242
162170849.9868184030 2256.5811509372
162076723.2668437958 2147.0487401967
162257366.4708482325 2365.9690282826
162992988.6123304069 3127.5894425014
165510111.6928479373 4890.7137006281
165886005.7444551587 5022.0571869744
171000764.8227240443 7224.4115421480
172869341.1651454270 7849.5038704527
180627622.2087664902 9904.9542617798
180847141.5916065276 9957.4915122986
166194792.7036239803 5170.3630093469
166128961.3409990370 5163.5317143335
166068298.6964780092 5138.3052014245
166057545.6258454621 5132.0042563959
162160957.4774100482 2256.5088842396
163525605.4502860010 3556.3011191487
165256706.5802529752 4711.6100438593
165267329.9921746850 4716.8472798823
173163788.7501263618 7956.3450339279
173224387.5753982365 7958.6307166061
179626232.2482682168 9702.5324249268
180432326.2448525131 9876.3920116425
165665307.5792622566 4925.2723034753
165736296.4569368958 4998.0822781457
165587481.8720769882 4891.0655916056
165200249.5204580724 4704.1341031550
162910246.6850627959 3048.2187174167
163007157.1554509103 3142.8426544633
165348199.3354993761 4790.7287226382
165630189.0264211595 4903.8181909684
171177129.4917652309 7291.2944642893
174584303.6761949360 8371.1763493568
162256134.8141449988 2363.8395763421
162919317.1272100508 3122.7531412306
162792947.7788275480 3010.9168185654
165381553.9491074681 4796.3873743180
170526805.7220083773 7054.2320425747
170801565.6376674771 7177.5358783906
170705972.1665631831 7122.0659536183
174908912.6134538651 8426.4175326973
174729072.0198671818 8406.1817556228
174203733.0879491866 8239.6742807236
174345083.4211826622 8311.3733021766
178453122.3808125556 9400.2593021393
179036325.8859245777 9570.5992164612
179961239.1933274567 9768.1572914124
182656658.1277204752 10050.4807510376
163804765.5749209523 3704.7917462929
163897887.5524720848 3774.4352590188
163839185.8788504303 3725.3749664991
165701472.0922278464 4933.5202968556
178905999.5771144629 9509.7107467651
163893636.0283858776 3733.6386129006
163730821.0085789859 3689.2344062170
162398542.7741359770 2563.5215520967
162786063.2491935492 2942.0423261152
163452056.5736019015 3498.7517236126
163439207.5394910276 3482.2288850201
163654706.3989695609 3664.9751149758
170236569.2992205620 6944.7567826199
179082513.4044941962 9588.2029800415
163097744.8158298731 3243.8893714472
163446161.0641716123 3485.8796151531
170460604.4717409015 7017.8028279232
172700991.7141877711 7799.9067337728
179142613.5214621723 9597.2065782547
179512890.7438622415 9696.3715972900
183323423.1594613791 10054.6347274780
163536580.4077541530 3564.7670873407
163654482.1974304616 3605.9379328757
163442329.6236078441 3482.4938882244
163489833.6117389500 3555.5149709328
163329765.5260617137 3446.0629838360
183347426.8005708158 10055.5371246338
162777627.2807835937 2937.2004666674
167378987.4336747825 5662.3473389081
171130851.5592460036 7288.1280671891
183525920.6828767359 10058.7643585205
163299451.6078633666 3364.7190202996
170575750.5813619196 7067.7477570461
179658419.1960417628 9714.0100326538
182490843.5318333805 10048.9860687256
163209663.5426702201 3332.8549546620
179878567.3913949132 9766.3020362854
170256861.6421993971 6950.1285859036
182013002.8933644891 10044.3684005737
182576515.2134273648 10049.6272735596
172759917.2475437820 7836.4167058236
163154639.3490627408 3261.9733746018
163042541.3851947188 3218.5039455857
167035345.5195350647 5525.4288809232
170426315.9350133240 7014.5155487942
172742105.8275679648 7834.2820546395
178981148.8476499021 9551.0342206955
181665637.3952137232 10040.7533187866
181588982.1199949384 10039.6289138794
167052827.6898220181 5539.2927848448
174293392.9188710451 8280.5890956071
174644786.4240930974 8388.8371013012
181998796.6909951270 10043.4911880493
181742830.8761962056 10042.1008911133
174399913.0751964152 8315.2162161022
174223146.2000637949 8273.7928707805
174087579.9737432003 8209.5080097523
162508952.7711704075 2682.6969612704
170485048.8237089217 7042.7349434780
175283795.9371755123 8534.4367386698
178519486.1454052031 9411.5474098921
162706140.9394713342 2901.4566745224
175257080.6121634245 8488.5404030679
174968382.3116977811 8445.7664214073
175352844.0981429517 8551.4639756082
178920330.8392664790 9549.1630058289
162490965.1826231778 2673.0501668494
162689010.5703162253 2889.4708463178
170313506.8565761447 6954.7125016140
170528637.0753985345 7064.1726456570
174995521.0794043839 8485.2869927286
179042420.5617409050 9577.2373962402
162762885.4557521045 2902.1555393400
162702100.2229968309 2890.1234892073
179325750.4439636171 9654.3568496704
162589289.2254855931 2780.0107022748
162545250.5916961133 2697.2241200867
167292880.6141007245 5654.9851166091
174957363.9333374500 8426.8683604996
180354096.4329770505 9845.0774345398
182309374.1543657184 10048.3853988647
162440292.7486709356 2591.7927420620
163143726.6290666461 3245.2340277015
180407241.8153750300 9846.8491325378
180343309.9123532176 9844.8110771179
163004380.8086210787 3138.4637640296
167282439.5700152516 5639.1536667279
174213610.3115168214 8258.3132030879
180047726.1580508351 9790.0777282715
167482572.1119766831 5729.0066804991
167174863.4741074145 5619.0641777448
170778257.7733429074 7137.2297495663
181793474.6486095190 10042.4542999268
183664304.8714592457 10059.4915313721
184536489.5117511153 10064.2297134399
167054793.8051253855 5560.3318395417
167117504.0278938413 5592.8121871583
173283303.8305841684 7975.8317431696
173851306.1649096608 8157.3960487396
180224998.9182890058 9795.6613311768
166967595.4427722692 5510.0362330310
173475804.5742370188 8048.5623026192
166979157.1276030540 5515.7699738664
166921943.6526898146 5509.5985736481
173092738.4475439787 7925.2416547239
171281817.9604317844 7323.1345254716
166781589.6477899551 5397.9360042855
166817697.6912119985 5403.4161946036
166852260.2955616415 5449.5836369254
184541230.7002140582 10065.4413528442
172547610.3740321696 7759.0186760864
172575683.9855856597 7772.6633014977
180035094.9163089991 9780.6721496582
179727301.0003993809 9723.9007453918
183872779.2058516741 10060.0687561035
165139065.5498194098 4599.3320359422
165452636.8587376177 4811.9155937140
166599390.1098628640 5320.9133793570
166644624.9639998078 5331.8899304129
180237868.3707553744 9806.9303321838
183945121.3398440778 10060.2725677490
184321681.2109298408 10061.1267700195
182226680.2388764620 10046.4396591187
172110310.1371445954 7609.5231599427
172069166.1152836382 7563.1928823931
172052689.0370869339 7550.7458055062
184324004.0351766348 10061.2626190186
166674879.9474641085 5336.4706951834
171939007.8047349453 7549.1136405236
171797399.3648430705 7475.0804306997
173777631.2056562304 8102.4801203776
173825853.1770266593 8122.0329582273
164957060.6303356588 4476.1556097923
184371099.4456010163 10063.5776977539
164870242.2939824760 4379.7961069776
166557178.7817168236 5310.9359692079
184150509.2484234571 10060.9997406006
164991890.2366646826 4477.2539247705
164816917.0203737617 4356.2575733720
165124497.9324619770 4517.8108545972
165077596.8605282009 4512.6068301483
183066537.9811344147 10052.4501419067
183271523.9066089392 10053.7545394897
183456552.4690666795 10056.1255569458
164834263.4531278014 4365.6933801903
164912418.1256017387 4397.4082400037
171863170.5499844849 7497.2693545355
172387393.9956855178 7682.2455383475
165071653.0717129111 4500.0946497454
164991675.8602417111 4476.5107068254
171798685.8526644111 7482.2055880560
172245457.5041333437 7635.6828628714
171666721.7907540798 7443.5512225164
171609591.1078152359 7437.4663073553
171388423.8823103607 7353.5791537298
171602844.3626530170 7400.3864134310
171085399.8535904586 7244.0506056307
164738000.4129743874 4205.5198764522
170014558.6350472271 6745.3330496980
164654445.7735613585 4200.5866138656
164756531.0992197990 4289.1384848449
164713459.6150912344 4200.8408698756
170096650.8405887485 6771.0811043448
169525286.0382381976 6524.0948473215
178293057.4510095119 9263.0107688904
178354772.4777727723 9269.3847045898
178371813.5828613043 9277.6171760559
169645379.7046277821 6531.3841574192
169660525.0178587735 6568.4814035892
169654245.5007641613 6566.9039714932
164624145.6541356444 4009.8962882769
164510204.3635500371 3912.5489498905
178137717.9878098667 9130.4987256527
177578315.2018328905 8969.4155838490
177836023.1471385062 9037.1302907467
177929583.3439738750 9093.1027791500
178070271.3674752712 9123.7396752834
177974480.3445515037 9117.8301522732
169519080.7892573774 6477.7237537503
169645447.6084905267 6538.2330959439
169522852.4053450227 6482.5887188315
177637942.5290467441 8969.4547708035
169267881.8600998521 6376.7636632323
169088234.9261867702 6295.4315809011
169110426.4535872638 6307.1201505065
169262094.9904876649 6312.3358553052
169197772.0088708997 6308.8326392770
169197043.2133123577 6307.3936803341
168853092.5787612796 6197.9335362911
168983470.4749587178 6220.1232981682
168612194.0952997804 6106.0309884548
168755094.0134988129 6109.1207828192
168545415.0000889897 6052.8964847169
168521260.7975689471 6010.2320800279
168267570.2199801803 5943.4363406739
177541412.1579425931 8929.6464354992
164389751.8713648915 3817.8984959812
164591829.3252943754 3941.2752514046
168189618.2913844287 5853.6142886720
168236648.6891960204 5900.1531795106
168236542.5597258806 5860.3365481935
168113003.0480954051 5837.2557109437
177549104.6164956093 8961.0367181301
177436326.3287038505 8896.3799881935
177296926.9380731881 8894.1317276955
177255409.8163113892 8849.3924469948
164547239.7797616720 3914.6240133797
167864998.8614534140 5748.8637355409
177048192.2775525749 8761.4688911438
164458198.2037128210 3818.8160721592
164539974.7633445859 3914.5981031717
167946978.3570734859 5790.6930354676
176877844.2604085505 8670.1537499428
176761770.8660468757 8664.2442269325
176633478.6981821358 8593.4118580818
176897603.1910724342 8671.3978028297
176658337.4907305539 8630.1496701241
176652645.4061936438 8597.2442898750
