100425726.5482015908 43884.4432656607
103731918.1794390827 58496.6728134155
104058840.3475565165 59853.8597412109
105575831.1148024052 63974.3079223633
105433091.5333888084 63846.4357910156
106055409.9347428530 64403.6450805664
105874109.9645116329 64286.0256958008
106015594.2913638651 64365.4386596680
103938455.7342044860 59164.3242416382
104604512.3094594032 61812.2221984863
104663199.1004870981 61947.8525695801
106812444.6320289820 65041.0235595703
100320180.6429268420 43106.9682135545
100235086.4400453568 42856.3029858908
100137432.6219184399 42195.0386481248
100888986.4371792078 45870.1058608396
100874953.2872565091 45784.0936843259
104576973.1266230196 61551.6403045654
104836182.4977749288 62358.0468444824
104899042.9191487730 62570.9199981689
104856997.2669485062 62414.7682342529
104705945.3336596042 62151.0579528809
98962243.6605406404 28321.4026811756
100030373.5998958051 41299.3084790548
100083046.7248991430 41774.7373038633
103583878.9894198328 57855.2992610931
103689050.5479675382 58413.2641677856
103948340.1313733011 59450.5839691162
105489452.9226999432 63964.8344116211
105036286.4769484848 63085.4885406494
105601554.4950994998 64057.9427490234
100257164.9431632459 42882.8359961472
103628463.0928858370 58325.9003372192
103784068.7213485986 59016.3779830933
103900397.9479164034 59140.6701126099
104967555.9107716531 62820.6316680908
104776072.3575469106 62310.2439880371
100811963.9507666826 45682.1340517132
105152705.5791172981 63356.9379272461
103542133.1750614494 57347.8769683838
105223514.6288377494 63577.3918457031
99390770.6575477421 35229.5414569014
100812277.7879883051 45688.9599715574
103714152.4238478392 58441.5256729126
105436262.5246593803 63849.3112792969
106273512.9969085455 64589.3190307617
106930245.4656406939 65115.9084472656
99284241.0637699366 34055.7693744831
99402413.4125794172 35562.9642592304
105436566.5886261612 63850.4287109375
105981592.0277037919 64359.6398315430
100546303.8084053099 44382.7378675379
101824556.4642682374 50228.3061055653
103656406.5910042673 58399.9563827515
104401152.9603073150 60914.5773162842
105242686.6503258198 63582.5288085938
106607328.4872720093 64787.9465332031
99966937.5982083678 40352.3876111349
100963022.0703698546 46082.1044786506
100981088.1044200659 46476.2924147947
107253993.0695326626 65303.7575073242
100048609.6540556848 41443.5726156076
103533864.7266475409 57268.9677925110
103576418.5157085806 57496.8154144287
103957604.2889124304 59488.0351486206
105102849.6289426535 63209.7806701660
106060269.8540779650 64471.5803222656
103573131.8246749789 57388.6989440918
103455474.5649010688 57214.6674957275
103595348.1136526912 58189.1076660156
103773317.9272137135 58891.3322448730
105366324.0227481425 63844.0922241211
107076353.8483891487 65149.6333618164
99210937.9766199291 33384.6730501745
104067857.9374603480 59916.8620147705
104106728.7513067275 59955.6636123657
105473187.7042902261 63862.2248535156
107179401.7551617920 65227.6006469727
104001473.4685336202 59794.7560195923
99921695.7633564174 40230.8078992208
104021268.7714990526 59831.0379180908
104882355.9599700719 62551.6830291748
104993279.8930490762 63020.4004669189
99138954.6368764639 32848.8686451194
99290183.4355586171 34307.7480609053
99311084.2541354895 34662.4788710707
100686358.2634826005 45163.7485245643
106056156.4582425058 64450.4558715820
99241278.7680687606 33847.7579180830
100843208.6208448112 45701.9562484128
103645006.5024797767 58353.8139953613
99111871.5881274343 32130.6924290088
99976695.7327638268 41032.4438550314
100757263.6697802544 45294.6674329676
104172431.3229799569 60180.5943069458
105094996.0238548368 63113.5306091309
99211617.5256425738 33737.4643084639
104181607.8308453709 60366.1120147705
105284224.5624398142 63747.8421630859
105158170.5655281097 63426.6481323242
107105481.6985788792 65222.3463134766
107093426.5560853034 65188.2886352539
105263554.5547163039 63647.6794433594
100546610.7931124568 44409.2332409844
100761424.4567861855 45564.3628493650
105275387.1728640050 63730.5569458008
105851408.2163788527 64242.0765991211
99714655.1307311058 38506.3525382988
100712970.5406128466 45294.6297961576
99207726.2470955253 33074.5357703593
100519501.9615892768 44382.7002307279
103770767.3604964465 58579.2770233154
105885800.4211378098 64345.5680541992
99145439.7517289221 32932.3283848193
105753284.1796833724 64155.5898437500
99163275.3803282082 33018.5024302135
103816810.8440127522 59125.8364028931
105790436.9709131867 64187.6797485352
105806100.4552817196 64209.3580322266
105756977.3291997463 64159.6928710938
106768422.7715723217 64926.9289550781
106916218.5263975263 65047.5113525391
99002575.4122887254 29518.4675956201
99032771.0090057254 30274.6444782000
103986048.9087588340 59774.9816665649
106047783.6294900030 64374.2138061523
105666745.9433374554 64151.7789916992
105461997.1131483763 63858.0237426758
99775578.9986717701 38867.5325309746
104215695.0389160067 60579.7397613525
106611352.1726587862 64805.1296386719
100374159.3886873424 43594.0193110108
98980265.6275950074 29406.2039485880
98977408.3658469021 29350.6199575197
100574592.1603036225 44652.4332839353
100096409.4520479739 41987.1951697916
103768055.4004762918 58562.9984207153
100757368.6298086345 45410.8405104978
106367052.9889052510 64644.4011840820
99348755.9307750165 34864.3707998637
100548679.0699748099 44498.9109450681
100075875.7052876651 41669.0730716093
106791878.2869079858 64945.8493041992
104364010.6109666526 60830.0260162354
100198969.8816677332 42559.4669213891
103971145.0464234203 59656.1327438354
99712339.2970366776 38204.6073872261
101825872.2475918531 50249.7170268651
100114126.6722808480 42068.9705426535
99277299.1101835668 33955.2817466203
106348636.6510271728 64607.2822265625
99009956.2537597716 30147.2661333438
99017056.4348035455 30235.5791934878
104142841.0046400875 60014.7722625732
99098258.4375058413 31272.1058811098
100501236.4323281944 44229.3743487699
106794827.9713653326 64955.5524902344
101671979.8687602580 49513.1608372666
100002154.3658112288 41155.9758736826
99070143.1089690030 31151.5860956907
100086640.9466007352 41944.3734204611
100499426.6183076054 44028.6302755409
101672644.0725237429 49576.2050981037
104690945.4558492005 62026.9236755371
99246475.2214445174 33949.7395467702
99791739.4614566565 39004.7414763868
99668394.1203544438 38087.4299373142
101472641.0147736073 48624.2365578283
99111867.6023207903 32059.4383243471
100276952.3896766007 42974.3372775419
100231356.1919864416 42686.6668692930
99068253.5556207001 30410.9129256252
100316209.1993139982 43082.9435683591
101518747.6147162020 49074.4805453885
106624956.9301622957 64865.9802856445
100495063.6624100208 43976.0017651543
99185812.9676555991 33045.1397657637
104574542.9776538163 61502.1483154297
104539246.1034798175 61408.6593933105
101610712.4479796588 49350.5784927811
99094586.9404155314 31257.8023685366
100641003.4301578999 44777.4968518242
104442527.4650679231 61057.3994827271
104870746.3634100258 62442.0512084961
106951711.5314563662 65124.6894531250
100186753.9803330600 42340.4516643388
100262016.5854504704 42927.1047107084
101616668.5943225622 49420.5033141600
104310664.2852327228 60743.5446319580
101809506.9576387107 50228.0438491331
100475655.4463741779 43925.8846253259
101797920.3801488578 50225.3503617756
104448896.4363215864 61182.7497253418
106809736.0302662402 65035.9026489258
104670558.7173418999 61958.4949035645
101548384.8353310525 49179.6087883580
104442305.7902732193 60972.4906826019
104347723.0113155395 60784.7636871338
106663962.7571230084 64912.7554931641
99053726.4449891448 30349.6757381186
100483437.3850709498 43959.0227549532
101547422.2214205563 49158.7080238927
101376861.9754231870 48384.3837593663
104281855.5542778969 60669.6749420166
106970800.9859842211 65129.9989624023
104400190.7064021230 60880.0508575439
101447218.8032358587 48473.7540672887
101739969.4000310004 49883.6163089890
104459959.7838097513 61349.7311859131
101751205.1739321351 50070.6375893224
106475533.8594292104 64757.1969604492
104342702.8993750513 60757.9431915283
106545750.0907119811 64775.9946289062
99129012.8501217663 32149.6229284052
101505087.0496922433 48798.1539112758
99073634.7486622334 31154.0129337460
101699390.9248057008 49855.0111850519
106201621.7723832130 64532.2436523438
100177336.8981086314 42305.5810817583
100479609.7295952141 43926.0376476385
100471983.0325438678 43924.9368408052
100628250.5277770758 44769.6959656579
99200520.4262527525 33056.1754929367
101569431.5246621072 49312.0339058507
99068772.7454598844 31147.5087589175
99079997.4740859866 31210.1747749895
99074095.0420680940 31188.6245026737
101323332.5920622945 47811.4140867852
100282955.6414715648 43013.9550598962
99521585.3660720587 36527.0948433727
101502401.3339644372 48738.8658335358
101451777.4863485694 48580.4387855195
106199830.7580754757 64530.1054077148
106211343.9451131225 64553.5598144531
101282675.1631984115 47640.1705360077
106408345.5289003849 64647.3960571289
99542002.8568967581 36724.7919978611
101314997.9757924080 47677.0023762935
101398140.0389969051 48435.4942664765
101279785.2381992638 47459.2037391327
101180744.3168484867 47380.6562995575
99661759.1556812823 37598.6803297512
100170082.3498122692 42218.6947158678
101342228.4581570923 48059.9535596482
101155195.9980259240 47227.3304175995
101348379.5985353589 48139.2599830292
100172826.2954427004 42250.8496230943
99612521.9869334400 37423.4358412139
99622008.8407289386 37435.5157491677
101270044.4508346021 47448.7745246552
101249319.0260229409 47441.0334205292
99667092.7371395528 37822.1647941582
101116539.7218531072 46655.7664311640
101057854.7916724682 46529.1038550995
101101007.0707022548 46613.8613686077
101109882.9485185742 46647.1441123486
99613269.1623725593 37433.0646419041
99599375.0666794181 36930.5277454071
99606930.8819440901 37324.2611051910
99965300.8111020476 40349.2741184309
99510507.7102791071 36303.8814284950
99517411.8798355460 36412.3315397613
99895799.4659074545 39820.6526632560
99892213.8038471043 39648.3516989006
99962022.7420125306 40299.7433508812
99491536.7640784383 35798.7660351098
99958928.8977851868 40289.5253954185
99972962.1728712618 40446.9389791740
99881798.5629045665 39361.1443795934
103172223.9242831618 53031.4987103939
103186873.2755967528 53171.0551981926
102924961.5509268790 51977.1472849846
103064271.7632190734 52621.6015145779
103001519.7038973719 52275.2156291008
103045963.0390720218 52405.5690531731
103158633.1332953423 52942.6840662956
103328960.1553948075 53608.0707160588
103325038.3651385158 53557.4494700432
103429617.8069917709 53903.3381631374
103240062.0817951411 53486.7624125481
103340059.1593283564 53644.1513743401
103358013.9966202825 53744.3724205494
103154695.7655012161 52941.3383704778
102858496.8773988634 51790.7977903970
103105552.6604708880 52932.1207499504
103218778.0351032466 53329.3686501980
103065700.6185967177 52824.0931315422
102796774.6209175438 51249.3366961479
102840137.4975047857 51290.0792651176
102681762.0742546469 50667.3342700005
102889637.2699821740 51959.4931750298
102717166.1752789170 51020.7392077446
103031704.8033069223 52350.0483415127
102788484.7450124174 51184.1192812920
102877688.4160811752 51887.0127520561
102667097.7889868468 50486.6205096245
102646615.0681419820 50417.1270861626
102674685.6685550362 50579.8868365288
102763703.7963832468 51175.7307696342
