651388936.6934598684 10162485.1464843750
651233748.9045320749 10158361.7871093750
651009455.1232550144 10142402.1757812500
660108804.5315907001 10861333.9980468750
660163094.8851884604 10868971.6718750000
660358476.2052373886 10872320.6269531250
659780651.9855096340 10844398.7890625000
659725841.0805494785 10835194.6816406250
659823926.2564300299 10853360.1582031250
676176300.8662965298 11784538.2382812500
677701495.4186447859 11835501.7695312500
685101226.5968594551 12063224.5644531250
685146896.8084617853 12067068.3535156250
684991730.1067014933 12062534.0058593750
685433484.5650110245 12068497.5195312500
689375581.8731880188 12158742.4609375000
689143982.8260952234 12155685.4218750000
699404266.7016524076 12285535.7246093750
699447940.7440848351 12289495.8476562500
708464130.6637051105 12333684.4824218750
708825007.9043327570 12333985.9082031250
709093988.4977470636 12334092.9824218750
646403775.0068917274 9456664.3095703125
646243631.3337094784 9435396.0322265625
688990555.7056213617 12149614.2246093750
659547325.9709738493 10828589.8808593750
676871241.9175570011 11813173.6308593750
676931589.8683365583 11816393.1425781250
677162384.7418620586 11821111.9375000000
677058336.0538522005 11819814.3886718750
677430955.9966363907 11832202.4316406250
688338764.0576713085 12140358.3457031250
646471781.3325525522 9466442.5898437500
651018660.3108152151 10146344.9316406250
650927158.8389962912 10128964.0898437500
651630829.5296502113 10195272.6074218750
651674655.3615531921 10198077.9785156250
651937004.5786217451 10208213.1621093750
659482141.2301193476 10823611.0996093750
659524549.5601826906 10824396.6152343750
659457731.8135476112 10815843.6835937500
659630158.6516571045 10830271.0546875000
659360851.3877205849 10815523.3164062500
676511981.2445018291 11792522.9492187500
676330000.7366356850 11790172.5273437500
677162456.2943115234 11824935.4628906250
676657565.9121067524 11805828.9902343750
688279616.7923302650 12139299.5371093750
688028991.6976406574 12130033.9667968750
688051999.6495105028 12134444.5253906250
646683259.0123311281 9505283.6250000000
646612813.6421246529 9498632.3554687500
650803969.8967902660 10122726.1425781250
650987245.9036252499 10134509.0000000000
651510543.5275362730 10186834.0781250000
651447960.4489729404 10176127.4648437500
651857741.7989224195 10207898.1230468750
651746577.9283469915 10201122.7285156250
651466453.5893001556 10183471.9316406250
651255047.9723954201 10161634.9609375000
685476796.1184391975 12070456.2558593750
685415296.3151946068 12067669.7988281250
687838676.0738607645 12129962.8847656250
688098743.9634481668 12135111.2812500000
688257379.5005414486 12135357.3417968750
646536431.2794827223 9486428.4140625000
646845455.9288649559 9522800.9882812500
646859638.9359215498 9528265.3691406250
646774034.9744901657 9510621.4824218750
646782831.0794835091 9516191.4355468750
646904075.8767563105 9562634.2832031250
647172823.8854994774 9612740.2128906250
647252720.4303774834 9619700.3808593750
675866787.1020588875 11762866.4277343750
676081723.0734724998 11771126.0351562500
675947271.9993424416 11766759.4648437500
676154815.7270625830 11775074.3320312500
685646767.4655900002 12077068.6210937500
700083658.5538347960 12290653.9062500000
699772229.4173119068 12289579.5703125000
700476942.5636204481 12290845.9824218750
699957929.1905937195 12290500.8085937500
700374498.5413461924 12290747.2148437500
699909254.3720591068 12290006.1015625000
708149139.1788997650 12332377.0761718750
708208751.1103101969 12332642.7285156250
708357361.0647536516 12333113.0175781250
650691870.3724023104 10093612.1406250000
707728358.8879295588 12327664.8125000000
646991997.7970904112 9570609.7714843750
646996440.9160215855 9585541.3339843750
707544887.9924702644 12326524.3632812500
646952315.3986363411 9568493.7695312500
650548698.1461756229 10082758.1347656250
707440218.4495114088 12325528.8476562500
707127718.8747286797 12323323.0957031250
650620967.9317040443 10089596.7675781250
707018704.7054398060 12322163.1972656250
650523377.1572892666 10065953.3408203125
650185168.6780586243 10038985.4267578125
650370210.3861025572 10053522.3310546875
650467814.8486050367 10063998.3339843750
650219852.2408810854 10042987.1708984375
650071306.4566119909 10022009.1025390625
650022030.7341530323 9998603.6611328125
649950181.1531585455 9984904.8564453125
649683836.6740214825 9933558.9013671875
658832435.0708163977 10763592.2167968750
684984485.1806362867 12059026.1464843750
684766330.8407728672 12050577.6386718750
685103238.3473949432 12064084.8417968750
705896066.7402561903 12317908.8144531250
705785887.6742981672 12317649.6542968750
705617022.3272806406 12316238.6699218750
706142403.3696680069 12317944.2363281250
649670151.8991277218 9933084.1298828125
649484493.0660396814 9916899.9501953125
649508641.0685210228 9918453.8154296875
649492040.8076736927 9917844.0986328125
649429911.9941108227 9898038.0771484375
649642985.6598260403 9924894.0791015625
658803215.7289854288 10758441.3710937500
658924684.4654918909 10774097.6445312500
658768053.1529010534 10758173.5839843750
698453218.1174535751 12262444.4628906250
658726292.8058950901 10747527.4550781250
686444911.1306622028 12087140.0761718750
686473396.0891339779 12090495.3945312500
686497893.7108438015 12092281.2031250000
675253638.3824533224 11720784.2753906250
686117592.7296054363 12081420.7148437500
686355758.8821511269 12086606.4687500000
649029856.7051774263 9840178.7744140625
648954572.5649284124 9825266.0517578125
648993478.6946496964 9835374.2705078125
648893331.3334269524 9816840.0888671875
648943440.2718640566 9821249.8037109375
648969547.6584241390 9830172.9443359375
648866036.9682637453 9815968.7333984375
648687708.9491949081 9781694.6474609375
648752011.3051658869 9795290.8271484375
648699573.3043192625 9787657.2392578125
658534677.1556310654 10716659.0566406250
648560457.6790876389 9732433.7138671875
658337109.0785559416 10704189.6835937500
675799111.1356528997 11751514.2167968750
675600607.1089605093 11744670.2949218750
675261993.8168885708 11720967.8183593750
686258210.7898057699 12082105.0019531250
686014331.8073207140 12078835.3535156250
705208180.5696566105 12310662.0507812500
704918444.5209784508 12309580.5156250000
704944701.7386336327 12310170.5078125000
679742019.5455954075 11882169.8730468750
648134755.4295099974 9657632.4248046875
648097466.3243386745 9653980.5419921875
698489136.5691889524 12263352.6523437500
702712270.8818249702 12297058.4296875000
682668952.9234522581 11975789.1503906250
704306349.5306239128 12306457.1347656250
648085831.8767296076 9650479.1826171875
648039717.6756336689 9636778.1025390625
648024296.4272013903 9633847.3466796875
648356236.0392998457 9688838.9384765625
648468814.8596774340 9711601.7392578125
648283958.2558573484 9685278.0009765625
658561627.0168209076 10718431.8906250000
704078546.7236796618 12304681.9824218750
704274482.5645612478 12305487.2207031250
658635419.6083179712 10723565.8261718750
684335653.9313390255 12024715.7441406250
704304784.4901372194 12305817.2324218750
704552738.5318347216 12306715.9824218750
684074344.9696068764 12016801.9296875000
683623221.4316043854 12001450.4335937500
683792651.4040950537 12010492.4433593750
683712487.2384442091 12007142.8417968750
683586338.2772877216 12000716.1718750000
682932963.1480957270 11985846.1289062500
682761350.0043241978 11976668.9062500000
683051639.1744750738 11986703.1523437500
682786004.5677270889 11981430.7500000000
698281420.8750176430 12260807.5117187500
658306632.0151922703 10691899.7851562500
680726667.7489223480 11909933.8710937500
680973266.9338704348 11917639.2480468750
680657735.0523599386 11904675.9199218750
680478582.0980055332 11899843.4042968750
680596648.5383733511 11901044.0410156250
680783084.0833662748 11912645.2792968750
696589724.5020009279 12234006.9492187500
696181959.0162644386 12219537.8007812500
697671649.4311939478 12249365.0390625000
697729238.8325130939 12251701.8457031250
697429020.2390315533 12244296.2226562500
697183239.1099250317 12243157.6054687500
697583179.4033007622 12249132.5937500000
680674853.2642887831 11908458.6718750000
680691167.8419245481 11909100.0820312500
696930988.3846639395 12238900.2597656250
697359759.8169646263 12243316.6152343750
697536406.3901351690 12248873.4960937500
697440711.2451484203 12247057.1738281250
678566274.0946758986 11838311.4570312500
678571067.7189851999 11839596.2167968750
695468135.3929518461 12204004.8144531250
696007738.1121571064 12211045.8554687500
695686984.0165573359 12209698.2343750000
695741923.3777012825 12210289.3046875000
657687930.5434297323 10618716.5312500000
657421586.4598658085 10589181.7734375000
657395331.8758573532 10583947.8554687500
657219944.6398249865 10577970.0097656250
657218293.5281637907 10572837.1562500000
657107440.6872390509 10563784.8203125000
663333147.0866067410 10958619.5273437500
663852489.5725381374 10975943.0898437500
663929078.5361262560 10981376.3554687500
654547319.7405276299 10252036.2089843750
654192631.2411233187 10231990.7988281250
654603651.1005519629 10267532.6816406250
654950095.2282098532 10298382.6894531250
654900061.5519676208 10296098.4550781250
656909886.2309315205 10544310.4726562500
656947595.8688032627 10548867.0703125000
654993601.8417922258 10308341.0390625000
656897189.7118512392 10539194.5117187500
655325184.2225629091 10328848.8378906250
656481331.3646842241 10470497.5566406250
663616975.0204627514 10972060.2656250000
663993938.3491468430 10981653.6113281250
695381810.8577769995 12187767.4140625000
656792196.1114774942 10492012.1191406250
656164082.3090662956 10437993.7968750000
656797587.4449914694 10494443.8281250000
656819018.7013206482 10495467.9218750000
656640283.1063604355 10480915.3203125000
656724992.7563265562 10489516.6132812500
655740983.7658081055 10379169.2285156250
655698554.4848421812 10364063.0019531250
655658361.9102675915 10358385.8496093750
655805512.4830561876 10387925.4570312500
655829465.3252872229 10393861.0957031250
656047286.0048218966 10407776.0332031250
656114346.0979124308 10423434.5761718750
656052433.1958664656 10408598.6250000000
663156368.5063236952 10943094.7597656250
694379265.3780983686 12159752.7695312500
663085077.1010745764 10940139.7441406250
662564888.2553817034 10901351.0957031250
662623522.9226273298 10906544.8007812500
662447412.7438699007 10888001.8652343750
662455960.1836353540 10891668.1464843750
662379322.0062559843 10876980.6562500000
675190540.3368144035 11578003.3007812500
674854167.0845170021 11539485.0175781250
674510546.4040932655 11520477.2363281250
674570282.3950121403 11525021.2851562500
674631913.0302236080 11531028.2187500000
674946527.2353465557 11546150.2363281250
675021708.8698418140 11546700.3242187500
674357774.9638061523 11499268.2011718750
674251497.0611550808 11490442.1972656250
673058002.1680716276 11409312.4433593750
673481385.5555214882 11432732.8906250000
673321081.7585424185 11421719.5996093750
673096545.8234175444 11411568.4355468750
673467084.7351045609 11423851.1347656250
673241721.3119124174 11416593.9042968750
673050042.3649498224 11409198.2929687500
672310128.8415694237 11360059.4062500000
672230890.7609937191 11353589.1660156250
671909509.3240187168 11321982.7324218750
671716286.6088516712 11318115.5527343750
666781479.9559792280 10983059.1308593750
666947544.9672495127 10996210.4960937500
667525273.5578576326 11026914.8183593750
671648326.7587332726 11314694.8808593750
671086626.7639824152 11283991.8027343750
667353893.8730834723 11019544.6757812500
667565511.6641436815 11039478.9511718750
667433435.6036787033 11024697.0898437500
667523236.8066753149 11025846.9082031250
670805260.2643560171 11274351.0292968750
670618427.8811682463 11263913.9472656250
670572019.5537397861 11260854.3671875000
670498640.0421782732 11255917.2890625000
668167221.6539044380 11072183.3007812500
668611911.7431840897 11106754.0781250000
670477069.3404741287 11234646.2910156250
670402071.7997428179 11228071.9707031250
670330044.1888535023 11227718.1269531250
669833570.1283640862 11171651.7089843750
669507729.1201337576 11143937.8769531250
669592495.8079808950 11148303.0800781250
669657881.6970208883 11148849.4765625000
669550406.3351382017 11147203.9238281250
669407214.3753453493 11137352.2617187500
669728203.0462061167 11154920.9257812500
669689303.9232829809 11148894.7226562500
