239791490.0201048553 6406.8940067357
241609318.2014503479 7131.9900230172
251054583.5643074214 10927.4031823734
251079039.1982297003 10949.8411745736
250787797.0198531449 10874.5312794307
250919414.4107964933 10877.1441497421
257867882.0345543027 12915.5127072334
258308732.4317455590 13020.7241077423
260775218.1305682957 13349.9063339233
260726314.1572288573 13340.7321090698
260718576.7090303898 13336.3599166870
260776044.8637065589 13373.1957244873
262613871.1441719830 13457.1079406738
263052443.4922684133 13462.2231903076
262584722.1652978957 13441.8031311035
262477593.6491625011 13435.5645294189
239362843.0066373646 6019.3256163695
262162918.2271983325 13418.2982177734
262250924.6803230941 13432.3860092163
239600991.6179845035 6222.2047566192
239378973.0590060055 6112.7429237096
239488360.1416380107 6147.5993751614
239622784.2373065650 6229.3270813502
239757942.1162733138 6342.7802245990
240103365.9407710433 6510.5606766707
239875812.0395700634 6413.3778939313
239788951.6714965403 6405.7381305760
241314396.4524347186 7054.8892325764
251076863.5245881379 10928.7047759956
250494865.3373517096 10765.5874473909
250938388.4202741683 10911.0332211116
258064544.8892504275 12981.2671399117
258710760.4366865456 13116.7838249207
258291160.6688461602 13019.3481006622
261359873.3219915330 13378.1403808594
261874658.3668384254 13404.6579818726
266463466.2419393063 13552.7802352905
266527801.5205755532 13554.3495864868
238787334.3467819393 5126.6476141930
239744117.9698183835 6341.8202730930
239965101.4704920352 6441.6407055152
241265362.1646695435 7028.6377831516
251306909.5365053713 10998.6642471079
250646096.0762208998 10797.2495768284
259372159.5710222423 13217.5753593445
272315893.8738282323 13566.5892333984
239635159.1654447615 6237.7861871054
239369043.4851507843 6059.0160255163
239933861.5340078771 6430.1026101178
239403787.9802168906 6133.0607185094
239638410.4871481955 6320.6424660748
241558406.8683323562 7068.8987216256
250710293.4930026829 10816.4531735042
250718643.2765350044 10830.5402439693
261668732.9635446370 13393.3106994629
266851574.4018601179 13561.7724227905
266532696.1836003959 13559.0070419312
238869665.6247778237 5279.1781603031
238799373.4645656943 5136.7653114818
238813988.0059396327 5138.8332041007
239124096.9078350961 5438.6531103354
238817774.1932366192 5216.9809663993
238859276.8273824155 5263.0116539996
241730091.9781938791 7173.6774220584
241653271.4285938144 7161.0973725734
238874106.0623421967 5323.3825300437
239208784.3728179932 5531.3073241541
239202357.0627416372 5525.1038923139
239487007.4724423587 6139.1154058413
239892928.2967919409 6421.4837659514
240304915.4843162298 6542.8085869444
241266088.7788806558 7049.7954827366
251202296.6839275658 10971.9243752221
250735240.2303558290 10841.4193595508
251106066.0671192706 10952.5113782072
251015313.8420689404 10914.7389083628
250566474.3206172287 10781.5532738129
250906174.6852716506 10874.8716559976
261573497.3018427789 13379.4611663818
266404041.9356825352 13547.4139938354
239041543.6252022982 5429.0924418200
251118097.5973488986 10969.6248892406
239031560.5952947140 5421.8474917288
239742424.3887016475 6325.2130124728
239509342.9983210266 6211.1823220319
240575381.8694484234 6640.2016836149
240154180.8977342844 6535.8612300051
240380187.9583428502 6574.0996981753
240092740.7930991650 6470.2354460476
241149208.6111568213 6949.6181886164
251233401.6838851273 10972.8716037599
250777919.9901954830 10873.2547482112
258545586.6614840329 13077.8385868073
258652940.8242747486 13091.3666477203
259786136.0246263444 13243.9374580383
266294119.5462838113 13545.3469619751
240597183.1580858231 6645.5427749646
240383343.2488296628 6640.0257807864
240364100.2173367143 6544.1034241808
240132588.2563189268 6530.5656367434
241438317.1686996818 7063.4458948034
240871865.5899243951 6831.1672322113
241187275.0025874972 6951.9885085221
250390099.0100738108 10700.5269455152
258222449.5909981430 12999.7606105804
258792420.3076252043 13139.0788536072
239103248.6997595429 5433.0994646052
239304944.2581776679 5695.4695779455
241202932.9026109576 6959.7426692392
241222923.2036412358 7022.2194657438
250382923.5927230418 10665.9940492996
250238316.9778860509 10620.0911514199
250021547.6363304555 10541.4830083890
258405856.3529378474 13020.9747409821
240961412.5193556547 6851.9197713691
241020845.2973347902 6939.5639554817
240910592.5355143547 6835.0915344344
258921124.2044717968 13156.9783287048
258965386.6148725450 13167.0331916809
240933165.9108057022 6835.3735707389
249862400.2779795825 10483.4760587344
258405932.1148696244 13067.7217273712
258740219.0027580559 13122.2056465149
267443931.5343078375 13562.4745178223
239223570.4479217231 5593.7435368995
250188799.8832759559 10601.6390788598
258603172.2956296504 13089.2452545166
258868852.9096218050 13154.7712821960
240838479.4216095805 6830.5248044120
249662062.6175905168 10402.8001558824
250122876.6699512303 10591.0426280541
249956515.5186805427 10514.6686596829
258992502.6671144664 13171.5791511536
259186963.5463359058 13192.8691444397
260419816.6219711602 13318.0818481445
260705440.2997290194 13334.8528976440
260767250.6962974966 13342.4564590454
261620315.6073270738 13382.0072097778
266132303.5184732974 13533.0088119507
249570941.8048053682 10361.5674741311
265877660.0761537254 13529.4019012451
239180039.9596710503 5512.6192686061
240770285.3234056830 6743.6026833640
249716473.9493710101 10416.1062343163
249873480.3394024074 10490.4961726708
259512451.8454428613 13223.2694206238
258938298.2911559045 13164.1107215881
240668747.2672813833 6726.6722722023
249527492.4145042598 10309.8690215094
259076602.9962610900 13185.5360221863
259580913.5881123245 13229.2068328857
239267981.1618873775 5620.2503804664
240635427.1667702794 6719.6581170892
260663994.8038441837 13330.3536148071
266275065.0780050457 13541.5677108765
259787763.5498696864 13258.5193939209
259139192.9337442815 13190.4312400818
259481419.4823266566 13218.2324333191
259290887.6003938615 13212.0166740417
259484634.7278454602 13221.5860176086
249813910.3554138243 10435.4058214171
259221828.5752322972 13204.0803413391
265695696.6650156677 13520.9773864746
266160030.9668143094 13535.9903869629
272279575.1442221403 13566.4187316895
242252733.2741431892 7269.5918892893
242342944.4840148985 7275.9817748620
260403443.1111989915 13312.6129379272
265336993.8786366880 13503.9232864380
272058730.0850079060 13564.9115524292
242114972.3624691367 7220.7078959021
249425447.5712315142 10293.2347672923
260514552.9231277704 13322.5187072754
249622503.6982876956 10373.8894186957
260392647.7166157067 13300.3666687012
260477292.6864810288 13321.3450775146
260631368.8238440454 13326.0633239746
260429439.0887742937 13318.2972946167
265819666.9457799494 13524.4010162354
249336793.0826642811 10251.4486342264
260273715.7407138050 13298.7663192749
260114923.3532977998 13283.0855255127
260063762.2489672005 13266.3220443726
265634071.2275792956 13517.1725730896
265706206.1503489912 13521.1512832642
260074176.9015957415 13272.2350921631
259735109.3513734639 13243.0480766296
259633532.7386590838 13237.2560310364
266034610.3056330085 13531.3505249023
249419843.8290258944 10263.0565990523
248538396.8626374602 9889.0368256979
249330420.2965427339 10201.5829162318
248622886.1864494085 9903.0526414327
248454938.6720360518 9874.7410111837
249304793.6734437346 10175.3765487392
248587358.5250050426 9890.6387488171
249265373.9757994413 10160.3309631068
249254971.7068979144 10102.8956584651
249215631.5677556396 10101.9147796351
249101619.9400519729 10082.1210121319
248550057.6950875521 9889.4836671129
249214585.6068226695 10083.5723637026
248971161.8690043688 10001.3832604047
248752499.6914873123 9975.1720711347
249194619.7833634019 10083.2734510209
248394285.9734209776 9795.3338639736
248278391.6655834317 9790.7474281788
248736849.5720977187 9959.2080017831
249022416.1347417235 10068.6681458261
248402786.3870235682 9832.4399654865
248707153.5337024331 9950.6774799973
248667343.6178687215 9925.4987983108
248277396.3035638928 9775.3934376240
265187961.2852808535 13462.4643745422
248093888.7701427341 9667.4078466222
248415530.3251243234 9848.3223888874
248209955.1213759780 9703.8969642070
248245164.5048295259 9742.9624549296
244272448.9477394819 7299.1463169829
243902155.5237242579 7294.3548062873
243905996.8020076156 7297.5009379220
244290451.6540894508 7301.8341597599
244252679.2940971255 7298.4521230739
243842241.7563830018 7290.4577841776
244866978.3332370222 7579.2021001768
244767580.7568215430 7498.5971527737
244678184.7951971889 7475.4681467008
244455170.0580902100 7469.7126557813
247894269.0179316401 9219.5347617194
247951768.5272336006 9221.8940427527
248044400.8479782343 9299.4573972449
245133736.5038364530 7674.3492234574
247864956.8616353273 8984.9920448583
244894650.0986069143 7585.9579093979
245560021.6834925413 7763.1131910981
245534978.2270810604 7761.0569921316
247758136.1290627718 8946.6249885017
247654290.4396929145 8843.7046797627
247583511.8613202572 8842.7092567447
247747641.5708351135 8936.2576525563
245104586.0280582905 7662.3826626913
245240936.3696821928 7752.1813475901
245012173.1901785731 7652.9689624832
245144665.3677140772 7684.3709370868
244781647.4403738976 7515.6108749436
247417201.0217960179 8692.9267378213
247568790.9870226681 8798.1231795268
247500588.5533249080 8695.4683694901
247401915.3088614643 8689.8035223843
244819282.5995795131 7547.2947304213
245004343.5555433035 7619.3248584455
245103013.3965753913 7653.9582781495
244949837.7936224937 7618.5928208308
244825469.2650009394 7559.3121803330
244711800.1972993910 7478.6747953321
247378563.4772872627 8677.8287570836
246941815.0084949732 8442.2278903103
247219340.8413416743 8557.5370896435
246997146.7056854963 8498.9620097256
247559325.7657592297 8707.9776453674
247492021.7261806428 8694.0540683629
247309680.4111967683 8611.3464262704
247342647.7090362310 8618.3049643258
247223362.0394145250 8599.4684164743
247157140.4443879724 8522.6734653394
247349229.9514304399 8636.0082304696
247089334.7132517695 8504.9466597418
246908220.3954913616 8245.3544731182
246265823.8067932725 7921.2906001626
246902605.1647611260 8240.7284393352
246829988.1439946294 8200.3182614644
246672784.1212368011 8094.5330365498
246672142.4353274107 8080.9305207927
246189898.4831640124 7813.6632236062
246228025.1974740028 7841.7545442841
246495255.9611124396 7988.8938067971
246630648.9504495263 8049.6649987896
246584905.0886270404 8010.3146518288
246589100.9160526991 8032.1082986413
246455277.0354781747 7958.0524676044
246521756.6395217776 8007.1831515847
246393236.3610854149 7928.5509303628
