537382669.3862097263 3702434.5556640625
456767298.8851006627 1563055.5289611816
464258487.4659907222 2061576.1060791016
464365080.4118361473 2069695.3009033203
473280098.1570965052 2497587.1765747070
492526234.8043727279 3146384.5294189453
503957417.9482473731 3405935.6113281250
456981045.1976528764 1568394.9497680664
468066402.6710904241 2272679.4071350098
509600300.3817546368 3498568.0307617188
490768968.4114602208 3092493.9710693359
495389630.9139977098 3215119.9421386719
509514699.0325603485 3497617.5825195312
472532330.2828234434 2471969.2541198730
490441010.8566828370 3078416.2164306641
467768880.6102046371 2257903.6053771973
492627448.1211088300 3152755.5782470703
516059612.3322592378 3588997.4912109375
493127712.7551447749 3163340.0926513672
456653250.0285915732 1555709.3722839355
464296485.0475927591 2066360.0733642578
490432371.0263615847 3076945.4654541016
492605992.6429005265 3152004.4073486328
493772785.6797782779 3181204.2028808594
504597503.3268895149 3415154.9912109375
505042545.1821804047 3425582.9638671875
509647954.2640997767 3501272.0532226562
537696935.2827152014 3703690.3681640625
454007849.3594226837 1290001.6431579590
490211199.5596421361 3075923.4481201172
530642487.1843387485 3692080.1083984375
537570702.6779700518 3703423.0107421875
495396396.1896843314 3219750.4865722656
468210431.8816062808 2277052.8689575195
490473742.3248512149 3082013.1051025391
490318742.4944465756 3076031.0396728516
495001455.7890124917 3211315.3249511719
453957560.5380777121 1283575.8449401855
453853540.0807262659 1275090.3376159668
454289057.5275358558 1314044.8838653564
464418047.3738986850 2071448.8195495605
490742139.7532363534 3089770.0933837891
492893569.5565322042 3157722.7071533203
473186078.8243297338 2496974.6931762695
490629513.8568940759 3088712.4888916016
492225117.2548891902 3136759.8961181641
493429757.8855970502 3172731.7473144531
472284739.8958169222 2461512.1278686523
490528666.8525832295 3087798.4361572266
457190075.8827605844 1602457.8821411133
490762008.6251103282 3090419.3638916016
457708010.4028402567 1639050.8711547852
464055273.7818163037 2054571.5375366211
464324423.2681386471 2066593.8731689453
493055595.2742503285 3162274.0368652344
529840839.1544193625 3690207.4814453125
453653956.3628457785 1216837.5913696289
454260777.5291081071 1307550.6605987549
503905207.6682405472 3404163.5722656250
503894614.0098155141 3404108.9558105469
468424346.0032806993 2282447.3700561523
504333037.1608585715 3412942.3564453125
503656603.9422799945 3399444.6435546875
526983645.4266243577 3677649.2587890625
504046467.2879719138 3408404.3867187500
464300396.3646351695 2066469.8397216797
463879542.9501988292 2043567.9177856445
464150329.5503217578 2060846.4620361328
490561915.8561486602 3088195.3297119141
490510129.4145383239 3086062.8197021484
472714141.7682797909 2478294.9782104492
504241938.7516309619 3411186.3593750000
520159450.4075501561 3626898.5976562500
454094574.0324730277 1296090.2453155518
503807308.7551462650 3402408.2714843750
472856458.7753465176 2481760.7968139648
472633037.0451965332 2475528.3944702148
476675822.2392274737 2603440.4032592773
510013370.8702774644 3507646.1049804688
510364564.4209178090 3510605.5288085938
538583909.9103101492 3703891.7539062500
494049682.5400503278 3187467.2976074219
494352364.6581249833 3194372.0856933594
471987599.4907537699 2447349.8083496094
505297888.7298542857 3429325.0605468750
509962537.5760172606 3505871.1040039062
453667619.7407730222 1225771.4272613525
453778914.1747411489 1254240.9674682617
503864792.1989470124 3403459.6308593750
457230083.8605707288 1607782.4081420898
457045651.0114878416 1589128.2123413086
457081023.9205522537 1594998.0398559570
458761403.7791864276 1690709.4863433838
492365758.2431648374 3144274.9508056641
458623681.1419642568 1690556.1626129150
458571024.0935471654 1687336.9586639404
458270949.7383554578 1665036.9491424561
458589203.4790692925 1687792.3978118896
458482549.7293785214 1685413.7149505615
458769607.2940544486 1691098.6529998779
477162663.4721007943 2620050.3468017578
477225599.1968336701 2620444.0626831055
519655428.3960348964 3624095.9130859375
530358573.9252399802 3691423.1132812500
493775604.8071537614 3181324.8217773438
509246143.2902923822 3494471.4921875000
471813120.3191057444 2432855.0000000000
519558280.9116334915 3623864.4111328125
492999659.0322690606 3161501.1843261719
518849532.3651062846 3618481.2031250000
519798943.1618956923 3625186.6240234375
526750692.1631399393 3676130.9550781250
510424390.1687980890 3512528.6035156250
517252165.7795103788 3602390.7939453125
463530542.5972641706 2018217.3969726562
526717439.0372231603 3675165.0263671875
493324909.0523107648 3169132.1240234375
509031506.0808252096 3490994.9365234375
492545975.9581927657 3147344.3957519531
493070924.7030200362 3162439.6816406250
456703766.0846213698 1555773.5221862793
493286353.9094849229 3169020.0146484375
508760866.3280196190 3487810.2827148438
517664151.8600956202 3608667.1406250000
520086186.4355202913 3626205.8486328125
474883603.6568492055 2544367.2964477539
474835513.1580966115 2542483.6372680664
453670540.0070759654 1226635.9067993164
475223639.8238355517 2556658.1423339844
517543441.2695124745 3607521.3457031250
475089988.4165756106 2554756.9966430664
475151288.0867735744 2555391.7199707031
536035969.1128367186 3698520.2773437500
536245656.2912781239 3699707.5312500000
474994362.5254128575 2550194.8452758789
496152306.4652346969 3225154.4531250000
471728431.7031443715 2431859.6640930176
502548619.8280639052 3370022.4663085938
502618623.7237443328 3370533.4711914062
516420125.1788457036 3593979.4404296875
496240533.0224739909 3227839.1430664062
474889086.8127738833 2546796.8240356445
474969252.3274107575 2547896.5785827637
530030930.1521530151 3690645.7802734375
467521397.9857935309 2239414.2316894531
471688187.3112794757 2428506.4521789551
496669105.1571175456 3235566.9746093750
496331892.9205003381 3230005.8195800781
496398293.4842401147 3234567.0585937500
520125529.6399291754 3626242.1162109375
496350487.7361393571 3233511.4953613281
520152254.0714092255 3626508.2392578125
458150886.9333373904 1662367.8704681396
525998692.2350876331 3663870.4536132812
529630582.8329731822 3689376.3828125000
463840311.2681290507 2039033.8671875000
519397303.9956325293 3622937.3623046875
526267001.9891418815 3670554.6640625000
463726839.2917476892 2031935.9331054688
537425609.8391573429 3702769.4687500000
526463633.6790267229 3673330.6972656250
536983496.8257558346 3702183.2812500000
502643163.4893605113 3373637.3920898438
517017151.1475804448 3599513.1093750000
458127502.7054422498 1656682.6212005615
458083078.4077042937 1654566.8833465576
519033841.9370248318 3619393.1279296875
457977894.2669055462 1648953.7198333740
463478444.6243628860 2010636.7397460938
508144113.5691651106 3473832.8598632812
515767071.2790206075 3583816.1240234375
471408160.2688050866 2412529.2232971191
515374380.9860265851 3577669.0625000000
515985577.7963189483 3587328.9785156250
508504722.9911160469 3479303.0024414062
471288905.8667716384 2407674.0895080566
454813049.2909581065 1334214.8474578857
467459887.0933819413 2228719.9291687012
471026862.1310861707 2393852.4347229004
470839197.1990068555 2383868.0372619629
470438979.7179491520 2367254.6308898926
470305548.3381650448 2356422.8874511719
528668380.0281886458 3684710.0468750000
470139483.1837097406 2351152.7373962402
469584613.1429671049 2329915.9117431641
469730354.0601427555 2335599.2584228516
469486910.9127846956 2320658.4695434570
528717626.4555596709 3684786.2080078125
456324422.7079804540 1510312.9866333008
528592193.6904465556 3684267.0595703125
469023961.1414116621 2301292.7106323242
526197486.0559890270 3668041.7031250000
508319219.6164610386 3476991.9916992188
469271218.6020476222 2310555.7345581055
456291036.7432951331 1505538.7524566650
532832360.9159733057 3692362.6396484375
456227136.6304983497 1499834.5169067383
454957406.6239401698 1345522.3485870361
455084664.7034413218 1356379.9228057861
496688492.1679461598 3238124.6228027344
469870687.1055230498 2339601.0920410156
503234945.1244942546 3387324.7646484375
507785692.3951190710 3464930.0258789062
497318087.6625062823 3246976.0522460938
463009342.9848105311 1978777.5440063477
463213922.0688018203 1991949.8888244629
455910202.5770923495 1453633.0421295166
456029905.5828056931 1471422.0140991211
455361801.3605877757 1385131.4587707520
456085304.9032487273 1473127.8549194336
455987423.0557377934 1463011.5558471680
467250763.8162075281 2199042.2684020996
455384218.8900595307 1387644.8743743896
455784055.9257455468 1439393.0123901367
455470405.4745791554 1400400.2862243652
466530793.0503836870 2161231.5246582031
455614320.7524641156 1424254.0143432617
497217128.8161317706 3243805.0002441406
497300213.8313552737 3245303.8481445312
466196422.8269584179 2142541.0745544434
508063499.2734774351 3471544.2182617188
462442070.3445594311 1928997.3889465332
462520092.2120468020 1934246.9761047363
467353301.8231977820 2203481.6842956543
455314963.6708448529 1384285.3508300781
462588912.8887225389 1938953.3347473145
455227928.7752630711 1371195.1706542969
467123001.5628061295 2191351.0697937012
467022698.8619071245 2180660.7450866699
523162322.7868778110 3643706.3447265625
522336575.0105797648 3635054.9199218750
466579951.9705268145 2162945.9080505371
462645927.2160587907 1942404.1391906738
522894205.2106579542 3641117.6064453125
462309010.1815143228 1919137.2066040039
462370879.6761249900 1923226.0689086914
535618307.8643273115 3694446.5615234375
522647100.4156391025 3638033.2939453125
523023985.8018338084 3642587.7656250000
507499175.0333122015 3457736.2231445312
523997055.9617795348 3646490.6230468750
481339459.7498429418 2717479.0981445312
524227778.7363159060 3648024.7880859375
466187932.4300261140 2127512.7591857910
506441273.6901723146 3434837.6381835938
465890594.2981465459 2113113.5404357910
465810446.0576434731 2107824.5656433105
465390043.6570321918 2083926.6043395996
465565180.5439725518 2095715.0107116699
506453116.2942577004 3435187.3618164062
465890504.9309251308 2108722.8068542480
481029430.2885766029 2700035.4886474609
480756753.8357605934 2686728.8333740234
481067279.4593276978 2702079.4139404297
480996192.1037201881 2691763.8748779297
480733638.6881815195 2684368.2979125977
480666505.0147170424 2683366.7229614258
535613948.3021794558 3692955.0429687500
501680660.1403048038 3337380.3195800781
480933707.8678897619 2691647.0131225586
501547365.1323832273 3333218.7165527344
501499783.6560810804 3328601.5502929688
535226748.0595012903 3692505.2275390625
486577540.0072743297 2875285.1035156250
486925077.0051484108 2886251.2666015625
486722542.2560675144 2879835.7915039062
486383084.4917769432 2865996.9526367188
498414233.8263126612 3254219.1682128906
461524048.0115919113 1821929.8629760742
461595843.1883113980 1840404.5304565430
486421928.4352994561 2870527.7973632812
486444109.5234356523 2872133.0981445312
485991995.3779723048 2852184.6735839844
486214425.6836057305 2856490.7369384766
461778355.2110214233 1852826.6190490723
461789914.2578798532 1854573.0972595215
498935523.2059898376 3255049.3857421875
461634431.5486037731 1841440.6707458496
499102347.9557046890 3261064.6848144531
499854614.6964082718 3277120.3288574219
485666009.9856273532 2839046.9394531250
485784826.0669620633 2843319.5771484375
500556089.3101278543 3296086.8420410156
500945436.4547848105 3306103.6816406250
500330942.4600321651 3289820.0212402344
460628858.6648456454 1727430.3840942383
500699750.8590351939 3297853.5134277344
461389327.9089069366 1770499.9377441406
460886515.5977567434 1745263.6567382812
461204307.8977472186 1760719.3500976562
460905648.8640424013 1745856.1320800781
461104611.3575376868 1756560.7818603516
483676491.0257239938 2763817.3405761719
479868204.2774738073 2620548.9905395508
484268407.1100842357 2781099.4887695312
484513844.9192165732 2787914.0520019531
484647604.5752407312 2791545.1647949219
484721651.3841488957 2792525.7968750000
484529230.3352010846 2789486.3679199219
483841040.2532208562 2767148.4494628906
