199897993.4390460849 403225.0451660156
178276167.7756661475 116922.7816398412
179008574.0644848347 139798.8464179486
190014954.5937996209 324589.6287574768
194785142.5816728771 374552.9319458008
195807055.0202939212 382040.0358276367
195795037.3302289546 381775.0695190430
199693409.7465028763 402347.2463378906
190554367.7268448174 331164.4445610046
179333683.1951466203 146768.0694663599
179957596.4655939937 162219.9350687861
182247444.7595114410 208424.6109142276
187860986.6211634874 297187.9828799218
188703472.1352577806 308393.7139426693
188905485.9300858974 308744.6642616391
188302963.2641228437 304622.9273988008
196185978.5121506155 382891.6691894531
197307448.4200605750 395062.7513427734
198134853.4806084037 398337.8247070312
190013285.4556705654 323661.4391561886
195791096.8443106711 381249.6312866211
190234028.6923309267 327685.2226034543
197284304.9540716112 394844.2944335938
200601106.3585232794 404721.3159179688
204190857.6124836206 405908.3627929688
181789774.9777836502 199364.2165960828
181607828.9920934439 196293.7887519868
183399677.6347753704 228560.0245810399
188273607.6746203899 304036.2594300508
190804404.4380861223 333331.1876966357
197168572.4044521153 393855.3562622070
204563094.2874789834 405943.9108886719
179070442.2206253707 139980.0492988080
182707322.6622116864 217589.7003434819
194684348.2607941926 372149.0764770508
183715156.4863053858 232617.4894247899
195419159.5410521328 380843.3704223633
203609864.8761354089 405359.1550292969
180252269.3824780881 166858.3505523680
183923564.9708108902 232779.2940436254
187145163.0240004659 287479.6251529157
191208239.1083644331 335732.9253675342
190855006.8342560828 333753.1598914340
199922855.5765082240 403499.6318359375
197610115.4957487583 397271.8239746094
200241971.5028364360 404407.6320800781
178987579.7679661214 139784.5142722577
194691996.4446829855 373803.9172363281
179372422.0377531648 149489.7688071802
187311912.4086385965 289290.5787030458
197596092.9506903291 396509.9853515625
200038715.1266696751 404048.2416992188
179040477.6746088564 139863.1735382527
182917877.4607384205 221712.0113786382
188617794.2363874316 307671.5710375980
195257631.6999301612 379013.7246093750
200266372.4938272238 404430.6899414062
178814880.2228130996 135857.7382636517
182991397.7859975696 222578.3053239507
188049285.3250983357 300899.3166201562
188188138.4084329605 302519.2911074609
188646336.8062679172 307972.7642496079
188631437.4064123631 307724.6394937485
196298916.2949258387 386742.1918029785
178417498.6171213686 121839.0626587495
178870090.7705951035 136080.1644636989
183946760.5970217586 232919.2988727043
187959025.3150306344 299747.6485293359
197635062.3096755445 397303.1437988281
200224626.7754951119 404373.9606933594
179026981.5145365894 139821.6955390424
180116468.9259686470 164567.8585407138
183132663.7399930954 224558.7301474462
187421213.8442943096 291928.3697005510
196836027.6509860754 391152.8870849609
178300278.0172181427 117129.6469153273
178381629.1344338953 121065.8033105181
178652773.3799498379 130871.6161721349
200198517.7318913937 404342.5837402344
179399841.9989015758 149538.5501945093
179997151.1279723644 162876.6462786198
196672273.5330028236 389160.1959228516
178203014.0268476307 108346.1383135412
179902622.4439073205 160024.7604863048
196405760.1784718931 387539.8917236328
197868241.9831829965 398067.2170410156
183252605.1977854371 226784.3688610792
189719715.5021173656 320696.7970358273
195024879.0036170781 377371.8849487305
197812955.3615868986 397531.7539062500
187478492.3765907288 292757.2467959374
190382940.7724524438 329029.9330412745
195671048.3403081000 381180.1778564453
178807055.6821556687 135151.6780947149
187620418.0255663395 294273.0896304101
187635569.4232324958 294653.6787417382
187717293.1829571724 296056.3305972070
200598396.3615605533 404531.2060546875
183115932.2007779777 223551.3449968022
183216359.8764038384 226748.1961899577
190985955.7642949522 335639.2995077511
196483718.5031335950 388244.2453613281
196341483.2506743371 386895.7455749512
200508377.4237129688 404442.0021972656
204156826.8772667944 405843.1857910156
178665264.2751669586 131735.4272284955
179123200.5216962993 142095.9292769581
195137232.9744113982 378004.2498168945
198035876.7752936482 398093.6015625000
179406712.6240716875 149715.0267570093
181770067.3002047837 198117.9388098279
203840965.3291155100 405767.1374511719
178259148.9920051396 116654.2211957246
183090964.7761234343 223022.1666837853
179203252.0823840797 145543.7617271021
180041706.1768878102 163325.6828149408
180168720.0439721346 166273.3847071626
182227550.4624070525 208415.2026230702
182262028.4879559875 208787.0657482119
198272266.0843554437 398615.8298339844
179192189.0279397070 144027.0697698137
180247759.6654893160 166402.3911625743
189680882.4122480452 320653.6472860714
178303839.6892768443 117321.9804461095
178378358.5787735879 121051.7809406063
197677639.5067215264 397357.6386718750
179615482.3151747584 154312.9118978046
183453783.4331370890 229852.3794404489
197647881.8026297987 397309.7539062500
178573535.9808189571 128409.2385301590
183504225.9360213578 230712.2404179275
179849086.4503830075 158934.0983769298
179914051.1994380355 160484.3617436290
178207673.4227535129 109051.3925554845
178200307.4902902246 106979.6661375868
178761922.0890865624 133779.1438850900
178936766.0055283606 137142.8031944176
179880485.0869231820 159390.5648686290
187363775.1025986075 290774.2163157947
189761119.3858514726 321520.9065023800
189852303.9183929265 321965.8660360714
196839870.2620379627 391571.5550537109
196706713.1204332113 390594.9764404297
197214891.7480551302 394150.1606445312
197464360.1263712347 396212.9500732422
178171462.0397417545 103515.2671817648
178224763.0424282253 112379.9462030027
178474159.2641852200 125033.4115781859
181689508.7740840912 196333.4598211804
194184794.8215221465 368096.0471343994
178731373.5037584603 133116.3700801870
179749256.0368335247 156555.5949642062
179761364.8162930012 157812.4933583140
194388472.3135357201 370217.6947631836
197093811.0063953102 393580.4166259766
197500150.8412531614 396423.1315917969
196991177.8778016865 392080.0389099121
197437962.8303042054 395882.8576660156
178625247.6735483110 129097.3320667287
183149002.3191301525 225179.5172083598
178596008.0241676271 128969.0859004995
178507226.5472289622 125154.2758663683
182188469.7129257917 207985.3732122937
183191952.8425318897 226025.5595658940
181990615.4495724440 203932.7998383613
183216259.5968875587 226037.3122971756
187399227.2968845367 291083.9838468246
179872721.7833577991 159085.9677006602
181865987.8084502518 201471.4410938779
195328406.2129919231 379279.6797485352
178175230.2356550097 103612.5471849740
182205686.9348761141 208266.4095505895
195105066.3445585072 377421.5304565430
195411362.4393021166 380177.0030517578
199364244.6298360825 400575.8623046875
199361306.4921258092 399082.4338073730
179637900.9324589372 155198.2990846299
179800355.8500828147 158449.1231477736
199414879.9720142782 401371.8918457031
183482660.5459805429 230286.3468010784
203290912.2559072375 405130.6608886719
190838035.2016167343 333657.6949400306
190812938.3020858467 333451.6275464436
203769667.9135284722 405613.3295898438
194950238.8027748168 376145.7496948242
179790101.3204815388 158142.5182008408
195216315.8537756503 378254.6203002930
190671288.6074461639 331719.0303313136
195270729.2480056584 379065.1228637695
203434457.5920438468 405175.7341308594
194899643.0217703879 375840.9551391602
187126921.1634762883 285485.4256735742
178202952.4853277206 107924.5058689415
182077246.4654968083 204782.5548298396
190190012.9331574142 326920.8764967471
186999943.7738007307 282689.3864041269
195365045.9053600729 379429.6210327148
182004880.8652401567 204588.0169072421
194305048.7035564482 369816.6386718750
194570436.9947432578 372013.1112670898
203540294.1243917048 405275.1013183594
182957195.9313302338 222089.3137162846
182144030.5149257481 206877.7596745761
187112137.9083908796 285379.0538626611
179503159.5333083570 151082.1736554427
194304159.3922767341 369393.8891601562
194469653.4217580259 371552.3591308594
182803463.6391441524 218819.5909975690
182762471.3913227618 218218.6387670708
189889803.2290784419 322701.8334743530
179489816.4983645976 150582.3643066323
181523004.8022715449 192788.2571659908
189567281.0051899254 318373.8695548475
181383076.0977096558 189296.8535398245
181368477.9183234274 188779.5983525142
189444972.8671623766 316127.5500358045
194382795.6981095374 369955.9633789062
181445355.1380737126 191747.5577204451
189366699.9453460276 314311.9896720350
181607643.6873840094 192908.5122602705
181449740.2187458575 192267.9027304649
181944968.7575449646 202755.4486394199
193952145.8721600473 364633.9543457031
193797135.9826397002 363204.1654052734
194226153.4852710068 368398.2791748047
189387658.1546224654 315740.5551932752
182585059.8727360368 212982.6271761507
194065146.5421900451 366825.1822509766
181318736.8548219204 188173.0281620845
193453619.7481077611 360048.8233089447
182492063.6880600154 212347.5521200746
189022756.2589120567 310289.5279867649
193558506.8146621883 360127.6483211517
193572088.0919557512 360160.5376644135
193367919.4022317231 358830.6922054291
193345385.5103844702 358200.4722652435
193517816.6018393338 360076.6157894135
189263900.9642370045 312932.8695024028
189090014.6974967420 311514.7879965305
182331528.0903531313 208862.0348465592
182357131.5648156703 209172.1911270767
193603426.1372860968 361816.1323909760
181235431.3551610112 187199.2787724361
182485799.6784097254 212212.7345850291
193995074.2226981819 365267.1410522461
182328847.1176636219 208833.8215782465
189161163.2061832249 311885.7819463359
184077809.7336937785 234152.3187994957
181076273.2563687563 183265.1017704830
180899530.3211032450 179133.6462040767
184092736.8632353544 234375.0568366051
184118762.3645773530 234461.7558875084
184182272.1396489143 234641.4728530571
181064682.8967315555 181611.0741430447
180929231.5269164741 179140.9943641648
180769670.3664433658 174965.8305233568
180881668.5549320579 177307.0141800493
180736518.2920655012 174825.8102596849
180717577.5129627883 174276.0154129565
180561504.7108526528 170175.1897293627
180624804.5505784154 170478.1938797534
180548589.3249949217 170127.9238602221
180668642.4562881589 171550.9234274924
191801483.6508519948 339747.6234966666
192844513.7382616401 351177.2002459764
192924707.0591444969 352560.0836367607
192713259.5990181565 349600.0373740196
191891536.4147477150 340472.7122120857
191606737.0070510507 337216.1249976158
191979769.2675143480 341322.7381796837
193165860.6265794039 354795.6693625450
193053004.5010207295 352909.8155417442
193098827.1952653527 354258.8350729942
192514970.6917173862 347052.9719748497
192601636.3671189547 348855.8384299278
192804433.7504379153 350959.7512717247
192423459.2697731853 346832.4772086143
192121768.1784704924 343341.1789298058
192166471.1118861437 344030.1075186729
192348382.8023595810 345346.0905051231
191788033.5163919330 337965.5606507808
186888070.3255580068 265645.0580309127
186993247.1533110738 268260.3550279830
186783193.1905403137 260639.1863433719
186588842.9888465405 255563.8237258792
186712530.2184967697 256738.0025665164
186774600.1722690463 260129.1329376101
186768160.5343293846 256914.9852020144
186859482.3702262342 261203.8711883426
186419800.1277717948 249277.0714538088
186554601.4633266628 250053.2715458954
186369783.9376066923 246526.7408568850
186012610.3096815050 241235.2834215071
186383102.7780516744 247898.1826293459
186235787.0914161503 244011.4509093752
186043175.6085208058 242305.5099914065
185989922.1716611981 238961.5884835711
185813113.8786515594 235251.4278190127
185854897.5687472820 238114.7271354189
186209499.2147352397 242635.7590028038
