67295779.1051070541 136501.5107421875
67248824.2528493106 136438.6226806641
67028069.8394278586 135654.4169921875
67764767.1984674484 137639.9427490234
68270443.7089213878 138785.1584472656
67111107.9648528546 136158.2764892578
65518736.9306739345 117898.0166568756
65580550.8321278021 119691.6543626785
65720615.0571615621 121508.7889399529
67108337.2275066823 136126.7983398438
68060805.7622362822 138449.9023437500
65516440.6694949046 117567.3199048042
65750768.4185189232 121796.6091814041
65792482.6861328036 122838.4098405838
67023091.3301346898 135493.9404296875
67036215.9922871292 136091.0028076172
67670170.5390948355 137104.7384033203
67823931.5446621031 138072.1104736328
67760611.0062036812 137193.2512207031
68195755.8552890271 138728.2777099609
68067260.2851786166 138572.1597900391
68031822.7022673041 138433.3286132812
65616718.5054199025 120876.5811915398
65892320.0399224982 122840.6097025871
65615780.0585826859 120875.6920313835
66986645.8382164538 135062.8578491211
67966890.6684173048 138204.0434570312
68083399.6565932333 138603.1452636719
68004543.1693976074 138254.1629638672
66979939.5473967195 134969.8487548828
67193998.2476034909 136307.2097167969
68055375.1952462494 138433.6877441406
65548195.9972041994 119669.1413469315
65600628.4209948182 120005.1862711906
65726108.3724562451 121628.5354228020
67178180.1703711748 136202.3356933594
67244041.3478179872 136312.8570556641
65609384.3532932699 120009.5803141594
65543484.2050830200 119611.8842005730
66991890.5210690498 135233.5230712891
66838270.2295935452 132817.0811157227
66707164.2425349802 131071.9991683960
66913965.3831699789 134541.4631958008
66745495.5259685367 132366.7613697052
66854543.6588008702 134174.3629379272
66942521.8271336854 134665.1836242676
67039992.1227043718 136091.0070800781
66112359.6677715629 122986.7153673172
67069949.7533319145 136095.4899902344
67531669.1288104653 136616.6005859375
66100662.7626179382 122879.1448793411
66123261.3719489500 123517.4789247513
66205685.3321727142 123617.6956429482
66012687.6395506635 122859.6311478615
66622517.1578146219 128759.6985740662
66413356.4854918420 126485.4839591980
66450001.2132738829 127229.9920616150
66694599.0831457675 129391.9787521362
66571588.7694182843 127589.5821228027
66366323.8811459541 124407.2753906250
66297452.7138609439 124048.7431831360
67650154.2216154784 136651.4545898438
66669413.5808262378 129052.1526489258
66595333.9758014828 128200.4290161133
66367481.6519156992 125851.0286560059
66476188.2397715747 127340.4714050293
66477774.0839889944 127459.1741638184
66508477.8309087753 127534.4095764160
66651519.4217267632 128888.2914276123
66659592.2205350101 129048.1121063232
66676885.2054491043 129207.0406265259
67655937.6091838777 136661.9411621094
