239861598.2400119901 220469.9749755859
241945261.7389818132 220989.4467773438
227114115.6726574004 80248.0404343419
232315345.3032621741 167537.2703905106
232581790.7933860123 171029.5860815644
237580492.5079323053 214933.6764297485
226256438.3905656636 49748.5518642759
232531362.6885102689 169634.2744665742
237643649.7146432996 215909.4350585938
237743308.6129603982 216719.3127441406
240003249.1379757822 220593.6600341797
240054162.9951255023 220594.2934570312
241574036.0735078454 220877.1280517578
226164841.4511251748 44612.4901671978
227170546.4040878415 80672.6858051705
232508608.0019518137 169314.7102575898
226637211.3409921527 66396.0329098254
230628303.6780633032 145624.7441725470
236317999.0559396744 206203.8436584473
238991716.0716706216 219413.3531494141
237780937.4976680279 216797.9127197266
241621589.0057056546 220934.2803955078
227142128.9138759375 80643.8481221348
242548477.7483510077 221073.6395263672
226672750.5660801232 68341.5049023181
226837329.1763181090 71991.9786859751
232567837.2509104311 170702.6943884492
241580218.5736511052 220878.2902832031
226714384.4636574686 68442.2268185169
238917400.4864469469 219320.3027343750
232823474.2613964081 171341.0385046601
237421322.7848620713 214151.7686767578
227180668.4734314084 80698.4678105551
237565541.2858625948 214622.9990234375
231762400.9895372093 161765.0737942457
232518569.7067603469 169360.1599646211
232645220.4905388951 171324.7999466062
226217958.9898085296 47034.0112703065
232376178.5119854212 169307.8966589570
237599651.5253385007 215198.6526184082
237415290.5917380154 212867.3783874512
237882683.8836213648 216983.5006103516
240479883.0930960178 220670.8479003906
226352349.9210194647 49845.7632536388
232371425.1326486468 168939.6977892518
237468263.1840167940 214312.1479492188
232185704.0228449404 167298.0049486756
226175149.7668812573 44986.4901689983
232079508.8924241662 165515.3659232855
237718856.8417603076 216015.3085937500
226185808.8082038462 46411.8020113173
232293284.6299415231 167513.8631309271
238848556.4137097895 219207.8867187500
238681847.6091843545 218880.5935058594
242477584.3060519099 221033.5203857422
226254510.9762264788 48334.7625951995
240362396.8938643038 220657.2103271484
226213142.5302660167 46830.4247491455
226180992.8596092761 46277.4276213145
226224997.8925102353 47048.7158307529
226742209.7658193707 70118.0442348719
230536852.2754042745 144643.0074220779
242130157.2473139167 221016.8312988281
226663320.2070721686 68097.1820187122
239814896.1157159209 220460.4528808594
226161918.9288656414 41253.0134168963
226786546.3724800646 71842.5779567957
242135327.4654240310 221017.9327392578
227210158.0291241109 82122.5321416098
230391135.4563502967 142398.7943587042
235840440.8215363324 203343.3984680176
242283505.2386537790 221018.4731445312
231711558.2926077247 161497.5216045380
242130213.7313489318 221017.3854980469
241811173.7383210063 220961.1036376953
232127876.7450160384 166502.9664863348
236862523.6395676434 210206.7258605957
238491731.5216640532 218627.3865966797
237974402.2303775251 217586.4239501953
241910200.2432818115 220964.3255615234
236886200.3511933684 210333.2178039551
238365491.5689543188 218259.0806884766
226708237.9001683891 68429.0290493518
231732836.0747752488 161714.6943943631
238210656.2716219723 218100.2813720703
238145119.6557026207 217940.7951660156
231605079.9703997374 159853.0514260568
230618803.4100413620 144922.8672778942
231724096.6095431745 161708.1458282471
235384591.5673219562 198938.7889862061
238774374.3383893669 219148.4144287109
238016628.8700273931 217595.2338867188
235513985.4912478626 199756.8860473633
236680316.5979429483 209420.8282775879
226608627.0863363743 64559.2530371696
237614475.0607571900 215362.2064514160
228178779.4741823673 102452.4475613032
238653255.5364926755 218736.0574951172
228182159.9252783656 102460.2361204326
226652862.6395691335 68024.0894283801
231955511.5746908486 164045.2340306044
237820571.3251220286 216951.0819091797
238037994.0886034071 217647.4525146484
226535829.3201979399 49910.4174662924
230710953.7154029012 146525.8045032360
236639999.8126596510 208176.3680114746
227056083.6088581681 78414.1158398825
230453944.2754919231 143238.3135237433
232006490.6451250911 164816.8592368960
239974590.7811909020 220527.3018798828
231846604.4342806637 162487.6306267977
237127270.9456224740 211203.3607177734
230511419.3778688908 144431.9362044074
230672009.6841654181 146406.4777501523
236939241.4223714471 210932.3913879395
239723681.7150170803 220383.9718017578
231994144.9482053816 164542.0946687590
232167773.7695327103 166954.4060615301
232330222.7900820076 168308.7485679388
232112790.4347417653 166369.7389854193
232149269.7356232405 166551.4439880848
227040247.1601563394 78233.5500719386
239500829.2548849583 220084.2584228516
231960318.3095957637 164516.0941144228
236753390.1842837036 209575.2047729492
227024558.0804835558 78109.9039258200
233996083.2956952453 184955.8176692724
226826061.3595331311 71896.6099025744
228376350.5509668589 105796.9436931908
237034685.8362180293 211185.6690063477
228223875.0471665263 102651.9906518996
231865819.3813628554 162504.0030466318
240602745.2927236855 220697.6690673828
228461346.9369293153 105929.8282777965
231840868.8075754344 162484.3593418598
231821543.6806865036 162462.7988128662
239920574.5998752415 220507.9760742188
238597966.7724184692 218641.5487060547
228344849.6385440826 105676.4580362227
228433902.7102430165 105849.8770811260
226999840.9651429355 76557.1107739645
228244299.3740255535 103816.7352354228
236818152.1947261393 209644.4735412598
234073774.9197641313 185950.1587032080
238300059.7346169055 218161.9906005859
226949353.7758565545 76076.7620801168
230774096.0225154161 147826.4778722227
231673842.0299371481 160568.0074005127
231650394.3184349835 160452.5562286377
226978987.1370740533 76421.7033337789
234107610.4142494202 186320.3426021338
228031491.4829502702 98315.3492891490
240247586.9426762164 220634.2104492188
234025698.0211798847 185620.0343440771
231509631.0503335893 156918.4711493254
231498479.9693012536 156894.6790350676
231397577.5825402737 156305.8085159063
239648778.6528951228 220163.4851074219
233869715.2942278087 183944.2489131689
226908398.6211400628 74003.1678665417
236528897.7992671430 207957.1455383301
235594875.7126804292 201082.0878753662
241500102.9883253276 220872.5717773438
240400254.7034861743 220665.4337158203
228160331.9392994046 102222.7143881023
242045947.6880623102 220990.0080566406
234049309.1444829404 185935.3089107275
239641000.2220394909 220161.5842285156
231248773.8102491498 154273.5734137297
233949848.3770359457 184055.7031368017
239361517.6713652313 219851.1059570312
230933980.6547458470 149880.1125224829
231308748.0009191334 154868.6350287199
234375639.5658129752 188103.2031673193
234010421.6598879397 185618.3953059912
236418177.3005764782 207492.7634277344
228025664.3991095722 97016.0624105632
235624332.5689378977 201313.2771606445
235959670.9831412733 204347.0680541992
239263451.1752785742 219552.5560302734
241944798.8956720531 220967.4919433594
231238375.7468719184 154269.5306586027
228072241.2150362432 99956.7702724636
236383969.2305085063 206774.2111816406
239274917.4334265888 219618.7950439453
235710023.4618337154 202105.7863769531
228283602.0086306036 104255.8562338054
230909739.6510831714 149874.1520441771
231353720.1300345957 155413.7908158004
235779416.0772571564 202637.5304565430
228075596.0473209620 100298.2668630779
231336095.2813826799 154893.5194891691
234553000.9237717092 189404.5320857763
235789971.4270257056 203002.4653930664
235952628.0858919322 204339.0996704102
236024397.4708833694 204728.2213439941
240434709.0182099640 220669.4768066406
228134905.8079355955 100764.0940878093
230974652.1061854661 150081.5979595184
235973752.0154824257 204513.9359741211
236167002.0527964234 205636.6568908691
239348021.5807051361 219834.9213867188
228308204.1461069286 104265.4351751506
231211342.0300443172 153418.8453863859
231168049.2429263890 153380.5129584074
239161219.3967680037 219522.7722167969
231018133.9034895599 151054.2055262327
226941693.1093509197 74292.2970272179
235939160.2725706398 204149.6447143555
231026646.2583757639 151347.3711127043
230903938.2655146718 149538.5709570646
227554444.8497921228 83906.1484087664
231395624.8019701838 155627.7266059985
227432229.4666879475 83897.7819547281
227343141.7709921002 83865.4644263312
231385226.7385929525 155623.6838508716
239335140.0170771182 219735.2965087891
241413517.1148684323 220829.9356689453
241264880.4863072932 220806.0274658203
233127303.8273605406 175518.8973128954
241171387.3507337570 220710.2686767578
241224133.8098136485 220748.2950439453
233396785.8305563331 178337.1058890978
241250076.6764365733 220772.9256591797
228004537.4062055647 96477.9031564146
233306184.5756391287 176916.9614799181
233633014.3712834418 179939.9634940783
226928514.9632270336 74088.8443814392
234440724.5243367553 189376.7891353369
234216404.8232717514 187479.5872310400
233385794.7573954463 177752.6956050396
233556794.8890034556 179599.6988921324
234340037.8705938160 188032.2510619164
233319561.0777216554 177696.8596732775
233228466.0297929347 176246.2311611176
235280695.6928735971 196558.4436231256
233148786.2267394662 175680.5378284454
233240906.2718290687 176572.3768177032
233176336.3556994200 175957.7275562286
233174100.5030944049 175957.2422046661
234262365.1281629801 187601.5721172094
234315638.8553779125 187913.4432185888
227986559.8106169105 94254.8266499043
232980919.8723318875 172738.3444385529
232921559.2199506462 172228.5285921097
232987496.4823830724 172865.3586902618
234655064.4185599089 191013.4635738134
234602888.5002196729 190548.6054805517
227985637.2432575226 93668.8418295840
227882459.1997670829 91622.9403708437
227920573.9980268180 91696.7117410162
234862865.4633571804 192657.3761104345
234947833.6622752547 193088.3666194677
227930332.9171454310 91779.1027921230
227865312.7417026162 91458.8681729824
235057856.0016389489 193468.0208247900
234901177.5492682457 192727.8937648535
235125091.4738160372 194555.1168330908
234995653.8503537476 193223.0868282318
235086879.4497581124 194175.0120620728
235063009.8544571996 193525.2082027197
235109920.0907292664 194554.5780147314
234886850.8996005356 192668.8097347021
227966863.1550770998 93587.9414762646
233768948.9232819974 181213.3163903952
227731383.7900449038 87668.4195745677
227806023.9225054383 89606.4002063960
229335799.7498970032 115314.7754538199
229381940.5676242709 118416.3911841055
229366497.9342238903 116623.8322928092
227688345.0556436479 85610.8043266796
229370770.8397501111 118407.9532950064
227702526.2022789121 85674.9342690259
227645997.9575452805 84051.5261551546
227658251.7854685485 84160.2204758333
229763653.2828738093 122949.6144957741
229523945.2370576859 120916.4553929409
229736373.6246029735 122937.2479137853
229594256.2139413357 121218.6707311943
229684578.0175957978 122722.0097140744
229437141.5975127816 119103.4573134854
229566235.3371822536 121210.1492633298
229293964.6518970728 115285.3923043492
229134191.0442248285 112017.6658297012
229058328.4205713868 109718.3490159752
228964487.0745269358 108987.7253633978
229135413.1556647122 112274.3852300586
229036310.4523296654 109673.3902091028
229070464.7303632796 111391.1030081751
228997040.2948480546 109372.1742199900
228952287.7035243809 107046.1011317017
228936176.4441120923 106466.5648379864
230214679.9914211333 123368.9771817291
230296913.9105754197 125390.3560848499
230304848.5113246739 125746.8603067661
230319488.0991199315 127158.1269083286
230265686.1521027684 125212.8466033304
230231130.1312305331 125107.5084076190
230354085.0478498042 127162.2603311801
230199769.6325834394 123304.2427946474
