185768892.0092442930 355451.3093261719
185435254.4279983342 354964.3398437500
166268270.7916023433 136576.7766128108
166728648.9697922170 154655.8061950468
176865886.3544963002 299555.0267696679
176623925.6975967586 298446.6852591336
184200796.3139148057 350585.6358032227
185266856.0800625086 354587.9077148438
186635427.5598903596 356173.0292968750
195805529.6983416080 359949.5621337891
166381570.0417117774 140700.9083070643
181460516.8540683687 336442.2451782227
185614077.5256039202 355191.4995117188
196586784.6619154811 360607.4381103516
165881919.4674215317 102695.1846013181
175580294.6300675869 289337.5574340224
176956306.1299931705 300268.4319632351
177120333.1998516619 302415.7830047607
185348216.1451320648 354942.0981445312
168704848.0155954659 204057.6875863932
176495247.6823003292 297560.1255667508
184311695.2603570819 351258.8231201172
185190528.7011958957 354147.3940429688
185242929.4982641339 354587.3870849609
166381589.3206636012 141486.9362769648
168921894.0868546665 207594.4374203347
168767573.6569806635 205757.0218929909
176908910.9664466679 299748.1575491726
186425044.4383728504 355595.6022949219
186740787.3081076741 356699.5827636719
187209876.4030053318 356818.1096191406
196554862.6256809831 360286.3016357422
169486920.7277903855 214669.9886616766
169555704.0526676476 215283.7059804499
177106270.2338102460 301288.8287852108
169170564.8987305164 211148.8463558815
173558302.2893560827 268058.3408286273
176656431.0979241431 299445.8797171414
181082731.2907111943 333549.3071899414
183998774.7437382638 349575.7895507812
184549350.4796298742 352135.4184570312
186526090.1353833973 355645.6745605469
166259796.2886636257 134151.1188463494
166781803.0441582501 157674.0150344633
185267204.8143539429 354912.0114746094
167568822.2142665386 179516.7647659443
183934100.2661598623 349377.4365234375
165892396.1502201557 103213.1890177540
184687524.3200717866 353269.1047363281
167516350.8993421495 178252.1704361103
167515478.3019274175 178130.6818802021
168687733.2141850889 202904.2242855690
173695629.1674390137 269313.5381507538
176375911.1718544364 296269.9005380273
181308899.5804920495 336128.4172973633
183886850.1970995665 348226.6311035156
166434753.9055976868 146368.3542769216
172975213.4032923281 260391.9145240486
185706878.1793097258 355302.3107910156
166524095.4022399783 149665.3815405630
183686857.3572362363 347619.9038696289
184026621.8832953870 350352.9501953125
166530035.1979017854 149902.5388186239
169207392.0641087294 211589.3196557723
166733646.2149434388 156683.8677184843
166738139.1770181358 157634.8852966093
173787994.8177790344 270650.0012728572
176353780.7929404080 295913.4081020951
167759357.0879824460 184928.7391311787
168840126.0651256442 207026.5353207253
167604392.4891044796 181310.6570827626
176270423.3369748890 295572.7518563867
184166233.1705122888 350436.1567382812
184237520.2392389178 350728.8322753906
186640132.3447805345 356453.7641601562
184342409.3613389432 351878.0446777344
196791685.4694439173 360626.3414306641
182419800.6312788129 340724.8361206055
165947068.6322391927 109905.2494425587
182985508.5209219456 343841.5472412109
184410262.5931996405 352053.8835449219
167598906.3917545974 180871.0919143818
181581989.3059305847 336980.8790893555
173710580.7047322094 269510.5414161384
173482775.9730987847 267920.0323829353
166048637.0707343221 113295.3726604842
166393873.8095702529 144605.1476118825
173461327.9036142826 267385.4712131023
181176866.6352662742 334750.3421020508
166027110.3678543568 110158.6318660341
167066013.5330761969 165545.6978560351
167561186.0031322539 178991.5997268818
173561646.0839196146 268791.3497657478
182476639.1874244213 341251.0739135742
166333604.3491839170 137797.9383963421
167704046.6818182170 183939.2123131417
180956645.2266485393 332024.7109832764
165903181.5958934128 106063.7117228322
181160940.0799347460 333897.2780456543
166342403.1145211458 138186.8599334285
166493138.0496638715 147161.7427242063
181296993.2301816642 335841.5430297852
182571613.2279053330 341598.2117919922
165872124.2658504248 98938.6249089353
176064803.0817032456 292581.2393557131
184643346.9380050004 352587.1967773438
184664151.3811368942 352662.9609375000
185041626.6709946096 354064.8051757812
175767354.1059670448 290710.2764281631
184579818.9592057765 352546.6976318359
173813470.0616181791 270823.4776723087
173308542.1628621519 265532.8714942634
176117168.4334939718 293542.4182382226
173163396.8553923070 263924.6559180915
176170854.7588102221 294390.4897714257
184724868.9104038775 353380.3754882812
185213726.8509372175 354483.6066894531
184974144.9479822218 354045.4760742188
166157878.5183384418 116772.9306001328
166268815.1440200806 137680.4558501765
173921106.7834142148 271150.6481214762
167498618.6365692914 174776.4253189228
168261109.9230347574 195614.4340831898
169039504.9782694876 208697.0092458986
173712393.6023774445 270286.3476889133
167489806.8360843956 173597.9968396090
167923442.2877583206 188992.1703831069
175391193.3408511281 286684.3082863390
175496974.0584653914 287327.8163241744
166108304.1688648462 113325.2368516587
167059752.2831352055 164290.0869381279
169307946.9264259636 211990.0511621200
184972843.1020775735 353588.5759277344
167554774.2909273803 178499.8832962178
185160253.0957006514 354094.5988769531
173789733.9786379039 270723.9136583805
173365792.1091757119 266870.6161231697
172981955.3036328256 261530.6517887115
182750979.8348754048 341653.5008544922
166620777.7777550519 151474.5480389558
166626790.5718743503 151550.0133709870
175835168.3309820890 290851.8196410537
169009187.6689080894 208000.7250790261
187300649.3672617376 356831.1936035156
175438288.1799403429 286892.7243804336
175721896.9859398007 290485.9253539443
182807551.3512244821 342755.1654052734
169378606.2168764472 212660.4632382058
173642350.1352094710 269115.4840485752
182577197.1031797528 341630.8235473633
166968919.1764959991 163809.3691764735
182098297.8454442024 339991.3070678711
166404350.4441258907 144647.0025999807
168063238.9673879445 193123.1562511586
173242914.0359368920 264276.2544217110
175970858.3994454145 292115.8090482354
175932474.6444738209 291334.1430345178
187626567.8370788395 356888.9777832031
167511307.1800666749 177290.1667316370
167976585.4031298757 191149.5941860341
172896150.9340474606 258654.7948023677
173110399.0228141546 263234.8920063972
166873655.6186815798 159344.0125599168
168471563.9182967842 198648.0407185219
173257414.4713856578 264675.5394558907
173073309.2139317989 261597.4370567501
175033433.2248203754 281824.1890963912
166654746.3036660254 154225.1081609391
174854191.4564496875 280896.7310147882
182022445.0453479290 339386.2269897461
166354868.5572560728 140523.9115514420
168141847.6882623136 193889.2216274403
181840856.9070044756 338883.6058959961
166497512.1451521814 147561.8201055191
168629438.8989171088 201252.7844929360
181134882.2288508415 333657.8417358398
168582398.7923837006 201198.6678637564
168124077.6070949733 193460.8945247792
175247176.5873306394 285039.4669284225
168985736.4014494717 207784.6591236256
166927749.0847404301 161989.3929155134
166889690.0411269367 161453.3550281785
174823910.7504279017 280607.0162143111
175153851.9609310031 284214.4701022506
166415387.3239655793 144660.9252652787
167630015.8846211135 182479.3709671162
167830541.1101242602 187766.2178737782
167890099.5691480339 188285.8900615834
181683460.8467332721 337798.8822021484
166572371.8321813047 151028.2440862320
166363291.8442460597 140670.0698908828
166799850.4514261186 158659.6036968492
166505603.0022175014 148676.3789434098
181788888.1908031106 337895.6749877930
181869219.4115335345 338949.3500976562
181942066.7812238932 339120.2124023438
180882002.0083906651 329025.9139862061
195646599.9430036545 358982.8724365234
180641184.7102475166 326645.3618469238
180647747.3201761842 327146.8439483643
167659823.4807734191 183497.9454300068
180734794.4841526151 327971.7301788330
180826955.3003272712 328813.4504852295
180895844.4660322666 330576.2689666748
166840637.2342796028 159043.8546028398
195260236.9725537300 357584.2441406250
174766850.3007857203 278408.0835604370
175105573.6405339241 281928.8785495162
174524359.9921364486 275755.3778735995
174690279.1449330449 278075.2263827026
174459202.3029697537 275585.3405200839
174686818.5549173355 276194.5335281193
174357529.1319987774 274464.5199634433
174258196.1028589904 271859.1222583652
174093689.7430679500 271724.1105396152
166648688.5271078050 151657.2592714094
174267324.1223805845 272130.8629679382
168039212.7188524306 191886.9650356434
166226380.1111698747 119332.2064409032
167896715.5593438447 188358.1167690419
169719565.3880477250 215997.2589428835
167768083.8285229504 186211.3651821278
167853078.3552694619 187938.4308559559
183498654.6904375553 344795.6314697266
167944493.6699893177 190616.3942348622
167703882.9597279131 183521.1791469716
167773538.6430310905 186494.0831997059
195339929.4692599177 358348.0667724609
172745150.3857091069 254474.6941624247
172868339.7411703169 256674.7901096903
172675790.4966492653 254033.6279905997
172832723.3543877006 255115.4610901140
172784051.0945786834 254975.8249817155
195392507.2104542255 358763.2042236328
167360397.2540792227 170953.8896004222
168493726.5408701599 199825.3043384217
168338062.2121238410 197418.3659138344
167162465.2870473564 167355.1983107589
168405347.9928014576 198348.2459187172
168187003.6844359338 194796.9210896157
183187120.2270621657 343841.9108886719
167111930.9153089821 166783.3161140941
167224453.7733195126 169160.5336812255
183430661.2384810448 344401.7045898438
172226232.1985636652 246317.0157779381
171933530.4103010893 242951.9303287193
171966007.0359712839 243655.0541633293
183432772.0229975581 344410.6806640625
167345061.3636225164 169525.0142396204
172075004.0472387075 245572.2998355553
167249086.1800630391 169232.6729858723
171939445.1753379107 242995.1046451256
168397363.0341998041 197559.9109620117
167096091.7781732976 165764.6184870861
167063676.2533872426 165171.0110929720
180534245.1162843108 322896.4502296448
180580342.8040446639 323699.0609803200
171542479.2230257988 237673.5077273473
171817718.6133909822 241471.3974383995
172054733.5412275791 244392.4228824303
172016680.2857275009 244327.8620914146
180629717.9004904926 324633.6694374084
171417660.0191010237 236411.5303539559
171712845.5352786183 240641.5493247136
171957893.5230692625 243508.8782288656
180599390.6772036552 324619.1899452209
194772260.3430881202 357216.0899658203
180552595.5892744064 323698.0208473206
171729852.2507246733 240834.5306479558
171651562.1981484890 238562.7142417058
171394414.7502139211 234726.4664198980
171199836.7890844345 232156.4199568853
171320532.0820661187 233954.3936525844
171179479.7532708049 230906.0420882329
171398706.0429481268 235119.0667464361
171327357.9810300469 234518.7686507329
194708519.9158673584 357087.0877685547
171034874.2766878009 230396.4576155767
170984808.9642099738 227855.3615902290
194824430.3745807707 357328.3404541016
195137934.1578828990 357438.1854248047
170856392.4940148592 227454.2606380805
170733884.6844971180 224246.8066895269
170648367.2757376432 223940.9725521430
170282390.6562801600 217531.7768849097
170196619.4030625224 217350.1427944526
170414475.4028359950 220028.6352260932
170473475.7723711133 220571.6667202339
170526971.8230955899 221306.4211147651
170514903.3024141192 220896.0575893745
170149546.1694578528 217102.4919155464
170312952.7221162915 217699.9291714057
180418460.0974220037 307734.4625301361
180462856.3456098437 307987.2897205353
180298910.5570814013 307639.4801502228
180217184.1827235818 306647.6847400665
179908511.5552039444 304401.1462663412
179673063.3099246323 302775.0766735077
179576014.5305038989 302554.2470964193
