166513174.8617548347 153992.6924149506
167566358.7341053188 181190.6624056958
167814095.9055131376 188518.9508736990
169355250.9181607962 216860.4870889187
180364916.9580345750 335016.1731567383
180378286.5131770670 335961.6555175781
180058823.0612123311 332826.3061981201
182229176.6173886061 347450.9503173828
186943395.9015188813 358731.6752929688
180307497.3258928955 334573.9811096191
180215557.5914410055 334025.9334411621
186878896.6017524004 358525.5903320312
197419587.6055816412 362874.9156494141
180300262.0587284863 334384.4670410156
183640560.6228712499 354391.6009521484
196376348.1145184040 361752.9593505859
196890530.4160474837 362730.4652099609
180234253.6691298485 334141.6925659180
174875123.3845926523 286846.9439463019
180455053.7762447596 337905.1033325195
184126727.7975533009 355203.4663085938
196850679.7762877643 362237.4010009766
165925719.5240256190 125580.9851433560
181692789.2299853563 345544.2970581055
181105107.0726365447 341598.0154418945
166416419.1071175337 150593.9006316923
181510667.5861681104 344593.6578979492
183384257.8185557127 353458.9882812500
183654614.2965409160 354519.2590332031
166668639.2871508896 157598.7597577833
183714580.3437829614 354863.3676757812
174158775.1655218601 279723.3872408271
166267651.7211519480 140178.6237959117
185038506.2529114783 356510.3393554688
196746325.4069697261 362134.4876708984
166041714.9777280092 129959.5532687232
169274667.4927478731 216531.8523779027
169236283.3622913659 216171.4470498562
174537113.9681219459 284139.6152681708
180935761.2062749863 340949.3304595947
181458893.8330293894 343773.2907104492
180788217.5022003353 339363.7822265625
180972330.0505913496 341517.7353515625
183161547.6658102274 352191.3055419922
169858148.5815087557 223507.8062732220
166604834.2629418373 156808.7052409910
168050902.7497693598 191498.4823678397
169682799.5212248266 222074.0434854031
181377866.9163618386 343503.5162963867
186640928.1654955149 358208.1940917969
196533099.9012492299 361959.8817138672
173987600.8487828374 277350.4632906318
173924348.8222714663 276964.7939791083
181135386.8512359262 342267.2314453125
183237491.9900769591 353283.9772949219
169353181.9609038234 216781.6568276882
167498219.4373628497 180739.3856494091
167459050.5899135768 179587.7808978222
174528769.0595035255 282815.3549549282
169357625.5716092587 217534.2829873562
181249430.6162298024 342627.4648437500
167535251.9999170005 181118.3279368542
181890653.7321980596 345558.3793334961
167452548.0594283640 178718.3975124024
165923438.4179384410 125395.4211785123
166331679.4225638211 143508.2548277639
181687937.4678770304 344894.4716186523
174325768.6953720152 281830.8952974677
169016385.0379425585 212114.6684396267
187038216.1596408486 359115.2011718750
167619436.9960933030 181589.9807650708
169495584.1222011447 219588.7138955593
175475524.7824197114 291326.5663486868
186734684.1619942188 358486.8659667969
166036774.2988670766 128671.7073565945
197331279.6028138697 362740.6341552734
165969559.5659924448 127776.2810332105
166294829.9008615613 140207.1291582845
167278694.2881864011 174818.5111071728
175454830.4566397369 290890.0020003282
165914050.1917773485 121728.9092052691
169188410.7325664163 215043.0599648952
174245177.3927075267 280003.6186487675
181924589.1662295461 345809.8172607422
169587498.5344436765 220734.5712650418
174040110.4062195420 277704.2228006721
182275467.3002599478 348279.9130249023
166575424.3294890821 154844.6605847143
166306739.7569115460 140288.1767535731
169006808.4070514143 209936.2939145565
182103736.7358237505 346999.6156616211
165918341.6713377833 124888.5250298306
181994806.1957230270 346764.8190307617
184921087.6133004427 356340.7521972656
166692700.4248655736 157822.2585370801
165868710.5323019326 121025.2002579495
184741928.6786787212 356301.3913574219
175605665.4331165850 293072.5444807969
175324880.1455142796 289693.0081038438
165832269.2500174046 116919.9672371671
165834227.2701773643 116920.3546657786
175585311.4108724892 291470.6012971662
166425030.8507018685 150870.8107831739
175434573.8141339719 290192.2656403296
165821214.5596623421 104833.9054576978
174442579.1501171589 282557.0663065314
173914839.4258432984 275494.6823084056
175185948.1449867487 289197.5963070095
175586376.9283966124 292248.0832991563
175363133.5647577345 289979.7772791088
175687785.6551739872 293226.6598474681
166518115.5407893360 154297.9270608686
168506048.2746703029 203000.0632451177
173700797.1670194864 273657.9203094542
174074513.2116312981 278342.7992517650
166353992.1711287796 147610.0128342733
166497889.4189876616 153699.9475019239
174254314.0153421760 280252.5409509838
175147944.0057345927 289140.3428206407
196498462.5223892927 361802.4429931641
175143935.5001882017 288876.1643538438
167129092.2672566473 170721.6386706494
170076034.6832349896 226746.9249111414
183997883.9044454396 355117.5275878906
168190438.2881908715 194494.7418893240
166597561.2520161271 155697.7248776220
175138434.5883247554 288304.5989241563
175341877.2203349769 289727.3884749375
166342228.5826294720 147563.1146910451
167354433.8761614561 176829.7055918835
168797125.9594226778 207871.8662844002
166335853.6400499344 143740.8126119189
184213546.2686158717 355379.6520996094
165808669.2675558329 101723.9636944309
170067631.4982833564 225801.6878505945
196570642.9925492406 362047.9659423828
183791633.8421333432 354891.0610351562
166416030.4047255218 150482.9845245145
196224414.1930131018 361543.1400146484
183218116.4850048125 352918.4714355469
182828503.6352449954 350839.0367431641
184918972.0985773802 356319.1691894531
196885972.0459022522 362341.3096923828
168566163.2145604193 203132.0064366460
168449855.5085429847 199988.1502888799
174828929.7740525305 285790.0737776719
186394218.3060157299 357888.3942871094
166399617.0295867324 148304.5846770070
174831832.5386374891 286037.9091048203
170185146.8565543890 227032.5017266572
183492647.7242463529 354175.0678710938
186548534.0230378509 357888.8684082031
184658556.5732722878 356242.3034667969
174706843.9969888031 284946.5561995469
183499688.3484662175 354183.2578125000
169927371.0830822885 225441.1381679773
168205009.1385438144 194589.6383736990
170151590.8362693489 226998.5962454677
166357352.0150769651 147838.1968939565
184544632.7410902977 355749.1857910156
168140235.5337156355 193974.2960885428
169870653.8813466132 224739.1450278163
185982644.3217233419 357279.9394531250
168607172.9349805117 204287.8944295049
185578266.1451944411 356719.6267089844
195455433.1346194148 360411.4460449219
168874143.5954730809 209439.2551858425
169806223.6743667126 223228.3559905887
169983168.9701372683 225727.1912685633
195273669.4438970089 359986.4510498047
168514563.5307786763 203017.3236287236
177320460.9646904469 305518.4003891200
185430566.7540047765 356644.9638671875
185858369.5037186444 357089.4541015625
168779354.5100460947 207047.1684084237
167216725.6313982010 172912.3367935680
170108879.3213049471 226815.5265964568
177728412.9276951551 310103.8849472255
196218387.2917002439 361150.6866455078
169069988.7200192213 213055.7657754421
185728436.2802058756 357035.6623535156
168713226.2204134762 206775.5530519783
184358969.6306818128 355573.7048339844
167305019.4445598423 175459.8663646840
168693225.3514001667 205561.0244722664
169704546.0828275383 222551.0970302820
185662616.8073639274 356962.5986328125
173689187.9119205177 271009.0632479431
169430377.3535183370 218389.5709072351
184523097.8781674206 355603.4902343750
166305234.1020524204 140222.9326987788
184277791.0920682251 355534.6110839844
168677153.1328424215 205518.2082491219
177964074.5767130554 311861.5548944473
173438253.2266262472 267987.0332123637
166240737.3807427287 136832.4052730128
173118214.4646202624 264021.6852749102
177192025.5261175334 305487.2310811728
167238651.5201516449 174315.4960314892
169178837.5780505240 213445.6499204934
166283065.2334357202 140205.8240962550
185828816.7611415088 357072.8684082031
177903316.4710233212 310729.4789667130
168849701.6271335781 209265.0546846688
177472930.7899897993 307732.3493637294
183007607.7365696132 351466.4414062500
185701561.6612062156 357022.6394042969
177604772.0882418156 309262.8764633387
177366504.2307303548 306599.9559162259
167049872.5437223613 168847.5732738636
177440070.7387912571 307241.6933066845
177582714.7947583497 308884.2372519970
178135986.1907181442 312779.8060503006
195949028.5260103941 360674.2994384766
196061342.8383471072 361127.9854736328
184612295.8219033480 355849.4387207031
167776759.5573711097 187548.0302194022
177948431.9375450909 311461.1339311600
173485339.6511918604 268961.6502777934
167095953.4475571811 170417.9022232555
166905400.9337961972 163480.4540106319
166869914.0752755702 163067.0708766244
177332618.2466174364 305654.2757768631
166917874.1562761366 164217.8691862673
176682023.4469026029 299497.3923151791
176999253.0973838866 302484.5326128006
166812183.3774240315 161274.8445602916
177143459.1185414791 303979.8917436600
173914770.6952219903 274459.7547151744
167180596.9838844240 171351.1609877199
166991529.4579949677 167395.1612623781
173587587.6673813164 270470.2618500590
166981792.9236177504 166348.2397018932
176833080.4263182878 301660.3206987381
176928450.7076773942 302126.3939580917
173514225.8764258921 269304.3031708598
166876234.8798594177 163075.9081121944
166934446.9425239861 165895.5096870922
176497056.4064142108 298185.1339452267
166839509.9951774776 163016.4225164913
176609131.7724443972 298932.2627439499
176417664.2309314609 298050.9519529343
176288607.0175318122 296865.5844576657
176341390.6988557577 296918.8840906918
166319579.3849250674 140924.4798872732
173261062.4329129159 266113.5353714824
166264606.7903920412 137123.9100642726
195811406.4527954459 360466.4135742188
173211212.0382205546 265209.5143525004
173489564.6004816592 269161.9174286723
173220525.0465292633 265526.9016167521
172862157.2426137626 258738.3952192962
173067642.2492581308 262197.1950003803
172994892.8097599447 261816.5176935196
167925797.0786759555 190448.2388851307
167931681.9936632812 190645.1860574149
166237609.0790255368 133584.6140151545
176656431.0979241431 299445.8797171414
172975213.4032923281 260391.9145240486
167759357.0879824460 184928.7391311787
167604392.4891044796 181310.6570827626
167704046.6818182170 183939.2123131417
176170854.7588102221 294390.4897714257
168261109.9230347574 195614.4340831898
172981955.3036328256 261530.6517887115
168063238.9673879445 193123.1562511586
167976585.4031298757 191149.5941860341
167630015.8846211135 182479.3709671162
167659823.4807734191 183497.9454300068
167768083.8285229504 186211.3651821278
167703882.9597279131 183521.1791469716
167773538.6430310905 186494.0831997059
172745150.3857091069 254474.6941624247
172675790.4966492653 254033.6279905997
172832723.3543877006 255115.4610901140
172784051.0945786834 254975.8249817155
168338062.2121238410 197418.3659138344
168405347.9928014576 198348.2459187172
172075004.0472387075 245572.2998355553
171939445.1753379107 242995.1046451256
168397363.0341998041 197559.9109620117
171542479.2230257988 237673.5077273473
171817718.6133909822 241471.3974383995
172054733.5412275791 244392.4228824303
172016680.2857275009 244327.8620914146
171417660.0191010237 236411.5303539559
171712845.5352786183 240641.5493247136
171957893.5230692625 243508.8782288656
171729852.2507246733 240834.5306479558
171651562.1981484890 238562.7142417058
171394414.7502139211 234726.4664198980
171199836.7890844345 232156.4199568853
171320532.0820661187 233954.3936525844
171179479.7532708049 230906.0420882329
171398706.0429481268 235119.0667464361
171327357.9810300469 234518.7686507329
171034874.2766878009 230396.4576155767
170984808.9642099738 227855.3615902290
170856392.4940148592 227454.2606380805
