187310463.9968215823 1307802.0966796875
187930332.8854328692 1451010.1562500000
188512216.8700855970 1537072.0356445312
195566042.2476155758 2196661.6425781250
195594325.1194795966 2199692.3593750000
198879550.0752527714 2327218.4785156250
198592335.6216615736 2321572.7968750000
202549030.1411480606 2413348.4931640625
204178548.9555507898 2428111.8193359375
188470541.7201662064 1533364.5444335938
187046966.3156771362 1179241.1157226562
187085382.9661815166 1218806.0639648438
187182720.7910092175 1244879.7807617188
187367655.1846696734 1319107.1513671875
187832958.0275318921 1435072.2299804688
188249360.4177084565 1502605.3305664062
188298942.8337041736 1516748.8627929688
192992929.2607287467 2046373.7451171875
198303467.9304382205 2309390.2773437500
199852031.4425437748 2361033.0351562500
195486799.6080109179 2194574.4667968750
195377340.0811082125 2189595.0322265625
200530860.3843841851 2377341.7617187500
201061503.1037981808 2390898.0605468750
200629303.9944622517 2378332.6289062500
203278075.3251008987 2423015.4580078125
203908761.4624190927 2427778.8837890625
188243780.1376703084 1499212.6723632812
188229796.9931270182 1496659.1831054688
192947626.4200527668 2042781.5205078125
193014372.8948818445 2046987.2158203125
192853272.5772425532 2041334.4013671875
195250486.8746819496 2178746.0820312500
198229040.2077080607 2307729.3125000000
201987481.4876300693 2403740.9189453125
188282379.4471444786 1509708.4418945312
188384062.2039944232 1519399.5209960938
188169076.2590681016 1496287.3266601562
192675043.8634424210 2024356.1484375000
192926735.5423555374 2041378.1669921875
193001119.6527708173 2046441.2753906250
194999221.6787315309 2167232.8720703125
206083104.8115802407 2430705.0605468750
205998691.4709148407 2430619.0722656250
187312026.2475154996 1310172.0698242188
188128471.0221250653 1485487.7714843750
190656357.6769961119 1805769.9619140625
192510145.0349951982 2000339.8330078125
193163930.8582260907 2059083.7861328125
199046975.6395011842 2336942.3925781250
201957310.2619619966 2402613.4970703125
192947638.4536349773 2044261.0429687500
195374395.3539886773 2184553.4365234375
203503265.9078147411 2425497.8232421875
210996125.1278323233 2433953.5136718750
187861404.0700094104 1440914.7460937500
190198474.5438059270 1763796.8271484375
190444214.1671726406 1793224.9873046875
188019265.3411121070 1472823.3945312500
190544890.0451861024 1801260.1816406250
195722706.5617029071 2205131.7558593750
187232946.1667384207 1288350.2919921875
192632982.3482921422 2018758.6123046875
189978296.2691997290 1734513.0488281250
192636651.1948761344 2021889.0097656250
195304918.6532166004 2184531.4521484375
206256798.3775425255 2430809.8320312500
206117829.6437855959 2430719.5351562500
187486501.1515080929 1326626.0922851562
190465213.1390148103 1794993.1318359375
210256228.3132717311 2433923.8574218750
187316032.6243552566 1313537.7412109375
187305268.5802337229 1306884.1225585938
187409356.6770196259 1324216.1328125000
187969792.4682373703 1464336.3271484375
187935313.6032616794 1456935.4428710938
187979787.7923251092 1465028.2954101562
190401085.0186172426 1789694.2187500000
192512491.9028930664 2008917.7197265625
205773933.1954289377 2430544.7011718750
187963178.6156359613 1460148.1840820312
187869684.0193862617 1448819.8715820312
195287141.9816063344 2182109.0673828125
188068273.2565321624 1475445.2587890625
190317372.1594227552 1782665.7998046875
204546790.3792615533 2428342.1474609375
187117748.9071827531 1221600.6787109375
190109955.1986638010 1752118.4785156250
195412707.8976570070 2190364.0908203125
195127757.5178245902 2175110.9697265625
204490802.1370660961 2428237.8857421875
209804424.4148297310 2433695.6328125000
187355889.2970138788 1317828.6796875000
187234697.0240988731 1295575.3291015625
190014521.2448212802 1743753.9794921875
189919674.0524424314 1725430.9125976562
193126138.6567211747 2058010.2685546875
203819540.9629650712 2427436.6572265625
192571298.3172329962 2014199.5146484375
201147541.7976545990 2391666.4277343750
204050457.4407605529 2427801.5673828125
206160764.5282371938 2430794.6523437500
201412581.5786314905 2393485.9218750000
201288813.1287703514 2393453.1855468750
201187725.5713287592 2393414.9355468750
200787278.7197169363 2386302.6816406250
190068379.3821420074 1751722.9697265625
190236951.2731330395 1768088.7402343750
187779866.5861362219 1418974.9790039062
193668667.9892319441 2086108.9716796875
204099667.2129916847 2427924.8017578125
203746633.3880063593 2427206.5166015625
200900356.6199968457 2388115.7519531250
190121345.3389924467 1755664.1318359375
192782300.4975962043 2035708.1074218750
192748829.0204428136 2032088.3027343750
193533960.4359874725 2082324.8886718750
193859548.8661365509 2097479.2656250000
195456045.2986235321 2192626.3242187500
195676895.6443078816 2202775.6191406250
201819809.4632001221 2397325.0068359375
193929908.3131101727 2104923.2216796875
202058799.9567607939 2407324.2871093750
209459075.0281948745 2433371.8339843750
187215933.7165424526 1286508.1845703125
198953780.8484568000 2334082.1074218750
205621229.6331331134 2430263.1601562500
193576608.1090998650 2083571.3437500000
195676479.1273968816 2200651.7636718750
198285376.6418531835 2308532.5312500000
198223889.4507614970 2306457.3525390625
198730150.1021547616 2327028.8925781250
198407170.7184379399 2315008.5429687500
199262178.6155880094 2343270.2890625000
202195432.5525982380 2410647.6689453125
195916803.1811333895 2213101.8916015625
200633109.0339102149 2382046.3574218750
203722848.9573541582 2427050.8349609375
195778955.3558234572 2207371.5742187500
198170042.2121222317 2305431.5175781250
198639368.2593930662 2325557.1757812500
200068938.6956510842 2369146.1816406250
187146737.7903661728 1233430.9819335938
190159959.7579765022 1761982.1357421875
190278691.6627796292 1771996.0449218750
198322068.2289840877 2311817.6679687500
203364913.8356984556 2424974.2255859375
187796430.0023576021 1422409.9648437500
203411796.9563451409 2425412.4814453125
190732756.7406454086 1811201.5649414062
204599155.7322598696 2428359.2080078125
187210476.2121087015 1278895.9853515625
196281480.2569738328 2229484.1796875000
200308217.0268917382 2375423.9355468750
187148226.2966435552 1239418.2973632812
187194956.6285957992 1264665.8393554688
188533466.7235276997 1537798.0146484375
200142656.5972066224 2369971.0898437500
187131086.9380020499 1230487.6381835938
196190142.0545069575 2226082.6035156250
196374483.8516703248 2232423.4257812500
195781724.6377962828 2208175.3144531250
198456445.5763933361 2315262.1933593750
199082537.0818467438 2338762.3261718750
199800762.8085165918 2359660.2792968750
202990154.0336017609 2420719.0595703125
205598818.0042656660 2430161.7851562500
187072026.3286153078 1190217.3364257812
187083651.2886818349 1199958.8344726562
187823051.3571598828 1428251.7846679688
202160300.4454805553 2407411.0039062500
198612145.6996040940 2324541.2167968750
188455828.9119846523 1528424.0761718750
198554856.3797543347 2320492.4980468750
199915534.7341872752 2362929.5898437500
198590290.9432917535 2320810.0664062500
205448108.6048941612 2429846.7949218750
210155864.3776707351 2433920.8417968750
190649646.1239591539 1805296.9716796875
190692300.2781615853 1810869.4277343750
203577339.0487912893 2426170.2255859375
188761908.7879940569 1568873.2875976562
188605315.7753932774 1551176.7783203125
188565275.4007043540 1545444.1240234375
210333446.6920466721 2433947.7207031250
200177766.5834078193 2370172.9023437500
198283836.2358913422 2308437.6152343750
198352259.2140146494 2314284.6875000000
196618236.5762154460 2236771.9062500000
200247646.7216280699 2372719.0253906250
202579850.9200332463 2416219.6816406250
187193098.0389762521 1246035.6625976562
187128337.5618694425 1224862.0625000000
202619103.2666405737 2416254.9980468750
209475693.2088885009 2433377.4511718750
188729453.0753107965 1566074.2822265625
205594961.6023073494 2430159.9921875000
199519816.2345123887 2347241.5839843750
202386875.1047132611 2412905.9687500000
188565809.4839572608 1545911.6240234375
193761605.6337349713 2092218.0781250000
202053093.3404044211 2406398.6025390625
194138683.9396849573 2115354.9843750000
188553917.6287139058 1540552.1591796875
203581581.6449609399 2426181.2783203125
203047296.2375555038 2421871.4990234375
189857354.5084802806 1711985.6137695312
188588498.4598726332 1547776.1245117188
188437282.4247758090 1526889.1904296875
193775359.1282157302 2093826.2070312500
202009375.6685076356 2405650.9492187500
205489721.4313930869 2429961.1933593750
205303371.8707720041 2429658.2226562500
196547225.5029530823 2235068.8339843750
205187116.9769829214 2429582.4003906250
203037146.2099642158 2421569.6103515625
189592690.4599960148 1678098.8139648438
196552844.5443923771 2235406.6005859375
199349005.9383376241 2343979.3574218750
193317675.5721440315 2067330.5195312500
196755596.7453280389 2237452.7724609375
196574965.8708540499 2235921.4335937500
196663587.5065032840 2236893.8798828125
193270808.0413591266 2063346.0107421875
210081071.4150802493 2433816.1777343750
199668193.7321149111 2354099.5449218750
202628455.2070346475 2416845.8027343750
193231534.2345974147 2059473.4472656250
204925585.3537847698 2428875.5498046875
209885367.0366545320 2433725.8710937500
205007771.7593716681 2429239.8583984375
193316911.2951722145 2065650.4326171875
199749870.0172595382 2356173.9355468750
204938767.8650276661 2429057.3115234375
199743478.2312380672 2355082.7363281250
201460865.3495803475 2394994.8681640625
204775716.6353097856 2428716.2958984375
209643071.9432671368 2433413.3593750000
202921023.2288407087 2419868.8476562500
193454687.8998005390 2075195.1630859375
193359587.6224364340 2068658.0302734375
187774463.1309440732 1393717.0322265625
208935812.0166165233 2432763.9677734375
209904235.9120641351 2433733.5664062500
208578180.6523686349 2432618.3232421875
189756906.2707647085 1700116.5092773438
191399428.9546391368 1823082.2998046875
201797319.8275250196 2395821.2958984375
190883220.8653831780 1820779.4238281250
190834555.1977221966 1815464.7128906250
187737315.8097006679 1382889.1870117188
189773352.8455747962 1702240.9594726562
189675205.7070964873 1688492.2558593750
187748666.9819576442 1388873.3461914062
187729115.0066452026 1381993.9545898438
187697979.5773096383 1375799.7304687500
187722743.2753595710 1379133.3076171875
199557497.1562009454 2348496.0136718750
194228019.7661346197 2119836.3164062500
187675193.3649371266 1369854.6855468750
189740080.6339674592 1699051.4433593750
193965277.2781334221 2106509.1093750000
193995883.3383557498 2109120.7949218750
187658760.5672307909 1365611.1430664062
189901278.3571336865 1717081.4135742188
209181563.1616276503 2433163.2744140625
194506172.8392426372 2134814.9033203125
194356794.4451585412 2126528.2666015625
194212241.8726791739 2119398.8964843750
194647132.8827172220 2141894.3583984375
194514748.0460080206 2136152.6484375000
208967275.8064975739 2432885.7177734375
187615726.1953390837 1344291.6210937500
189572176.8874363303 1666362.2416992188
187573623.4994670749 1329219.4111328125
187585699.2573256791 1334575.1909179688
208500491.8297556341 2432484.2568359375
209259293.9188398421 2433179.9658203125
194841583.8790130019 2150925.3300781250
194844814.6332926452 2152929.0781250000
209036950.9607459605 2433009.7333984375
194813530.3043072224 2150147.9619140625
194738239.6558224559 2144224.3486328125
189568880.2519655526 1643969.3193359375
208342015.4849999547 2431504.7529296875
197973100.1786497235 2251387.5683593750
208166600.7380581498 2430869.4990234375
198033884.5272642672 2251817.5693359375
197512421.2537259758 2245012.3564453125
197296293.8385652900 2239563.0205078125
198080518.6807379425 2251900.5625000000
192265086.9600793123 1877303.1279296875
192324370.8555227518 1885718.9121093750
192029760.6646584868 1849663.6962890625
191966658.4260382652 1847761.6044921875
192057346.9850854874 1856965.3710937500
192157195.2666926384 1866250.3056640625
192163350.4901317656 1866286.2744140625
192073421.7769709527 1860944.4306640625
191916763.3185783029 1839495.4531250000
