465378920.4899010658 445398.4378445558
465437224.8851621747 447209.2832296677
523133352.6474530697 1705834.0604248047
523059468.9834383130 1704044.6315917969
523739990.9941654801 1710889.2702636719
522800454.1411768198 1703650.5405273438
465334527.5464075804 439238.9395411424
465659673.7200786471 494118.4306609227
475014436.8217226863 864447.0696891467
488021514.1918187737 1201271.1319895764
494862402.0698230267 1326412.7857436000
495352730.0069525242 1333544.7090613963
518202159.9646877050 1664365.0649414062
517491307.9437315464 1654507.9658203125
523567361.9430572987 1710724.6188964844
557355727.9543663263 1738997.0146484375
470625717.6893218756 745085.9977482557
470385607.4876668453 742002.1001957655
465758465.4339159131 501507.8890398635
465598038.0213828087 493379.0162880017
470339258.6346979141 736414.8365473747
470055486.4206390977 729597.3707046509
517931704.3731120229 1660147.9707031250
465531528.2628667355 492923.9023053242
469951813.2513661981 723830.8885841370
489369697.2152470946 1231514.7149158097
495200291.3425478339 1331459.1848914744
517689998.4524192810 1659985.8708496094
518148834.9458283186 1662939.3225097656
517785948.2395049334 1660023.0195312500
527363733.4039015174 1718255.6083984375
556998958.4021110535 1737045.8325195312
557851287.2823660374 1739659.1259765625
469803601.6751738787 716815.1319340467
470150726.6116320491 731351.1095570326
470121393.1492933631 731243.7674865723
527470003.1914331317 1719235.1064453125
527724529.8392415643 1719649.9897460938
465444712.9716188312 447387.9426844530
465731076.5325349569 500707.8366139649
466089082.3534178138 516901.7855850576
469844404.6766955256 718335.2373417616
469883031.5025657415 723492.8321293592
517540818.6923179626 1656851.0343017578
527817968.7396323085 1719722.7695312500
465939338.8957575560 509651.9110646812
466180264.9809691906 519650.8059033869
489731373.5845474601 1238918.8987002946
523310661.6856667399 1707005.6892089844
523456085.5391298532 1707054.2185058594
494664279.8979507089 1323708.9093178627
495093827.2239844799 1328959.2031079209
494589027.7645603418 1322808.6373509881
469948519.9991102219 723531.3387759924
517580824.2504448891 1657048.5568847656
557555217.7049208879 1739510.4101562500
470620172.2576345801 744321.6397160958
470836537.2005985975 750675.4613467980
470555175.4321150780 742452.2357129524
474734388.5727732182 858745.1412858069
487750626.4500020742 1197826.0245677014
494966707.0461398363 1328713.1454907334
466251041.1473935843 522998.3960571481
466085559.0262429714 516324.5533811897
465897980.8068979979 508148.4968662976
474338527.6529532075 844346.1273065179
517327501.6033385992 1653728.9901123047
523489976.9403125048 1707218.8698730469
527649659.8656981587 1719374.8496093750
471491438.5160146952 753831.2803170681
471427980.8847238421 752816.2474226952
474586911.7111178041 855568.4326043695
487492677.7800305486 1192281.8503438015
526594077.1769106984 1716926.4643554688
526788635.2175145149 1717406.9516601562
558427948.6231955290 1739673.8627929688
475249869.9827769399 870611.0164667636
518032709.8956530094 1660925.7733154297
465406796.4882150292 446976.9476574473
495152248.0154088736 1330790.7730262401
469631323.8372444510 693903.1123020053
475082020.0189204812 865363.2332177728
469650708.5394707918 695141.7837761045
465496920.8788342476 454692.8989285044
475167836.8532064557 868433.1688104242
516777055.4546537399 1645304.4812011719
475464451.4983177781 871521.5023833390
518008328.5674631596 1660907.3535766602
518565233.1097377539 1665404.3308105469
516511805.6983147860 1643596.8890380859
475264395.6823988557 870807.4057489007
517026137.5927370787 1648224.3916015625
474929102.6069846153 863325.9833856195
487850817.2680252790 1200678.4581919690
525005446.3778147697 1712478.2702636719
526329852.8679017425 1713510.2949218750
496420115.4890561104 1345585.3198520336
527202777.7027502656 1718002.6425781250
495839322.2990609407 1340096.4882069968
496169890.8040305376 1345313.7071971074
495757860.3606405258 1339756.8185071964
488622231.9083231688 1215751.6292247265
524805471.3856441975 1712027.4733886719
469776326.3352287412 705801.7666141391
495916446.6274156570 1341129.9217986241
496219820.0769678354 1345315.3917899132
495951869.4129052162 1342273.7774043009
488978910.5254936218 1223430.1944559910
516764750.3611522913 1645153.2192382812
488835795.7830912471 1221514.8377208202
526353414.6009262800 1716127.4785156250
526716342.2958803773 1717334.2197265625
488449828.0305596590 1211360.5106750294
488401366.9026484489 1210871.3328477903
518837448.6081621647 1665542.0981445312
495512134.9094730616 1335803.2745799199
516819070.2481485605 1645858.0585937500
488355143.8500264287 1210780.7876817747
488737038.9230859280 1216300.6667845682
488523925.7133495212 1214283.5179674192
469586648.0853654742 682275.4969488978
474230842.3382484317 835288.3482716257
474205990.8060930371 832449.8801151688
474113124.8340635300 828704.3642678434
469446242.8999050260 674946.2037360072
474224822.0535898805 832497.6303811247
474143772.1382341981 829435.1062961990
474003713.1473695636 827439.1098733122
473785179.2621902823 819937.8111386473
499252779.7481988072 1388352.3483512646
499995893.9272996783 1396867.9601676709
499593457.5059400797 1390765.6913789755
499628685.7538681626 1393895.3454215771
468993874.2273195386 652236.9205570817
473257834.2508849502 800620.7596475059
472863495.4798129797 790871.8182002479
473061491.8118833303 793934.3420835907
473086099.2735344172 795909.6140362000
472930383.3965123296 792828.0027705604
472782795.6295474172 788112.2632976746
472835920.2750862241 789377.5176922058
493988030.6795411110 1307224.4200694393
468962865.5880571008 651803.5128422379
472678301.8145587444 783534.3022381043
499813923.3266333342 1394164.7433538639
468891298.0854853988 645761.3211271167
499055783.3674765825 1384272.3866533285
468650790.9368165135 630423.8678669333
499209092.4665545225 1387566.6965059286
494337363.2841718197 1313756.1324717831
468656194.7236921787 636994.5023533702
468817955.8965727687 644498.7590427995
468772673.1367298961 644086.7238865495
468632954.4104734063 630012.1237141490
493864660.9217294455 1303781.6563614681
494241154.6807707548 1310928.1161143612
498911745.6915807724 1382677.2020115501
532848220.8198816776 1720405.4472656250
494157105.5938268900 1308938.6079693413
493926072.7252652645 1306143.8499039486
494079045.0937230587 1308566.2415055111
526336971.1556422114 1713542.7934570312
526344142.2116179466 1713589.2888183594
526178229.0177677274 1713244.2749023438
532973015.6800398827 1720882.4296875000
491142284.3462144732 1249867.4631020939
490778258.1723387241 1249714.0668618595
472309713.5666815639 768020.4845162425
472225752.6978806257 761813.6956215892
472007960.6958410144 758466.1588326488
472029697.0405668616 760262.9337349925
491160378.1201743484 1251939.0836465275
494334320.7003951073 1311711.4085948300
526038098.4683052897 1712548.9270019531
534224387.6622030139 1721510.8139648438
494233254.9320081472 1309794.4942881893
533366962.6702405810 1721242.5112304688
490573395.3501282930 1240908.8024575626
532468486.7325373888 1720144.8400878906
468421962.2784702182 614706.6165816188
532506129.3172506094 1720400.5249023438
468067503.1885655522 597129.2898784280
467085326.9470106959 524329.2215135960
468368857.6876807809 613205.9948841929
487167642.3161101341 1160203.1929620614
519324910.1977046728 1667592.6225585938
468168746.3218000531 603122.5762553811
468311265.5072978139 612900.4782826304
468273664.0482794642 609893.8115754873
468168080.5196713805 602426.1353374124
468085833.7837609649 601698.7246928811
467206103.4491981268 529133.3074529736
492789876.9002636671 1284664.9897831541
556312948.2586293221 1736292.9877929688
467179591.2067636251 528001.1935918896
467313670.3731825352 535942.4145708649
467291393.5286794901 535926.6289563744
467376823.1544259191 542170.6051526634
487454548.4073350430 1172652.2410218955
467524501.4441711903 556749.5603314011
467878228.1513977647 572228.1163911192
492490106.1997362375 1276193.4793160837
467694769.9635685682 565824.7242688505
467830864.0960041285 570987.6415905921
467651976.4941764474 564191.0352154343
492318948.0242468119 1274656.2859959174
492502391.2073713541 1276381.3164742868
467782847.2375519276 570811.5864438383
467905237.4000717998 575458.5762509672
487256351.0084252357 1167420.4761651864
491988423.9498244524 1268917.3742048237
492155575.4462567568 1272721.4780953806
498489256.0673945546 1370153.4408032782
487374788.0567634702 1171823.2762140145
491699572.2861528993 1264541.5641500195
491866856.7406296134 1267773.6574079487
492204310.3034917712 1272882.8214186360
491289207.3051362038 1255535.2057822114
555826876.8538272381 1735029.4648437500
497832135.8756979108 1360309.5999829657
497713934.2517084479 1358477.6761548407
497842220.2666659355 1360408.1873853095
497622105.7148311734 1355523.3174503243
491349159.3960612416 1256180.1626022973
555264198.5427644253 1731157.9931640625
555587152.1148535013 1733137.9580078125
497639510.4732272625 1355867.3399918473
497307326.6792165637 1351259.9380557931
497690699.8051543832 1356939.9772086435
497457942.4616756439 1353700.8648136056
555218890.2198753357 1727602.9272460938
554928663.2202208042 1727416.8291015625
555053931.2454916239 1727521.6914062500
554234278.4244886637 1726435.5678710938
554889285.0233528614 1727005.1884765625
484341711.4816457629 1043648.2473898262
554526517.2124842405 1726509.5830078125
484067581.4911702275 1029754.1052988090
483969183.8469333649 1028790.1743295707
484130024.9852225184 1036185.8805673637
484906443.0312526822 1054171.2829467668
484558281.9718864560 1047092.3982337632
483860219.1275426149 1014038.7845941987
483671574.1493542194 1008441.6993891206
483675900.0796581507 1008956.6909662690
483255137.9481936693 989039.3865657430
483729126.9035315514 1010842.0127436128
483617805.7980550528 1002926.0011007767
483407640.3481932878 997404.1382963639
483523655.6325945854 1002840.9566061478
486999654.3639594913 1083401.5826391054
486771955.8662689328 1077703.9059336258
486941307.6073141694 1081893.5255167622
486864814.3588280082 1079298.4609469173
486692127.8042998910 1076600.3538096023
486644066.1766765714 1076559.9098398758
486418504.9824740291 1070801.2627924753
486393708.9283675551 1068852.8711909128
486149031.1249516606 1062030.7168940378
481780871.5486667752 915371.9685132056
512241520.2513342500 1468940.5550460815
511942592.2216984630 1467669.3659324646
511313784.6762718558 1456738.8167877197
511353305.4365538955 1459748.4356842041
511554534.2238351703 1463303.4032135010
510952045.8166490197 1446919.5398902893
511153053.5524197221 1452545.3206634521
511265956.9463744760 1455392.9926147461
511260469.6286672950 1455077.3063545227
482325752.0317838788 938725.4755728783
482323944.1449018121 937540.8604497255
482851407.6107175946 950213.7475103678
482749074.8244902492 948435.7839757612
482814942.0581671596 948868.2151281049
483231537.5162438750 959565.5199817773
482962861.0214315057 952203.3064129595
482979512.3320043683 954726.0807719771
482878133.5419147611 951634.6620708052
481647763.9582210779 881741.7794134980
481590478.4118191004 874799.4582375651
481508544.4117732048 874179.1466753846
515366102.7952761054 1488531.7255825996
515806592.0568761230 1490452.4360318184
515336286.9075768590 1488369.9921841621
515258549.9922296405 1485748.1579709053
515498538.7933285832 1489678.7270474434
514902079.2125191092 1480497.9820723049
515055478.9875765443 1483700.9400801174
514495804.2595693469 1477981.0449385159
514588492.2929678559 1478378.4157881252
510779156.2129660845 1419492.1914109886
510100460.4461344481 1408818.3476334440
510157599.1952993870 1410748.4423600065
509955064.7822858095 1407797.0822525846
510271857.2744944096 1413404.1215592253
509555885.1840949059 1399491.0425434934
509872728.8748850226 1402497.7976500632
509797568.7823712230 1401233.0471077787
