171136203.6588984430 3182406.7021484375
181864905.6393347681 4010129.4980468750
189246190.7815169394 4127260.4140625000
175259514.6259610951 3754876.9042968750
179043261.0998360217 3930413.4082031250
192714425.1957012117 4150563.9707031250
183202577.0214774013 4034674.1386718750
183488849.3013967276 4040559.9296875000
179074656.0408615768 3930845.5195312500
178992572.4901228845 3929283.7675781250
180597182.6918910146 3977211.6015625000
182654427.2595583200 4024896.7539062500
183310720.9314906001 4037373.6132812500
194718862.4890747070 4170417.8027343750
172855466.3635659516 3524622.0585937500
173947469.2410752475 3649935.5195312500
175193821.7892740369 3746275.8164062500
175432965.2486270368 3764136.7167968750
176253034.5650673509 3809751.1230468750
180025769.6187678277 3961429.8984375000
180707072.6056809425 3978021.9042968750
180735502.2375882864 3979374.6816406250
188787301.7981940210 4122656.9082031250
189030170.6086499989 4126397.4648437500
194549609.9139052033 4168690.1210937500
203537615.8871184289 4188334.9082031250
175107861.9988852739 3742564.0449218750
170800740.7070426643 3024658.4277343750
173878427.8069358170 3641077.2753906250
188102500.3761103749 4115135.4531250000
172851207.7967966795 3521472.9960937500
175988902.5194078088 3799387.8437500000
182720412.1958757043 4027882.7109375000
187630096.7515309155 4109953.0605468750
193262327.4726428688 4162594.4707031250
173025944.2874426544 3552679.9003906250
173016967.8779973090 3550629.3574218750
172805911.1014166474 3517440.3457031250
187692587.0298925340 4111647.6562500000
187981903.5128909647 4114978.6914062500
171255645.9701760113 3215342.7753906250
174825056.8098364770 3718656.2441406250
187659898.1509241164 4110204.3261718750
182527705.6367951930 4024443.2128906250
182923993.2194622755 4030774.9589843750
192725770.1538254917 4157267.4218750000
195163647.7507655025 4170701.4160156250
193016873.3511658609 4158880.5351562500
171233418.9136410058 3212916.7255859375
171219623.5067129433 3206250.2929687500
193672436.7001652420 4165506.1523437500
181150721.3143560886 3988298.6660156250
173157037.1612439454 3567494.5195312500
174848335.1549907327 3722512.8007812500
171999619.7991380692 3382746.0058593750
183226899.1131663322 4036209.1328125000
192756747.4675485790 4158822.1152343750
194579440.0105593801 4170149.6757812500
171164176.3375709653 3195344.9013671875
175858732.1324846148 3792260.6796875000
193992091.3333306313 4168031.1796875000
179279219.7805977464 3938527.7890625000
188112859.5300948024 4115213.2773437500
194068801.1626093388 4168334.6367187500
173201518.5823727250 3574976.4765625000
189013293.8886213005 4126350.6796875000
193071963.1063040197 4161456.7421875000
188006275.2972971797 4115047.2812500000
187871802.5127543211 4113952.4570312500
182494730.9351327717 4023316.9472656250
182848398.3612279296 4030402.5527343750
193052023.1022626460 4160003.3652343750
177091433.0033239424 3855153.5683593750
181377911.6011965871 3998495.5292968750
171796780.3886089027 3346136.7851562500
188816548.1658671796 4124343.4375000000
170924812.9916117489 3091758.3076171875
181486473.9890192449 4002252.4218750000
175138615.7488564253 3743825.8730468750
177997576.0290392935 3891614.7597656250
203396478.8745607138 4188331.0371093750
171148424.7726890445 3186258.0800781250
175020629.2947154641 3734914.6484375000
181463221.9504137039 4001456.0195312500
175833990.6725056767 3791714.5332031250
175770597.4213485420 3786022.1757812500
170794603.2340520322 3011925.7050781250
183334537.9993693531 4038098.4707031250
187489587.4901037216 4106975.2519531250
175881293.6484920681 3793107.6308593750
171834694.5156528652 3354129.0566406250
194346591.3423557281 4168542.3046875000
171801299.3677971661 3347407.1953125000
183919753.8589613736 4045951.0683593750
170813777.0558004677 3036114.6347656250
173477283.3741896152 3601084.4648437500
183828301.2537439167 4043822.8535156250
183830396.2572259009 4044936.6308593750
170910589.1948116720 3085678.9941406250
172779674.5999058485 3514512.9550781250
170807460.5649330914 3029935.8906250000
171943787.1684925556 3374362.8300781250
175828431.9951158762 3791683.6914062500
183739587.4127407968 4043307.4375000000
183642778.0447953045 4042598.9082031250
172889992.1123048067 3531319.6210937500
193629467.1100764871 4165060.7500000000
172882308.7167626321 3528017.6894531250
176085980.1209540367 3805145.2968750000
172885624.3318751156 3528625.0644531250
188117634.6046040952 4116313.3945312500
189271221.7096261382 4128346.2070312500
193821628.3330988288 4166831.5742187500
188167228.7454207838 4117151.8164062500
170911684.7963271141 3091212.0498046875
180470219.4091422558 3973812.5839843750
194253759.7919422984 4168345.5195312500
188908194.3613324165 4124943.1582031250
189585843.9980014563 4130207.4316406250
171923608.7760792971 3370939.7910156250
180015171.6425153911 3960742.7167968750
170841116.0369049013 3047867.1503906250
176527037.5917214453 3826379.6757812500
170997719.2079837918 3130916.0908203125
179951949.7247453034 3956754.6796875000
203393199.2619574666 4188244.4902343750
174071330.8495054543 3657815.5722656250
171194302.3544070125 3199680.0273437500
175397445.7624360025 3763026.5839843750
189516640.3027211726 4129012.3750000000
171038055.3255057335 3157826.7978515625
172815290.9403243959 3520128.1484375000
185944559.0312396884 4081618.4140625000
203325815.3233751357 4188132.7753906250
176600308.7997786701 3830288.3671875000
171878368.6113283336 3364115.5371093750
171751745.9318044782 3331503.0585937500
177998788.8761162162 3892015.0859375000
186264233.7267032266 4086169.1777343750
181789532.7033626139 4008378.0078125000
202230092.0869364738 4186838.8046875000
173565140.2781857550 3609748.3867187500
185992187.9062545300 4082616.6562500000
185828448.1665879488 4079307.5390625000
182044989.7173729241 4013295.3730468750
173655614.7627580464 3621987.1035156250
171692976.5605823100 3314842.7500000000
173790413.0538864434 3632854.7441406250
181908602.6209265292 4011525.9707031250
177077043.4556939900 3853793.0253906250
181161203.4471296668 3992693.5000000000
178962980.2806126773 3927773.9511718750
181987217.3940063417 4012503.0742187500
202390869.9057089090 4187233.7929687500
181682619.6379337013 4006391.9296875000
176276691.0621399581 3816898.9277343750
172166917.4178355336 3409868.5898437500
185715544.5166605115 4075503.3281250000
181277080.9484222233 3995303.1796875000
202620564.1916750669 4187531.3535156250
202444827.3973712921 4187333.1777343750
185909718.9076976776 4080596.2656250000
172118072.1520619392 3403286.7460937500
202100123.1691060662 4186365.7050781250
171075274.5444930196 3167662.3876953125
171079567.2739149630 3172161.2958984375
172199914.5203869641 3412042.2910156250
173393795.2940128744 3594934.9375000000
174981561.9983609915 3732610.1621093750
175992136.0812806487 3800362.5937500000
176433050.7299514115 3824049.1679687500
172215486.3976922631 3418852.5214843750
171792730.4603585303 3342903.1289062500
173900071.0069279969 3641385.4003906250
171966449.1031285822 3377583.0683593750
176704148.2683367133 3834120.2734375000
173760333.0136709809 3631749.7226562500
172047515.0598297119 3392745.8066406250
173332105.1301774681 3586721.0546875000
171005985.6802266240 3140791.5595703125
178810079.8447181284 3923389.0839843750
177027954.0933907330 3852613.7500000000
184184830.3155559003 4049669.6796875000
175601114.5336083770 3774840.0585937500
176259892.9174924791 3813853.9101562500
171028404.2199844122 3157024.7333984375
189860024.1317749023 4131790.6230468750
170928141.0319796205 3104550.7529296875
180257817.7568074763 3968095.4316406250
175681676.1201819777 3780667.0136718750
178054326.8565124869 3894650.4042968750
180177537.5415125489 3966278.5039062500
171055887.3262285292 3165542.8007812500
173322297.2941147983 3586037.0566406250
179969880.3942692876 3959608.1406250000
173860792.1739410460 3639983.8574218750
172153523.3720820844 3406645.1699218750
176638054.2898988128 3832989.4238281250
201890074.4685743749 4185193.4277343750
171343508.4620796144 3221801.1621093750
171259844.0333949327 3216280.1513671875
173804288.1056185961 3634189.2558593750
170880176.5397172868 3078360.5400390625
170889279.6195526123 3083407.3876953125
175809184.5858637989 3790034.2480468750
174806111.3513059020 3716216.5117187500
175061596.4933884740 3739434.6484375000
184408798.8752309382 4052909.3847656250
189441198.9650814831 4128515.1972656250
184273019.5817917287 4050744.3964843750
201539344.6492192447 4184042.5234375000
170828425.5117353499 3036158.9111328125
171593944.7638092935 3297535.5996093750
175496611.4775797129 3767861.8300781250
178068808.5289041698 3896284.8359375000
177127238.3265021741 3856348.3593750000
180047285.8616186976 3961777.3105468750
171614835.1085280478 3298952.7988281250
174045887.5996651053 3655353.4101562500
178187704.7747895122 3899896.4921875000
170910025.5478233397 3085330.5400390625
179352675.9419932365 3940436.1601562500
179167756.2379114032 3934399.2597656250
196333601.6367750764 4171076.6250000000
199553462.1408713758 4179612.8476562500
170854547.8323189616 3060300.5556640625
196437551.4173046947 4171353.3437500000
176962902.2564253211 3850263.4609375000
186962038.3405982852 4094305.9824218750
196426665.9589020014 4171303.9687500000
173903644.1541268528 3641554.1445312500
183902238.3757121265 4045418.0546875000
171635283.0849654973 3306774.6064453125
178354873.9459457994 3906873.3320312500
186695079.9879540205 4091885.8730468750
171834285.5894732475 3351280.2832031250
180103116.4255222082 3963662.1542968750
179464063.6979637146 3943120.8085937500
199470609.2972140908 4177518.6484375000
170871109.6658139825 3067268.6650390625
170843381.2239924967 3052027.7255859375
200297759.1385686696 4182350.3320312500
171779995.6565656960 3339844.1210937500
199723194.4788217247 4180212.1210937500
177861084.9632096589 3888098.2773437500
177971836.4417512417 3891440.5625000000
196926819.0091818273 4171503.7734375000
187088969.7785547376 4097222.0742187500
187026455.2603966296 4095769.4707031250
199702520.1809944510 4179846.0898437500
186745714.4109380245 4093143.1855468750
174514166.0114736557 3686833.8515625000
174564685.8787570894 3690039.8808593750
177825502.5796599686 3885593.8808593750
171610398.7965708971 3297818.9316406250
200425193.9855854511 4182544.2500000000
170978572.0483095348 3121369.3330078125
170971970.6378566623 3112284.2373046875
170981428.9414869547 3124150.9951171875
176921645.0736199617 3847503.2949218750
200641358.3016637266 4182879.6601562500
177297374.0243198872 3864556.5781250000
201136054.0442557037 4183588.2148437500
201423435.5428805351 4183720.7343750000
171417957.7182626128 3240458.2197265625
185921824.1389112771 4080739.7324218750
201041700.0789893270 4183464.4101562500
174668689.0711528361 3694485.9492187500
185581175.8388761878 4074915.2382812500
185730262.5983723104 4076740.5566406250
171723240.6543312371 3324667.3613281250
171484359.4401025176 3256691.6718750000
171432339.1178402603 3248692.0517578125
174631883.4916746318 3694399.3144531250
185499126.8229745030 4072894.0742187500
185875943.3487091064 4079674.8691406250
185516857.4823047817 4073503.2851562500
174463229.8765681684 3684094.4570312500
180958186.4196171165 3982976.9238281250
174367052.7222041786 3677086.4804687500
184703190.8196061254 4058003.1503906250
177347487.6053289473 3866512.9687500000
184824918.8213540316 4058995.5820312500
184949988.0135516226 4062128.3183593750
171583742.7615188360 3279332.9316406250
197141285.5016205907 4171616.5859375000
171478120.5955254138 3252877.6357421875
177264962.5987758338 3862913.2187500000
171564005.0631029010 3277166.4082031250
171545031.2958312929 3269781.9179687500
192507698.2433482111 4148174.6562500000
192326996.3189310431 4146829.2031250000
191623208.1793175340 4139268.8789062500
191930215.6683741808 4143398.5234375000
192226470.6633057296 4146140.4453125000
192511233.3270457685 4148556.2851562500
191269317.0977032185 4134544.7792968750
191568102.1858510077 4137849.3691406250
191233989.8018392026 4133027.1484375000
191293324.9290095270 4134688.5195312500
