403321161.4810221195 509.0087587833
403395947.0543380976 509.5583951473
403410590.5910614729 509.7723519802
403609046.5659409165 510.1918473244
363872465.1932447553 216.4404395309
363904408.0433982015 217.8533173539
363759265.0699583888 215.1476362459
363718971.4017289877 213.8481899966
364698222.6096490026 238.5465597604
364799101.5487465858 240.7483735919
365076186.1387204528 240.9747962582
365338540.8128350377 243.8893889604
372502140.7895489931 333.9253172661
372744626.2578414083 336.4580685376
372509906.2616576552 335.0593679426
372884967.6779532433 337.8236930622
372816015.5572606921 336.8012217200
373366621.1526593566 340.1625676354
373220996.3722500205 339.0689886267
393744188.4942333698 475.7066230774
393135859.2542153597 474.4286328256
396412922.7758200765 488.1488547325
396477125.9464696050 488.6864156723
397249862.8495770097 489.3600174189
396741713.6167702079 489.0075775385
403330802.5986697674 509.0181411505
403698670.3041144013 510.2572634220
403902111.8556799293 510.2994787693
403486267.1728106737 510.1552419662
404183801.2360677719 510.3133332729
410767705.6240903139 516.4824347496
363898651.3082849383 216.7464439683
365124293.9826341271 242.6644080519
365297729.7612447739 243.8255675782
363727974.7172006369 214.7459059469
364869673.4204598665 240.8648161365
364068773.1352243423 218.8579655103
364014130.9447240829 218.0890261850
364781280.2048128247 239.6794943977
364611729.8575127125 237.6905446220
364515295.6120368838 233.6911171415
364128300.3994693160 220.2710605480
364540249.5945218801 235.1209885050
365137656.7135145068 243.7289157806
372770423.8504816890 336.7495543914
392559867.3862115145 470.0258582532
392446730.2258623838 469.6572010219
392912436.0874805450 472.8440113366
392440477.2423872948 468.7599310875
392310514.3454563618 467.3003798723
392856613.8019031286 471.8208214343
393261797.3358641863 474.4682564139
396648635.5951506495 488.7981494665
396478271.4420121312 488.7134693861
402934511.5518839359 507.6916727424
402945411.0606309175 507.9183385372
402773053.0619462729 507.5121338367
410596628.3864675164 516.3442990780
409901905.2018750906 515.3341542482
410175206.9848425388 515.9882702827
410974690.8099376559 516.4967620373
364357723.1535007954 225.8826141316
364382636.3239772916 229.1161691789
364504666.5561935306 232.2778653447
364484740.6280728579 232.1641859356
392328060.2274520397 468.5778478682
364130813.3331849575 220.6340316273
364277263.5900940895 224.9953253157
364167091.5932003260 222.8578459509
371836267.3201377392 325.7154235189
371411120.4071379304 322.6062720610
373515048.2189853787 340.7337018061
373237913.3808258772 340.0749117931
373071392.3411058784 338.5517415604
392633168.9677801132 471.3853527009
402478336.6068402529 505.2295234203
403036161.8341041803 508.8060684204
410724717.5552685857 516.4662199020
410465390.6709791422 516.1586322784
410671429.3397789001 516.4526686668
393129491.1738117933 473.4449650943
393009969.5350018740 473.3641981781
392902785.0122526884 472.1744640768
392991980.7009732723 473.3280493915
371459734.4899991751 323.4352368904
371897780.3921189308 326.7525428654
396413014.9469850659 488.4175893068
364146698.2350020409 221.0280316360
371504324.7732256651 323.9401799197
372801687.4150840044 336.7559085368
372582797.5830467343 335.6646337984
373044183.3982836008 338.5516168153
372453373.8401827812 333.4291788815
372989596.8085137606 338.5395139795
373108592.9688464403 338.8605277738
393368648.7186236978 474.7084722519
396353802.7837398052 487.6653169394
396234484.2816725373 487.5713454485
373238756.7328687310 340.1566253578
373673922.3947176337 340.9672784901
372956845.0915659666 338.4682356318
372568075.9526010752 335.5883810995
372853062.7296305299 337.4768570702
372374305.5753183961 332.9837877119
372712950.3865347505 335.9725822534
372497198.7619061470 333.5785153469
372476608.9085258245 333.5086867174
372225926.7945445776 330.7130582131
372110087.9408019185 329.5141100362
376470814.1536198854 356.8809640119
376176767.2793336511 356.6449009194
403263406.2278438807 508.9112870693
402929499.7066614628 507.6008952856
371761988.1657210588 325.4019942394
376012313.0510169268 355.4018083065
403355548.2474117279 509.0310559273
403363782.3101058006 509.0600442886
409677333.4401227832 514.7933189869
372107516.8134505153 328.0399773827
371749702.9192355275 325.3826437703
375778671.0923494101 354.6157939448
375772952.7672139406 353.1532435368
409680852.4633366466 514.8213374615
409735701.8421120644 515.0236997604
409420192.0582399368 514.1334626675
409849740.8599476814 515.1890974045
364249705.8720092773 223.2477922333
364316213.4826267362 225.0288144243
375193543.1741810441 349.6781065302
375578938.1821998954 352.3359451132
371340070.6887853742 320.5292696560
395817441.6557746530 485.3049647212
395741385.8365127444 484.7755233645
395761358.7827313542 485.2915977836
395594976.3110504746 484.3558872342
395120692.5884122252 481.9697402120
395368193.3371130824 483.6493858695
393521504.4372037053 474.9427931309
395014604.9488400817 481.4113222361
395135038.4263929725 482.5349803567
395228092.7068417668 482.8789809346
395740346.5681239963 484.7665086389
370734135.5512725711 312.8464622705
371032141.7915768623 316.5972924258
395723315.5468503833 484.5309283137
394894662.0349790454 480.4363154471
370940450.2129220963 315.7712294071
371214268.5749876499 318.6229141558
375926800.5965167284 355.2532495122
371365814.3996661901 320.8742391670
371249617.9648151994 318.9003827775
371345471.3078637123 320.7759530151
370677136.4366275668 310.3891804963
370723870.1770813465 310.9673090130
370800903.0771108866 313.5392906218
402739194.6472749710 505.5367296934
409506299.3003624678 514.3533933163
402353854.0675718784 503.4967190027
375464231.5218216777 352.1759599881
394083969.8918568492 477.3916448355
375403517.9366473556 351.4882365229
375266477.2510938048 349.9440688778
375913037.2279574275 354.6471557409
393700453.0266296268 475.6031914949
393828792.3059517741 476.1796338558
402150404.9247261286 502.9530583620
394368019.9010056853 477.5855675936
394380435.3084420562 477.9863168597
394027579.3167305589 476.7090970278
393940998.8035778403 476.6619528532
409288350.4834189415 513.7841572762
409002895.4708405733 513.0099925995
408817117.6442706585 512.8870427608
370883284.2858090997 313.9726834031
375636777.1055058837 352.6178481899
375356054.8611293435 350.7657625513
407994517.4126459360 512.4033701420
408349439.8089925051 512.7006874084
408301254.2054007053 512.6864590645
375672863.6280074716 353.0527246134
408402956.6998763084 512.7057154179
408242370.9180020094 512.6319041252
407773015.0915727615 511.9934017658
370075556.9421731830 300.3793687141
394837129.4579828978 479.7148849368
402059056.6934229136 501.6194075346
401876501.0843710899 499.9288415909
408341722.8103969097 512.7000021935
370742610.1571448445 312.8982698470
370495864.2465364933 308.7905483870
370572024.8115900159 309.9436513810
370626781.5659750700 310.2167871921
370337949.4890978336 305.8100184529
370192466.6364373565 302.8461342184
370276435.6608179212 303.6658439665
370317928.0272995830 305.2932762234
370276907.6723919511 304.0716666265
394423483.4307067990 478.0251708627
402255285.4547673464 503.2617481947
370100480.4269054532 302.4486710942
394721516.3871169686 479.6829010844
402376086.4789060354 503.9172726870
370182633.4377682209 302.5205138982
407617643.2128599882 511.3217618465
407666717.5536051989 511.4701843262
407529712.6354374886 510.9939401150
407749020.9012781382 511.6156797409
369967166.4500600100 296.7719242402
375329544.6669890881 350.3535682918
375099751.7644110918 348.1304035062
374498677.1986243725 343.0002242291
374707479.4894545078 343.8032048011
374580000.5893875957 343.1472667122
374728750.2453492284 344.5778790087
374467605.7372193933 341.8523566054
369458944.9730114341 282.6915129295
399024916.3489314914 492.1044410467
399614178.9816929698 493.5540200472
369927036.8861413598 291.5113736857
369192993.3730419278 278.6934426334
369286182.4947877526 279.8516111165
369348910.4045996070 282.3134824722
369673411.6920670867 287.8480302100
369651320.9951249957 285.8784283190
369650007.5486919880 285.4185483132
369509239.5714853406 285.0487322300
369555772.8249673247 285.2276743669
369779235.2399812341 287.8877352793
369844192.7133105993 289.9553868454
369905871.9325761795 290.7806382198
369857411.0207026601 290.2557808478
368339471.6767247319 244.2611997433
368458694.3291865587 245.8238152959
368366342.7050263882 245.4856393042
368340403.4910564423 245.0739858023
368468480.1003888249 245.9241692517
368683244.9938776493 251.1784487907
368632761.3707331419 249.9871741403
368492932.1270164251 248.1138415207
368573282.5703217983 249.3441763320
368756355.2376565933 254.0553760508
368700767.8323999643 252.5970664073
368602391.3574311137 249.8460662414
369178990.9111745954 263.1314250085
369142544.8775382638 262.8280247062
368924376.1706206799 256.2158199389
369000014.3737419248 259.3583216805
369047064.3918681145 262.3358995978
385736653.4559991956 396.8983718818
385331241.9600304961 394.1575245615
385207498.8943944573 393.1092831399
386131593.1102290750 397.2335086530
399767915.8876919150 493.7508823872
385655417.2750425935 395.9872340625
384978619.7123066187 388.6739792442
399461879.8228611350 492.9524888992
399394321.6549069285 492.8774521351
401607707.4801185727 496.0338373184
400812847.0371215343 494.9623920918
401722575.2247368693 496.0484228134
401469714.9503361583 495.9943196774
401167667.8064738512 495.1303875446
400751449.9669709206 494.4928896427
400609820.2335940599 494.4574105740
400921715.7420778871 495.0668389797
400752509.7510042191 494.8780813217
400891415.9487575889 495.0580890179
400827000.4014744759 494.9771997929
385174327.5879836082 390.4942324376
385108874.5847813487 388.8528709626
385110100.9374379516 389.9004535889
385180905.7770581841 391.0211526370
389427346.9572030902 417.5127885472
389079256.2744274735 416.8385383766
388933934.8989532590 415.9585760962
388811365.7317426801 415.2635108363
388224309.8433400393 409.5073099434
388744497.8812876940 413.6239019018
388183259.3439849615 408.0353216827
388575611.1586148739 411.2888576090
388265881.1287205219 410.3443324864
388412526.2900309563 410.7097010929
387983442.3330042958 406.9301567059
387791658.4169681072 406.0608269507
387719256.7362692952 404.8922411138
388049834.0149242282 407.7924360689
387781767.1485676169 406.0591923529
387583527.3261235356 404.2421126002
386786103.5689018369 398.9522892172
386651176.7839488387 397.4975801939
386963851.3360076547 399.5456242422
386744704.5288997293 398.3919883007
387518497.0005064607 403.5961715812
387385460.4996564984 401.8143316964
387400932.0113080144 402.6085062409
386670610.6071403623 398.3532409901
387079633.5655952096 400.3803470293
387107306.2068423629 400.8328116098
