232581610.3143652678 2514890.0000000000
204553697.0544433892 1793297.6145019531
210814909.4793089628 2118254.8754882812
211962008.1706493199 2158190.4829101562
199793385.1724635959 1251362.4047851562
212707314.9896501303 2180996.2846679688
215365981.9794665277 2259738.1953125000
221313784.5836673677 2400718.4130859375
227198005.7248802781 2482655.2792968750
227216585.5508153737 2484010.1005859375
204530733.5048476756 1792130.9548339844
205677188.2187854648 1877837.6523437500
215307647.0219107270 2258469.2998046875
221289217.7482154667 2400575.2587890625
200564807.5803090930 1431403.9272460938
221384894.6753814816 2405157.9121093750
221579903.2450924218 2407470.3916015625
223008448.8610022068 2429085.0458984375
224750482.4261913896 2455298.8837890625
232402336.3992157578 2513764.2988281250
199926018.2441090941 1302068.8493652344
200404343.3466537297 1406933.7756347656
206556857.7891188860 1919573.4072265625
210623351.8520152569 2115027.0893554688
215377281.7259008586 2260006.4052734375
224094676.8177023828 2447391.5390625000
199846605.1287407875 1287750.3215332031
201508565.8823107481 1533408.4355468750
202272795.8820611835 1603833.4792480469
205764124.9709091783 1881039.3002929688
214610048.2060382068 2239420.9355468750
218928449.7396019697 2356334.0869140625
221035766.8697327971 2396710.5058593750
220703881.0109386742 2392706.9482421875
228212226.6975606978 2492089.0292968750
209944422.7428208590 2086249.4238281250
210546070.2747243643 2108477.4584960938
210686598.1304278970 2116200.2094726562
222927200.9639240205 2428936.3076171875
227154144.9782008827 2482397.7509765625
235673014.5677516758 2520214.7265625000
237940587.7371807098 2521783.4375000000
221359023.3702123463 2402218.7041015625
201049654.7601965368 1496310.8464355469
205571782.6303231120 1869290.0031738281
214477516.0160289109 2238251.0644531250
215151102.7016191185 2254273.3134765625
223774368.0230061412 2443448.5419921875
233373425.1899084747 2517033.7255859375
237995264.8309289813 2521783.5800781250
210586128.2333359718 2113277.0239257812
214795413.4191241562 2247716.2226562500
219029676.8671961129 2357265.1621093750
224510210.2951088548 2451916.7587890625
235360801.9363456070 2519961.7666015625
199736976.3873195052 1243236.2446289062
201370042.7615480125 1520393.2929687500
219501163.6918239594 2370217.6328125000
219785406.7576545775 2374562.2880859375
228726127.6974748373 2494402.8808593750
235337862.2982333302 2519955.6210937500
219060233.5728541315 2358497.5087890625
224397153.5348518491 2449787.7802734375
224211534.9247679412 2448596.7001953125
206783630.2938385606 1933191.5434570312
221360013.4531969130 2403099.5722656250
223587377.5466526151 2440011.6923828125
233172314.9803445041 2517021.8828125000
200534303.2294910550 1430020.6064453125
223695698.6906332672 2440459.0322265625
237661766.5493479073 2521610.9970703125
200055173.6460918188 1309912.5905761719
220986453.3586907089 2395651.2714843750
223767183.9248056114 2443416.0361328125
220949309.5155118704 2395126.7568359375
206992228.2177060544 1938374.2783203125
219991886.7927669287 2378524.7626953125
223485415.1781649888 2439058.4912109375
200469201.0092880130 1421995.0659179688
207407915.5490763485 1942154.1206054688
223145068.9205352068 2433938.8525390625
237365369.3859936297 2521347.5517578125
214636630.7338794172 2240025.5439453125
218288416.9744182825 2342053.0146484375
201174386.2596692443 1506829.8000488281
201177981.5074123442 1508548.7561035156
202090676.5178833902 1590366.6218261719
204432695.6899203360 1786693.5798339844
207127513.8568978906 1938909.5004882812
214960797.6352491379 2250990.9121093750
217433959.2528641820 2314140.9052734375
233119837.9497566223 2516829.5371093750
217773045.0935281515 2329844.0263671875
226750733.2946091294 2478932.5419921875
232819658.5808875263 2516033.5957031250
201060085.3923994899 1498750.5578613281
199904993.4878590405 1297521.1994628906
202106317.4823836386 1591686.0688476562
227317756.0991907418 2486731.8886718750
237171367.8018550277 2520894.9638671875
206671302.6366769075 1928067.4301757812
212944086.3258721530 2187622.5253906250
215521392.7368898988 2262298.6093750000
227003959.4484371841 2481596.8066406250
204494808.0802283287 1790909.7722167969
206920954.2305074632 1937683.6523437500
206817913.2388341725 1936167.6958007812
231111914.3867565095 2507761.5976562500
204523503.7230107188 1791634.4780273438
217719912.8821880221 2328785.8955078125
200965367.4267050028 1479479.1350097656
205632152.7584220767 1874347.2043457031
235999458.2183696628 2520441.8769531250
199735364.3360381722 1238246.8212890625
210203774.7619739771 2096810.6030273438
212775363.1847843230 2186274.8681640625
228413685.1016112268 2492200.1044921875
232715318.3167127371 2515895.0410156250
199732386.1779346764 1237766.2990722656
226870783.7359978259 2480214.1953125000
200881699.6841836870 1477485.7502441406
218094586.5030712485 2338805.8955078125
199826776.7179152369 1253065.4128417969
210698676.6515287459 2117432.8657226562
199877465.9060351849 1290567.5234375000
213118604.7667647302 2187794.2910156250
232804926.2381239533 2516028.2861328125
199729623.5504956543 1233185.1093750000
201041898.8106385171 1489282.8540039062
214761746.1795939803 2244895.3828125000
219104287.2562769651 2359321.0673828125
200567336.1335333884 1432199.0683593750
227341782.7535771728 2486733.9267578125
236913201.9518664479 2520857.1669921875
206559561.3654401898 1922936.3544921875
220586645.4823813438 2388633.2705078125
220200981.1445765793 2383701.0166015625
200977578.9916866422 1482921.4006347656
214759220.7005923986 2242264.6220703125
200838101.8302782476 1470994.1198730469
206069833.7115359008 1895233.5268554688
236833787.0020068288 2520820.8613281250
200481890.0042764246 1424351.0639648438
226040168.7038664818 2469018.5927734375
227700800.2531138062 2489056.5742187500
227254963.8751615286 2485906.9921875000
214694030.3840034604 2241047.6826171875
204738973.8618437052 1810969.6962890625
212612694.8694950044 2180837.4228515625
218569838.3932422698 2349755.7929687500
206490133.4814189672 1919405.3710937500
219223466.2747353613 2362761.3037109375
214434178.0069074035 2233923.2246093750
218677125.8221479058 2350183.4277343750
206396725.0159038603 1913530.6098632812
234957538.3007148206 2518454.6630859375
205817104.8847784400 1882679.1586914062
219134956.6162342131 2361165.6162109375
219180199.0031481385 2361454.9902343750
235836006.6850224137 2520332.9804687500
212049462.1694408953 2164482.0405273438
206474844.9644614756 1917407.5375976562
202227186.2313424945 1602355.1389160156
210149762.1471984982 2093485.3422851562
205003634.4028041959 1827208.5659179688
230448528.0223562121 2503413.6308593750
218744638.7386047840 2353795.1298828125
206640617.2059469223 1925013.6933593750
206328619.5017631650 1910404.9448242188
202126537.3231252730 1593460.3308105469
230337281.9382319748 2502971.9375000000
211976151.6337631047 2162116.2163085938
230406300.5922793448 2503053.7128906250
230036437.5076022446 2499579.1074218750
214379896.2396153510 2232557.5917968750
236664479.6470004618 2520742.7880859375
205907660.5988244712 1889128.0478515625
212298076.3098334968 2171523.5097656250
222632239.5888278186 2424938.5820312500
230661609.3703157008 2505349.0136718750
236599398.1205152869 2520453.4697265625
202204486.3875141442 1600198.8620605469
202357995.1664355397 1611852.7590332031
210362737.1271972954 2104020.1215820312
211846298.5956715047 2158098.3022460938
211791147.2259717286 2155094.2397460938
200685896.6766899824 1447872.5690917969
211171932.3059261143 2133501.6323242188
211507824.3822235167 2146367.9067382812
235602211.0414035320 2520112.4208984375
200726187.5860355794 1451904.4008789062
202478355.0540074110 1618430.2265625000
209828236.2712421715 2074206.7788085938
204943575.9860427976 1825138.4614257812
222850611.1216200888 2428840.4863281250
200619813.6167250574 1443424.9995117188
222288559.3266772628 2418172.1503906250
200735822.2012147903 1456825.1274414062
202858602.6060329676 1622261.2614746094
209900210.4170808494 2078290.8300781250
202158595.7113198042 1597138.7922363281
204944179.1108083427 1825166.2885742188
200770742.1301097572 1460718.6320800781
209879720.8370496929 2074293.8666992188
200358450.9118733704 1387699.6210937500
219409308.6689852476 2366473.5253906250
210018993.4604422152 2088574.3706054688
219118746.1194325387 2360632.7451171875
226769182.2030175030 2479285.7431640625
211066214.7382947505 2129796.4458007812
210991157.8113894761 2128700.6137695312
210738284.4320834875 2117799.3549804688
204484014.2923751175 1789140.1101074219
205310280.6731908023 1846546.7258300781
231786978.4273894727 2510246.1679687500
201998672.5103110671 1577810.0471191406
205328954.3677958548 1846800.9689941406
226952517.6617863178 2481460.2031250000
231614393.1486569643 2510206.5859375000
199829491.9746260941 1274839.5927734375
202001160.8357715607 1579878.6320800781
201951467.3422410488 1576046.1748046875
200382298.9066105187 1399755.7890625000
204474255.9776608944 1788487.1999511719
226391089.8076057136 2475909.7792968750
201870061.6820954978 1570467.4299316406
210835587.0672083497 2121356.1030273438
205418663.1517643929 1855236.7004394531
205392522.7800086439 1853888.0998535156
201736479.9941402674 1547982.3852539062
210901361.7360777855 2123569.3520507812
226945329.6678301692 2480554.7861328125
201742084.5113245249 1550587.7023925781
210837925.2450355887 2121495.9135742188
210398722.2431840599 2105912.2280273438
231988705.3990886211 2512211.4570312500
209934137.1917754114 2080864.5053710938
222183027.1560490727 2415967.9130859375
231807276.9318788052 2511256.5332031250
231842181.4372205734 2511502.6210937500
231006186.7334271371 2506440.1503906250
204697368.9809444249 1805687.7624511719
204595347.1673763096 1798548.9714355469
201746231.7804889679 1552848.8566894531
225463320.2969683409 2462008.5732421875
225440292.0499695241 2458446.0703125000
201680005.4561403096 1546242.7497558594
201778637.7350650430 1558591.8085937500
201563589.3591308296 1538096.0288085938
205217045.6259972751 1841714.0573730469
234702531.0604652166 2517573.1464843750
225889026.9991929829 2468220.9804687500
234908995.6339215040 2518418.3476562500
213839225.7510253787 2217216.5126953125
213964133.6865251958 2218855.6533203125
213396308.6744888723 2201723.0312500000
213592262.5753384829 2205805.1640625000
213638746.7202862501 2209456.2724609375
213830765.9771659970 2215276.1103515625
213455574.2012743354 2205322.6601562500
213183954.3247560859 2195785.4677734375
205146141.4118621051 1836649.3801269531
200088679.3151444495 1315983.9548339844
200166854.9366312325 1317707.7729492188
229806413.6486807764 2498182.6103515625
229602285.7292024195 2496251.3251953125
216065509.6920983195 2267806.3847656250
215904001.0774563551 2266578.0400390625
229538455.2270491421 2495757.6640625000
200326272.2499059141 1351583.7775878906
204160154.3595785797 1728263.9084472656
200254854.6172800362 1331681.6223144531
200351888.7655305266 1353735.9250488281
204326012.4059370756 1736680.9543457031
200311421.5344783366 1348471.1008300781
204334200.5985113978 1743244.3435058594
216865499.2790487111 2284617.5136718750
216932348.1937668025 2285651.6748046875
216832473.5191262662 2279913.4750976562
216860056.2534807324 2284492.6259765625
200297295.2743491530 1341504.6101074219
216855202.4786648750 2284056.9638671875
217114728.7216142714 2293331.8886718750
217061794.3501229286 2290847.9785156250
208773602.4989593625 1995082.8129882812
209067988.4195137620 2003661.7045898438
208747284.8874470592 1992078.9218750000
208650048.0357693434 1988871.1000976562
209762267.7917309999 2031766.4931640625
209656297.5397636294 2028251.4467773438
209510547.9904837012 2023109.0961914062
209732337.3111203015 2030118.9130859375
209471144.4969251752 2020397.9443359375
209606662.2723930180 2023488.9306640625
208279689.3030164838 1959566.2915039062
208084343.9952552617 1949612.4428710938
208063995.4496311843 1942996.4038085938
208072858.8988069296 1946026.4731445312
204051152.8147383034 1628381.6430664062
204093510.7574745119 1629798.9521484375
