210419645.4763605893 769383.6108398438
210694455.1565887928 770473.6430664062
210803261.1065791249 770651.4770507812
210676840.1916061640 770465.7402343750
210961876.9509418607 770699.0014648438
215116849.8832980692 775263.2163085938
192236712.6181872189 278809.2547158247
210604649.6755233705 769519.3291015625
210617319.8715282381 769878.6367187500
190944392.6859692037 201237.1725373268
191116527.1673853993 218073.0477778614
191981142.6776953638 271051.7039345747
193410135.0060230792 329790.4672756046
194265251.5767091811 361085.5986987203
193851563.9082870781 346268.5396987051
201510970.2547369003 595577.3626879975
208641211.8006652594 743958.5466308594
210415767.6357236803 769374.3320312500
211373121.2191086411 770943.6879882812
211230383.0589401722 770878.6308593750
201623951.1568109691 596148.5136909931
216678954.6019102037 776627.2319335938
191172850.9395832121 224322.0651078224
201678948.5420506001 602019.7954292743
201748984.1839950979 602197.9785347431
201878326.4346538484 602207.4262886493
202027371.6887057424 609122.1781712695
208396318.9456201196 740584.4291992188
208318878.2950420976 739976.8610839844
210102261.2976196110 766831.6430664062
210214712.1502397358 768267.7890625000
208385035.4219600558 740252.0000000000
191268724.9670375586 224807.0973687172
191931444.2258307636 265586.5469521529
194730882.9814759791 368740.4372904152
208235582.8733240366 739968.3044433594
210192396.1112771332 768240.7534179688
210206202.1653836668 768244.5932617188
211265355.5850476027 770882.9633789062
215444837.3866260946 776232.8291015625
191021321.4091689885 210209.4182572365
194182864.0095945001 354707.2936659902
194303423.8637606502 362980.8906595558
194476118.9012003839 368240.8700659126
204480236.3517339826 665169.0325527750
210092789.8214887679 766814.5917968750
215778253.8542748988 776478.4414062500
193070225.8596154451 315682.7179057598
194550891.6272231340 368410.0788919777
201880027.3769194484 606038.3462105243
202291658.8989716768 617491.9764138384
211168920.1181126237 770868.7197265625
211025965.7024202943 770762.8588867188
191177221.4667706192 224606.5501765609
193129400.3541030884 315683.4389750957
193976252.5445307195 347294.0044814199
201653417.7305788994 596351.5609322040
203796379.6266914904 653636.3898770603
209850040.8521452248 762683.0993652344
209976949.3002443910 762836.4895019531
215164664.7976541221 775796.2680664062
194791516.7218747139 369064.8446931690
194092678.0140004754 354466.8304788917
194213738.2026060224 360971.9426615089
191133785.0948891938 218678.0933894515
191073193.3602819443 217012.7140336037
191898458.3594270051 264253.8623791283
193294942.9308085144 323574.7616679668
193415792.9634712338 330614.6580920815
193987730.5282843709 353212.5446425527
202201231.6930665970 613205.4732152148
203965566.0823856592 654456.9429166111
204372693.1463575959 661972.1593472752
204098551.9639700949 658337.4315640720
216278898.4774698317 776590.2875976562
204171078.2862268984 659112.2845914158
204492398.1238240302 665248.4465093407
204417170.7416831851 662457.5104012283
204613320.2568366230 666443.7962899002
204010592.2961692810 658290.8134000095
210361072.2639407218 768716.1899414062
190999718.2150653601 202938.8210968971
191001041.9806106687 208994.7233185768
191087982.5100328624 217374.4339519199
191035985.0622926056 216564.5143265724
191843806.3607585728 263294.1531533247
193352116.2767132819 323958.8334910870
193836898.7466051877 345122.6852061749
201943327.6889455914 607915.1475316210
203787472.5199184716 653607.7749478611
203686170.5930606127 650519.8004736694
203666837.5989224911 647835.5291757546
208229918.9729835391 739079.7922363281
208942050.9451106489 746810.5727539062
191382999.2682171166 232240.9829707146
193794220.2710437775 345105.5149593204
202079751.3771455586 609472.2780247851
203754675.0015425682 651347.9059424194
203898252.8265291154 653716.7209324072
209786834.8845761716 758843.4874267578
215452734.2822226584 776329.1455078125
191300466.4277458787 225159.6817142963
191359813.1956678033 227359.4965129739
193493940.8744738698 330719.3705089092
193543948.2214308679 331171.0072276592
193772617.5487777889 342346.4195811749
193776586.7446463406 344161.9142100811
209617774.5584674180 757914.8920898438
209818351.2685172260 760099.9251708984
193571062.2544696927 337355.2208507061
193373086.4032489955 329770.3484599590
196344535.5666119456 425844.6362221241
202157061.3005098403 612827.8628636523
203341384.7709113359 641673.6393408569
208560717.2743207514 743290.2260742188
215550437.2160653770 776360.2153320312
215874770.1378996670 776514.8964843750
203900631.9156779349 653836.9216246399
208138622.6581265032 735530.9074707031
203441687.6478319764 641688.0975928101
193189472.0645577610 322000.1907451153
193025938.8122218549 314281.8201396465
196730128.3251123130 439300.0491249561
202129153.6305915713 609723.1787816210
191978860.3398374617 265693.9253796584
193001959.9932557642 308665.3092399687
216028167.9616669714 776563.3886718750
191777030.6756695211 256458.7837933546
192885015.7306151986 307768.9075419903
209805030.0561605394 759796.6243896484
215922328.7976673543 776546.6469726562
215801165.1248681843 776505.1425781250
192731366.3218412995 300270.4370372295
192807911.3983348608 302086.3257576283
192682299.8787589371 299999.6516826153
191853334.6904295981 263654.1868275648
192725170.0048688948 300024.9183982667
203330291.2448557913 641347.5142591558
215906037.3408860266 776521.7016601562
192824692.6052428186 302274.3346576151
192653051.0106769800 294568.8190330323
192590990.6809137166 294515.4404929932
202210736.3468867540 615692.9155980273
192858477.4608313739 302742.8842338379
191348648.2402044535 226407.6837518758
192196432.6863644123 277956.6608080119
192233551.2415882647 278438.6524134129
192412379.5105065405 281878.6961646527
192594364.8101507127 294549.8438133057
192456024.4674338102 288450.8983588666
202558138.6543781161 623326.6854828425
208516367.3052890599 743080.8222656250
191588816.7161306441 240324.3805693930
191461675.9990127683 234020.6467016286
203018692.7381322384 634844.7737806402
203255738.0661728382 640250.1348646246
203278707.6968649328 640342.1890638433
192416808.9265379608 286944.2879615277
215740285.5860187709 776468.3784179688
191737260.7208401859 250898.6659142023
191799673.4970335066 257452.9215802199
203223514.7880738080 640209.9898450933
215662695.8579773605 776395.9619140625
192239796.3619787395 279610.5218830556
192081390.4463932216 272419.5458655804
192168233.1615335941 274408.3531818837
192274038.1354303956 279906.8312884420
192032753.1108933985 271341.0135169476
196726248.1021892726 437652.2122108936
215617903.4235275686 776392.5830078125
203060708.5617550015 635846.3404310308
191703594.6118962765 242753.4958095199
191588216.7036849260 235754.4058495408
191622670.9295612574 241944.0941828734
191489412.4502827823 234305.5750801212
191669981.0959336758 242028.1044655687
208480547.7144983113 742934.9914550781
208426214.8885888159 741570.8845214844
191503997.1838011742 234438.4107414132
202074956.8083191216 609202.1918965891
203184508.8154639006 636206.5143230982
196743402.5538071096 439860.7231182456
202906946.4649388194 630454.2828339167
196431637.2755089104 427619.7136757374
202735703.2595257759 628626.0628632136
202727257.4853399396 626396.4302338191
202796357.2669347227 629348.2430389948
202620634.0252046287 624874.8529796600
202423631.3659799695 620530.5933324023
202465487.6737735271 620662.2671605273
202421449.8298985660 620204.2495824023
196545800.0759071112 432293.5745155811
207868409.1688990891 729661.7629394531
196501604.7804531157 431591.2073280811
207768145.0992464125 728864.3009033203
208084184.4774775803 734948.9423828125
196626897.3375944197 435816.9620888233
196455226.4043586254 431528.4270546436
207698190.2606508434 726284.7221679688
196553236.7696094513 432919.7576210499
196230225.2003910244 421556.5418007374
207942151.3482594192 730623.7829589844
207987280.4995801747 733624.3945312500
196158453.8270769119 418336.0060036182
209227238.9937680960 753119.8937988281
209599638.0924581885 756420.4838867188
195999954.8360527754 412932.5591652393
196117598.8379350305 417378.8186562061
209462738.9300217330 754656.1997070312
214153019.4452358186 774208.3193359375
196005583.2094215751 412961.4988407907
196086200.3371040821 413919.4897072315
209437577.2884849310 754309.6440429688
195857070.2879647017 406738.4488136768
208748246.9803550839 745403.3714599609
196110408.4083567262 413952.6294777393
195860220.2863767147 407578.6621925831
208721679.1088196635 744450.0638427734
214196182.2352857292 774244.0195312500
196116834.6383455396 414469.6556229591
205423567.5434671938 676103.1383314133
205746999.5821289122 677592.6050329208
195795059.7564786077 402261.0034012794
205060665.9053010643 670915.9171514511
205170292.6440463662 672112.4368753433
195485530.1749492288 389480.5488350391
195571143.9980400205 393064.1640694141
214359072.3434582651 774299.1181640625
195626046.8984868824 394215.6297676563
195723323.6200724840 396771.0508830547
205226621.7559161186 672312.3648126125
195621613.4769726098 394129.5058662891
195319501.9550782740 380009.8286265156
208948410.7880549133 748993.1262207031
195001353.5033973455 370516.8314341328
208841346.5078244805 746732.1542968750
209013493.8730445504 750309.6252441406
195236271.1241400838 379007.7318247578
195477029.9229889214 386323.4813364765
214810068.0829901397 774638.2416992188
195025350.7767629027 372124.0806406757
195604757.8949587643 393084.1010811329
195351284.4149812162 382661.4450510761
195157369.2513122261 377711.9207896015
195111714.0408930182 375094.0890024921
209540205.8962903023 756353.8017578125
209530958.5597546697 756080.9453125000
213968781.3894039094 773193.0620117188
213826182.6233061254 773082.2680664062
214257360.2767247260 774266.3393554688
214380715.4631993473 774301.1230468750
214084319.8038829267 773532.6611328125
214698845.9264498055 774580.5097656250
214583599.1845306456 774572.1635742188
214495406.2218963206 774521.3203125000
199380307.0875257552 504544.9488431215
199368734.1332485974 503587.6892786026
199464028.6585483253 505700.1151906686
215017197.6490333378 774734.1684570312
215018149.0385887921 774788.5341796875
199345083.1623447239 503228.0381937120
198987092.2338145077 492346.8738317490
198816385.2300710380 484733.2333226204
199224140.7632838786 498345.8339605331
198909077.7167717516 485854.5884313583
199017129.8557754457 492657.2830114365
199578677.3499248922 507599.6999380589
199709187.0824953318 507968.0232782364
199108180.8014629185 493969.9723272324
199038542.4350690544 492887.5066442490
198939543.8737873137 486222.8933629990
198789709.7906825840 478052.4688318372
198770135.3977059424 476452.1201379895
198670021.9336887896 470548.7926233411
198560841.4993112981 470010.0191858411
198560177.6387208402 469040.0602625012
198508017.5923979580 463864.0365808606
198259802.0128363669 456813.4131148458
198348246.6065980494 458217.5543501973
198465716.5847750008 463194.9256880879
198385349.9087584913 462619.5521529317
198329246.4943298399 457421.8155840039
198217824.6383340061 454839.8717363477
198032107.0843215883 447109.9371660352
198031944.9248641431 444049.0389726758
198132526.8941769302 447516.8329070210
198024796.1090197265 442149.2901280522
197990468.5017637312 441414.6445525289
201504462.2065131068 528832.4573692433
201347172.2177822590 515794.9028833522
201471699.6993267536 524171.7503660335
201395982.8352636695 522947.9798582210
207680504.3538216650 687169.0497741699
207420897.1751706898 686701.7903385162
207633510.5233571827 686992.3479557037
207499398.0400857031 686802.5315494537
207081821.9730878770 679612.6113834381
207352669.1393855512 681874.5677490234
207031567.1569249332 679436.4194889069
