166543237.3041170239 2730466.0332031250
160365621.1119552255 2053323.2353515625
160538660.3716903925 2114956.6572265625
161099301.5114639997 2274129.3085937500
161259385.6355938017 2307981.5585937500
161255067.9383374751 2304938.9853515625
161796481.4383915961 2381107.9365234375
162702942.6143618524 2491133.1611328125
162732617.4607971609 2494982.6533203125
163059418.7425355613 2526113.2255859375
166068722.5253306925 2706501.1718750000
166423421.3702128530 2725014.5585937500
168390165.8383329213 2786446.4257812500
178406727.7431634665 2890742.7441406250
178324495.7664116323 2890619.5058593750
163316720.3676560819 2539158.4775390625
160524597.2665139437 2113913.1972656250
160555424.1923059821 2120799.6044921875
161991770.6177601218 2392975.2988281250
161811402.5416375697 2386017.7724609375
161815641.8520103097 2392618.9267578125
162737495.4588747919 2497880.4453125000
162469605.6292358339 2471439.0244140625
162975916.0116638839 2525617.4023437500
163883078.7080690265 2583660.9912109375
163892762.0591496229 2584401.5810546875
168443154.4736078382 2788516.3828125000
168342977.6333389580 2786138.7070312500
170703836.8266975582 2833771.1230468750
172799204.1709232628 2860196.3847656250
176912105.5560060441 2885644.8378906250
168332919.4276904762 2785379.0878906250
160412923.5735522509 2084282.9687500000
162590557.7156276703 2486548.8935546875
163934562.6343781352 2586861.5771484375
165667772.5103693604 2687448.2910156250
171437151.4815652966 2845948.9296875000
171374101.9825885296 2845074.1640625000
161710306.0085811913 2378614.9804687500
161566381.0404160917 2358055.0605468750
161195804.6727336943 2297481.8046875000
161640507.3915040195 2373689.9277343750
162834545.0493665040 2503217.8505859375
166105337.6521629691 2709372.4375000000
167722644.2626081705 2766042.7285156250
177786510.0485062301 2889281.3984375000
162951734.0155558586 2518889.9365234375
162866535.4981450737 2508269.5283203125
163878606.1591582894 2582820.1250000000
165943920.8820236027 2697402.4882812500
165963277.4082938433 2699302.7363281250
166122171.7428408265 2711964.6113281250
170463392.6363045573 2828582.3183593750
171121536.7821073830 2841206.2656250000
172648312.3894009590 2859086.8945312500
176446071.1165499091 2881091.9726562500
177574691.2172030807 2887347.3671875000
180077347.5059891939 2894064.5390625000
168558607.0134667158 2790663.2363281250
168637885.0510993600 2793095.5917968750
160429995.9788988233 2093858.7978515625
160482638.0197755396 2111002.3320312500
168244610.5067276955 2785241.0546875000
172365655.4281266928 2857542.9570312500
160377169.9458584487 2057102.8837890625
160441180.4764693975 2100131.8671875000
163147580.5507307351 2532169.1074218750
164026882.2271555066 2590336.0410156250
171341601.5178525746 2844993.2070312500
171793972.0078274608 2850099.8574218750
171401351.0319696963 2845098.5097656250
171919919.3016582131 2852488.6914062500
172418869.8508292437 2858269.1777343750
172165282.7960502505 2855003.5429687500
176344898.3127734065 2878452.5039062500
176632199.0564105213 2884134.0156250000
177709162.9005715251 2887406.2402343750
162863990.5363998711 2504119.6201171875
163142167.8060466349 2531569.8056640625
162890119.6660584211 2518447.7822265625
162701795.8579517007 2489905.1757812500
162744026.7502140701 2503114.4697265625
161182061.9116952121 2291307.6835937500
161565314.1885377765 2355085.0751953125
161556996.7674965560 2353380.2646484375
167702040.2585029304 2765615.9257812500
167987662.1131765246 2777389.8867187500
172190668.7096100152 2855067.9296875000
172233692.2045615315 2855094.9160156250
161128482.1524257660 2280754.2734375000
161733211.9629056156 2380190.4980468750
162473956.8760750890 2473822.1689453125
165871162.2033959925 2695655.2636718750
165756156.1586389542 2690635.4140625000
171110302.9150435328 2840493.9082031250
171636161.3334277570 2849916.2500000000
172235692.9420685470 2855844.3632812500
172032708.4022684097 2854201.4511718750
160407699.2589440346 2069364.8867187500
164096889.2125784755 2592739.6308593750
165816270.2260112762 2694200.3183593750
169315778.9649446309 2806811.4375000000
171136883.3520866334 2842210.0292968750
172008513.6065101027 2852849.3046875000
177750110.8252830803 2888040.0410156250
171847025.5110876262 2850776.2910156250
171489744.4881729782 2846922.4238281250
171168782.7936127484 2843531.4121093750
170994754.2021077573 2840184.0527343750
170910029.4415583909 2838289.3417968750
170987089.6666066051 2838592.4511718750
170837783.1215308011 2836679.4707031250
160427784.8330637813 2087000.0615234375
161142359.0430034101 2286608.6484375000
164078696.5875425339 2591032.5400390625
164105883.0392077565 2593702.3076171875
166332348.2217728496 2718923.4843750000
167858837.8156694174 2774407.4140625000
169104822.4328790903 2801909.4863281250
170435807.7086487710 2827654.0175781250
170554176.7508053184 2832496.1542968750
170526536.0985165536 2829643.9296875000
173663291.1862234473 2863179.6835937500
173620584.4884311557 2862329.3476562500
170314003.8598524928 2827583.4062500000
170179903.3571978211 2824768.7031250000
170082224.5515019894 2818682.4101562500
160388585.9925892949 2068172.2558593750
160411264.7354203463 2084180.7226562500
161150678.6726104915 2288381.4101562500
169679575.5898152888 2813286.5449218750
170027095.9274435639 2818071.3496093750
178518675.4229080677 2890787.1875000000
179542464.6064146757 2892804.5761718750
170123122.6647384763 2819338.9121093750
169933711.6551303267 2817612.4492187500
163969212.6035169661 2589850.4833984375
165865571.7856427133 2694572.3007812500
169966003.7982674837 2817616.1738281250
169540701.8697278798 2810911.6738281250
178012531.3917689025 2890420.3925781250
169533287.8864178360 2808844.5058593750
163761743.7715005875 2575699.6962890625
169258607.3593937457 2805097.8808593750
161591025.8318352699 2365203.0908203125
163602489.0958416164 2566561.5341796875
163801489.9762528837 2579698.0771484375
168839527.4541434646 2796715.8437500000
169191437.2876839936 2803875.9667968750
168822385.5572163761 2794987.7539062500
168977687.6128755808 2799515.1914062500
161635684.0407546163 2367373.6484375000
163674384.0135754645 2572294.2001953125
168893926.5471112430 2798460.9316406250
179622103.3862929940 2893097.3242187500
162453415.2903633416 2467553.4384765625
165800561.9472904205 2693828.1875000000
166154581.2422918975 2712437.6054687500
168747196.9408354163 2794229.4765625000
179736110.3774099052 2893316.4687500000
162612297.1780851483 2488674.3359375000
162526500.8324796557 2481504.7158203125
163532724.8537577093 2553923.8730468750
162325167.5215060711 2447212.1474609375
163495580.5874864757 2550199.5029296875
164763899.1403752863 2632227.3808593750
166215235.2991561890 2713661.3183593750
167325478.4064049125 2752587.9335937500
167595338.2180305421 2762184.3984375000
167661202.6052348614 2765414.3847656250
160543112.8656734228 2117716.5693359375
163394946.7375881970 2548235.1621093750
163565938.5457448363 2561357.1376953125
164511850.8511098027 2619003.8437500000
179269593.8918706179 2892543.2187500000
179270898.7852450907 2892667.5429687500
167791118.1794185340 2766708.8984375000
163361865.9524207711 2545242.7167968750
163555191.5942825973 2556987.2910156250
167802094.7603440583 2769740.5859375000
167490630.0055121481 2758933.4843750000
167794847.8258271515 2769383.0996093750
179053226.5170499682 2891950.1035156250
178770013.2550965846 2891908.0156250000
163561355.2881688774 2557366.4707031250
167745428.1154460311 2766362.3828125000
165977246.0426052809 2703607.0644531250
166082723.8922220469 2707319.3378906250
177311357.7584370971 2886792.3496093750
161468843.3716716170 2331888.5458984375
167369470.1234445572 2756276.5468750000
176883045.0150583088 2884862.8886718750
161351233.5706647635 2318539.6054687500
166325432.6881664395 2718498.9707031250
166088943.5789100826 2708842.9238281250
161394323.2375892699 2321135.9619140625
161549422.9122536778 2351802.4150390625
161483235.7063795924 2341036.6064453125
176737577.1693145335 2884251.9375000000
161501301.0149810016 2342478.9013671875
161508279.9066505432 2348816.0224609375
166264982.8851428330 2716751.7187500000
160652855.9409800768 2127570.2597656250
160635374.5669461191 2125979.9931640625
161469015.0429676771 2335175.9140625000
163292206.9134450555 2538163.2050781250
177721203.4580340981 2887806.9589843750
161397353.0298481286 2329579.9638671875
167564359.5444506705 2761119.5878906250
176890075.8123813868 2885034.4628906250
177459542.0472156107 2886904.3007812500
161349609.8871849775 2311754.1416015625
163350120.1683395207 2542921.5527343750
176960340.1069456935 2885833.5234375000
161355217.9987889826 2320188.2509765625
166859455.5401717424 2737970.8183593750
166680313.5798392296 2731815.2968750000
166982034.2965914607 2741472.0097656250
173874713.4125407338 2863982.0195312500
162375938.3903734982 2453639.4570312500
160895139.6574937403 2181305.8740234375
162360929.1051168144 2449257.3583984375
161248504.4276508093 2301854.9042968750
162397569.4684334397 2456070.7724609375
162428735.8722328544 2461741.9248046875
160802852.3091078699 2175907.1425781250
160767669.6013666093 2169867.5009765625
166952956.1510127485 2741073.1464843750
176311783.8698178828 2876385.1289062500
164700919.3515531123 2630016.2685546875
166888208.3971812725 2739427.3593750000
173437326.6061572433 2861705.3515625000
164539889.9637143910 2619264.3115234375
167053335.6039389074 2744443.3613281250
167050064.9891095161 2743457.2089843750
160617190.3302157521 2122219.9589843750
160709454.8729214072 2152175.2324218750
164451785.2499335408 2615024.5830078125
173421543.6853767633 2860593.0214843750
173277708.5732217431 2860361.5292968750
161076136.7406573594 2246496.6640625000
166848255.2662265599 2737511.7011718750
160757246.7437790036 2166709.1992187500
166765226.8868385553 2735367.0429687500
160709657.5867725313 2155999.1152343750
176301385.9607795179 2875783.2675781250
160749624.4145334661 2156513.4414062500
164622262.8121288717 2626719.1005859375
164551623.3377016485 2622289.6220703125
176287525.5354277492 2874942.2695312500
176063353.3489777148 2872311.2832031250
160751615.6421860456 2160517.4003906250
160702208.2030657232 2146982.3398437500
160654485.4235091209 2132093.9404296875
160700423.7040899694 2136510.8603515625
164772912.1343287826 2634359.7255859375
164667776.3495524228 2628819.9794921875
165256998.7984063923 2656204.9804687500
161031543.3657855988 2236871.4355468750
161026634.0380657911 2236674.5468750000
165001475.7937829494 2642862.9414062500
164845283.1880169809 2637238.5273437500
175027789.5590169132 2867395.1328125000
175176372.3814935386 2868350.1621093750
165522888.2457781136 2671741.1445312500
165607770.5139891505 2675259.7792968750
165430824.7929412127 2666390.8496093750
165519131.7567317486 2669455.0625000000
161021912.3691470027 2208240.4931640625
165514454.4845030904 2669227.5332031250
165586479.7449615598 2674558.3750000000
174828696.8382735848 2865842.0332031250
160975957.8085441291 2205440.0498046875
165471691.4218200445 2667793.3906250000
160914091.8332757056 2187830.8027343750
174824005.7840787470 2864804.2363281250
160972224.0184022486 2197138.6865234375
174869188.0065072775 2866033.1855468750
160935757.2679045200 2190412.8515625000
174966558.5671809316 2867034.8007812500
160910395.4163811505 2181618.6044921875
160889883.4349307120 2180064.6289062500
175372933.1707046628 2869145.2792968750
175115413.2712901235 2867998.2246093750
165077257.9673256576 2646400.7304687500
175475410.9042379558 2869475.5820312500
175462535.6952884197 2869208.9218750000
165020941.1740395427 2643213.5898437500
165189918.5429619253 2650295.1718750000
175724008.9154343009 2870664.2851562500
175576320.9555328488 2870301.9121093750
175512429.5111184418 2869831.7109375000
164356647.4197626710 2600038.6474609375
176049307.4423937798 2870843.9472656250
176061366.2765774727 2871329.7207031250
164311902.5171446502 2596688.3076171875
164346362.8121816814 2597738.3515625000
164391340.8315711021 2601746.7890625000
