208771261.9246419668 1593106.2498779297
208973289.7750102282 1603408.7817382812
215780977.8516174555 1734247.7714843750
215882335.5352556109 1735706.6787109375
198714984.4079297483 1204266.4356346540
198125716.4628244936 1195506.6927514188
194486809.6574791968 806061.5886928937
195099394.0758335292 991933.1715447810
197999209.1989147663 1192144.2854943387
203783197.1345888674 1433495.9542236328
215671801.9589577615 1732744.3183593750
217117504.0246902406 1746505.4746093750
219477511.0934278965 1758826.3476562500
196405126.3142369092 1100848.4768494719
195419202.4733035564 1020267.1249316251
196059030.3467589319 1076081.3770021694
196037910.3682296276 1071709.8552445525
196237325.7507130504 1090579.0262879485
203863983.9163725078 1438003.8370971680
215888681.0274492800 1735884.5019531250
217398778.0559809804 1748849.6611328125
219483692.5873905420 1758927.3378906250
195344028.7574247420 1016267.5349815376
194450897.1396101415 798013.0087943627
195179600.7841011584 1003220.5340325739
198340081.0049558580 1200277.4250976443
211907071.4890094399 1670310.5678710938
217145226.4406479299 1746759.1044921875
195760013.8062314987 1053689.5455173170
195943135.7298821509 1067481.0872453051
198074326.0408086479 1192480.6197541952
213504941.1486347318 1700142.9521484375
215555465.3327647150 1732005.9316406250
217186366.0902984738 1747012.4960937500
219482931.9617937207 1758844.5810546875
224126965.3140487671 1767700.0732421875
196037338.8976577520 1068233.2580308074
212444794.8162398636 1681138.7866210938
194514515.0049607754 813537.6410000226
214012349.8789783716 1705214.2868652344
194468284.7477765679 805404.2833034894
212309722.4473507702 1678127.7958984375
212401276.5874353647 1681025.1860351562
209224094.4017319679 1607018.6601562500
196161528.4585249722 1079757.3628129119
196199904.9152566195 1081480.1772660369
195015398.9415256083 962928.6705983914
196177250.7872307599 1079791.9057816619
198081742.7806531787 1193593.0639553193
216048936.7664737999 1736364.3740234375
216019448.5356939435 1736271.5517578125
194494188.3526844680 809211.1536343000
194436344.3756956160 797472.7532741926
219665247.3693507314 1760379.4042968750
223884242.5839717090 1767636.3515625000
212317081.5369210243 1679635.8203125000
219805246.1737649739 1760736.3388671875
219879115.6779910028 1760853.0791015625
194574406.7361638248 829869.4471963574
194534366.9954028130 821872.9550698926
203558687.5677992702 1425248.1095581055
217453974.3123119175 1749063.9443359375
212563446.7325177491 1682555.1542968750
217715818.6617688835 1749932.4902343750
208496207.5924711227 1590854.8826904297
216332413.0633211434 1740107.1269531250
223686505.9323761463 1767561.7480468750
203979868.5052364767 1446531.2507324219
217646021.7221883535 1749523.3476562500
214038540.9358366728 1709114.6440429688
214680226.9761093259 1718055.0488281250
214521092.1361323595 1715937.2250976562
217813278.6975460052 1750392.8847656250
217848246.3667483330 1750417.3007812500
222965511.9256464839 1764254.0839843750
212117613.7663485110 1674988.1445312500
216687116.0999664366 1742622.9765625000
217228897.8871373236 1748146.8925781250
194937549.1110592186 950239.1323903836
223009047.4598189294 1765084.5400390625
196062173.4712674916 1078388.5542191619
205542250.2913036942 1491489.4321289062
208910955.4652213156 1601917.8945312500
216114935.4652022123 1737948.7802734375
223260844.6815327704 1766918.5927734375
214286738.7978637218 1713488.6743164062
216064737.2096982598 1737911.4355468750
223671138.1397957206 1767557.2529296875
203956154.3960786164 1443555.1479797363
203885231.5327301323 1439214.3994445801
195656752.4000529349 1050597.9224704420
195865004.6205011308 1065331.8761948699
216858058.3735411763 1744016.5888671875
220321813.9034112394 1761555.1943359375
223523654.2799533010 1767236.8125000000
197826161.7482514679 1181801.2334384269
216263176.3931774795 1739599.2275390625
216172986.7662971020 1739363.1748046875
220075342.5899443626 1761377.4785156250
203687670.1217515767 1429834.9108467102
197420673.1220704019 1158831.8181764709
215823596.4551281035 1735084.8359375000
195331829.4427252710 1015397.4680993464
223165380.4471076131 1766208.5654296875
198156204.2786708772 1198830.9643948190
216052984.6413328350 1737418.4833984375
194954781.0494433641 951849.2589772977
215961216.9636178613 1735980.0742187500
197355543.6282946467 1152677.8687135803
197805817.9854643643 1177245.7150911635
195433368.5791401267 1022092.0674365079
212000328.1197356582 1673821.0747070312
212275251.2762359083 1677409.4687500000
198129652.1723966897 1196721.8666164987
216939324.0111265481 1745023.0058593750
208268507.3089083731 1583574.8749389648
212132879.1133534610 1676590.9160156250
214291042.0142264664 1713798.7841796875
196048671.6971417964 1073876.5928175962
198190817.8276040554 1199326.8404564857
211934092.7282229364 1671671.0307617188
211754452.5896381438 1669449.8500976562
197879453.4889869392 1186803.2555325143
211588290.7229513824 1663892.2412109375
216684207.1897512972 1741720.9980468750
219958418.5658129454 1761182.6533203125
195144970.4356424809 993172.1112496760
198113300.4464633465 1195147.3377468698
215805173.1901459098 1734249.3593750000
220723620.9914777279 1762234.9902343750
194938019.8695894480 951817.9769948758
197773824.3534067273 1177150.2141752052
195551606.6497803926 1038994.4570849454
209628816.6528539062 1619101.0512695312
195370709.2867318690 1020217.8835986173
203393424.3311250806 1420974.2023506165
197532865.7561666965 1167078.6912233459
197654934.6479952633 1171425.3641359436
220665042.3458186090 1762213.3251953125
194969910.1055101752 960510.3258718289
203800767.4493013620 1437571.5639953613
219256895.4441958368 1758108.3837890625
214235146.6694639325 1711780.4287109375
220325796.9972873032 1761697.9501953125
214345199.8818039596 1714493.2714843750
209620877.1491596997 1618300.9516601562
203654526.4903161526 1429760.2223701477
203570141.8867676854 1428988.6178779602
216832865.1028118432 1743784.4921875000
209739081.2662092745 1620930.0573730469
195444019.4248107076 1025109.2786181485
209941054.7811232805 1624654.6186523438
195537719.2335100770 1031673.1729052579
195438506.0260475278 1024662.5501025235
204052688.7384375334 1446817.5143737793
199864529.0704035461 1270620.0947508039
200124219.3383718729 1272040.5285867872
211571036.3845598400 1663315.0864257812
195695703.1098066270 1051969.7338088071
195686907.0744036734 1051443.4925978696
195304335.9997871816 1013563.4296471979
208377915.7501375079 1586782.4277343750
214861191.7856692076 1720933.4360351562
199584285.6215081811 1259195.7964109601
204955169.6350440979 1475670.9080200195
209447250.8716943562 1613614.9730224609
214943447.8638687730 1722347.8305664062
195171076.2367819250 996816.6188561823
209634795.1235781908 1619836.2202148438
209549157.2897975147 1617579.9633789062
209798230.6229044497 1622969.3671875000
209497186.6239894331 1617071.2885742188
219101224.4555997849 1757531.0292968750
195618174.8368737400 1043008.0804884946
195450342.1324156821 1030559.0449755704
195267039.1936967671 1008816.7717211759
197259639.7701672018 1149067.0169069397
197359939.6387860775 1158643.2791139709
195213239.9786542356 1005128.0175378229
204796431.0872823298 1472504.6248168945
220635601.9505679011 1762063.5292968750
203697659.9042807519 1433109.0805053711
204866803.3657987118 1475522.4705200195
215544491.1335302293 1729542.5307617188
195483452.4565047324 1031069.4750384009
220371304.8401373923 1761864.4023437500
203933260.0336349607 1442441.4067993164
205158809.5093797147 1483290.8464965820
195067564.1089588702 975739.5355886258
195023023.4723940194 969464.8859304227
195052626.5981104076 971984.7300989241
208046739.7119489908 1574574.0458984375
215421426.1489470899 1728311.8940429688
197298100.6013458371 1151919.8301737143
204963806.2712332606 1477913.2168579102
219279450.3612641990 1758575.7763671875
199687296.9208714366 1261966.3280610265
195346672.0393805802 1019157.9330981290
208141296.9721104205 1580708.3269042969
219201048.2909280956 1758020.1015625000
197518741.1948536038 1163398.7087747885
197458641.1030731201 1163156.1999857260
194665378.8090761602 834848.3721989691
199837435.6097304523 1264092.8290713252
199564204.6214863658 1255501.9531220617
212692912.6044059694 1684671.1611328125
205133265.1355287135 1481813.1172485352
207718681.4540039897 1563717.6173095703
199455312.7761904895 1252194.7408417882
199437555.3117849231 1251486.6654023351
212947713.8639122248 1689752.7265625000
199312031.3875305653 1245710.6893281164
215541187.6314430237 1729412.8754882812
197063058.9239567518 1135891.2536834008
207817532.6655920148 1570091.2713623047
213058468.1924430728 1692566.0751953125
199081245.7980858088 1233157.6370759876
211008489.5756034851 1649022.8581542969
199168739.0548405945 1237486.3494783314
204393691.3427054882 1457667.5391235352
215158602.7738455534 1724177.0903320312
195283966.5712267458 1010151.3947565169
197109819.5174322426 1136634.9853120986
210960165.8837604523 1646548.8239746094
218703932.9519816041 1754581.4248046875
210778008.9766283035 1642442.8688964844
197210811.6107241511 1141731.0908110864
199090465.9194208682 1234920.9676423939
199035699.6208911836 1230138.6970125111
213851751.3484347761 1704945.2700195312
205447315.0113091767 1488890.9359130859
197116958.9389647543 1137636.4337361581
214686453.7453538477 1718425.1064453125
198682087.5674345493 1204078.3610683354
210665761.8783768713 1640884.1416015625
207776812.9156877100 1567028.1010742188
210810662.4142746627 1645977.9538574219
218479665.5851721168 1751054.9580078125
199228727.3730356097 1239353.6809853613
204614152.2234407961 1463848.5427856445
208047306.2460902631 1577943.3952636719
208338188.5264390707 1585566.8321533203
218300804.9636789560 1750794.0683593750
199029848.0557195246 1227677.7584067257
218485497.7786886990 1752155.4511718750
213598434.6885383427 1701188.2758789062
209318674.2820441127 1611236.5856933594
208350997.2283382714 1586655.3391113281
208381603.4719979465 1587202.1193847656
194686894.2530040145 840354.4431209695
213672111.2098499835 1702724.0893554688
209237555.0882029533 1608810.7856445312
198996662.4227387607 1225034.9694734486
204794630.0265288651 1466880.7671508789
198734982.6822994947 1205973.2651640922
210796693.9607836306 1644558.6691894531
196977396.2728535235 1124780.4036857004
194822903.6844021678 856476.8104373014
196890271.4203566313 1122559.4397117014
194825906.1883587837 861152.4522613084
198736668.2119599283 1212901.3899809867
196700432.6214227378 1110590.6739124295
194885737.6746534109 862882.4008124864
194763793.0837404430 852109.0707915819
194745860.4373778701 851174.8142608202
196641293.1295956671 1102668.8924698974
196663835.9866315126 1109159.1566300537
196970596.6325646043 1123314.8726734158
196681152.3802642822 1110211.8936389920
196642409.4631107450 1102818.5073380615
218530285.9077696204 1752998.7363281250
211254292.3176485002 1653804.7326660156
208878837.0317074060 1600191.3728027344
198596255.2799756825 1202225.5558135062
211205533.9116235077 1652497.4670410156
211088005.6766396165 1651651.1740722656
213939330.0344391465 1705046.9257812500
213660035.4280896187 1701685.6323242188
207155171.7786324620 1541359.8453063965
206846903.7773062289 1531870.7021179199
207495940.7769435644 1551174.8528747559
211065023.9758531749 1650384.1496582031
207322190.0281068087 1547433.9300231934
207002131.6781690717 1539330.0826110840
207405953.8549690843 1549710.8030395508
210755458.7676124573 1642114.9558105469
206768176.5778661072 1529160.2386169434
206816522.0445365906 1529673.1385192871
213367149.1206162572 1697148.3525390625
213148667.1408631504 1693432.6835937500
210391708.3225005567 1632307.7941894531
206746692.5976941884 1522227.6178283691
203297593.7312156558 1392154.9694519043
206689824.9101053178 1519969.9161987305
210206300.7544967234 1628925.1982421875
206653955.3686217070 1515187.9262084961
206502615.5672777295 1500636.2463989258
206500989.2063716352 1499313.6759643555
206466405.4773693681 1499058.0062866211
206342412.3503737152 1495331.7826538086
