116113660.1452244520 113.6952759154
120962757.8782505840 170.9143203646
120779468.8097142428 170.2449395657
122962193.2675381750 184.7268442661
124176075.4275086224 187.3308012038
120962822.0912242681 171.2718203813
120952546.8880643100 170.5968415588
121252446.9866795391 173.7982303053
114394748.4752042592 81.0167314237
114643339.9607685953 83.5579618210
114625458.8382027149 82.2607132582
114672464.7911027223 83.5811943535
115688748.5272353441 108.1510171619
116221070.5713685453 114.6679462061
121220603.5515262336 173.4462265521
120985225.9604226500 173.1843823940
121539921.6727746874 176.7656055540
121779486.8149518222 179.0678474158
121584825.3879135400 177.9488140792
114215991.4726350158 75.2979265141
114492410.6021615714 81.3425505528
122643183.8978278488 184.5488819629
114357853.9034599215 80.5039794104
114314006.7348436266 79.0664017588
114284239.2910087109 78.3750303673
116126503.2717001736 114.3068524438
116106124.5486074686 113.3653069861
122266587.4180010855 183.4035889655
124226521.7971424460 187.3412582427
115733768.3070664108 108.6993652857
116047624.9313973635 112.9343586523
116134203.2599368840 114.4108815711
116196427.0968131572 114.6575285928
116356004.8205880374 114.9906268600
120575618.3747805208 167.2123140749
121200449.3492102772 173.3812100440
121479367.7447392792 176.2122580260
122770168.3768445104 184.5604135543
122608885.1255368441 184.3338777572
124931311.7494410276 188.1393765956
116501413.5010253340 114.9927663149
121284914.5315096527 175.3030827790
121545071.6948812604 176.7931189388
122170125.9706567377 182.7542840987
123007969.7803622931 184.9806715995
122458854.2880641967 184.0674583465
115911506.6780456007 111.5836212978
114014290.3953975290 57.5381217127
115851976.2874603570 111.5798243411
121278708.5645400584 173.7996494621
125490251.7386349142 188.5030576736
115980740.4583020061 112.0161451192
120426595.3109700531 164.9592297431
120043524.8344312012 159.0310402866
121317982.2996921688 175.8660114557
121550620.0783785135 177.0326880664
121719094.2037069649 178.8484377116
124094546.8656545877 187.0477244407
121672779.2865895480 178.8158187121
124443345.6052123308 187.8009693176
121572215.1553214341 177.6589386836
114512942.9982457459 81.4537219481
114268649.2262274772 75.7672295248
115626182.2747367322 106.3142887033
122043913.6204279810 181.4993631393
121527296.3905065805 176.3308372349
120059742.3106346577 161.4040925521
120480302.0418979675 165.8601734992
114026493.0260241777 59.1784348214
115605302.8694298863 105.5196932829
122385278.1701192707 183.6057629138
123230209.4401118606 185.3355919868
124387433.2476848960 187.6093546897
115482393.2005017698 103.4657024473
123900271.1567698568 186.5790149719
115689665.8317296505 108.6032031454
123574694.8728474230 186.2488052398
124073788.7715213448 186.9981722385
114188699.3065078706 70.2581139003
121388871.8646146953 176.1777647287
121615847.9841673523 178.7876767367
122991821.8272997886 184.8802101165
125107493.7268508971 188.2664072067
121898341.6544532627 180.6648047119
120054569.9510596842 159.8746750262
120194966.0055685192 161.8037250992
122196794.3025534302 183.0682398826
120269452.5966602117 163.4253086206
120112880.1852863580 161.6387567576
121796164.9409149438 179.8936804980
121740201.9432683736 178.9147000760
121909020.1165456325 180.7134053260
125584907.4048899412 188.6886963397
115666439.2612298131 106.6505208440
115779027.1735564470 109.3160659965
116020249.3572326303 112.4789612326
120199276.9885411114 162.4476950523
120378285.7682204694 164.7205525991
122074352.3410701901 181.9654018432
113997034.5511402786 57.1733962619
125934159.9293752611 188.8666586429
120156714.2846150547 161.7219909709
115649775.1816193163 106.3267985858
114137439.3529675305 67.6280518522
116019319.7641633451 112.3500338118
115980491.4996099174 111.7788236743
115739801.4628844112 109.2909098990
116154007.9607301652 114.4209013903
120275218.5529998988 164.4580749627
125106621.0214115381 188.1746246368
115951577.9328125864 111.6759864814
116225327.7317305803 114.7640548700
116245984.4724972695 114.9450308397
120695961.2997909635 167.7787333280
114008329.3428680152 57.1967221229
114212672.1955642551 70.7985937050
115966415.9614595324 111.7692237679
120591182.5664376169 167.5176280290
122411561.0031809956 183.6098639518
123964173.0332375914 186.8092340976
125190269.7774901688 188.4268521816
122191853.2391965836 182.9981681854
121840246.0649433583 180.6436146945
125562963.7001101971 188.6088082343
122120520.0370361060 182.5614892989
122186379.5080267042 182.9186222106
122099630.8919623941 182.1557275802
121975667.4917416126 181.4963476211
123706817.4183728248 186.3874496967
123967011.8086044639 186.8412813693
115575307.8110666275 104.3254476335
114887816.2972644567 88.0571418581
114734093.3839877993 84.7158165210
121915498.6094381660 181.0596687347
124097822.0385021269 187.1722931415
114155132.9753892273 69.8210523520
115581305.0136794597 104.3676423706
115407880.7066818029 102.1034205310
115595658.9932315350 105.4101193094
114029159.5275870562 62.0856496888
115582063.2509714216 105.2067775443
123736176.2436578125 186.5611106902
115308633.1745797694 99.7678456004
124626580.3634370863 187.8259672672
115445879.4087803066 102.5265633319
124673176.5051438510 187.9028062373
115403399.9498481303 101.8337301527
125100933.7295773327 188.1466815025
122185388.5578404516 182.8451513797
114042607.5217325091 62.7022514712
115558607.8515890092 103.9456584162
114158308.7186934799 69.9018893793
115207459.7877321243 96.4664297596
124383491.9897358418 187.5069527179
125133464.9947151542 188.3502890617
124754096.7785222530 188.0884449035
115413037.8351026326 102.1529221829
124175248.2634262443 187.2267820388
114065590.2449425310 64.8174634419
123418306.1778362244 185.8078658134
120772110.4054317325 167.9694125205
123212822.7977447659 185.2944175750
124545853.0522126257 187.8082742244
115038879.4954883903 89.4284189259
123141816.8563054353 185.0723831207
124879432.5612169504 188.1003171951
114132036.8002822697 67.2941280055
123563344.0571895093 185.9734704047
123289569.2148791701 185.3665048629
114787147.1131612509 86.1855568895
114998966.0626939833 88.0735310623
114707252.5250781327 84.6238875770
123488024.1591084749 185.8868937045
114129845.9182575494 67.2250538833
114094019.2344706655 66.8291922986
123316358.9080878347 185.5414464027
114064632.6628216803 64.2124719463
123143308.0142165273 185.1283347160
115120885.4758116901 91.4352074604
115075149.5952548981 90.6923982819
118139572.2359791696 130.1114874473
117871640.2836792171 128.2172197951
117692034.0612853765 124.8718136270
115190206.7003813386 93.0578381141
117328356.4144355059 119.6518476370
117447006.3407637179 121.9744484983
117870952.3606969863 127.5218591848
117771267.9364246130 126.8582501067
117353451.8513631672 121.1077322075
117851570.2679893374 127.0754539324
117427888.0237336755 121.7553749557
117718423.8189546168 125.2147216732
117191101.0306278765 117.0749926750
117608290.5203802288 124.8087862292
117580209.9063464403 123.9197357260
117232224.8954066336 119.0062751889
118997846.5203671902 140.9960249399
119193048.7703589648 142.6611708687
117377909.2587147951 121.7322059989
118923863.6607605368 139.8445195199
117537742.5376728773 123.0569779142
117742333.8059303313 125.3905063120
117763985.8061568141 125.7514857694
117494723.1470964551 122.6237897103
117508201.7928947806 123.0566851541
117571948.0500432700 123.3047598159
118082212.9002508372 128.9267957858
118093980.7116974145 129.2502193801
118044781.2404333800 128.7543453682
118504093.8157276362 134.9289011802
118388461.2820265740 134.1993893139
119195074.7889638990 143.5158830122
118342494.3431648165 132.1274226360
118281081.7391349077 131.9490239089
118377945.1835036725 132.3602646343
118474120.8722823709 134.9256953578
118424503.8424808234 134.7512876373
117980184.9345959574 128.5798815392
118314961.8021103293 131.9570255317
118082993.7785314471 129.1580908648
118283663.5420137793 131.9523846079
118199462.9740527123 131.8697772674
118124852.0559381098 129.4812239963
119345137.8364491612 144.2916901545
118654856.8453333527 135.7533787466
119330869.0200728923 143.8683574588
118191754.5835161358 130.1853586765
119272575.7006179541 143.8450067476
119157102.5093810707 142.1137142421
118929629.6171002239 140.8772858620
118825984.6956534982 138.3690710641
118754751.2567794770 138.3650442656
118594068.3878264278 135.7150642849
118865180.2475800663 139.2533959593
119000283.6745418161 141.3846974145
118691102.1733180135 135.9749183930
118699549.3888242096 137.3568734802
118745510.6215879172 138.3076376558
118699911.8607170731 138.0605504490
119146643.0940674990 142.0201090183
118569564.1435704082 135.3995107390
118883141.1149292737 139.4752413574
118838150.9461760074 138.7268166561
