438041912.1149320006 1084029.4779693782
438134871.0020691752 1087995.2048752010
437722383.6409860849 1078248.8103058040
441064235.4335299134 1137110.5711406469
453546944.6397374272 1356339.3928920031
452991100.1255586743 1347493.3306514025
453284420.5973256230 1355453.3135462999
466420151.0834077597 1510940.8117675781
465845765.0223858953 1506507.2375488281
466090511.6351943016 1510121.8044433594
474283826.9780110717 1544173.0219726562
430250532.7383423448 847340.8498487954
430173299.0569984317 843544.7191997517
439758873.6606064439 1121786.5424644649
440362217.8113228679 1132104.4182647467
452842086.7046087384 1341206.8239222765
439955074.6956512332 1125319.6088790596
440520158.3967517018 1135754.2651256323
440593788.0158508420 1136663.2286758125
440509342.3433493972 1133678.1360349357
454699378.1510196328 1371635.0727665424
437711000.0188651681 1075992.9291565120
454000021.9761801362 1363918.6395961046
440087020.3016089797 1127992.4849719703
439767748.7318301797 1123461.5174655616
440087081.4478795528 1128599.9750661291
453634808.3671483397 1359404.1493617296
452898795.0892661214 1346656.6050807238
474929772.1179677844 1544937.4516601562
483290946.7587575912 1556640.7060546875
453062560.0276239514 1349753.5396205187
453260364.6498693824 1354038.5318080187
453238066.8285092115 1351745.5950404406
453572497.0285154581 1356383.0959559679
466565760.8077017665 1512077.9482421875
424114933.3487733006 554106.2223588284
424004387.8893886209 548062.9654877242
428163549.5239270329 759840.3210203471
430121684.6015719771 843186.7278731468
453229861.9071120024 1350650.5128871202
453157878.8686856031 1349933.3460170031
423262962.5632321835 466695.7562286803
430096484.6254461408 842852.2547047943
437902928.1843960285 1082124.5825302303
438338467.8788509369 1092036.0675537288
438804145.9713975787 1101933.9211802185
439241040.9533445835 1113716.5210613646
423348205.3647268414 484584.0772669492
438454503.4878209233 1094588.3040020168
453689326.5642536879 1359775.8382045031
424366428.1724656820 563773.0750375150
427994505.0171345472 753237.8474697890
427911737.8411596417 752671.8131670775
439572506.4733788967 1119751.1038608253
467378557.1178958416 1516184.6491699219
482020415.1075599790 1554172.0209960938
484175709.2943217158 1557146.0048828125
439857870.8054757118 1124014.3755633533
439377988.5320948362 1116063.0789584816
423497894.6485155225 492796.7128390656
427877776.7495268583 751503.9341397109
438623850.2430827022 1097529.0920648277
438968926.7633334398 1107808.2920298278
439123152.2118873596 1109112.9561416805
438934332.5749199390 1104277.0051014125
476592274.5377305746 1548053.5322265625
423385583.9241353869 485064.8793191714
423506127.0099508166 498985.5696048127
423414628.1888325214 488186.7224978791
424238198.5973173976 557302.9136710523
453604550.6653320789 1358863.9683314562
454584338.3992645741 1367724.3864661455
465961697.1513982415 1508105.3479003906
423399164.6832342744 487993.7678966327
438910681.5167602897 1104264.8625175655
476243066.0753984451 1547417.9599609375
423351263.1777451038 484750.3867966058
438755921.1495102644 1101749.0040638149
465611200.3611216545 1503237.0383300781
483714752.4764184356 1556897.7895507812
424338397.5909580588 561235.3374886869
429827358.4641363025 835288.4752150064
437815264.5357244015 1080298.3618271053
468278641.2015149593 1519783.5573730469
430360785.2512262464 848815.5298712736
473469875.9348394871 1539316.3361816406
438119237.4599358439 1084741.2024414241
430405916.9671318531 849424.3431034475
438167073.2576398849 1089045.7242920101
442111580.8942953348 1153922.9327120488
442531065.4242979288 1158625.2970003788
473930520.4202701449 1542667.2343750000
476056456.0896441340 1547096.5419921875
430467975.6160245538 849773.4260528287
430422561.6095515490 849769.0264381481
442251718.9324390292 1155163.6284212773
467787988.3134695292 1517942.4909667969
473340996.8853191137 1536115.4471435547
483163866.0292465687 1556550.7382812500
429598329.9810083508 821983.0416233552
468230711.3499276638 1519480.7541503906
429585352.1744270325 820896.0254940999
429341367.4915856123 809250.8894016756
429509778.4658405185 817644.4441234162
468134881.0418413281 1519433.7082519531
429578960.1710665226 817868.4438991271
429406982.6656790972 809387.6140226437
429557959.4055532217 817783.5693333162
429420940.7319318056 816000.4953587068
427627966.3556514978 734997.6001494350
442502134.3188354373 1158568.8190351427
474169926.9502039552 1543857.0927734375
442414283.2828160524 1157076.5532336240
442633397.7277742028 1158675.2800242011
442378751.0911753774 1156990.9435896580
429265008.6432913542 803566.8753532342
473898045.1297252774 1542660.2456054688
437389900.3101759553 1062445.4595954120
441154298.4306523204 1137741.7589846556
467294530.4615335464 1515438.6062011719
474367072.7427573800 1544786.9794921875
427764522.6725684404 740109.1489012064
476260432.1157278419 1547964.0561523438
482193093.0184158683 1555281.1118164062
437605246.7495984435 1067771.2410995662
465470359.7991497517 1501790.6096801758
441221545.9798867702 1138251.9807244246
424808631.4613225460 567156.5491733907
424484258.6311385632 567150.2967481969
424472464.4546982050 567081.7093296407
424430042.3781157136 563965.5657749532
466375599.3821085691 1510175.6086425781
481663803.9397681355 1552409.5969238281
482373019.1905443668 1555707.2934570312
429004248.6336709261 793204.4414392023
483139473.6930936575 1556418.9238281250
437348763.7958958149 1060512.7097122371
429076521.0998955369 797488.5853236169
437252375.0250695348 1058043.1839248836
475726215.8495025635 1546699.8061523438
423840402.9346622229 516165.4057350813
455516756.2706896663 1378421.4770917892
473719204.0331982970 1540852.5742187500
423887776.9222550392 522785.5460549055
423726878.8761821389 507634.5985370399
423704565.7185809612 501947.7901160838
426765294.7367885709 685411.6873930991
467853354.3823406100 1518650.7399902344
467693963.0790696144 1517738.6633300781
429162764.2854694724 801673.5195473604
429117036.1491100788 800064.7633916907
482912249.7871906161 1555997.0209960938
429030403.0592322350 795818.8832647376
428845020.8254239559 783945.8128327302
482965225.7577522993 1556094.9951171875
426744675.1070665717 682171.1237334311
428923057.6683211327 789933.5301763586
426545088.3328024149 675078.2326811850
436723905.6910054684 1039344.2334150970
467461499.4765271544 1516899.5358886719
436845483.4941830635 1043510.4984640777
481865104.6660656333 1553371.5532226562
428862151.3748332262 787169.7630340628
428745372.6024919748 779543.5538053572
428854694.7592439651 786134.9274627737
475353012.3721554875 1545595.5463867188
475285992.4577990174 1545295.3144531250
455433517.8227858543 1377755.6027195454
428585138.3409481645 771526.7847846471
426653874.1757665873 682054.4611357749
436934712.2003798485 1046356.2504992187
475553223.3994966745 1546073.1538085938
428628718.6561834216 772219.6805332623
436788230.8570953012 1040972.8908190429
436646118.0630354285 1032643.7145514768
436639316.8846564293 1031993.4482245725
454979847.2970399857 1373063.5024998188
455406274.4770078659 1377380.8436863422
426617401.3948050737 676016.2188385213
426606057.1460437179 675589.6449255347
428466130.1151728630 766947.3763068639
455436381.9115011692 1378411.3022675514
428318225.6628591418 760777.9826560260
427583608.8265465498 728298.4454595018
436093409.2799484134 1016634.4293308854
426762519.6873012185 684401.1245352924
436121914.1010002494 1017125.6658630297
436379390.4714404345 1025590.2671538889
436288641.5062785745 1023553.0492553636
436423143.5613961220 1026619.2091727536
482165544.3835815787 1554981.0268554688
436547587.1981109977 1031049.8451972287
436262427.9734513760 1018760.3895176891
475485659.4956150651 1545910.2089843750
436414659.3419586420 1025883.0580222961
426871637.6914068460 690671.6729654670
426931148.5846630335 690873.7160146832
427557770.6440990567 725710.6226144005
434277558.4044540524 950567.2216115110
434390185.1470323205 955647.9387421180
452788715.8476027250 1335888.1926383562
427393117.6611803770 717268.7989947066
427452049.6981028318 718172.1059252486
427323933.9896113873 712109.2632152304
427258385.1822711229 708783.2621864974
427298252.2199310064 710845.2099310622
434221558.9322550893 950116.0701832883
427201066.5841314197 705110.1167862117
427209711.4998587370 705185.0697891414
427080760.3288488388 697809.5635926425
434480719.7287043333 956991.5535817258
481543729.8061496019 1551973.1938476562
481160556.4921471477 1551324.5371093750
434526540.0633751154 960719.0847059600
434663166.3650555015 964626.6122404449
480316965.5046330094 1550035.9882812500
480720163.1740344763 1550886.2475585938
479479528.0570876002 1548647.9379882812
479635618.2161392570 1549389.5351562500
480566860.8456487656 1550234.2861328125
479029310.5999581814 1548412.6494140625
426373587.6499077678 640495.0235006809
479497092.8697265983 1549097.0380859375
480208220.9240944982 1549599.4545898438
479991435.7317989469 1549563.6069335938
434863048.4796655178 968473.1621606462
426451332.3851309419 650344.4769517481
435221043.2519098520 979861.8994441666
435879052.0149038434 994274.0222122073
435754958.0499922037 992345.9353037514
426319657.9394444227 626165.1434457686
435779052.7418873906 993764.8972964920
426258926.3878400922 620154.5999429610
435764640.8952581882 993528.1184912361
435492188.0332965851 985571.7228918709
435318113.7355571389 980509.1953526139
435459068.1481442451 983769.2306410223
435202104.8709390163 978795.2339625992
426311336.4040843248 625665.6372964766
426207558.7665576339 609666.9467201617
426237889.9428761601 609962.1829624858
426121316.4791073203 602631.2253418651
426194838.2818775177 608771.7263184276
452124479.7836775780 1312949.0307087488
426054996.2759093642 586191.5460628413
425849945.3562557697 571382.6159194850
451893736.7196635008 1308713.1770710535
452123730.1257447004 1312924.3793415613
425988297.5395082235 579993.6941772245
425938597.6739706993 578457.5815414332
451618226.4807636142 1300084.2162556238
451482492.0092067719 1298023.7951130457
451842134.3641731739 1304301.6052937098
451725752.3357992172 1302653.4137653895
451672868.8332613111 1300920.3292927332
451401485.9362396598 1292298.5558552332
434078424.4888462424 909187.0551401228
434103191.6300912499 915999.1906381696
433966815.3307763934 907972.5680705458
433490494.8686526418 889592.5786816925
473311615.5913611054 1520972.0908203125
450613294.9066827297 1267950.3272480555
450693365.7858281136 1271930.2350239344
450921322.8655408621 1273486.0004353113
433902090.7014986873 901883.0126101822
451048500.7645505667 1279325.7581867762
433828781.4380671382 900594.9920337051
433103034.5175042152 871035.5951659419
433203810.0276478529 875082.6881884187
432961269.1382683516 868323.7405871004
432862418.9050337076 865592.6878644079
432778148.8636341095 861185.4818286747
432683921.8167940378 859854.2356031984
432629495.1892087460 858245.8369215578
432810551.5392545462 861492.2729671914
432552319.2157454491 854845.7190121133
448458608.4939909577 1201647.4786697626
448631035.1983184218 1205161.7711502314
448747303.6065872312 1207531.0075088739
448811011.0324512124 1207801.4405533075
448691250.2938337922 1205903.1537185907
449133446.1045246720 1213823.9383255243
449247735.3854803443 1216086.1517654657
448956070.7745999694 1211401.0381790400
449355843.2096510530 1217148.3889023066
450161233.8693838120 1227558.3712021112
450509869.2346295118 1234270.1266647577
450173492.3359038234 1228711.2123581171
465075266.9699605107 1407002.1692504883
447441284.4024444818 1160111.7597761154
448239736.5038762093 1170552.4585218430
448098233.3037506938 1166178.3099317551
448030260.8910348415 1165392.7741041183
447607085.1156719923 1160610.7504835129
463904161.9006724954 1379811.3193359375
464329996.7006686330 1384949.0806884766
464162801.4245082736 1384240.4464111328
464034551.2721908092 1380677.1031494141
