376095295.7492508292 2121674.6798706055
379403547.8827930093 2517268.8696289062
388049762.9605495930 3077236.8369140625
387940933.3562310934 3070711.6396484375
391905411.5724577904 3197792.3525390625
393129368.7989341021 3233318.6103515625
395812475.0875096321 3292474.2363281250
398472081.8015407920 3316242.7402343750
398478310.0038214922 3316364.4140625000
401029046.1355534196 3328387.3388671875
400594901.6283183098 3328280.3789062500
400591798.4524081349 3328247.4599609375
400832505.7554964423 3328360.6865234375
400687215.8916411996 3328297.0156250000
400725177.7837844491 3328311.9697265625
407949557.6177895665 3334913.2607421875
384983710.7116553187 2934861.6679687500
396261336.1350303292 3299602.0458984375
395909257.5414019823 3294273.8056640625
396056684.2166212797 3297600.1406250000
374233750.2540513873 1688238.5205688477
374426099.0473259091 1769294.4830322266
374601842.1033670902 1802590.7890014648
375976775.3561912179 2117683.9965209961
375925888.1720005870 2109451.7721557617
376172085.0269948840 2133635.2808837891
378949372.8869457841 2477889.1356201172
379442263.9718342423 2518516.7492675781
379639134.5899752378 2530104.3647460938
379492234.1643435359 2521589.1723632812
395761206.7584539056 3291597.9921875000
400428078.8617427349 3328242.4521484375
400350072.7970079780 3328206.3251953125
403200089.4360928535 3332698.7929687500
407323684.5218988061 3334759.3613281250
398597025.9859345555 3316525.1572265625
378717968.4317374229 2455973.1823730469
378880491.7785950899 2469849.6665039062
398052374.1586050391 3315344.7578125000
397919845.5369837880 3315060.5625000000
397676695.6914710999 3311574.2421875000
397611145.5341901183 3311084.7558593750
379541686.9463462234 2526861.8627929688
396428740.6927062869 3300599.2529296875
374239247.8782164454 1688956.9083251953
379482234.9216265082 2519117.7973632812
379440024.7013152242 2517912.0078125000
384556823.5205417275 2911129.9399414062
384795636.9513217807 2925713.6347656250
384692511.1956145167 2919383.7958984375
385243186.5430416465 2946995.2944335938
387973068.4792546034 3073659.6093750000
395429915.7875997424 3282100.3710937500
395470265.6392662525 3283056.1181640625
379080851.6550833583 2486762.9376220703
388008068.4405455589 3076811.4023437500
388038093.0290691853 3077042.4965820312
402844703.9065968394 3332252.9531250000
374390648.9076634049 1759861.3822021484
374652890.6711467505 1807110.7875366211
384740185.7119941115 2922626.1513671875
384655284.7148314118 2918009.0209960938
391887682.6890836358 3197313.3374023438
392031079.7945593596 3199210.7402343750
391961549.3131368756 3198657.3564453125
404996614.1797494888 3333881.5039062500
405064928.2905440331 3333903.9628906250
374709639.0215791464 1811063.3868408203
374599713.1476922035 1799941.3593139648
374335380.6204382777 1742110.5242919922
374475366.2693192363 1777945.7824096680
374514189.9107130766 1792483.1632690430
387983306.1052365303 3075944.4550781250
388306413.5426191092 3085725.2294921875
388380044.1725929976 3089255.6259765625
393172447.9401120543 3234900.4594726562
374342425.6994407773 1747468.0845947266
378719860.3894311786 2457592.6429443359
378734096.3740379810 2458851.0311279297
387981927.7913490534 3073805.0371093750
407236642.0341785550 3334590.3974609375
384751381.0212851167 2925218.1459960938
384752223.6705997586 2925455.4492187500
376200297.0227016807 2135384.4135742188
397167246.1719835401 3308359.7861328125
402914324.7703059316 3332482.3095703125
374448516.0512143373 1773276.9813842773
378667290.3888411522 2451489.2760009766
404866413.2895969152 3333800.1269531250
400041315.6497390270 3324427.5234375000
391769066.6094753742 3194291.2500000000
397750042.0072956681 3312248.8701171875
402711500.4155330062 3332103.1796875000
407314929.0581207871 3334723.5507812500
378706982.2234111428 2455559.6622314453
379102698.4543735385 2491837.2344970703
392045331.1089203954 3201222.0810546875
397761022.3029251099 3313549.4101562500
407800568.1259224415 3334773.1708984375
374244723.9880269766 1696368.0833740234
374286564.0116553307 1718258.4313964844
374260424.2459499240 1706376.6566162109
374251087.5993884802 1703934.7227783203
374354809.9406173825 1748799.7215576172
376118178.5449575782 2132214.4868164062
378627127.6349744797 2448320.2777099609
397218929.9725219607 3309200.9589843750
407278925.3770702481 3334653.0800781250
379044998.2082872987 2482834.9691162109
402913047.3460491896 3332332.3417968750
406985843.1131387353 3334517.3261718750
385731768.3891221881 2957685.1655273438
393755732.9279042482 3248914.0312500000
374261572.8010774851 1710971.8814697266
385261700.5018450618 2948792.1259765625
385182181.1845359802 2945508.9155273438
388893357.6518733501 3101902.1274414062
388756298.9306566715 3094527.4882812500
403024628.6698176861 3332570.2744140625
400102742.2457143664 3326561.8779296875
388906274.2601379156 3102660.9389648438
388953211.6581718922 3105289.7543945312
395614440.0580486059 3288536.7783203125
407031757.6512463093 3334574.3964843750
376236474.7814778686 2138226.4665527344
374312901.6415404081 1725829.8627319336
376327129.4015849233 2141070.2904052734
384484249.7542421222 2899651.3427734375
388934827.7719670534 3104345.2885742188
403370867.2777991891 3332710.2089843750
405452785.6652213335 3333958.1875000000
384623350.7773156762 2913378.2724609375
388860199.7655928135 3101123.9101562500
395713172.9466336966 3289802.0263671875
402420034.1986137033 3331414.8193359375
406608899.0630805492 3334311.9921875000
378895599.2045322061 2471679.7703857422
391686286.1604346633 3189438.4130859375
384492311.5758448243 2899762.4296875000
384590661.4480059743 2912996.8583984375
393639998.5210601091 3247376.1113281250
406707549.6108725667 3334399.9267578125
376272210.6093652844 2138676.2213134766
406854469.1804779768 3334485.6289062500
395733659.1674858928 3291052.2939453125
391862255.8721020818 3196505.6337890625
379236556.1750783920 2499274.5828857422
379210643.8502340913 2497033.6834716797
375885400.7746871710 2082458.3625488281
375861865.4330628514 2075084.3190917969
387333798.4181134105 3045041.7104492188
406524072.8583267331 3334236.3037109375
378511055.0714516044 2420599.6370849609
392148333.5994014144 3202861.9746093750
402214016.4891765118 3330672.2695312500
406317015.3558889627 3334138.1806640625
397636816.1838073134 3311385.8662109375
393482554.2934859395 3244891.0205078125
406451494.8797356486 3334197.4609375000
375830377.1576368213 2068216.2746582031
387376716.6048060060 3046170.0200195312
404454805.6359840631 3333514.0048828125
404733997.5703275204 3333695.6865234375
404664464.1394603252 3333586.0693359375
375783486.7467797399 2058616.2686767578
397540482.1197857857 3310747.3193359375
385598643.3704167604 2957533.0751953125
385804691.7736699581 2964927.4013671875
387218112.5595838428 3039270.2133789062
387469528.4352822304 3050231.1391601562
387430735.8173947930 3048891.1704101562
378557564.7447791696 2432625.1956787109
387119707.8480454087 3034077.1596679688
396706222.0477998257 3302676.4902343750
387190220.2132924199 3035303.9736328125
396880283.3028755784 3304715.1220703125
396797947.0595324636 3303117.2275390625
396805426.1306423545 3304568.0029296875
396504519.7939679027 3301374.4638671875
399349276.0951412916 3319081.2382812500
402330006.3957121968 3331186.4648437500
406194052.3252705336 3334110.1757812500
405890338.3767186999 3333998.9843750000
380105557.2056181431 2560090.1000976562
380345973.7419830561 2566997.2397460938
386126382.1704016924 2982590.3242187500
375844959.9386251569 2071124.4663085938
375816610.1316910386 2067309.6293945312
379982287.4083982706 2552716.6250000000
380029303.5372614861 2554491.6247558594
379863542.1988734007 2539794.4809570312
393815635.6461127400 3251911.3798828125
379777350.0844638944 2535505.3813476562
385974547.9289041758 2969365.4990234375
402054929.4316245317 3330541.4941406250
379899723.4532635808 2545912.3930664062
387080595.9395645857 3026293.1416015625
403955724.2337300181 3332759.5117187500
403795708.4245929718 3332719.5322265625
404577192.9571672082 3333518.2275390625
393761513.6567155719 3250329.2460937500
404337342.4602066278 3333224.1748046875
404157426.1490813494 3332797.1279296875
386342699.8950495720 2994009.1298828125
401911519.6012663245 3329242.2148437500
392210052.9760736823 3206398.3427734375
395347998.6926133037 3281065.7050781250
393897311.2868529558 3252775.5234375000
377489610.6174539328 2277746.8164062500
402247013.1217879653 3330925.8916015625
399859528.4886479378 3323526.1777343750
386140092.3102893829 2982948.0117187500
386182785.5898811817 2986776.7792968750
386803512.7625175118 3013757.7543945312
386714293.6158255339 3008587.8491210938
399419514.5039365292 3320580.9287109375
386546468.0270782709 3002074.9965820312
399707477.8561675549 3322014.5332031250
394213138.1973487735 3258294.4814453125
394377731.9977344275 3261100.8955078125
386559279.8869692087 3003141.0083007812
375420717.8164004683 1966047.1925048828
375481156.2492585182 1979682.8101806641
394228958.5076970458 3259729.2177734375
375398378.3678387403 1954283.5240478516
399645853.0067949891 3321993.4648437500
377683554.6389161944 2279155.6221923828
392479588.5720712543 3213151.8847656250
392700969.0460146666 3219458.2910156250
375409890.6627570391 1961411.5819091797
374914642.3242343664 1821893.8979492188
377275854.5077413321 2254377.2504882812
392841764.5368791223 3222549.0966796875
392609089.3878756166 3215496.4433593750
375404746.3934642076 1955453.0218505859
399766737.0497837663 3322816.6611328125
394759282.3792858124 3267468.6826171875
395262283.7518571019 3276683.7089843750
375311527.0212705135 1934280.2658691406
395123852.9703584313 3273453.1679687500
395220224.4114108682 3275804.8759765625
394788957.3559750319 3267680.8457031250
394571737.6187400818 3265227.0126953125
375307231.1141391397 1928260.9881591797
392957677.3486979604 3224960.8554687500
375112028.4723768234 1829562.8094482422
375293048.6248639226 1923951.7890625000
375290375.0034900904 1923538.7814941406
375279480.2208772302 1919674.6035156250
375464237.8380744457 1972495.9146728516
380915985.8850932121 2592709.1643066406
380744354.2510139346 2590592.5058593750
380927787.4426904917 2593865.3205566406
380962281.8084714413 2595243.4853515625
375212791.9829065204 1856542.5965576172
375247416.8968321681 1862954.2371826172
375165046.9498518705 1848756.6346435547
375141189.9867528081 1841955.7226562500
375393451.7256502509 1953126.6116943359
377072356.3559337854 2225103.9466552734
375178055.9789745212 1851631.2294921875
377089789.4035149813 2228204.1301269531
375150114.8269717097 1842823.4846191406
375665949.4553410411 2006676.0725097656
375710776.9222399592 2015288.1256103516
375681958.8543345332 2009642.4774169922
375643178.6598631740 1993506.1821289062
377091094.9803479910 2228310.6004638672
377100915.5825943947 2230379.8581542969
377148568.9174115062 2234067.2456054688
377112878.7306188941 2231283.4995117188
377039582.8706895709 2202959.1666259766
377056236.9417812228 2206281.8970947266
391127113.3041327596 3129842.0058593750
391008413.7281144261 3126309.2055664062
391136428.1794878244 3133322.1142578125
378408333.9073580503 2333519.5063476562
378381380.5594568253 2331840.6342773438
378242165.5701792240 2313013.4335937500
378191132.2035654783 2306656.3508300781
378106387.9513599277 2300832.5446777344
378148837.1350294948 2301286.4184570312
378097945.4829449654 2299288.7202148438
377990982.0783072114 2288890.6381835938
384326188.9628325105 2708364.7963867188
384391948.2136760354 2710857.2016601562
384325533.8017744422 2705728.8383789062
384059441.6051372886 2676697.0444335938
384108178.5795739293 2679499.6606445312
384087411.2999091148 2677007.9584960938
383866856.7726028562 2654656.9492187500
383944606.0129448175 2659919.1318359375
383657199.2375413775 2639083.6616210938
383586287.3639225960 2634055.2011718750
383518376.6276158690 2629905.4384765625
383475085.0637667179 2626314.3173828125
383385785.2734032273 2619158.6740722656
383468639.5606620312 2622209.4704589844
383311925.5811430216 2613073.0246582031
383131995.0060418248 2599958.9826660156
