109961.223036 112342.100364 
120791.769692 113033.731328 
137350.233870 125466.666176 
131338.306163 133470.150832 
123139.000284 131279.720750 
121063.258103 133352.149395 
115774.330476 128719.644170 
118758.293784 137717.056507 
116989.591712 141180.752244 
109961.223036 112342.100364 

137350.233870 112868.479696 
152264.413765 115170.349646 
162151.315203 120167.309568 
165003.517378 121181.514537 
164340.202723 140482.806832 
150109.608520 126707.236920 
146287.640750 123465.478347 
141681.468827 127172.306625 
140277.453851 132529.990338 
137350.233870 112868.479696 

