260288875.6766337454 2671.6976346970
267319763.0065312386 2712.7391586304
245745475.6711088717 1937.4133386585
245676154.4739267826 1929.2857178866
239396750.8828719854 854.1443258101
240722943.5524573624 1295.8800559171
244118913.7537578940 1779.4185497060
243880838.8985458016 1758.8713019817
245498279.2136299312 1916.9984979007
246109079.5159164369 1956.9820685271
245858725.6753928959 1945.6628588854
246017578.3380730748 1949.0800141512
253538094.8029964566 2409.4840719509
259896908.8237030506 2664.0637874603
240745007.5676380396 1313.0326995060
240850052.4799678922 1332.8689297157
246057901.8628961742 1951.3682656322
245619837.2640127540 1927.9247430383
253115045.0057272613 2394.7397135347
253340794.4838902652 2404.0296349898
255693145.0165863037 2514.6760712862
256089059.3073748946 2534.6827032566
239137636.3326676786 789.5476908211
239250379.2191004157 831.2866465478
241927025.1091639698 1505.1508000186
242028749.4447053671 1522.9675897729
244395127.5625227392 1793.3056347399
245730027.3431198001 1930.2028989282
255856900.7028864622 2530.8149197102
259740494.7896925807 2660.8308067322
260773409.9615558386 2679.3273849487
267682780.4464978576 2717.5915069580
240873425.4368839562 1335.8955133873
239153815.5148087740 792.1033563668
239214040.2482940555 830.6361301868
259643064.2770929337 2654.3350780010
262567497.4426100850 2693.8967599869
241409034.9820781052 1434.5360760200
259313737.2494924664 2643.9765701294
260618969.4932230115 2676.5318212509
240733882.2777746916 1310.7962078767
246132606.0294486582 1958.8608598796
246559758.6229052246 1963.1907644435
259726892.0856185853 2656.9765014648
259689659.0328030586 2654.6405229568
243757658.9260584414 1743.8813664197
244032801.1621300578 1771.6979541227
252487030.0301094353 2361.6760444627
255437995.3691857755 2504.7941446304
259806930.5634949207 2662.7533683777
259606228.8492429852 2651.0126390457
260351377.2796378732 2672.4065446854
259778791.3991708755 2662.5574760437
252640019.9074099660 2373.1130772815
255732410.4528577030 2518.4824192524
259974444.4212694764 2668.4684972763
242341741.2440621853 1542.6993767243
255755562.1032830775 2521.3592634201
256874495.2970679998 2561.4806008339
262816252.2582315803 2696.7188310623
267561541.2831757963 2715.5338439941
241540676.3199328482 1446.8977612469
246328229.6272727549 1962.0307680967
246268295.9937949777 1958.8990316254
267886734.0174792707 2717.8725242615
260640834.1564931870 2676.7769994736
260398246.2088509798 2675.0619783401
244036321.6356656551 1774.8934597104
241901396.6875072718 1505.0663894188
246098535.1636353135 1951.6202411217
255255193.6892566979 2499.6350754648
262874369.0790150762 2696.7984628677
267436251.0833297074 2714.9987773895
262930390.4626795650 2697.0714960098
262668622.4492119551 2694.8720531464
267425028.3996504247 2714.9623146057
241021128.1859580278 1353.3917210154
242455546.0905833244 1542.7895295758
252483360.5645339191 2360.7733843610
241845584.6374901831 1502.6359244507
252574086.9550269544 2367.5388348088
252997960.2546817362 2391.0950737549
239189655.6038508415 806.0071701355
240839047.1512530446 1330.5749518849
242056086.9589834809 1529.0180911046
242162905.3433981240 1540.7013660889
243938509.2761801183 1767.0994731368
263012568.7767723799 2697.7354478836
240914826.4172086120 1345.6208168320
241549179.3452284932 1453.1018975695
243828082.0494572520 1750.9902338739
243666686.5782057941 1734.2747574629
262388610.4272925258 2690.9217023849
241896840.6815842390 1503.5759555023
253246431.7804900706 2397.4185878220
241961269.3892082572 1519.3642918091
261510068.3912139237 2682.1540212631
253988516.4992457628 2435.6836405173
266252918.8456320465 2706.7038555145
267082238.2600847781 2711.2515592575
261453503.0845073760 2681.8098249435
262676011.3686684966 2696.5895414352
252673372.0988690555 2377.1960210786
241804688.9611071944 1497.9722279083
254133175.3694739938 2442.8863520995
254036207.9076175690 2439.7089410201
266421089.5282018185 2709.7173271179
255789423.0570518076 2524.9508843422
240845536.3952586651 1331.9598877482
243981867.7922457159 1767.9508830489
266272791.9464442134 2707.3730020523
241613312.1671344936 1468.3362995489
245322495.5878310502 1889.3546816806
262060014.3736559749 2686.9346342087
241868484.9692395031 1502.8157061582
241714160.2905315161 1483.0260905271
245395713.3539594412 1893.1170936878
256226042.0377741158 2536.8169941902
257017151.6135638952 2569.0986242294
239644788.2939015329 953.4243141498
257687994.7776538134 2587.3346176147
257932219.0656030774 2593.8304042816
256413347.8878861666 2544.5674943626
256902371.2065236866 2565.4242854118
257911578.8979524374 2591.6363697052
257406654.9132536650 2581.6031546593
239433172.0475034714 882.9477214863
241481262.3287452757 1442.0583254802
256276397.8542557657 2542.2285706997
257236847.0511474907 2573.9115042686
257194395.8089568317 2572.4763693810
239412184.5270661712 870.1541437368
240655813.2305691242 1289.8330757431
243532528.3985669017 1720.0630806259
241559207.7794148624 1459.7163596396
243415764.6713356972 1703.1814965034
243436598.8785647154 1703.6326214239
243705528.3375795484 1737.6600425787
243263712.1531538665 1680.2163824983
265912379.9172057211 2701.4064159393
239496969.3869849145 907.2106736214
254856758.8687606454 2479.4610943571
239431055.7346035540 880.4281791472
239490807.4636442363 900.0890868926
257277141.2970332503 2575.2555022240
239491174.9211383164 903.7632640624
256586205.3109551072 2553.3251836300
257062650.5010662377 2571.1179881096
239703287.1546349227 971.2265511841
241356944.6572513878 1428.3931049811
245267018.3492912352 1879.6616059194
239602948.1744336188 950.0122586121
240807516.2870042026 1314.7355982755
240535655.6935688257 1242.5411177769
241304032.0393719375 1411.9499096381
243334942.6911678314 1687.9108710236
241223305.0390501916 1395.7041769732
241182737.3182181418 1392.9055634546
241059614.8285635114 1369.2377828699
243634433.3121644258 1729.4900441117
239581876.8327216804 946.8402401978
243520720.8762597442 1718.3217899747
243506939.3932835162 1715.3921730466
254457501.3041788340 2464.4245133176
241177313.6986501217 1381.5418498177
241300863.8468094766 1398.2543273824
240597220.3843130469 1268.1837136982
245164384.2430495024 1869.7297604139
245274260.0146631300 1880.2864476498
245088929.8249869347 1859.6877165629
239542224.0204445422 924.2807932073
244946240.6715460122 1853.9614791926
240513512.3264606297 1233.0866124432
243695827.8222846091 1736.8583042569
244753707.3903925419 1820.5140907820
239733033.9654208124 977.8742312263
244813542.7375868559 1838.7139184530
240678070.2627658546 1290.7475049292
244570227.6365059614 1817.1126244307
244411312.4313940704 1803.1920436534
244791043.7483177781 1826.5369840093
252628233.2501071990 2368.2768087373
241032975.3445637226 1364.6074950356
240456539.0191555917 1216.8997506096
240432147.3149326444 1211.6617375912
240469357.1334519386 1230.4538496926
239806863.6513049901 998.2512856585
251889882.2210475504 2319.8458995915
240769837.0412582457 1313.2940684128
254237962.5819936395 2454.3448863402
254227536.0740156174 2453.9931407347
261923374.5731753409 2684.9903364182
251808003.2786985338 2317.6261258221
239770683.4757520258 978.0473419344
239780367.2592800856 978.3702202471
252513048.5539582074 2362.5141391740
255542438.2635827363 2512.4482255578
251936046.0039953887 2325.6483808256
240626937.6419115663 1275.7405184700
240569879.2895942926 1257.7534235909
251956039.2164411843 2330.2407674885
240540292.5087870955 1249.0025886490
252509091.1995250285 2362.2428073869
261993482.0575261712 2685.3668642044
261773395.6207365394 2684.5537748337
240326369.9564983845 1167.2085105670
262001266.9861813784 2686.9005880356
262102914.9189254642 2688.2322092056
252217060.3070337474 2343.5181560841
252129474.0088231266 2340.6587243176
240398783.3991308212 1190.6793169272
254916856.8136300743 2481.3094533756
251641562.0848157704 2305.2413951851
240321084.0114922225 1154.3847591708
265582863.7959820628 2698.6135644913
265720563.5919220746 2701.3122911453
254315821.0316319466 2456.6312339082
243185096.2587971389 1620.9408738723
240344372.0869747102 1170.9845004509
240363884.3158288598 1172.2553737526
258324164.3122551739 2594.1958818436
243134208.7732396424 1616.6637721172
239957694.8164138198 999.9426678691
240281599.5311926901 1149.3123775403
243101447.4301198721 1599.8236037909
255013896.1070411205 2489.9777454436
265474573.9763996601 2698.4697847366
243024598.6936385334 1599.1213650814
265636317.5382389426 2699.4967679977
240260031.6083863080 1126.8481223491
242965831.0957819819 1581.8106476817
243107181.5564712584 1602.5381399452
242917929.5763237476 1580.8873583137
265428024.9239266515 2698.4627046585
254971615.0060687661 2488.3453992978
240153061.4315173626 1073.1692727720
255158440.8061453104 2493.2353753522
254998041.0350486636 2488.6696066037
240185845.7085081339 1103.5130374339
242817864.9172427952 1545.5017136991
239972045.8269449770 1003.4615799311
240207102.5933588743 1120.3789368262
240212159.9404031336 1122.9613275436
242908390.0667648017 1559.6190721061
242861168.3438155651 1558.0796260297
240185018.8842945695 1093.4361787354
254582714.5027590990 2470.0323662534
240073917.2949548066 1045.5649460057
240157546.0357011259 1091.5329021727
240160601.6936639547 1092.2914461651
240012077.1683836281 1024.7359329585
240088518.5026795566 1068.4480723058
240045830.4497496486 1044.6467813169
249149900.7417496443 2121.0814828344
258993584.2694729567 2608.5394210815
258901805.8562969267 2607.0660619736
258653279.3154329360 2604.3344469070
258369470.5337010324 2594.5468149185
251752505.5963061154 2311.8554776039
258619944.3492614031 2604.0634717941
259147570.2660611272 2609.3922948837
258731214.3473794460 2605.2014284134
249035765.0857087374 2117.1810624070
249013154.0419295430 2109.6586722790
248593859.3142633736 2073.6735425650
253800792.3504344523 2423.4314059460
248797653.4042663574 2095.9408401905
248260540.5672155321 2021.6240952371
248354898.0308224559 2046.3287080883
248468347.1430833042 2063.9638333090
248289600.9693373144 2045.6570989250
248549772.9320652783 2066.9923647568
248396282.8445054889 2059.8034688591
248630765.6405955553 2075.4457351326
249688510.0829753280 2159.6172999408
249920737.8796188235 2174.2947847735
249859965.9479069114 2173.4592924010
249568647.4683912694 2142.8189840044
249597162.7430229187 2152.8472156252
249850972.9054265022 2162.2559743921
251247058.4232057035 2265.2258715549
251415331.8047981858 2270.4428420736
251543504.6264314651 2282.6541059686
251470657.7349334061 2272.5499300876
247942545.9192448556 1965.8229208267
251464059.6839833558 2272.5124173084
251282717.1735244989 2267.0928578296
251216248.0177533925 2255.6078386388
250643417.7808380425 2210.5088255263
250872374.2540251017 2225.4112066277
250643880.4605050385 2210.6825462437
250748427.2601089776 2214.1864703751
250795319.5968731940 2223.2951842404
250537199.2883144915 2203.0348769284
250517518.7366459668 2196.4801534272
248034229.7220840752 1975.5895652058
247950833.6704096198 1972.6155881169
248054412.8157970607 1985.5558757069
248174769.7531666458 1988.2999020791
248098703.8785592318 1987.4571076608
