467415126.9582603574 423426.4410686106
467713497.9158875942 429162.3279256970
492941751.3680170178 676003.1398637197
494776443.5020099282 688481.0771770363
494724790.8260449767 688199.0237774735
530672281.2431052327 850521.2390136719
461180811.8168995380 334167.8791315645
461400681.6949048042 335173.2841507435
461225257.9267055392 334381.1680435083
457010417.5337789655 235776.5752303279
460822343.4836356044 330999.9146067739
460903157.9477142096 331866.1536204458
464241431.6362204552 382246.0253345780
494804576.1572400928 689075.5918254738
515873337.1349568963 813046.5950012207
496489846.3745521307 700194.0247599215
515878725.9967897534 815963.0350341797
516129626.4577820897 818267.1902008057
460687986.2280871868 327283.9921777275
516015356.3005865216 816755.9550170898
516401134.9471368194 819852.1062011719
533240981.0768114924 854965.0656738281
460937911.3654606938 332588.4799515248
466985920.0240671635 420523.2101849910
467424733.6675390005 426172.3822043091
495763782.8328851461 695133.8452334153
525047840.0708492994 840690.9692382812
524779213.7404012680 839202.1444091797
468313575.1522945166 430720.5438728482
494788187.9986999035 688923.7618656938
532448507.1916291118 853948.7258300781
533119954.8634888530 854915.9309082031
456168238.4236744046 194658.1668066332
456037711.0978361368 190521.7721984932
456813845.2219078541 228594.6615196760
457111962.0766059160 235860.6726950025
516158032.8496266007 818689.7836303711
533394900.2019433379 855318.5026855469
461073206.9497871399 333108.8647871852
456322734.9092600346 211841.1933228667
467436606.2517785430 426562.8794405609
516465542.8339914680 819904.7416992188
466975658.4849903584 420042.7427830547
467127025.2929906845 422763.1619894654
516207037.9313307405 818808.9220581055
530886225.1991956830 851804.2854003906
532896806.0074191689 854893.7214355469
456998144.6649128795 235624.3096053279
456926758.0144367814 232278.9171754415
492257129.2002638578 670266.6697754762
531932107.2204349637 853494.9594726562
456592171.3567360640 224472.3504845197
491896862.9259260893 662543.4116332660
480640775.5819389224 571561.0421396866
481166574.2089493871 575765.4228425995
481356934.1936836839 578591.5526377335
481232979.7159851193 577623.6309298053
467239947.2838329077 422981.2827398032
466903363.2892358899 419503.7265874594
466409192.6174888015 411945.0465223044
525321110.1291216612 841443.6701660156
464358808.4601470232 382553.3729908280
492180633.9588734508 669906.2235839496
524895138.8980491161 839711.7364501953
459715330.4499426484 306671.5218115376
518483233.0876561999 827785.9818115234
466857881.7980865836 418746.1185600013
466579460.7983050346 415381.4155523032
480045224.1638672948 565485.8453309443
456279166.3783310056 200760.5145977834
460548212.0557723045 325347.6654145658
460407079.9132659435 321225.3543794096
465641557.3086543679 400892.5147363455
492148449.7778239250 669268.3005738161
525111923.0684834719 841285.4074707031
518397512.4526781440 827543.0415039062
518214236.6380439401 827224.8120117188
480019263.2431258559 564826.8909852412
496011466.5714986920 696276.6227917420
492062277.4837884903 668730.9024243257
480979519.5811879039 574606.7301671878
463862743.3855581284 375238.6611378007
472908657.2123332024 485895.1098907776
472862091.4922060966 485867.7582728975
480883695.6753988862 574523.8490244523
466725648.5088258386 416265.7099158615
479915015.4459907413 564426.2488953974
495193957.8805551529 691449.0349322571
459667374.6974047422 305613.1800801085
472353301.5108294487 480121.7873810120
481462481.8326804042 579065.8976339474
472716575.6306058168 483473.1922342293
511584224.7636811733 791108.1127319336
456710266.0289232135 225692.3702322538
479960724.1927946210 564515.1588075068
495355544.0873282552 692970.6155013787
456067718.0411194563 191151.8739391217
511744129.9692481756 791980.1325073242
495681899.6156576276 694637.8086175853
456585168.1627352834 224079.5395480688
456498601.5699875951 220020.8310403521
472541158.0729088783 481248.4077423401
472566841.8149769306 482227.8539195843
465486081.8918680549 397480.0491594584
479887196.7068018317 563868.6734559443
456118935.4385152459 194598.2574805957
465569755.8494989872 400862.0578712435
460265529.2636076808 318358.2494103849
460369864.7015097737 319203.2186486662
463848489.6869304776 374528.7606861405
463636124.8022013903 371877.1383106522
466094073.7696309090 407941.4290764839
494951798.0606192350 690570.2059227056
517145318.6316877007 822553.7275390625
517496090.5061751008 824275.1520996094
465747594.1699060202 402425.0809319527
465843849.4265429974 404436.1278069527
517575854.0145279765 824810.7832031250
517870670.0763526559 825931.6511230469
465687052.5307738185 401137.0594247789
465783304.0287638903 403435.6428634436
531943751.2577169538 853548.7844238281
460319286.7656269670 318983.6783654630
525484834.9358489513 841808.3405761719
456272919.0376040936 198594.1715801308
494569775.6701691151 687801.4337986463
494909492.3057612777 690009.9361368828
456520895.1194770932 220077.6357631977
472808696.1439759731 485528.9529541321
464867680.9113879204 389393.7110723914
464614735.2293058634 385556.9432501257
464570850.6731802225 382841.2329747141
511221380.4632198811 785041.7100677490
464473492.5939229727 382726.0339251724
511286348.2131760716 789535.2754516602
456254416.0741319656 198326.6499679635
463340451.5831648707 367649.7352045138
463528939.7947682142 370722.1526767127
472742998.8284752369 484635.3421295471
472607020.0066925287 483327.2037018128
511261610.9180344343 789130.6958618164
511466226.6353708506 790260.1389770508
511341224.3740880489 789788.2195434570
460253693.4286049604 317925.8506066740
459537997.3864974380 301916.5530420784
459944958.3752511144 310326.3512208649
460040873.9214403033 313822.9822466859
463076844.1883803010 363580.2635616004
463178903.6356492043 364156.3079072176
463062459.8095467687 363577.1374970614
463212903.9217811823 364197.5529858298
463236469.0198160410 364489.8785807379
459469909.6956835389 298635.8265406135
463240945.2166920304 364489.8843232333
463029997.9962041378 361032.8834687411
494190321.0975350738 683930.0407422595
511547183.4951348305 791013.0507202148
529856925.6740358472 848438.8491210938
462467874.0638474226 353573.7220646455
459907917.3775147200 310139.6586939339
529932853.2698519826 849276.8132324219
462479847.6356686950 354007.4315619990
462398755.6691900492 353168.5076142489
529882619.1530640721 849053.5222167969
472176380.2714468837 476808.5678103976
462177766.8826824427 345609.6970110605
512757425.3952581882 797361.1802673340
462381341.4393171072 349652.0169951986
462242295.7750101686 349311.4269683431
461798425.5569099784 340009.6453621830
524756093.2689721584 838908.9173583984
492924580.2101461291 675449.4327041260
470693803.8640326262 459127.6981857307
514890422.2977392673 807033.3208312988
470645869.7008629441 456853.1238449104
470905962.2578528523 461810.1510665901
514006718.5291308165 803621.9236755371
471488929.9289694428 469181.8273454718
513165774.2511255741 799092.0460510254
470657490.1374791265 458566.8862375529
471188120.5416069627 463856.1762818582
493560752.1458291411 679866.9203300378
513118307.6649250984 798764.0561218262
493568158.6446244717 679967.6041679285
513793089.4826810360 801998.4157104492
493710730.6016833782 680605.0611991785
513869996.3250212669 802820.3219909668
491904110.0281839371 665799.2273233980
459295310.5412073731 288283.9922898058
459154122.5196745396 286890.7850144152
459035353.4058084488 283143.8990280870
513389019.2185505629 799874.9204711914
513700868.0027832985 801631.3281860352
459138550.1741431355 283381.5514272484
458896527.9717291594 279624.7518112902
458088438.6519578695 256463.0781448514
470647086.5561237931 458542.1317794807
458839382.2851843238 273766.5402466487
458886265.1952017546 276241.2248332780
458747763.2423861623 273370.0375691385
458585762.0659207702 269717.1744958193
458255281.4790004492 261970.0060794980
471054654.5513215065 462653.8908653744
458493805.2389478683 266579.3718658171
458526658.3837969303 266731.9652288835
526535036.1958022118 842824.5864257812
491551505.3680791855 662444.9234992526
526862117.3711249828 843177.7380371094
491430523.1775141358 661426.2237226032
528952095.1078144312 846621.6965332031
458625542.7781183124 270025.2735863954
458676717.5143344998 270149.7875024111
457978459.8053244352 250031.3017860632
458548918.1233032346 267771.9356898435
458419532.4885434508 266027.4764672548
470523241.8481492400 456004.0897457339
457895811.7413396835 247073.8319145422
470464374.5210847259 455081.6768307425
470470092.7363095880 455123.4755245931
491023633.4893759489 657014.3413319136
457990528.2958794832 253286.0735756140
526774822.9456892014 843138.2722167969
529348132.3165756464 847067.5876464844
490478575.6398249269 652653.6306490202
470266952.3959648013 451846.1963570155
527488373.3858491778 843789.7368164062
489969805.1475156546 646734.7422930677
469973479.4003564715 447983.4175484218
490171216.6908438206 649353.6772601088
489803198.1425101161 644410.8158531743
478350010.1921426654 543082.2079712879
469384379.6071714759 439548.3486468531
468897182.8109287620 433093.7280949987
468837900.2395457625 431684.4573423602
477665672.2645439506 534550.5038697254
528509403.0239265561 844482.3352050781
477771786.5007624030 536684.1690608039
468959260.6876898408 433725.3803732134
469152143.1519615054 436297.7380387522
528400207.8253429532 844133.2524414062
478000314.6008180976 538842.2689716946
457881540.3567221165 237872.3030737820
488073515.4324630499 626285.8986602874
479165671.5590421557 550233.7144563925
478702282.4695048928 546276.2788156401
478755814.1428724527 546404.0187618267
488183008.6042393446 628351.9290402313
488486052.5727242231 630377.8259674163
488795349.4644969702 632735.7212670894
478819362.0180690885 546633.7844931614
478938012.9868684411 547176.7510458957
478410085.9189079404 543293.8189169895
488956241.0043293238 634636.6963501009
489089634.4554630518 634686.2353595729
488444333.8009893894 629916.6779967697
488048982.7816159725 622479.4598219353
477280407.8198187351 529745.7020151531
476845336.2167174816 523597.2492143576
476341142.7867224216 515413.4107382362
476033702.3267458677 511169.2952830856
476133876.3120716810 513388.4653448527
475640135.4302825928 507793.5363118713
475816896.8167541027 510258.1135382121
475923517.3133451939 510660.1823775537
475523561.3225010633 506778.8867232568
474846702.0544197559 498118.5637471699
475103993.6660283804 501286.0737219306
474309265.0369876623 489094.1470059615
474476583.5180145502 492055.5426442188
474245854.7393255234 488884.1171681446
474456762.3730589151 490119.5351903003
474434867.8155616522 489602.3169315290
487236341.1543388367 611827.6283837159
487186328.5862897635 611098.2984351714
487370714.6599268913 614455.8578759034
486601752.4103344083 606538.6482181393
486811747.1855742335 608121.7749576413
486935585.3104920983 609816.4065494381
486804336.7759988904 607921.3850736760
486747183.5481973886 607611.3575992428
485736202.5584698319 597263.4891428272
484327400.2633326054 585943.0510620247
485218578.0133804083 592923.8425055495
484919878.2531639934 590292.1253128122
484758568.0684908628 589368.6867529373
484965037.8108704090 590779.9044193439
484881661.6228358150 590076.8188109449
484463583.9810052514 587175.4265482179
511148011.0981469750 733023.0344718695
510949874.5525671840 732203.7252219915
510895860.8535861373 730525.1029380560
508844986.8802506328 719371.3927612305
507672610.1210101247 709312.4996362925
507951678.3164473176 711437.7691577673
507846439.0403988361 710585.1848605871
507653717.1523276567 707481.6968234777
507757827.3447619081 710378.0667041540
507463575.6347434521 707157.9101566076
507671224.3450343609 708458.1409457922
507162011.9963359833 703364.9097884893
