388448877.8559299707 30.9166552238
388762634.1932420731 30.9554886036
388841447.5502612591 30.9586450718
389579458.5651980042 30.9940097816
370044632.1782768965 12.7127637256
370089529.9863224030 12.7206777001
370075009.8240432739 12.7201941189
390286560.2686178088 31.0013778545
389607673.5052924752 30.9980968870
369992622.4494652748 12.5604858119
370008198.2357465029 12.5626810556
369916319.8789776564 12.5485857305
370076775.3616731167 12.7201955247
378293054.7552844882 23.5421700171
388427718.9583563805 30.8578859530
388516453.2498921156 30.9193473272
390559103.0507277846 31.0123698339
368783751.4040164948 9.0679146523
378324311.2923592925 23.5472948691
387596703.4257854819 30.3304345867
388196312.9679216743 30.7740710154
388224560.9952958226 30.7882375494
388258276.7426584959 30.8113450482
389279602.2614775300 30.9865646996
389543200.9873630404 30.9929637946
370154603.8324071169 12.7246606409
389440532.2491794229 30.9921490438
389375175.8349934220 30.9871057011
368295697.5370649695 8.5818849266
368395301.2696712017 8.8991095952
368403571.3371146917 8.8996954789
369854985.6284630299 12.3887593020
369940553.8105002642 12.5516827435
369920192.2869980335 12.5485871363
378093619.2897042036 23.3658227893
387565531.8299641013 30.2175666299
387733605.7778657079 30.3331850311
390309263.3168498874 31.0017271563
391158715.0662075281 31.0140021481
378424029.3935054541 23.6255959290
368521674.0257387757 8.9165240173
370043539.9190659523 12.6673593448
378205223.1254188418 23.5297848276
378200485.5236256719 23.4097379363
378017035.9839026928 23.1411541533
378538974.6096155643 23.7790260814
378457458.7530948520 23.7339266724
389081208.4164134264 30.9700974636
387440310.3891142607 30.1832907415
368303611.9126568437 8.7275012068
378638930.5697455406 23.8533382631
387768176.7007539272 30.4962639269
387992123.4996806383 30.5202640276
388641748.4837895632 30.9483292066
388630588.4830975533 30.9446395449
388879611.4792250395 30.9624855369
390553965.9384075403 31.0051810667
388817904.2581384182 30.9571008496
389136017.1636754274 30.9729155712
368242004.9749826193 8.4106115791
368346041.1513082385 8.7601776471
370067252.0435919762 12.7140301090
378066902.6644730568 23.2755230861
378898542.9721730351 24.0392431940
387766901.6382730007 30.3355450519
387852018.5010234118 30.5056087570
388643041.0522001982 30.9495036416
388909742.1986671686 30.9650049768
388729143.3823037148 30.9538423680
378748302.8766137958 23.9377494279
378656200.0856064558 23.8784940962
388362532.6388069987 30.8235979527
378397723.5468241572 23.6083706430
390945405.5125507712 31.0134786591
368257770.2671961784 8.5713909487
378733709.5777800083 23.9018404813
378842760.5750903487 23.9395187853
388012900.0985131264 30.6204445213
388117817.7928318977 30.6774597690
388599279.2133445740 30.9368616194
389277943.0807592869 30.9788173065
389974849.1401477456 31.0004619583
390535824.1819990277 31.0046320185
378039794.9791527390 23.2708513318
389592503.8254266381 30.9944194481
378102821.6892843843 23.3667644477
388589952.4523568153 30.9367950968
378117275.4544669986 23.3772008417
378406571.5169854164 23.6094717644
388336074.1547184587 30.8140717298
378454837.5936208963 23.6816155967
388195209.4945749640 30.7098126411
389145444.8921025991 30.9731908664
378868027.7249012589 23.9395690157
370973038.1702402830 13.6263601836
378510297.2446956635 23.7661431931
370173776.9570292234 12.8604833816
370671579.1381039619 13.4803904922
378155233.0884990692 23.4068092999
378365763.7770411968 23.5953150951
378334520.3229879141 23.5945348047
388099523.3396949172 30.6756799929
388170099.7698943615 30.6931817904
388306412.1798456311 30.8136714250
390354225.6706438661 31.0044368431
387896431.6733586788 30.5173164811
388337402.1013465524 30.8164505213
370550441.8127497435 13.3167040533
377842201.7634333372 22.9941859125
388169480.4661203027 30.6819560006
388126855.1435576677 30.6805646829
388056883.7173581123 30.6675370187
388094185.8256366849 30.6688870601
370604780.4541909695 13.4799069110
370756035.3076973557 13.4876771361
378030684.0004462004 23.1478422289
370444972.4412956238 13.1498091016
370590379.1511372328 13.3454717029
370475541.5494767427 13.3082985226
377948761.4020322561 23.1320658522
379171770.5095705986 24.0938644066
370386037.3036822081 13.0792207094
370439902.4534530640 13.1091222782
389214664.4578729272 30.9747176096
370423280.9087173939 13.0945447284
368237384.6830899119 8.2488827403
370270898.1144061089 12.9182562363
379189161.1791877151 24.1385880606
370346730.3924534321 13.0645609964
379233858.6209478378 24.1501795301
379046139.1107857823 24.0809815183
394206772.9911125302 31.0180122182
394577985.0480425954 31.0237081721
396712437.5339188576 31.0286659151
379316923.8168754578 24.2523279056
370259519.3997812271 12.8929526080
379298308.8363189101 24.2427265347
386240235.4060502052 29.1594534154
396279127.5868178010 31.0265655033
379178094.9456789494 24.1003788367
379448797.5373749137 24.2616678828
379368193.7607528567 24.2533016526
394797371.1460173726 31.0246608816
386574576.1834412813 29.2955110815
394558699.7406585813 31.0231642313
379075503.1566627026 24.0878151461
386173856.3891857266 29.1149049207
393911257.5480599999 31.0162773207
379218972.5064333677 24.1482441333
369839204.6020959616 11.8744289320
386089020.3024117947 28.9199570898
386402057.8710044622 29.2618676360
386118969.7780606747 29.0400858001
386548176.8364929557 29.2706806894
386086164.9716765881 28.8102710630
386703161.1216993332 29.3836734045
386363089.2368542552 29.2257271345
386388535.1664691567 29.2268919285
386147816.6943289042 29.0671864609
386345154.3287485242 29.2254079367
394263266.0751695037 31.0191166773
387161607.8656527400 29.5468828614
386713998.7497210503 29.3998353380
386938595.3423815966 29.4220100391
387097882.7383839488 29.5220195848
387131295.2478548288 29.5266974318
387049499.0906032324 29.5115554250
386901339.8170481920 29.4169929895
386971017.6259758472 29.4723829377
386882801.3938425779 29.4128780562
369033705.2008255124 9.1175800604
386738082.4079388380 29.4026222426
369006320.2926153541 9.1175798737
387152848.6134690642 29.5282101963
369161335.4173659682 9.2767786772
369219641.9125193954 9.4357785220
369197798.0776712298 9.2872357861
369153067.8374602199 9.2631576293
369096152.0390478969 9.1406408296
385985441.5322996378 28.7545383115
386032106.1634762883 28.7739490998
395631468.8096626401 31.0253819786
369500100.7163369656 10.1165180605
369809268.9678777456 11.0018210917
369782084.8054518700 10.9905763575
369721841.5970700979 10.8189679691
377051294.8449254036 21.1715632885
369388400.3160589933 9.4947043248
369773099.5474582911 10.8441682316
376993774.4692288041 20.9824087628
369658462.1442725658 10.6473595807
376953569.0526112914 20.9701546625
369616316.1131627560 10.4757511922
369455597.1755623817 9.9432908033
369353914.0357434750 9.4919470645
369429256.9613035917 9.9405573553
377009370.2019515634 21.1173465372
369587466.1314985752 10.2915124547
369564227.6364960670 10.1213362794
377018416.7509600520 21.1180411353
377001076.1820278764 21.0000289947
369572802.5370475650 10.1244973449
369525519.9483547211 10.1199728126
377228743.4019815922 21.3041046689
377135131.2637756467 21.2824555700
369389350.4928655624 9.5985969598
369400641.5506240129 9.7689489669
369457520.8934782147 9.9515254897
369391334.8529164195 9.6335214401
369416553.1755155921 9.7949804023
385777580.1301609874 28.1392436877
385776265.7869082689 28.1183976952
385908471.5565938354 28.1802791517
385975343.7654290795 28.3041805934
385855939.9578453898 28.1758411426
385818631.4064116478 28.1506874852
385940183.2958872318 28.2495115559
377657520.5241320133 21.8098022857
385719127.7628107667 27.9548476200
385744832.5650910735 28.0642939333
385767353.8834549189 28.1109688270
385773717.9466823936 28.1125142390
377647876.1385181546 21.8066515977
377414819.0490870476 21.4918891371
385966919.7534190416 28.2729310702
377580863.5050191283 21.6503818231
385640497.1682041883 27.9456134682
377350657.8136692643 21.4665855088
377536551.9841356277 21.6492458360
377459079.3883736730 21.6381938973
372664812.4589603543 14.2783241660
373305253.4046946168 14.7219763989
372974978.4678607583 14.6450993364
372783367.4229382873 14.6194916768
377422952.4175129533 21.4980748373
372778371.7901627421 14.4545075964
372666954.8194633126 14.4419968646
377755271.8263552785 21.8120517110
377779837.1759477854 21.8221056651
377502780.0732811093 21.6404433225
377593698.6826665401 21.6709188049
372643590.1430311799 14.0722009804
384825941.1464269757 26.9347367898
384955610.1558985710 26.9462331474
385261679.1140353680 27.1410509533
385075801.7133915424 27.1100878750
385558717.4413505197 27.3579500428
384968654.1304896474 26.9719334986
385601820.5790795088 27.3605086299
385356336.3955425620 27.2726047054
385609803.4420278072 27.4281616059
385295180.3801802397 27.2565803990
384908419.7795039415 26.9446759090
385246790.7038359046 27.1334887870
385023695.4599789381 27.0875169780
385342547.1674770117 27.2603026608
372647900.6355179548 14.1429106196
377833594.0020574331 21.8375180975
372616858.7209950089 13.9938758809
372624341.6754949093 14.0093225914
372639551.7886970043 14.0124500509
372527024.1453871727 13.8384216375
372492855.2874267101 13.7028656509
372572153.8078023195 13.9847263976
372511304.8975033760 13.8128601082
372508165.9344531298 13.7908619701
376949219.4369345307 16.2301324774
376888037.0924640894 16.1406973771
376877036.8865846992 15.7350361999
376850767.3640206456 15.7143870381
376842851.5395165086 15.5698947211
376461194.8135076165 14.7288358026
376828797.5204885602 15.5601218541
376618498.1555848718 14.7970742459
376552656.7743223310 14.7438713976
376501415.3847990632 14.7288685663
376684947.2745024562 14.9403629079
376625013.9497652650 14.8981390932
376739548.6445981860 15.0808624859
376512206.8959505558 14.7431611357
