99853267.2993047982 123858.7947618514
104425371.5139738172 208984.0022583008
99139981.2605621815 102481.8604106233
99657263.7212997973 120346.0096056014
101182098.5376427621 156163.0018254817
101339195.2006053329 157343.2411919534
102946344.8161214590 186239.4079437256
104644760.5108013451 212243.0866699219
104591761.2267391086 212075.5886230469
105183202.0228931904 216822.0605468750
102919646.8460633159 186141.8586883545
104940938.2270646095 214966.8291015625
105182355.0899690688 216725.6225585938
107003350.4433783144 218326.9338378906
98463996.3587017655 74907.5730997622
98636381.0630690455 82635.2868354023
101559495.7180151790 161325.1454515457
105385280.0168915242 217104.7175292969
105438592.4054448158 217185.5021972656
105496040.9710461199 217209.2600097656
103330232.2741498053 193682.8951873779
103636111.3090747148 197174.2727127075
100477565.9590384364 138724.2675572708
105314307.7649735361 217069.9272460938
105643603.7558408529 217309.0800781250
109313704.8421074301 218608.4650878906
99219754.4424729049 103658.1688850150
100193226.1514028460 133475.5605260208
102887915.4592726231 185794.8366241455
98618949.0164134651 82544.7272486836
99063451.9506975263 100060.7216471955
100263795.8126794249 134205.5354256704
103207245.6827416122 191081.7064666748
107271971.8158776611 218413.5612792969
104768319.1829698086 213577.6098632812
98313906.8391298056 56916.0650732871
100413970.8572074771 138391.7072384134
100379810.1631696373 138081.1165235117
103435781.6931658685 194233.8231879175
103097393.3597980738 189855.2187957764
103591227.0589923710 197104.6459121704
103805144.2415819317 200593.4600830078
98273430.9003874063 56233.0642749369
102877705.8956387043 185696.2339324951
104019076.9303122312 202598.5091629028
104932543.8581667244 214919.0363769531
106211733.2366374135 217735.3378906250
98796351.2713775039 89920.8193347156
99081622.8013236523 101535.0879496858
100207558.1218131483 133733.2092381790
100492651.6004001349 139233.9487366751
106026673.6920129359 217643.2395019531
107120643.0393162519 218407.6364746094
99201589.4234556854 103162.5390300080
99021319.8750467002 99135.3391865864
100503786.0949406624 141720.1825963333
103004798.3231960535 188220.7894744873
98304716.0797118545 56876.7190702315
100510317.1979538649 141821.0441638306
102844779.7727316916 185035.5122985840
100494873.3088728935 140129.3865609244
103051626.2606315911 189533.8949432373
103411131.2616165280 193926.2252044678
103978992.6615978032 202483.9893875122
98285987.9366630912 56425.6501366524
98336750.2407814711 63179.0061123725
100368925.9791835546 137696.9925081506
106059505.4304590225 217657.5974121094
98454500.1497002989 74644.5071388781
98743889.9835803956 86715.7377228886
98836816.1131519228 90291.4198517948
100357907.4337986708 137662.7863560989
100321822.5172659904 137597.8715611771
98957100.0057485551 97655.8022593781
101692260.7975355983 164578.2688875198
104475334.5822174549 209153.0537719727
106131233.6566131115 217688.6643066406
98669964.9878277481 86570.2744705230
99040790.7499222606 99681.9412006512
98909393.1528807580 95126.9755229279
99159311.1611432433 103049.3564128205
99165554.6349815577 103150.3728617951
98962529.0861780941 99128.0212077424
99128474.8613904566 101910.9831165448
98921493.5566829145 97627.3273600861
107832809.9282276481 218465.2282714844
98572687.5315336138 82130.5662238300
98750291.1046361327 89916.7369580418
99861212.4867229909 124160.7657091171
100643388.8049995005 143692.9590309858
101247559.9724664688 157225.5719262064
103643030.4823012799 197647.4434585571
104383161.5856722295 208858.4662475586
107419627.4583755583 218451.1301269531
107117538.2391742319 218406.4550781250
98666319.6008457690 86169.1088166386
101408895.8433723897 158639.0055352151
98230537.8462095708 52754.4080350753
99905239.7017612606 124694.6435861588
103699558.2644868642 198553.9374828339
104365740.6649817228 208840.5846557617
105945201.5487372875 217591.7106933594
98650679.0350974798 85706.2483527362
98447025.1441543847 71001.9670573473
103328730.9990190566 193576.4772186279
103739840.2604629546 198617.9412612915
104564760.6584935486 210908.8461914062
104994820.3756852746 215350.4729003906
98361601.6549503356 63657.5161163863
98852688.6114488244 90475.4719993025
99572586.0282735527 116621.2858984470
100629622.5840446055 143235.9654863179
101808231.5570890754 165347.9484368265
101443278.1055997312 160705.9184004068
107269543.6794687063 218408.3684082031
103189705.1273070872 190091.1292467117
101392812.7408264726 158584.4402257502
103304882.4366105199 193448.6310272217
105102527.4316895008 216453.6894531250
106732863.6470558941 218163.2917480469
109930523.8073965460 218647.6760253906
98832612.1152106822 90060.3700457960
99555557.5238696039 116244.7920763046
101355827.6006885767 157567.5389797688
105276392.6184922755 216960.4775390625
109285514.5269176513 218603.4274902344
101570074.9846335500 161718.2432366312
109138635.2362897545 218583.1015625000
104404778.9784963131 208952.8151245117
104166924.0044418871 205319.1927490234
106296196.7635725439 217754.3452148438
104364778.2328496575 208833.1986694336
104267768.9364256114 205490.5755004883
107344930.0471024513 218438.0639648438
98264751.7425198406 53181.2863918282
101804311.0143326521 165344.5890265405
104356719.4365828633 208831.7299194336
104349811.0906503499 208158.7746276855
98813382.1817588061 90008.3819910735
104021243.0207666308 203633.6848526001
104479323.2443061173 210095.7389831543
105909910.4998831302 217537.7773437500
107374003.9038051069 218439.9997558594
98803160.2677412033 89968.1100989729
100816599.6551855356 146556.2902908027
109206981.2757228166 218592.7407226562
98908316.7226117700 90538.7389642149
101649581.4444875717 163578.2638665140
100730192.2768573016 145742.4424599409
105290500.4004105628 216984.0476074219
100949779.8013566285 149328.1628975570
106990016.9340278655 218240.4069824219
107668657.1054334044 218454.9792480469
98420416.6980236918 70557.1309577525
100873499.4223240614 149251.0268412530
101461518.3028706908 161218.0167656839
101741494.6408192962 165170.6467190683
103547357.4457378089 196896.5252380371
103954003.3698157221 202193.9397354126
104954258.5091259032 215230.7133789062
107782769.2708892822 218459.2702636719
98405187.1711546630 70523.4570533335
106764569.6996271014 218165.9409179688
104607195.6954853535 212101.7780761719
100852126.1529514790 149002.7656033039
107297003.0576655567 218434.0424804688
98513136.4681706727 78147.8058997542
100829242.7958929539 146828.3102883101
102001908.5469224751 165485.0828905106
105908610.4053575993 217462.2858886719
106131021.3015359342 217668.7133789062
101772842.8891577721 165229.8790656030
101813232.2533725202 165433.2884894311
109562838.2804494351 218639.0097656250
99623988.7049005330 116761.4528123885
100459998.0908799767 138636.9944313765
101153933.5809615701 154091.9251717329
101585484.1917964518 162963.2488679886
101455006.7507118285 161210.1158867776
101208317.1036406457 156679.9682095051
98551889.3474721014 79273.2998352051
98606096.7467230558 82269.8808208704
99481059.6350852698 113075.3696622849
103477484.2862793505 194958.3157958984
109414972.5518191904 218624.6997070312
104848916.0149437934 213865.2421875000
101107109.3009863347 153995.7727548182
101045942.3109239489 152900.6149380207
106554991.5272472799 217989.3586425781
109162427.6420444697 218584.0395507812
98395694.5672545582 67269.0880830344
104816059.7850748599 213637.7939453125
104335528.8591149449 208089.0886306763
99536092.4709800184 114134.6999742538
108815116.1348002702 218556.6401367188
101008376.9619804770 152453.8054378927
100950381.5275564939 150243.2918369770
101297856.6773921251 157286.0409358912
100595433.4340325743 142104.5673811436
101017432.0853480399 152755.8932583332
99440384.5679478198 109628.5437852889
101164388.3991675377 154259.2124789655
100738415.1218023151 146107.1608464420
100839479.4232076406 148702.4122565687
106364994.0406264961 217765.3999023438
103541620.9995520115 196143.0004501343
106154279.5978753269 217716.6311035156
100662192.3190137744 143848.6925142109
103478448.2063170075 195216.7934188843
98640919.9083587378 82663.2853561640
98546876.1024242789 78328.6447368860
99454304.9961321503 112639.1417772323
105247640.6485443562 216908.5119628906
106691156.0570329428 218113.4416503906
100676865.0234412253 144442.4447567463
103010179.6184501648 188402.7261199951
105025972.2737800926 215494.4726562500
101042843.9115460813 152784.6013949811
105808346.2013027072 217439.2441406250
98314872.9457506388 56940.1654074248
98528302.0841298252 78147.9038654864
98528638.7419027984 78162.7900188863
105986452.4818767309 217638.2922363281
98344053.0029579252 63225.9083265662
103238822.9006684721 192290.7814178467
104102170.5057958513 204672.1547012329
109083570.2954714447 218567.7797851562
99966218.9848724753 126151.1618009806
104085987.7901236564 204645.6217422485
106663908.4866388142 218046.7854003906
108851436.6659062356 218560.3308105469
103859359.9510028511 201267.6644363403
99367895.8605351001 108912.1637953669
100592133.5642876923 142050.6454391181
105721191.7137342095 217373.2980957031
108557689.4817636460 218509.1621093750
103810031.6740676016 201011.9337234497
100132008.9593216926 129974.1955507100
104066309.1642189175 204641.5338516235
104347626.3672994971 208122.3916091919
100678908.9820716381 145003.4807204902
108672050.6382109076 218530.3798828125
98431244.3830666244 70974.8755859435
105626982.3512572944 217293.9577636719
104310406.9387719631 208054.2009353638
100127276.5625735521 129359.6581312418
108688632.5580016822 218538.9953613281
99290727.0706172734 105068.8013495356
104282512.6605083942 205940.3713073730
104463814.6750669777 209000.9241333008
108272128.0473056436 218468.1694335938
99254113.8904180527 104996.5692938715
108610506.7326747626 218519.5776367188
106894177.6993768215 218209.4763183594
99368175.4765594453 109070.5739516169
104699848.7026035488 212321.9687500000
99430169.4079341739 109375.0763052851
104469443.7402194887 209021.1277465820
100054082.5816734284 128844.6330305338
101105237.0499529243 153017.5864914060
105212515.7104312629 216833.3195800781
105018140.9304313511 215478.9895019531
103411289.3057880551 194023.4089965820
105763843.5778336227 217390.9162597656
99387358.5869637132 109336.7250098139
108640964.9686105400 218523.3598632812
105716343.2170748115 217320.8728027344
108435427.9233576506 218500.2585449219
105690092.5745329559 217319.0393066406
106953753.1307052672 218215.1525878906
100981200.9645659626 150548.0444076657
108399106.7354329526 218486.4555664062
100947125.0891367793 149321.2611129582
105602617.0290602446 217291.2006835938
98379058.4199091941 66415.6422840953
99315044.9293627739 106675.8086708933
99373595.5375214517 109197.0518912226
99737195.0731602907 120402.5410324931
101089347.3620965183 152949.8495400548
100838522.2586480826 147846.1954122782
100133761.4317560047 130068.8929689229
101096579.1390136033 152956.7256229520
100042162.1685558558 128780.3195081949
99244554.4168619514 104593.6388787180
99976876.1039848477 126174.9089714885
106980300.9535920322 218216.2260742188
100110279.2578924447 129220.0875603557
104238791.5569400042 205337.6204223633
99313644.2533890307 105979.3546376377
99909576.4091535360 124908.1406133473
99740175.5158650726 120403.9106613994
100021003.8441340476 127123.4248215556
100189906.2613154948 131187.9455559552
100129324.4355274290 129721.6293557584
99781737.5341785848 121025.7775742412
99812855.6556760520 121157.8260056376
99819118.8737470210 121348.9888474345
100320332.9302918762 134418.2475894392
100102450.9834442586 129030.2776886821
99885818.9993392974 124526.2216965556
