260741309.7188282907 2950605.8417968750
246343068.7281506956 2482238.4438476562
246263882.7996339500 2480947.1645507812
253725920.0390513241 2823932.2792968750
258076616.0983662009 2930308.4042968750
258500527.6485816836 2938315.2695312500
240053039.7782117426 1896849.1877441406
241899918.2605399787 2139539.7089843750
249979684.7125597894 2677718.3422851562
257210113.1285067201 2915045.7324218750
246405066.9273425043 2487200.6767578125
246135008.9681222737 2474712.6821289062
246352080.3303363025 2485029.0356445312
249594360.9498378932 2669044.9829101562
238841086.4957493246 1752979.2619628906
254085890.7828463018 2838981.3457031250
257282061.6032971144 2915416.0400390625
270537072.0893563032 2958268.8515625000
238898053.5964894593 1755038.8532714844
238927721.2442307174 1765627.7727050781
238662245.6596761644 1722620.3051757812
238728690.9956371486 1734912.2272949219
241593930.3939796388 2114391.7885742188
257325620.2203681469 2917905.1904296875
259422268.1981543601 2943705.6699218750
241809268.6587879360 2136979.5512695312
249753807.4923617542 2674160.5922851562
238223438.6241628826 1590073.4738769531
238808043.6361408532 1749848.8479003906
239027620.3223084509 1765706.2617187500
239598774.2571624815 1860209.1228027344
241617276.3205724061 2120622.7866210938
239890278.3973913491 1895552.9604492188
239735698.4446372092 1887241.1865234375
249649950.8957879841 2669767.0610351562
248272645.3060865998 2602708.4262695312
249637117.5036939681 2669165.8618164062
238237815.7967556417 1605186.0014648438
238786282.5335318148 1746981.7717285156
239614616.4370525181 1871074.5759277344
245995158.1924020350 2455950.7006835938
248460923.9715967774 2614641.5307617188
249521653.7179468572 2667072.4770507812
251067973.2248735726 2724302.4804687500
254162400.2253509462 2841396.0927734375
257527362.3044085503 2920798.4013671875
259380304.2217361629 2943457.9492187500
238231787.6996121705 1595034.7316894531
257286564.0687950850 2915954.0283203125
238298178.1890306175 1622643.2739257812
240188087.0345291793 1897757.2954101562
258114123.2277861238 2933393.7519531250
261236017.4845921099 2951917.1054687500
242503020.8797548711 2194572.5249023438
245906937.9955249727 2445801.2250976562
255884221.0787016749 2885791.1894531250
239560489.5699292719 1856550.5522460938
242260922.8548329771 2175422.9746093750
261865129.9535779655 2952701.7109375000
241534129.8839405477 2109814.7158203125
262168208.2625013888 2952903.0820312500
260487195.3772319257 2950090.8574218750
261402415.0219821036 2952263.6289062500
238341221.2013367712 1629163.7248535156
241477155.7130420506 2105571.4941406250
241451547.6893118322 2098859.5690917969
251054304.0316933095 2721998.7128906250
260795687.9454099834 2951163.5761718750
262095990.9455032051 2952795.2812500000
249489729.0553110242 2663943.9125976562
257243322.6990601420 2915196.8056640625
248340304.2056241930 2606375.1391601562
248397350.1341589689 2609335.1840820312
251206259.5958807766 2726794.5458984375
261408406.5638298690 2952399.3125000000
238627353.4534296691 1714805.3439941406
251141363.5417430699 2724683.5712890625
241122077.1347688735 2063741.6291503906
251158045.1186061203 2725571.9267578125
260882216.5300570428 2951240.7265625000
242415111.5225248635 2188533.2163085938
259272131.3768611550 2942557.1640625000
260179488.0965926349 2947902.1406250000
238683769.6665322483 1729114.2382812500
241225268.5449609458 2072141.1809082031
248737181.3517252207 2627951.9555664062
241257406.5407874882 2077915.4987792969
253642734.3114880919 2823266.5937500000
254812919.2796104848 2860834.8720703125
257447620.3552359939 2920739.8906250000
261710106.7852703631 2952626.5527343750
257118269.6927368045 2910110.2861328125
242392398.2612325847 2185508.0668945312
241241643.3012249768 2073879.9738769531
242290857.4771613777 2179171.6020507812
248376850.7672178149 2608074.2084960938
253613059.5545603931 2821724.7792968750
257400033.9860327840 2918672.4492187500
260642336.7073675096 2950566.6699218750
249211326.0257533491 2650419.4370117188
255693579.2371448874 2884126.0351562500
261175944.1722992361 2951512.9160156250
253976214.9667635858 2834700.0585937500
238656995.0558137000 1716412.5341796875
238603548.4512988627 1706335.4389648438
238614431.4216596186 1712106.9570312500
239843780.0708270371 1895365.9873046875
242059307.6996017396 2155581.2080078125
249320471.4859711230 2656246.1430664062
249352326.4962851703 2658179.0483398438
249028824.4983108938 2642852.8295898438
253821818.0832026899 2830087.8515625000
270008713.2093028426 2957704.4179687500
243670733.8724305928 2285897.0400390625
250559257.5746404231 2701128.3286132812
238449629.6840873063 1630407.6848144531
256031220.3197512627 2890186.7177734375
242148533.3555414975 2162650.9423828125
257118671.7257797122 2910751.4951171875
239963882.8168334663 1896143.9726562500
243551502.1347598135 2279316.3666992188
257396090.4530957937 2918545.7783203125
248389176.2456347346 2608669.3041992188
248442855.3104153275 2614138.8803710938
248565242.8993531466 2621095.3754882812
238558674.3608884513 1688877.9926757812
248970828.1109636724 2640574.5815429688
248897931.0246529579 2636050.0034179688
248945856.8551870286 2638791.2348632812
251182190.3736824691 2726255.7216796875
255670726.7812616825 2883582.5976562500
257427772.1908810139 2920420.8115234375
270807716.6139389277 2958356.8925781250
255395093.0897084475 2875108.9052734375
259974095.8006032407 2947211.5839843750
242040366.7912761271 2155427.7875976562
270678861.7658026218 2958352.6328125000
248858248.4056688845 2635011.4897460938
258407982.0474385023 2937237.9199218750
270273999.5275123715 2958085.7460937500
249066861.6644748151 2645127.1264648438
250959332.4342254102 2721417.3935546875
270875447.8422051072 2958411.1972656250
248836703.5968630612 2634578.0737304688
254018373.2133611143 2835379.3281250000
260409704.8567667305 2949260.9921875000
246920869.9762194455 2515045.9721679688
246839645.2586397231 2510113.7885742188
241323228.2393257916 2087383.2233886719
249162892.8557913601 2647774.3369140625
254034493.0968081653 2836240.3056640625
241298502.5966868699 2083072.3044433594
241301665.7423078716 2084304.6843261719
250651711.2477615774 2708331.9492187500
241027878.9240922034 2033382.4714355469
243254461.4738212526 2257353.5151367188
246767279.4204381406 2503093.0107421875
272558207.6818363667 2958565.0292968750
250730655.5392006934 2712787.9130859375
250868529.9126057923 2717575.1093750000
243149345.0917784274 2246403.2929687500
250687270.9540725648 2712030.2646484375
258873594.0876503587 2939950.3222656250
258682144.8199102283 2939660.3535156250
248749052.4095273316 2628158.8813476562
253805152.3853389323 2828957.6796875000
246639248.3294973075 2500366.3032226562
253887566.6306380332 2832832.2343750000
250229770.4714853466 2689265.1718750000
269789554.0087634325 2956382.8417968750
250130983.3949531615 2681902.9916992188
250274494.5549662411 2691547.0937500000
270005027.5066568851 2957069.3125000000
272035741.1054840088 2958478.7539062500
253811345.8393890858 2829576.9082031250
255238629.0697172582 2872500.1425781250
253751352.8000286520 2826409.1220703125
243001647.3832734525 2235307.9560546875
255411492.6679521799 2876660.1279296875
254965049.2192541659 2866267.7929687500
255186608.3989258409 2871778.1572265625
241062938.9462102354 2048577.9436035156
246635525.9192976654 2498937.9726562500
243123617.1820033491 2245320.4580078125
260294186.5519932210 2948693.5683593750
246519279.6929576099 2490580.5449218750
257686150.6090441942 2923595.6406250000
258215552.6191701293 2933812.9804687500
257806826.9246546030 2927546.9990234375
246543143.7382214963 2494151.3613281250
270517064.9516497254 2958168.8300781250
254685700.5999579728 2856571.8964843750
253856946.2761230171 2832335.6816406250
246524107.7723258436 2491916.9682617188
254596615.2647421062 2855920.0214843750
246852997.1661129296 2510358.9321289062
238555017.8410377204 1672473.6245117188
246623848.8964690268 2498534.0512695312
256420087.1276961565 2893913.7861328125
243050959.2776881754 2239359.3081054688
243160896.0330859125 2247328.2216796875
241947156.8451011479 2140024.3959960938
243115517.9240166843 2241862.2592773438
263814288.6827838123 2953439.6328125000
242745744.9317313135 2204510.5869140625
242909780.3246937096 2228343.8403320312
256487189.0617512465 2894602.7656250000
256920036.3962982893 2898957.5947265625
254327692.4115118682 2846207.4365234375
263415418.6344932020 2953158.6835937500
242640856.9308361709 2201587.9160156250
250492686.8237231076 2700530.1562500000
247249575.9989462197 2527121.5488281250
241073998.8666282594 2053980.4697265625
242604143.6453996599 2198289.3320312500
238597584.8348213732 1692526.2939453125
240918315.1854777038 2031549.7617187500
250430433.6526202261 2698352.2285156250
247001653.8783703744 2517023.0883789062
250338831.4082371891 2694648.0742187500
240788617.5228275359 2017218.6674804688
240866889.8256503046 2027599.7666015625
259305470.3786593080 2943353.6054687500
242748263.6614932120 2213148.5258789062
242564753.1691791713 2197633.4687500000
238491081.2951141298 1633508.6267089844
240861557.6037580669 2020200.8046875000
239641127.9059441388 1871483.3925781250
251311962.2905106843 2728375.3945312500
240817926.2128987610 2017851.3603515625
251322178.5407428443 2730181.1484375000
238534429.7255112231 1656954.9692382812
247083356.6109367311 2517966.4873046875
239474106.7386050522 1847054.0366210938
239487893.6409066021 1849588.9624023438
239461064.1410939991 1846085.2192382812
239314585.5284908116 1816736.6062011719
239315366.4342973530 1820732.5344238281
269996143.7415893674 2956719.9023437500
238487362.8661955297 1632168.4243164062
239208454.1960257590 1795113.5317382812
240704928.5731912553 1997320.3798828125
247997720.5334720314 2572739.6586914062
259810537.4862473607 2945070.4082031250
239354674.6456243694 1824772.6538085938
238508784.1313455999 1645279.5270996094
239292206.9965306818 1810432.9904785156
239400358.3684776127 1832012.5097656250
239242347.4684742391 1803881.1730957031
240593368.3897747695 1985577.9409179688
258960588.9422248006 2940780.2714843750
239173134.8668804467 1786284.0107421875
240551000.8876884878 1975921.7856445312
240514415.0188670456 1973099.5607910156
240493230.5488894284 1962203.3481445312
269700062.3495794535 2955624.2070312500
240647203.6413161457 1986762.0478515625
240515754.1313383877 1974076.7680664062
240578513.8153096139 1982761.3798828125
268989090.6000013351 2953936.6640625000
269212056.1608410478 2954822.8671875000
269422746.3778159618 2955316.8378906250
269299507.5062909126 2955124.5390625000
269263804.1957389116 2955015.1171875000
239160216.1226580441 1774410.6611328125
247487028.6091333926 2537057.5249023438
247459897.1304332912 2534918.4545898438
247684013.2377330363 2546434.8178710938
247692533.4431993067 2550914.0405273438
247801696.1764124334 2555629.1679687500
247846383.1057880819 2558258.2495117188
247830371.5492286384 2557027.7773437500
247906962.3629440367 2562929.0532226562
252874940.9630471170 2775203.7695312500
268835369.1561977863 2953520.3710937500
252811454.5318019688 2772242.1435546875
252726284.3762575686 2769223.2324218750
253192702.8976549804 2776208.1445312500
252533360.7820210755 2763116.6308593750
252590998.3586535752 2766732.6259765625
244819566.1679092944 2329918.3466796875
245273114.2060686648 2352758.4130859375
245638951.4047104418 2353373.2021484375
244897860.7738191783 2335412.2973632812
245273069.3205012381 2351179.4609375000
252428547.5510102808 2759597.5068359375
252161454.6170520484 2750258.1269531250
244688204.3288784921 2316314.2460937500
244678653.0117208660 2316301.4296875000
244533277.2717852294 2297349.0429687500
244547331.6448814571 2298484.6699218750
244518501.8078058064 2294243.4375000000
244663200.7048631012 2308236.2543945312
240399392.8066399395 1910354.1621093750
244664335.1296148598 2309811.9140625000
240420389.7757211030 1921106.8881835938
240467118.9759911001 1927270.3491210938
240429832.2515675724 1922517.7705078125
240400815.0538251698 1916348.8532714844
240324580.6329826415 1901249.4064941406
