85720452.1291044801 117916.5244450271
85774950.4819053560 117983.4342674017
86960835.5674420744 191513.3550415039
87536721.1589683145 206397.2786865234
85786797.2796048671 121549.1432900727
85886490.1652426273 122065.3230363429
85710825.4880492538 117458.2537479699
86852679.1015963703 184368.3201293945
87022611.4148067534 191979.8210601807
87269805.2560508400 199536.1386566162
87527181.9595419168 203875.7947998047
86053437.1775072962 134153.4280138314
86885433.6671026498 187780.8736877441
87240174.7526781261 198069.4892730713
87391348.0499089956 203522.0176391602
87510210.9941026121 203669.4736938477
87513000.9639730603 203673.6504516602
87580243.9618746489 206943.9381103516
86964419.4426555187 191712.0824432373
87037986.0170027614 195262.7803802490
87243184.1375255287 199345.3612670898
86955282.1615277231 188095.7947540283
87239269.9470259398 195730.6972351074
87366245.8180072457 201475.8479003906
86080618.6890521497 134168.1621952355
85881202.5491883904 122023.5200978890
85971199.6156817526 130014.8407606184
86463267.3717806190 161137.5598454475
87380340.9491160661 202767.2817382812
86510258.9288977236 164752.2238774300
86607919.5660717338 168567.6542668343
85954074.2187515050 128009.5994886458
86632585.0569873899 169333.4893918037
86462071.9551296383 161125.0271477699
86627478.4199734479 168815.8666386604
86660173.0775612146 169443.2062497139
86536506.1202273816 165265.1687016487
86535643.0327122957 164921.6311955452
85959263.0336683244 129004.8287366927
85949535.4565047771 125682.6749371588
85919840.4464023858 125019.5540479720
85907112.6175990254 122134.5567283407
85873174.2207977623 121562.8379835188
86478245.5888752788 161158.3101811409
86171877.4792647809 137800.5324769318
86767872.1337905079 171393.0333747864
86170455.5981043130 137785.4173341095
86274110.0943946689 137888.5138249695
86104918.8028310686 137300.7682042420
86257463.3132193238 137871.4799809754
86050163.2873066813 133750.0702672303
86315614.0084850341 137972.1653141975
86804105.2840591222 173474.2109951973
86682025.9531500787 170970.9055447578
86349177.8533697873 140265.7687382698
86297639.0959771723 137961.3623814583
86800238.0304764360 171643.2025876045
86818778.1080057770 174136.6835141182
86673738.9461909980 170918.0553708076
86711679.1048470289 171374.5032773018
86375154.2691020817 141116.0391144753
86382947.6131953150 141902.8882508278
86426319.8358504027 145177.5872559547
86337855.7708636075 138716.0721802711
