206400995.6523033679 11494.8574414677
213866117.0456688106 13578.8407897949
198192294.2046695352 7732.9767855059
200766775.8048095405 9252.4677720256
197327280.7663514316 7000.0037754337
200816786.6155652404 9313.8438986326
204126753.9484598041 10603.0582265422
198266200.3805907965 7743.8373315732
214386903.0968621373 13654.2958793640
223490282.5997312069 14193.9600296021
197236855.0397030115 6848.0393622676
206483814.0081933737 11541.6549115605
207622489.3612807095 11857.4248098875
197290698.8549944758 6999.9375598291
200565986.1045059264 9221.7103174943
200825964.5018674135 9326.3453159118
200773008.6910172403 9313.1071719909
207860626.7668129802 11904.3896363205
212397369.5004284084 13209.9974584579
214804975.8690465689 13704.8789653778
222997583.0623985827 14181.4083175659
213800474.5590611696 13541.2971572876
200530871.0369718373 9215.9181066537
200246069.5751917660 9049.8298400976
213326191.8064362705 13503.3360996246
216229574.4814688861 13866.0062561035
219608013.3139092624 14083.0415039062
198218788.1740536392 7737.4850906909
198174684.8771292269 7719.0160862755
198129934.8447302282 7708.5740337099
213373295.4148996472 13506.5200138092
197359992.2828256190 7033.6738183131
213047653.3192787766 13423.0495762825
197335396.7372229397 7000.9886875109
197287292.3888783753 6995.4325096240
197513900.1274767518 7165.6050248721
198215912.3593585789 7735.4175938691
198056122.8975402117 7655.8822612739
200339044.1413930953 9083.7388199498
214434329.8703757823 13654.5999145508
197194811.8373774290 6709.8330136766
200632951.6331630051 9252.2213324644
206592572.8049871922 11557.5246310658
215308045.6062217355 13773.4413452148
197285820.4420145452 6927.7419505432
206631892.8179168999 11557.5692334599
196658501.2480452061 5984.7940123852
216599490.2495582700 13879.8253784180
196841619.2254532576 6314.1602679188
199647644.9608508646 8717.3076693129
200466620.8635145426 9179.8988036253
206557914.3104653060 11550.8290510768
214291092.4873016775 13650.0751266479
196841003.7683688402 6253.5113118625
196684772.5494448245 6143.5141199446
206693139.5768163502 11596.2036710209
206821232.4773595333 11624.7940777854
196674513.6125922203 6074.2520249607
206864651.3276457191 11639.9632778796
214919953.8870365024 13735.9012832642
214624438.6129551828 13699.3176231384
214621331.6314417720 13689.4417629242
197759271.9764198363 7393.3495117907
199718472.7069041431 8731.0475748545
200204220.9828408957 9037.7372969724
206538951.5321412683 11544.2286725468
207181121.1420058310 11754.7287857081
214722499.0178238153 13699.6001434326
206456535.7760967016 11534.3305859989
196754906.2104453444 6176.9211028023
200374845.7851985097 9142.7611884214
207495095.0529422760 11835.2466986603
200369974.9919926226 9106.0345343677
220288853.4106757939 14126.6955642700
206770496.2408454716 11615.4340094472
207644404.1927449703 11878.5093919779
207581869.1195465922 11842.2542688395
200177475.3642752469 9014.3463095753
204141821.6655589640 10689.3927191963
213915090.9249563515 13590.9180736542
214331330.8181933761 13651.4056701660
197918596.9174920619 7525.7739040207
214825455.2865473032 13735.3869247437
196660151.1748157442 6067.4527842618
213925177.1206856072 13596.3653278351
202870340.4489688873 10147.4461210519
207141384.2425212860 11743.6706557544
215194524.3391442597 13770.8352813721
219347815.1368687451 14062.2580184937
223345489.5208187997 14191.3246459961
196634944.3364670277 5976.6387250866
215622588.5685415864 13807.3644714355
214970803.8842391968 13755.4224243164
212759022.1443777382 13336.4864168167
220106300.7634281516 14123.3360519409
199806587.1098373234 8807.7287017172
207483499.0935449600 11829.6434316873
207933624.5983702540 11910.3996297861
207369221.9819974005 11814.8486043955
197234089.1163739860 6798.6839478155
199846258.6648416221 8821.5187309748
207322661.1087256968 11784.6619674200
207330351.4178711772 11789.7718565012
199618788.9249726832 8709.0888536936
200086072.0881510675 8926.5611519283
199834538.2728367746 8815.8699437147
197260252.5474111736 6900.2153046706
204135082.7825981081 10656.7321934166
213318413.6938202679 13481.2107715607
197248643.1252238154 6897.6222339203
207458125.5689988732 11822.9572854312
213357747.1719464958 13504.1539554596
197896738.7578661740 7509.8557550262
196623789.5794473588 5969.5186669574
199923976.4088219106 8843.0408093343
207341986.9130719602 11792.3161711963
212206601.3647702038 13179.2852230072
202810739.1026432812 10140.6592469960
213179292.5698342621 13460.1313705444
196591005.7119075358 5798.4095421289
203341150.6885297298 10355.3202396184
212448162.2660177350 13259.5208768845
212103647.8538627326 13155.9049005508
196562628.3397026956 5763.9060774024
197859561.4410754442 7479.7202774768
203377700.1133308113 10413.5641873330
199867848.0179716051 8829.7414908484
203628910.4252618551 10495.8301166180
215452230.1655533314 13798.5180969238
215645719.9745689332 13815.6478080750
196532307.6463031769 5569.7356111105
215801534.3304964900 13832.4630203247
197887935.1557406783 7498.4837698312
223250143.3738314807 14187.3478240967
214078239.9973863661 13627.6481018066
197788561.7832797766 7393.4592216110
214174361.2253281176 13648.1766204834
220039860.5660495758 14117.2561721802
196594793.7525133789 5870.1774943496
212726909.9377883971 13308.9888582230
219515404.1130395830 14070.4990844727
199499355.1401168704 8607.5798885748
199507276.1842372715 8616.2484815046
203076571.3423244059 10267.0477200541
202980644.0778776407 10245.8600955755
212272288.1149005592 13205.2081518173
215705755.9442215264 13816.3840217590
197717404.7282123566 7369.0337082629
197631927.5185507536 7274.9793439817
197005870.5125097334 6361.0820380917
197670762.8935332298 7286.9043988597
200131908.1781736612 8940.7613956854
220048853.9672156274 14118.0528259277
206936972.8830657005 11676.0463128360
197616907.4957258403 7271.7838620555
220647022.5122603476 14128.8550643921
203080405.1459583640 10275.0680245608
216198069.6121428013 13855.4420471191
196579852.1488685012 5781.1444857110
216085091.0708246529 13850.4132308960
203869392.2035192549 10571.6180178355
203813026.2705537379 10553.5569947511
212125991.8902370334 13172.7967786789
196893046.0449002683 6343.5867986262
203429584.5981206000 10420.8773116320
203699805.2173157930 10515.9213685244
203757042.7351096272 10527.8173915567
221798693.7826034427 14154.6480255127
196985369.5968869627 6359.3694729090
220673181.6644203365 14129.1491928101
199674538.5979453325 8720.1290153190
199465583.3773419559 8601.1250188276
212085853.4041447043 13059.9913930893
216283766.6624597609 13868.6119232178
220768089.4492646754 14129.4176635742
197495372.8888520598 7159.9019158196
197403329.7557135224 7065.5566955586
212086946.8973408043 13129.1572141647
201242514.4022870660 9373.0772097558
216541692.8433223665 13875.8594512939
201347436.5785850585 9462.5659098774
216528928.0456099510 13875.5390701294
203356156.1718488336 10400.0923279971
199216158.8978022039 8404.3282390907
196536446.2054027319 5605.3941348607
199346865.5191209614 8513.2264394835
199350283.3654710054 8514.1791515425
205239229.6038376987 11080.2424086733
220925239.9653332531 14133.1665725708
212940665.4936842322 13379.4599838257
196549434.1988588274 5681.7083116040
197483731.5064152181 7114.8630197123
196535236.7469126582 5572.3120015344
197447155.2827654779 7096.5447832123
221591592.2349000871 14144.1828994751
203247862.0398522019 10353.7133087367
203236743.9384752810 10346.2864236087
203040738.7707559764 10257.0676230639
221297024.9492298067 14139.6322784424
201319240.1917478442 9447.2381725460
203199620.3356077969 10336.1374701709
197445036.5714550614 7093.7550995578
199241873.5058644414 8404.7650244429
206244160.2875548005 11404.7523230001
201430983.3087349832 9463.3116430081
199170921.7398118377 8376.7210641151
221217928.1801336706 14138.1820373535
205102685.5236573219 11014.2280155841
221406879.7730548680 14143.0311355591
205482034.7416384518 11157.4947178771
197605849.3100170195 7218.1898928724
197472406.5238088965 7108.5457077851
198849570.0818376243 8141.1231042978
201657381.2903915346 9470.9161006531
206008106.6225942969 11313.8151086773
206154749.8350566626 11383.8900207485
212593610.6975484192 13287.2422857285
198943106.2837131023 8225.7264480611
199102325.8256935477 8273.8938105947
212826931.8994562328 13353.6802635193
198846679.1035707891 8055.5997823721
201154856.4535522461 9371.7496343125
203799532.1683864594 10543.0576478783
212609119.3646549284 13287.4389438629
205959916.2195939124 11304.1541179622
205905989.4251649082 11302.5490097011
213904251.4176625013 13586.2961215973
205132229.8162139058 11014.5405141536
199041406.7599409521 8270.5308314210
199001260.6496189237 8237.6893285757
201083052.4999713004 9352.4869026095
199198544.6756435335 8379.9909754640
222301027.2234859169 14157.4121246338
198872349.8455622196 8153.3794607168
222412818.2500303984 14162.9717788696
222431234.9578408003 14164.4923248291
221686785.5849363208 14147.5676345825
222559216.2744341791 14165.7874069214
197214627.8896735013 6789.3932586219
198894378.3541408181 8155.8988250738
222542699.3724575639 14165.1753692627
205843786.7381236255 11257.6944478165
197172020.8427901566 6641.8302710454
222395462.4984665811 14161.6611175537
198756599.5108766854 8036.7765195362
197062617.3172342777 6512.2628896493
197160900.0934666693 6626.8633071538
197132165.3463733494 6615.4018195753
197095735.6088522077 6537.7496633348
197102046.2971739471 6608.3002450522
198637085.0069104433 7926.6435232200
222326096.1877375245 14158.6225967407
205163138.9556082487 11021.4436690036
205768353.6275694072 11235.4280703776
197158943.2998653054 6622.1923673987
205160517.6275497377 11018.5699360082
210765423.5546069145 12692.3294958673
210932355.1106901467 12743.6608576379
210496001.6827811301 12638.6479048334
210450402.2560607493 12637.3973583780
210628200.1523717642 12684.4762313473
210575456.6438208222 12676.1455225549
205428327.4598234296 11112.5815555556
210321131.7536879480 12598.0066933781
204685816.4673819244 10822.0725208987
204844474.2473464906 10906.9280583132
204639445.5297383070 10806.6492941845
204710354.5916518569 10836.5401970614
204565761.6471428275 10797.4679142702
204545332.0657601357 10781.2801124696
204485343.4640608132 10747.6644283999
209711731.7871656120 12410.6816262156
210201709.1173444688 12553.3589220547
210226615.1305376887 12556.2539654225
210285568.5457335711 12576.5611703151
210149706.3886162341 12550.3308560603
209722976.1252877414 12417.9462033265
209780105.5410487354 12423.2981148713
209617859.5807447135 12392.4939537995
209417103.0202081501 12313.5694485658
209328091.9805625677 12268.4730978472
209116201.5801199675 12187.0183273865
209208524.4076768458 12216.3120560280
209230005.0254663527 12224.5545475794
209270256.2853953540 12244.0920190445
202297817.3788859844 9718.4584524186
202774295.1322185099 9865.1968230755
208794470.6613366306 12038.6430607122
208683567.0976774693 11979.7014409694
208769520.3067479134 12031.5260879192
208607948.1423556507 11970.2671195659
202167009.1623511910 9602.3738358542
202142657.3749353588 9566.3349666223
202213730.9452513158 9637.9882598445
202519985.9803005755 9784.0140505359
202279687.2745988071 9641.1172209308
202499045.9354132116 9769.6395016238
202414886.3500235677 9749.6608248278
202104609.3167936504 9496.5269961227
