522028575.4753132463 72057.0496406555
522603612.5670695901 72366.5228404999
534900445.0880451202 76517.9798851013
534649259.8588983417 76325.7804918289
537073283.6791826487 76836.8845062256
538026545.2286099195 77254.6082305908
539130423.1360715628 77419.3820648193
539542087.9237092733 77439.8922271729
501605777.8385928869 57123.4567606984
502082252.4615674019 57399.8618202775
501934311.6460180283 57311.5794423161
478314188.1032922864 23356.8091402771
478988333.4657195210 26126.5084040204
483009947.3093636632 33555.1657231074
482917809.7030069828 33439.4982717853
494492543.7000479698 49622.6038676845
495325328.3733292818 50716.2715949127
502006445.8363938332 57352.3368723927
502083635.6463179588 57512.0055139600
501636590.1971607208 57242.9351847707
520221239.9378258586 70951.0827550888
539651313.1852737665 77455.2051086426
482548205.5181587338 32880.2556106817
482880946.4091177583 33213.4911256950
482741957.6330340505 32929.5612756427
482743224.2814520597 33205.7113760333
479112876.7616564035 26311.5500540592
482502388.2699275017 32826.1600221168
482387447.4017628431 32580.0937722694
482436401.6766024232 32632.0461915504
482361530.0823135376 32496.8331788551
500983557.4201968908 56637.2568175199
522700408.9201261401 72403.0321788788
478946788.1215136647 25901.6843284549
482273206.7650425434 32478.9715150367
482154518.4753155708 32262.5093842517
494564071.7555036545 49684.1669696616
521358433.3072354198 71636.6946907043
521967627.8929405808 72022.2383537292
522435712.2933713794 72283.4500274658
522379268.7003199458 72218.0960044861
534727641.7920263410 76480.4353141785
538499626.0129870176 77346.3873748779
539109725.3553855419 77416.1557769775
542350610.4298247099 77480.7336730957
478282345.3171733618 23091.6832341747
478231537.5279099941 22795.5176457958
478372719.5222403407 23733.1916563483
482029704.3644983172 31949.9334125291
481985263.3627433777 31914.1487621518
478448281.6266645789 23746.7430384032
478242351.1082375050 23084.1276921825
478342462.4158057570 23687.4927684860
500956660.1391042471 56625.8891167560
501230914.8656998873 56870.3036700411
535296247.0440668464 76671.2658958435
478610003.2947758436 24371.0733909156
481635779.4359822273 31220.9475363048
481548497.2054263949 31213.2630075368
494569404.1428098679 49891.6097399043
500773086.5622664690 56489.7294900926
500608221.7612749338 56156.8792098103
500868993.2383650541 56597.3236945210
523105535.3235768676 72485.6503734589
534908750.8236161470 76573.6321220398
535111702.4139971137 76648.5152244568
538497210.9298189878 77311.6445922852
542401210.5883809328 77492.8765258789
481716230.9906523824 31266.0206466096
481303372.9310141802 30796.6532511713
478495598.3312223554 24068.2085004426
481135887.4074531794 30557.8839342187
522878879.6240918040 72436.0341854095
523183186.2456882596 72534.2691249847
522873776.5718281865 72422.3446407318
522896353.9499260783 72459.9582271576
480658296.0893875957 29418.5176980933
480374866.4348907471 28988.9796254187
480972050.5442108512 30000.1459778736
521221501.1612784266 71631.3637886047
521433008.1655895114 71829.1386146545
521691592.3270742297 71997.5232734680
522321770.2523109317 72192.9520912170
480661492.8205552697 29439.9398926685
480979893.0622244477 30076.8311280201
480709695.4594970942 29639.9800080250
522637675.8403131366 72402.5737972260
538957148.7560547590 77394.0516662598
478455150.6661550403 24066.2139127517
478858946.9155811667 25531.7188484563
478918271.8620279431 25838.0571557901
480723752.9353668094 29697.5742310474
480713787.4083760381 29645.0401056250
480706126.0271761417 29544.2304600914
522032643.4248896241 72168.7816734314
538767898.3210502863 77372.4492034912
478643567.4981991649 24622.9087737602
478689217.9848192334 24628.2984287049
478862977.8093537688 25784.6160509012
494819969.7375979424 50134.4883555845
538763159.3137029409 77360.8345642090
542296703.9349479675 77477.9783630371
478624375.8243316412 24620.3778327880
480490218.6644408107 29103.6979535063
538733519.0414065123 77356.8134155273
479617757.5084515810 26905.2978624902
480220881.4162739515 28223.2401758488
480160162.1412410736 28190.4687032755
480004681.7732298970 27643.7664671023
480036879.1028822064 27866.8061850150
479917093.0368046165 27568.7853517379
480016431.7364411950 27808.1749589271
521688138.4106701016 71972.1380882263
523593684.6025931239 72635.9044742584
535557005.4823035002 76707.3000907898
479726613.4470472932 27124.2227915503
479894983.0149124265 27490.1782358862
479667056.3402787447 27113.0586037613
479528358.2977443337 26791.6772237993
479635216.3854224682 27112.4480723120
498482980.7867342830 53840.9792889715
521361170.3039011359 71653.8277359009
535902075.1362775564 76738.8914031982
535730721.4551144242 76738.2505607605
500531084.6992369890 56003.3892268208
500528667.5896873474 55893.6538347272
523492409.1911676526 72606.2532615662
523452093.6544741988 72574.2484531403
498370940.4714299440 53613.4510220648
498383708.2695202827 53765.9057873846
478827052.3663004637 25423.2826380570
521684617.6255015731 71911.5675773621
537102876.3863883018 76986.1648559570
535927943.3466494083 76740.0600128174
500345314.5565581322 55708.0043917072
536096586.7077248096 76833.4792327881
478799105.2220954299 25049.2503935565
495089183.4634815454 50479.1480631735
537760937.1192395687 77108.6087646484
478544572.8019560575 24138.8313440391
537166974.1968591213 77064.3588562012
495835129.5234856606 51027.3132380806
495511910.6760605574 50877.4723742977
495481207.8382648230 50812.7076179758
496033775.7227389812 51096.8876078203
500524294.4587490559 55828.9290998853
495640771.0639152527 51023.4400293604
500028960.0186744928 55301.8000826268
537508158.1750438213 77104.5749511719
537881957.9266984463 77183.3405914307
537803991.7511771917 77169.5919342041
500317921.6006009579 55584.3118106009
496820264.7274684906 52122.8970756843
496566261.2239426374 51859.2273329212
499601713.1601884365 54836.5283754053
499674789.6045236588 54895.9412305537
499799914.1026462317 55120.7857072535
533362585.8937327862 75562.7231788635
499862359.0104416609 55128.7589395228
499789147.8948330879 55111.0150315943
497111617.8201861382 52404.8663127138
496585341.4383314848 51903.3856503679
498992087.8152389526 54379.6434217952
497717312.9189130068 52626.3793931287
497367982.8848642111 52545.6021557399
533876485.6290888190 75874.0149536133
498220717.8632611036 53528.4980078102
498256209.7862157822 53607.9588432249
498052469.8210612535 53355.2761173981
498093311.3181297779 53411.3599204954
487078892.3102287054 37538.0146260576
486897738.0514771938 37385.9319352599
487012730.6677538157 37460.3728616193
497803810.3082798719 52986.3713506493
486802163.7234600782 37326.5098225863
486960762.2694232464 37419.3212886544
496228032.6119751930 51338.2206231975
496556238.0792961121 51742.5671272152
496485805.2648419142 51445.5030576023
496335907.8334618807 51443.3444709652
486570862.0302206278 36868.4684044810
486675170.2589926720 37149.9530083628
496201314.4754644632 51224.9359538578
496488350.0951604843 51452.5320582264
533371115.6614737511 75628.9966163635
533672753.6661260724 75785.8724517822
504255681.9339907765 57815.9489829912
486467220.8639712334 36811.2948686516
533070200.3234346509 75284.3716487885
486196734.4991502166 36307.2918730422
486243749.1429196596 36443.2199611112
486132220.3318625093 36277.8593730375
504186989.4620621800 57797.6531017198
504291279.2272102237 57876.7951362504
503887610.8289479613 57656.5997703447
503778007.9777709842 57560.0021751298
485986794.8984001875 35566.8909512144
486004753.0196238160 35933.4568938657
485783356.9321060777 35551.5590958863
534151980.6264105439 75904.5012512207
493304389.9947903752 46411.2733186291
533122473.1230839491 75557.1518707275
533456951.9809034467 75680.3937759399
533690824.9175514579 75792.9311065674
493498536.9620710611 46723.1204197909
493743425.7758879662 47097.3037502895
493854242.8199582696 47239.9576484392
493766639.0592588186 47104.3785469065
494453337.1668333411 47783.9916223417
494275141.6137388945 47685.1833231449
494151694.9470798373 47600.7072162161
493968971.6112067103 47321.9097331594
485988046.8011436462 35712.2255515246
485727036.2863683701 35055.3806349340
493960516.3543231487 47310.7718356679
485403002.5295568705 34377.0162470642
485642161.2419160604 34796.6887103024
528257465.8401790857 73476.3875923157
528029048.1494899988 73377.9167327881
528676734.0688104630 73576.2664489746
485538831.3719104528 34700.3651198310
528089608.1571301222 73417.2022323608
492759353.7815877795 45351.0563477920
485348177.5504512787 34189.9022226635
485178588.9956112504 33822.7495432201
527960422.4084310532 73325.5874099731
492869669.9558377862 45636.9256476806
492791926.7297776341 45429.4731380390
493024883.2597244382 45732.4741401123
492543013.0766664743 44757.0355619239
492408753.1623121500 44709.7164460155
527290460.0594782829 73101.8579330444
527523157.5898929834 73195.0827522278
527534845.2979165316 73201.1913681030
526371144.8955985308 72730.9559192657
526316828.8552649021 72697.2654132843
517675754.0351660848 65247.1438755058
491882315.2482594252 43475.3134524723
517422837.1697270274 65233.8534962200
517249194.4075338244 65080.5862843059
491834854.2550202012 43367.8909747799
492280441.5718663335 44133.6291618695
492043615.2607983947 43729.8958497097
492156248.4240795374 43842.1511031830
491942972.3501129150 43527.1379709440
491536910.5779706240 42401.4930807990
491126786.6873512864 41828.1288701338
491041377.1008704305 41550.2199780243
491426155.9492383003 42108.8776109447
491240671.4158651233 41838.9077166515
490854483.6453157067 41318.0776196760
490836099.4513309002 41280.7022867245
491002247.2006979585 41550.0011845869
490782594.0524847507 40953.8522329715
490208616.6679530740 39754.5282705809
489779402.0667405128 39230.0206732443
489373785.3512594700 38706.6894004159
489524044.9092875719 38819.3637532055
488938960.2600399852 37882.8620731063
489165596.1949728131 37990.7416534550
488881254.4597734809 37689.8718972705
489341512.6200833321 38475.4584240109
489236460.2484707832 38240.4772786088
488963084.4127883315 37897.5013560197
517035099.9477023482 65040.1554142497
516980652.9823276401 64902.4586540721
532662044.5518806577 73784.9391937256
532155188.7767943740 73665.4073333740
532210687.9710393548 73679.5068817139
532056043.8121531606 73646.5547637939
531937218.7015346885 73630.4146881104
517292160.1989788413 65182.7613955997
518024436.2696112990 65706.8752573989
518549048.5893791318 65955.0918593667
518432682.8784422278 65936.0201735757
518238730.8861438632 65815.9533629678
518351340.2859148383 65816.9203467630
518784656.4454283118 66050.0307760797
520016675.1870909929 66502.0320671313
519526857.1465910673 66185.6839747690
519292126.5353252888 66107.9334407113
514550326.4776921868 61666.1527319849
514447828.3869536519 61543.9242325127
514342333.1208674312 61474.6426530778
515517228.3208121061 62183.1694707274
515908612.5026108027 62509.3748139739
515660801.9187690020 62260.6800507903
515855397.2880220413 62341.6420000196
515871363.0491398573 62503.6749009490
515771087.7031161785 62315.5265173316
513949091.7769122124 60924.9487796128
513920427.3847732544 60920.2077236474
513692386.5045753717 59961.2650786769
513609510.5435580015 59913.1924314331
513623672.5965211391 59950.5102671981
513504760.0635633469 59904.6875295471
513477856.6301199794 59830.7642263006
513407189.6817886829 59822.3393087219
513068260.4897913933 59547.2500257324
512632766.7326966524 58585.0914390218
