134923327.9816997349 1049.7620702969
133545676.5763865411 749.4914076237
133563850.9558382630 753.0075247299
134072369.9797411412 886.9760069699
134480147.1588710248 963.2974183838
134714273.3829025924 1026.4269851837
134721550.1654937863 1026.4269853818
134570163.5038888454 1003.1282208468
137088421.5096803606 1320.0068477132
137199279.1438742578 1334.6814702519
142257889.4053245783 1816.0537915230
142461379.0605551004 1850.6946487427
134130432.3004680723 887.8085465305
133809015.3377257437 829.3918007378
133903544.4022669345 843.4284820880
133912938.0311774760 863.7334208977
134140242.2863497287 889.8252100516
136889933.4495377839 1293.7057571931
140759724.2327075005 1706.1664533019
140988972.6362424195 1718.6131373644
141067695.6302278638 1735.2062350512
142516850.5668845177 1852.6971273422
143152626.6512855887 1886.8970241547
133430138.8130244911 723.7525536834
133482745.0941446126 730.9827924545
133595809.0442902744 773.7962896029
134611577.4717673659 1003.5775517020
137494367.0191904008 1337.4337925770
140768331.4094062150 1709.1265803576
142383060.9839027226 1842.1192350388
142971745.9229523242 1883.6595878601
137340994.2543143332 1334.9249837890
136741094.8989989460 1287.9129995702
137191475.5939116180 1333.8617911407
137045372.2790381610 1318.2373323585
133710635.1812566966 801.8478300460
134028369.3332614154 886.0564521698
134713555.4445296228 1022.8015570984
134636236.6380202770 1009.9374993276
136928375.9832786620 1311.1515379472
137034443.1206713617 1313.5732973024
136830173.7885980606 1293.6236027064
140650982.4165191650 1694.8968963027
142405272.9354303181 1842.4325501919
143053412.5201659799 1886.0972385406
133369281.8931266516 641.4076618141
133454747.3504023850 727.8354346467
133492729.4640805423 749.2114304501
133529658.6047958136 749.3350363040
133990092.6209117919 865.8678931759
134012544.5720743388 869.6240140453
136696760.5420014560 1270.3832065942
136797282.4497697949 1290.6261134021
140885007.3543508053 1716.3892685175
140994028.8178163171 1722.2726050615
142940882.7233321071 1877.9853632450
133422590.5806690454 683.6805082571
133434949.3968257606 725.8628297622
133485147.7222626805 731.7521339233
133668635.5230174512 779.1475647957
133908288.4222780615 861.9813265370
135286058.1615239680 1103.0383839095
135665842.3244331777 1152.0681657642
136749356.3652411103 1289.8314659478
140461129.2599543035 1671.8473052382
140431564.4994477630 1660.3405436873
140620529.2051788270 1692.1631987095
140555316.6454433501 1688.1266388297
134492551.8761227727 982.3478287849
134567178.5233612955 1003.0919002685
134644933.2821181118 1011.0228930301
135462556.0318263769 1127.9915431079
133958372.4984970540 864.9440983252
133731667.6171911806 801.8671571768
133679918.8413359374 801.5479172231
133907948.7377093583 859.7942657487
134676587.4565180540 1012.9184042998
135271223.2594941556 1100.5633574640
135377330.0199028850 1118.8010394811
137020921.7690017521 1313.0872727963
142289081.3940866888 1835.0951094627
142454799.1090213954 1847.5134539604
143258414.1165801585 1898.1665811539
133628012.2617159337 778.3345294740
133862919.1995148212 843.3072867428
135581789.8801876903 1144.1514105275
136636051.4099361300 1269.5570240353
137010282.4773392081 1312.5423946943
140683650.5619527996 1695.9129371941
141043639.3581397235 1724.5235368013
142625798.5069003105 1859.0812921524
136918388.1776396930 1293.9865274761
133386925.7343977839 656.0349982146
133617935.3271131963 778.2252568136
134540611.8581777811 992.7933133123
134653584.4370290339 1012.2979397652
135491828.4057949781 1131.2627916867
140414687.7214550972 1646.9139448702
143153046.4608985186 1887.3596172333
143153745.8491446674 1888.4568395615
133412922.8161266297 658.7092346074
134903477.6789355874 1036.4542174664
135386287.7549585998 1123.0588562340
135250276.2525981069 1100.2570524663
142349797.1070982218 1838.1901340485
142878751.5783107579 1872.5805587769
133855576.9198345095 841.0546991040
134710912.5175980330 1013.6064620697
134896777.8292327523 1035.6333272408
136700997.4493904412 1271.9921424015
141017069.7715356052 1722.4943982363
142642044.8985508084 1859.6104717255
142903483.8269049525 1873.8429374695
133796243.6973011643 820.6950915144
135304307.7067548633 1105.5684971958
135540991.9027937949 1142.2668037368
140623796.0026595891 1694.0613270998
142525740.2371319830 1855.6359148026
142712997.3803137541 1870.1429080963
133606731.8778650612 778.2245944511
135376633.6043925285 1109.1510230972
136563914.6500993073 1266.4963810327
141061417.2583683729 1732.9578458071
143111178.2274406552 1886.4218740463
133778412.9922621995 820.5207178516
136478970.6535598934 1248.0261634080
140960889.8738709688 1718.1575599909
140990739.9520181417 1721.6904927492
143243919.6403359473 1892.9231443405
142957839.7530086040 1878.7183218002
133755943.2506348044 819.7780973176
135398026.4087578654 1123.2199630029
135516203.4109092951 1132.2765354104
135615936.2187299132 1149.3411108637
136352456.2723092735 1240.9415059215
136550543.0113690794 1250.1685795909
140604693.4377921224 1690.9025574028
140571640.0471650660 1689.2547092736
134859340.3552756608 1035.6330246803
141128063.9936819077 1735.4634456635
135756642.2377033234 1166.5751590580
140818495.7960910201 1713.5095864534
140546794.9262201786 1679.1014898419
142700178.4932855070 1864.1072235107
135377942.0570516586 1119.6616194138
142982661.2464878261 1884.6499013901
133835730.6571429223 840.2282763540
135737533.0632905662 1162.6883334965
136514298.9458820224 1250.1588239134
133834216.0464314669 839.4097950500
133826220.3170456141 838.7959358950
134538619.9880939126 989.3231706432
135548744.2923069596 1143.2400741428
136427136.0479148924 1243.0887053606
140730764.4124586284 1701.6727631688
135408292.7437432110 1124.1266529411
141310906.6245765090 1743.5555373430
133808483.1926309317 824.0414416055
133829075.1155701578 838.9775116306
134533118.7875595093 989.0421329168
134761734.5254911780 1026.7289361480
135586627.3995098770 1146.3948616196
133845953.6399842650 840.3201562059
133736696.6985474676 816.9856902818
134523357.7040513754 986.6011909947
135450141.0838794112 1125.9617572920
136308416.2513108850 1224.8233151969
135220186.8385159969 1099.8942725807
136179589.8601795733 1217.6061639760
141292440.6603291631 1739.5512605906
136165100.8455501199 1202.5539201370
136264713.8629337847 1222.1683343288
133647888.6867003292 779.0391739810
134709197.9975535274 1013.2414612632
135330244.0888660848 1107.0457607144
134802652.2794033885 1030.1683790397
134636182.2954335511 1007.0594204526
136067250.7361204326 1199.4276543907
134936978.1816928387 1052.3372055806
135598914.1251494586 1147.4398024615
135914226.2130601108 1174.7701655959
141617262.5383777916 1771.5097613335
133559200.1744679809 752.2856866227
135091905.7493985891 1076.8275200652
136229908.2346565723 1219.2205452302
136061589.2371714413 1197.6199651596
134297049.2323465347 901.8749303979
141343351.7466579676 1744.7579951286
135709087.2353167832 1154.2988076799
135642850.2946569324 1150.1080400801
135833959.6565771401 1173.1651788347
136150095.5750798285 1201.1657236156
136216065.3910149634 1217.6155584690
136223394.5703743994 1218.2890960660
134405503.4492225349 946.4094891672
135622596.0833321810 1149.8300939195
136013164.2757143378 1195.0204648015
135985312.2445912659 1194.2804735538
141344327.3082350194 1749.3349432945
135796301.4622364044 1170.9453886386
133413657.6241681576 664.7453427886
135604706.2774191201 1147.6103037235
141420091.3640992343 1756.4263811111
141387415.1461368501 1753.8290992975
135327640.8807895482 1106.3336007446
135824217.2378993630 1171.2826804201
141771404.2433173060 1777.5552988052
141729874.9922786653 1775.7829585075
134354069.6543555558 923.6919327614
135421783.4823426902 1124.2752188083
141836256.6201807559 1780.7242245674
135035013.6406781673 1057.1256928809
135293725.3407285511 1104.8249900192
141478588.2793717682 1761.2759652138
141203238.5209517479 1739.3221060038
134376722.0364300609 923.7589291198
141928084.8153807223 1781.6718449593
134245400.5512527525 899.7501703960
134300772.7482504249 923.0852553112
134459397.3748491704 946.6529676773
134395218.0748496354 927.6954742422
135136946.0579698682 1077.8744038867
134325452.0228751898 923.3178827621
141295197.3221578300 1741.3374581337
141524349.2056929171 1764.2260642052
134996999.6378578842 1056.0060698401
135276083.3669172525 1102.0395252453
134835503.5285969079 1033.8428963466
141970139.3040226698 1783.6743235588
134970274.4555543065 1055.9493804790
141519889.3178105354 1762.3537666798
135077218.4367814958 1073.4437695035
141601757.2348004878 1764.6394150257
135061356.3839738369 1073.1619508454
135186889.3533434868 1082.0115781698
134816715.0156715810 1032.8889462270
135186646.5035774410 1080.8883905336
135060477.4724718928 1072.5377946768
135195439.4920317829 1082.0419254016
135048992.5114445388 1057.5901265155
135005533.0887355804 1057.0849767422
135049482.9792477787 1058.7575831424
134812391.0954949260 1031.0903995234
135140864.8636861444 1079.6336871350
135088756.1995396614 1076.2033638965
134808524.9863277972 1030.5650066297
140361729.3152028918 1641.1770915985
140396046.9734820724 1644.5510506630
140318402.1546619236 1640.7319058776
140373737.1159334183 1643.5041668415
139757815.3664262891 1576.5002061874
139843492.3153332472 1579.4184345901
140234265.7023096085 1618.7196738422
140124528.2577840388 1609.0656355619
140098358.6617307365 1600.0953132808
140244853.5172805488 1622.2072415054
139843194.4986317158 1577.0183522999
139744514.1826463640 1571.4637529850
139989224.5863317847 1599.6517297924
139882303.7371014953 1584.0752644241
139960609.0350926220 1592.3001401722
140230818.1042279303 1618.4704340696
140099121.2471552491 1600.3276428580
140186554.4183309674 1611.0058559403
139962759.4362916946 1594.8822283447
140100726.7167120576 1602.1586661339
140197167.9467132390 1618.2273879051
140275538.5951392353 1622.3929331899
