550401743.4137917757 5612.1960954666
550387521.3103899956 5608.8187780380
550636987.8402179480 5613.3198804855
551448155.6888206005 5618.1387662888
551211371.7229388952 5617.1882181168
551183575.8568265438 5615.7171802521
553023500.6535305977 5624.9768400192
553591128.6367510557 5625.3146085739
508779555.6099300981 2294.1893450111
508730568.4907974601 2292.7643743842
510186439.0015219450 2557.5144341351
509828112.7465227842 2535.5284130039
509979071.3983296156 2544.2291557999
510234510.9304562807 2563.6714699870
510570081.3649919033 2578.4270427233
510836377.5711072683 2578.5027957229
510405503.8425238132 2569.7133515268
550532555.4518812895 5612.6391038895
550181205.1162159443 5601.3378200531
550179853.2255504131 5600.3834476471
508817223.2919231653 2336.1343219593
509763095.0682904720 2512.2356114002
528391632.9841752648 4677.5118618608
528405280.6146222949 4683.8249073625
530294472.1100326777 4827.0931985974
529704222.6554628611 4792.5932379365
529923147.5893961191 4799.6824851632
540005619.2444809675 5306.7990994453
509652068.3583997488 2495.4764799463
509663670.1103485823 2509.3037506329
509716203.8487040997 2512.2323346795
509675845.4735144377 2510.0211608173
509544490.0386927128 2493.1941480996
509494479.0980826616 2486.0319201114
509265828.4721313119 2427.7324333373
509280969.4583444595 2442.5506970236
509367382.0119113922 2450.8088714290
509000168.8459706306 2370.3546810388
509190168.9536249638 2426.5020102892
529933406.8776122928 4801.1594753861
530091155.4147021770 4814.2382612824
529816723.1777979136 4797.0552783608
508929950.9909437895 2365.3089540615
509099137.3562657833 2404.7937788400
509043902.9755126238 2392.6609947791
530015858.9927162528 4810.4761701226
530196776.5968126059 4814.9199650884
530238078.7837297320 4817.5534234643
529953753.0784431696 4809.0058799386
509011142.4477025270 2387.3573930874
508932802.9475145340 2365.7033925667
509171864.8856029510 2407.8171162620
529330786.3672650456 4756.9854775071
529207826.4408757091 4744.8797057271
529485443.7228004336 4766.2162995934
529358753.1362069249 4765.3269625306
529257727.5803622603 4756.7920952439
529243759.9610645175 4744.9786682725
528384408.9595205188 4676.7940426469
528608349.3939504027 4712.6786224246
528976048.5221552253 4737.1005035043
528498256.6753801703 4698.2727186084
553133791.9611852169 5625.0168542862
529180726.7264453769 4741.6503960490
546994351.9133363962 5547.4050874710
549583166.8453615904 5594.1036090851
553149029.9291968346 5625.0340318680
552804118.1061743498 5624.3559846878
514177481.3437823653 3025.7107796578
514393170.3870642781 3028.0782369285
513839636.1049460769 3001.7795652061
513816646.6002765894 2994.9127242586
546863970.5186485052 5541.5510997772
546735539.9107477665 5532.7006945610
527074972.5212676525 4521.9008221030
539576726.5060430765 5291.0106797218
539676521.2564003468 5292.8114237785
539867684.1844907999 5302.6224427223
539802907.4766154289 5301.6551175117
547051983.3118005991 5550.4933938980
539964570.7365882397 5303.3860211372
539986380.1657783985 5303.7805438042
547752128.5460745096 5561.2103271484
513529233.7806540728 2952.7692043840
513313506.1462980509 2910.2360026858
527236605.6198313236 4531.5032574534
527543830.8098858595 4564.4935608804
527576928.8876631260 4569.4778080881
529130184.3945893645 4739.2252942920
540404665.5056356192 5315.9440813065
541073131.2660257816 5329.7302699089
547570172.3298285007 5557.6070213318
549242697.2131251097 5584.9926366806
550941220.5304805040 5614.8267221451
513580780.0644888878 2954.4532611987
527278386.0718991756 4546.7254092097
527390440.6358592510 4556.4586674571
541033770.0341609716 5327.6054663658
547486256.4069379568 5555.3176021576
548349783.5780961514 5567.8894615173
513442809.4539934397 2941.7102134845
527247837.1270641088 4546.7240816951
528012440.4405279160 4607.4376593232
540566802.7450776100 5321.5073933601
546179912.6136066914 5512.7320175171
548017495.7184224129 5561.4653682709
547834917.1247986555 5561.2499847412
552332047.3952709436 5620.4581413269
539264434.5732148886 5259.6179327965
549803187.4065909386 5598.2222671509
549681139.3139400482 5596.6377182007
549349845.0212903023 5588.4813280106
527455187.9774317741 4563.9366523623
527645530.7519303560 4574.2863788009
539192651.2538111210 5258.5720877647
545841530.7904022932 5497.3166718483
546410579.8312405348 5516.5127182007
546398231.3969465494 5515.9242343903
552490476.5209004879 5622.1102161407
552515853.9454840422 5622.4756107330
511917954.4499818087 2698.2244347231
511833518.8565889001 2695.9268728997
545967098.3354429007 5506.4603161812
546234383.9237082005 5514.8455114365
546433541.5301229954 5520.2495689392
511761310.0692958832 2689.5605314169
511684627.7736507058 2669.7313584652
511644576.4953085780 2656.3670019898
511655349.4670884609 2669.6431332025
527658872.3946769238 4583.7532510161
539039498.5900194645 5237.1703232527
546626256.7831170559 5525.2105398178
548023633.2377492189 5562.5378189087
549103969.7301862240 5582.8774271011
552010381.6849538088 5620.1308717728
513368567.6092430353 2912.6130036733
540743464.5030013323 5326.3155541420
549429201.1055210829 5589.8649063110
539099640.0405478477 5250.5346035957
539214859.4639129639 5259.5106596947
539164518.0887602568 5250.5409865379
540533818.7863364220 5317.6875247955
540739439.9762430191 5322.8847217560
546477493.4253338575 5520.6845073700
552385823.6131173372 5620.9691553116
528312310.2316558957 4630.1033673882
528127007.9170116186 4619.9086266160
528229645.7332130075 4628.6034350991
513417660.6964018345 2915.5524875543
551906192.8000373840 5619.0417985916
551426297.3274708986 5617.8375310898
513434518.0914735794 2932.5758845231
540525253.4809306860 5317.0775203705
546620720.1841582060 5525.0168581009
511624199.6662518382 2609.5743793522
513273388.4356299639 2890.1604714713
513284126.3077330589 2891.0897332302
513173333.8910304308 2876.1379137656
511576177.7654382586 2607.6057852574
511569744.2142992616 2607.2624846765
513185046.7280833721 2882.0466436169
513107245.8693069220 2841.4083954974
540517439.7166891098 5316.2556056976
548909372.8491548300 5577.3486080170
549070118.0823330879 5581.1387214661
512722690.3785037994 2785.0195127114
548758831.6115988493 5570.1879138947
512695383.7891232967 2784.7451835259
512728669.1159974337 2787.6743326767
512732931.8716710806 2794.0330424889
512653504.9036325216 2783.2732816323
512626112.4392824173 2766.3721651419
512484854.8014929295 2739.0166123419
512354538.7609226704 2726.5195987730
539036171.3834775686 5222.0360836983
512378014.4441103935 2728.5467141813
543553604.9989172220 5384.0681340694
517674554.8046260476 3090.3047418548
517388079.2329394221 3069.9688824816
517363333.8001646399 3053.4226823160
517121415.4131644964 3029.2100639744
517343372.7011139393 3051.5666580910
543698183.2148163319 5391.1178755760
543813564.5492174625 5403.2703261375
544615704.1603885889 5418.9639201164
544011236.5116729736 5408.6517653465
544727656.1245834827 5421.0414061546
545047683.1847770214 5422.4766182899
544225182.2921209335 5414.3254656792
543939733.1416918039 5404.8550696373
542452449.2925666571 5354.1999239922
542598784.7222865820 5361.0347399712
542039908.6571877003 5334.2663712502
542273462.7028228045 5345.7318921089
542130524.5610767603 5343.1614460945
545785769.2482664585 5433.6799983978
545721206.8824607134 5426.3009166718
542366530.9899618626 5349.4140486717
542318329.6409547329 5347.1088480949
545719036.7585463524 5424.8255033493
538590612.8280193806 5141.1335153580
538443304.1564964056 5136.3046619892
538606392.1080940962 5145.1778993607
538542688.6085755825 5138.7091505527
538364031.8093876839 5132.1326153278
537676047.5079503059 5110.8049590588
537541160.4748332500 5106.4620563984
537521875.4255452156 5098.3441798687
537182692.4920407534 5091.2595241070
537619986.2902745008 5108.7257525921
537291160.1769410372 5096.3445308208
537093139.5102792978 5083.7059848309
536853889.1286566854 5069.5876080990
535932585.6995529532 5019.2543084621
535978220.5562807918 5020.5319287777
536407419.4732758403 5045.1839683056
536019848.8074280620 5024.9041764736
535601858.2816949487 4989.4367697239
535769842.8998236656 5000.0051596165
535723029.3479507565 4999.9788773060
535600101.9279038310 4983.2783036232
534422121.7947191000 4927.0004068613
534887628.2375169396 4956.2704054117
535349619.0243693590 4961.0493863821
534802923.5737730265 4942.9195339680
534321111.1757990122 4915.0571113825
534642697.3004990816 4932.2710729837
534661572.9457966089 4932.9192005396
533840605.0426387787 4869.6526237726
533670568.3214951754 4865.2836784124
533566673.9920325279 4857.6406074762
533239604.3449164629 4839.2288572788
533245510.4040006399 4842.0451632738
533207836.9658519030 4837.2046873569
519008423.0696622729 3138.7247523940
519166841.1794490814 3143.5198869980
518744032.1496613026 3099.4700979847
518792832.3099379539 3115.9625215805
518682652.2235493660 3095.1199158705
518899790.8255181313 3118.8384914077
518865501.0555980802 3117.0885128058
518679621.7083779573 3094.7954168594
527061309.4071525931 4268.7503992468
527040016.9700405598 4247.2164629847
526785529.5926770568 4230.6626845747
526245749.3719337583 4183.0905970652
526344258.0228161216 4192.9129308779
526180937.1364213824 4169.4252623655
526190063.1759355664 4173.4931475259
526157258.3949107528 4160.4180263616
526231496.5315033793 4178.9454633333
526002950.3082601428 4142.9943064786
525842615.1762555242 4126.9118674733
525675387.5869793296 4100.4363281094
525322454.9813846946 4087.4955862500
525140112.7231317759 4063.2366111018
524965627.9178029895 4039.4749537446
520465292.1237629056 3162.5314266738
520595881.6712611914 3201.5600620043
520788601.5071899891 3216.0268789288
524388832.7347825170 3960.2762042992
524755217.3267726898 4001.8324910142
524788833.9429069757 4010.1079057194
524720614.3892955184 3999.5994717814
520504193.7112339139 3176.5937965568
520544106.8470301628 3191.1900009569
520866043.6056585312 3225.2087661084
524507263.3231243491 3966.2603776194
524616263.7432752252 3985.1213047244
524709057.5398986936 3992.6284028031
524703998.2593652606 3988.9019481875
521118302.6221210361 3243.5191655811
521642213.3695956469 3350.4182053786
521975878.9034284949 3358.5470032673
521245059.2950614095 3256.2352274414
521346652.9694039226 3262.5422048327
521487287.7457261086 3321.4458046835
521454029.5599929094 3315.8200097959
521595652.3465828896 3341.1325314026
521420138.2566437721 3299.3981521111
521441495.6893997192 3303.7412718516
521407634.3040294051 3263.1398851927
523111498.7998686433 3396.9105699863
523306220.1965543628 3416.3967637625
523186831.6618241668 3401.5788648929
523211435.6401832700 3401.8740330543
523311868.8270224333 3420.2127800789
523271097.7008679509 3413.7204284277
523259104.1110945940 3403.7258911934
523286147.8524394631 3415.0100307073
524112757.6391764879 3507.7440792229
524070625.4018044472 3500.8791798260
524172847.9541639090 3519.6973063890
524195397.3822183609 3524.0779696312
523979020.9962636232 3496.3839052822
524065066.2660566568 3500.7234159615
524218468.4667934179 3526.3839586582
524259022.2994133234 3528.4174803104
