274802107.6752129793 4269682.4140625000
274839344.2796559930 4278221.3232421875
276642550.3161077499 4462464.2529296875
283557883.3109577894 5018068.1523437500
285657748.4377454519 5157645.9160156250
285386980.4986466765 5145544.6679687500
285524483.5425344706 5157145.4492187500
285922848.5228264928 5171141.2832031250
286766847.7476679683 5225864.8164062500
286963053.8903687000 5230935.5722656250
287157536.6720006466 5238036.0371093750
287166954.3749531507 5239891.4335937500
288502248.3942295909 5302304.9531250000
288488127.6982405782 5298971.6992187500
288637930.3354647160 5303197.0917968750
288748715.6445195675 5307309.8085937500
296968535.1041446924 5559385.4511718750
301935667.7782660723 5672477.8398437500
301881560.8727090955 5671322.8066406250
301985949.5265543461 5677071.8359375000
304534616.7705564499 5711198.9550781250
304608529.2596639991 5712165.0703125000
310346287.3814657927 5757083.4667968750
310341162.4020108581 5755052.4335937500
310743811.7815155983 5758964.4121093750
314528470.1769205928 5778659.3007812500
314143953.8394125700 5773085.7109375000
314317354.4580445290 5776524.6015625000
317018710.9336129427 5781277.4414062500
276323682.5155330300 4428676.2314453125
287057154.5629177690 5235514.3554687500
289093790.9195358157 5316313.4335937500
276860911.2159971595 4468626.2470703125
286168587.7577454448 5186612.8359375000
286833540.3796708584 5229583.9863281250
288687845.1747501493 5306643.1093750000
288354143.0441783667 5294928.3378906250
302487591.4240218997 5683870.0117187500
310797659.2620660663 5759171.0292968750
306464620.4978169203 5728682.4804687500
306006979.1700425744 5724840.8359375000
306317729.4069206119 5728672.5781250000
305576054.9820937514 5722782.2734375000
305115664.4373976588 5717856.5390625000
305770534.0878329873 5723754.6152343750
277174190.8168308139 4486261.8398437500
277295507.3090983629 4487611.5449218750
305127372.9769235253 5719264.8867187500
273503690.0630288720 4022576.3281250000
274690749.8487221003 4260071.4775390625
274723021.1633538604 4267026.6259765625
276431189.0607380867 4442492.2939453125
276682477.7043521404 4466483.1425781250
276496154.1009217501 4448029.3525390625
286730718.0816818476 5218444.6464843750
288309614.4054998755 5294820.2890625000
296522741.2517074347 5556393.3886718750
296654025.7582103014 5558914.5410156250
304401686.3718223572 5711024.2773437500
304688367.7052277923 5715197.5507812500
305521963.9004741907 5719607.2187500000
304839094.5014513731 5716467.1093750000
301977032.9105342031 5675376.7343750000
304148242.7634370923 5708874.2871093750
286433567.2042880654 5204270.7832031250
287804690.5646000504 5272904.5957031250
288249506.5992863774 5290189.7753906250
288155926.3064811230 5286713.5605468750
288066788.8202083707 5284147.3144531250
296528718.9345159531 5558452.9648437500
296804950.9739474058 5559364.6757812500
314651220.4157212973 5779167.8632812500
288019931.7157981396 5278598.0976562500
287942142.2768849134 5277528.5468750000
296723119.9365482926 5558961.6445312500
310943615.2953997850 5760649.3691406250
296354296.6595147252 5554305.6542968750
287990252.1778848171 5277706.1308593750
287733416.3692113161 5268620.8730468750
295399231.7589480281 5528262.9082031250
295643937.5400438905 5540332.7480468750
303884474.8159253001 5705225.7851562500
276123723.4591435790 4406539.7578125000
276265381.1120522022 4427825.5888671875
286763259.9017556906 5222786.2714843750
295497960.3682187796 5533186.4707031250
295917058.5848802328 5544752.1640625000
310573973.3817278743 5758960.3457031250
276160272.7502491474 4410836.0390625000
282707822.2314231396 4955813.6933593750
287120873.3436101079 5236246.9296875000
287398324.6352980733 5252618.7031250000
316428022.8348717690 5780764.3164062500
295438869.3810247779 5531849.3261718750
273324654.8634740710 3980685.7685546875
274662170.0995631218 4256044.9287109375
285685274.0601592660 5160797.6367187500
295623186.3151012659 5536656.9609375000
282622770.7034606934 4950020.3417968750
286747198.1782925129 5220673.1640625000
294675831.5048238039 5503359.8320312500
294749247.0579767823 5503944.6074218750
316270838.5856264830 5780736.1406250000
286933320.3697817922 5230263.2578125000
286745027.5718025565 5220208.4804687500
282998977.9303652644 4983124.3925781250
285721554.6923890114 5165740.5175781250
286573204.3592407703 5214440.1074218750
286370411.9229112267 5202079.5742187500
294607043.3203545213 5500913.5722656250
307226301.4821601510 5730312.3007812500
282846435.2548861504 4967442.4453125000
282653312.8589020371 4954604.6582031250
274947427.8218661547 4283208.7412109375
274836937.1410757303 4276700.2714843750
276620019.8565020561 4458451.7441406250
274736741.9219886065 4268066.8134765625
302573027.8426436186 5685733.1660156250
303263450.8002594709 5694793.2246093750
316203905.2331558466 5780413.3789062500
303374133.8369917274 5696319.0761718750
302893199.0267024040 5690645.0175781250
303261587.8779181242 5693188.4960937500
276819739.6704372764 4467891.8466796875
294755568.6017090678 5505411.4570312500
302979734.8763635755 5691802.5488281250
276145346.6285617948 4409973.2802734375
282857583.1183985472 4969105.0859375000
282978199.4334355593 4975361.2812500000
275830910.1796464324 4367376.4511718750
276094120.3209174871 4403877.4804687500
282885773.0879652500 4975072.0234375000
302499105.6311416030 5685164.0449218750
273602342.8905910850 4041382.6484375000
274581430.8594329953 4243832.4492187500
275732992.7737308145 4361318.6318359375
275996172.7027059197 4391148.8203125000
315620826.8022923470 5779460.7539062500
273541673.7037609816 4027414.8652343750
286333236.2735774517 5194473.1093750000
274458238.2078139186 4213359.7529296875
283173140.8461002111 4993851.9375000000
274407246.2019961476 4201853.4873046875
275230192.6893546581 4299977.6308593750
283421881.1775131822 5008575.4921875000
283138809.9578539133 4992505.0273437500
307711060.5335273743 5733976.1425781250
273576479.3011381030 4030997.9873046875
275978566.2964847684 4385867.8750000000
285186356.4011847377 5109387.5195312500
285249522.5654345155 5120750.8339843750
294579918.1528244019 5497736.1289062500
301725365.5302792788 5665787.8378906250
283508611.1977483034 5017093.3261718750
273358316.6507629752 3983349.1435546875
273530944.2272049785 4022932.2763671875
275473357.5449656844 4332745.3173828125
283381723.6172193289 5006335.1914062500
294405341.9458682537 5493811.5175781250
294407604.4427650571 5495248.6699218750
273436897.5667936802 4009159.1298828125
285315680.7291002274 5125197.1757812500
274474624.5042244792 4214339.5107421875
285309088.5407055020 5122546.4140625000
274487554.5299820304 4219566.7207031250
290635309.1436661482 5361982.5664062500
289953024.4445868134 5336647.8730468750
294283808.8130391240 5490017.4628906250
301244813.9273868203 5653937.5976562500
290727199.2421172857 5365049.4355468750
284334547.4991647601 5052262.4140625000
284402255.5713520646 5062119.5214843750
284248797.9164146185 5051400.2636718750
284352537.9574921131 5060084.9550781250
284436909.9592759013 5066153.8730468750
284389353.2699570060 5060571.8613281250
284047791.5722830892 5035290.2031250000
276024694.4836984873 4392280.9335937500
284124370.4765815735 5045624.2089843750
284646028.7183452845 5074266.9687500000
294869325.1820858121 5508961.6367187500
299398416.7507273555 5610936.4082031250
299160543.7431556582 5604365.3242187500
299200055.2393733859 5604690.0957031250
307495983.8435458541 5732110.5371093750
275904645.8761942387 4381532.8271484375
275643042.6659439206 4355133.1386718750
299260782.5633276105 5608937.9531250000
313855023.5114127398 5769389.8671875000
314238774.4906138182 5774291.3164062500
273879098.5832931399 4057098.9960937500
275684868.6618313193 4359699.3603515625
274224346.0551788807 4154808.6572265625
275521270.5382619500 4345074.6181640625
274289370.2316532135 4172187.7890625000
277333979.8839691877 4494815.3476562500
274251428.0449531674 4171413.8300781250
275376989.5005668402 4328299.9814453125
313551198.4392731190 5765921.2070312500
275292645.1399675608 4316796.8828125000
294693121.3392794728 5503637.0234375000
301395384.6363009810 5654306.5195312500
309875473.9965319633 5750671.4101562500
313228675.5083919764 5762084.9707031250
301478010.1759844422 5659276.3867187500
283921257.1002790928 5026273.7812500000
313698497.4062323570 5767325.5859375000
274241654.0658813715 4163968.3310546875
274162941.6898744702 4138865.1367187500
301403109.6626773477 5654987.4394531250
277398239.1059816480 4502516.7968750000
290154512.6235496402 5341983.0976562500
274538081.3254312277 4221910.8554687500
275241398.9785058498 4306651.9638671875
290075602.3115315437 5340878.2617187500
290031060.0146325231 5338633.9726562500
309778178.7104886174 5750357.7109375000
290298308.1360119581 5349662.6464843750
277502232.5886723399 4510345.5703125000
291189214.5789626837 5377839.8515625000
291092775.4784260392 5374612.4335937500
300935736.2274735570 5641526.1464843750
278260935.5817661881 4569006.0947265625
278092262.9906074405 4546858.7929687500
277970827.8699520230 4546314.3261718750
290994463.5974402428 5369424.4453125000
300747292.4610005021 5637028.4980468750
309601331.6902407408 5748575.7714843750
278185189.8071150780 4557640.3632812500
278098852.7464997768 4556260.7148437500
277839272.7330424190 4535500.4843750000
277671647.6393433213 4520659.7460937500
291168568.9847524166 5376145.6210937500
274354513.5193557143 4178865.4550781250
274381285.1648874283 4182740.7578125000
299283880.8728297949 5609092.4199218750
309555245.3134866953 5748200.0527343750
273931912.9960857034 4068301.2841796875
274082084.6699038148 4076569.3828125000
309340307.0373288393 5746028.7167968750
274092655.4209455848 4078203.7226562500
274098381.0055708289 4085716.9912109375
308845172.1890275478 5739165.7636718750
300140782.7398833036 5627060.0800781250
299945161.2558273673 5622287.4433593750
282570874.2016801238 4905975.8984375000
299921410.4783153534 5620234.8320312500
299577873.9126222134 5614912.8164062500
299705247.8076031804 5618034.4726562500
299830222.7526748180 5619509.3125000000
274103726.2649348974 4091569.9111328125
292246384.0718044043 5396291.6035156250
292342523.2342562079 5399096.0703125000
274154223.9026517868 4102099.2275390625
294172765.3506711721 5476612.7265625000
299902065.3755895495 5620127.3085937500
313363770.3350524902 5765765.0742187500
299401193.1085058451 5611657.5156250000
298877157.6838327050 5600836.5195312500
309254563.0713919401 5744351.0781250000
282372132.8483302593 4885222.0546875000
297900026.7861734629 5577522.6386718750
298413998.0924035907 5587186.3710937500
298287277.8309923410 5584591.9179687500
298203865.6290407181 5584266.2617187500
297766896.9499679804 5574966.9589843750
297372319.9703375697 5561917.0937500000
282109738.5663883090 4860593.9804687500
282131164.7274947762 4866690.5312500000
308594971.4814441800 5735901.8203125000
281973828.4714034200 4852094.8691406250
282164642.4098532796 4870497.9042968750
281933125.8063607812 4847230.1289062500
293754310.7046411037 5433870.4804687500
293757358.0681710839 5439145.7675781250
293880581.6918520927 5442548.5097656250
294011005.5060988665 5445531.3457031250
293890684.0895313621 5443748.4550781250
293283697.4836420417 5423898.7929687500
293011740.2788646817 5416546.2500000000
292641182.6387867332 5399864.6289062500
292670197.2761073709 5407375.8789062500
292957672.8455571532 5410375.4082031250
282295787.6122242808 4876438.7500000000
281870234.0450453162 4792050.7324218750
281798470.8515499830 4783341.2421875000
281444249.5361329317 4750497.2207031250
281528741.7033109665 4754136.4238281250
281557322.9806510210 4762033.6464843750
281679746.9004198909 4770694.9140625000
281779328.3349930048 4776957.1933593750
280637512.7762815952 4576973.2304687500
280796293.0137626529 4591480.9550781250
281145879.9893516302 4622785.3300781250
281028406.9456999898 4615901.1992187500
281075032.3456558585 4618053.6406250000
280914489.4157426953 4609237.6699218750
281218846.9959869981 4632691.5273437500
281341303.5599903464 4652112.2539062500
281235801.4418826699 4636488.8789062500
