162009226.6860190332 1726433.3779296875
164489231.5426377654 1889444.2783203125
203620461.4372381270 2717012.2187500000
203441284.5539051294 2716311.5996093750
169167364.0364589393 2123590.6953125000
175927079.5799672306 2370870.6894531250
175479264.3834607601 2359935.6152343750
178471591.0522575676 2429061.6728515625
164838960.7789544463 1905473.9472656250
176089964.6448335052 2374031.0244140625
178984363.2957111001 2429207.2197265625
168703945.3677431643 2101647.4462890625
181168460.7607279718 2482845.4619140625
209240145.6407271326 2724903.9218750000
164722324.9500175118 1896071.8110351562
164722412.2679287195 1899415.2998046875
164635142.4428758621 1894616.9042968750
182831770.7241356373 2522132.9580078125
201795658.4783632159 2713559.0214843750
208917989.5846208036 2724826.0136718750
164247850.3676252961 1876149.0415039062
173009908.4663967788 2270699.0468750000
176015664.0775370896 2373773.9111328125
185580090.0149250329 2565347.3320312500
187358859.2787921429 2589667.4921875000
201470109.2386516333 2713306.8515625000
175350140.8911762834 2355118.0400390625
193931959.0099776089 2667550.0468750000
202659035.1883454621 2715134.2343750000
157055707.6971896887 1343182.2858886719
159907791.0286740065 1592818.8564453125
173193123.9564583004 2281603.0380859375
217907280.0404617786 2729786.1972656250
187701854.6774883270 2595131.8300781250
195600485.1877209246 2676806.9277343750
185301225.6673837602 2559145.4277343750
186088880.3436719775 2572796.5683593750
187348493.5587091446 2588942.1406250000
195829749.6721627414 2677094.5917968750
202128532.2498572767 2714191.3339843750
202884075.2976001799 2715604.7050781250
168721610.0805220306 2106783.7558593750
200410920.4882183075 2708834.3339843750
175504049.4409001470 2361587.5742187500
197013782.5747175813 2686335.4218750000
194938319.7853474915 2674941.0859375000
185727225.2116978765 2569998.4296875000
187029170.6693100631 2585261.5429687500
173604818.5153673887 2287127.4794921875
177196741.7488588691 2403101.8007812500
200446913.4984797835 2710295.2792968750
168528257.8242185116 2095136.6152343750
192535328.5362401009 2651889.7675781250
192994376.8752226532 2657354.1054687500
182919514.9075692296 2523710.7265625000
186737210.2440428138 2581292.6328125000
187916817.9370609820 2597327.6582031250
172614245.8077565134 2262794.5146484375
156887528.1051082015 1327240.0888671875
156708463.6621366739 1313609.3828125000
168638339.1888183355 2100222.9873046875
168648153.3276278973 2101115.7822265625
156895605.5976712108 1328710.5205078125
185330967.5397607088 2563052.4628906250
187584017.1082199216 2593572.9316406250
210020747.6725318730 2725334.2109375000
157141804.8532035947 1350052.2260742188
172722158.9047574699 2267664.5351562500
173401727.8540200889 2285589.1787109375
175177463.6451949179 2338468.7158203125
177629381.6449902654 2412113.8271484375
218864367.4077405930 2730301.8769531250
169294356.3371939063 2128368.1015625000
172920265.1953659654 2270631.5292968750
182658003.6183685958 2516142.5673828125
186291642.0159101486 2576584.1679687500
185838118.3698318899 2570819.3984375000
211556786.8694958985 2726969.8222656250
219617441.8167889714 2730589.3613281250
182534350.0484479368 2515642.7880859375
194634367.1922262907 2672753.6542968750
156836282.9940902591 1326717.5163574219
164093874.5725376606 1860130.3754882812
173073398.9155727327 2277985.3300781250
187085828.1324972510 2586966.4003906250
176838524.4883471429 2393535.7265625000
194765210.6886335015 2673171.8203125000
210259426.1344684660 2726057.0292968750
218703360.4645169973 2730280.8222656250
156645440.8044730425 1306640.8554687500
174582251.3518038392 2327621.7871093750
163688612.0534163713 1835119.8041992188
182967756.2436420023 2524894.6513671875
184934838.6655258834 2552369.6503906250
162177670.6959578097 1746090.6069335938
163932853.7451343536 1854045.9589843750
172798564.7795426846 2267892.1298828125
159671794.5006217360 1570534.7460937500
159789137.8923276961 1579240.2661132812
186225218.0627544224 2574696.7324218750
193622953.7318198085 2663444.0605468750
208851172.0893057883 2724766.3437500000
177396935.3799608648 2407552.1425781250
182369137.4705846310 2514208.4326171875
180813702.6281954646 2481004.6132812500
197652141.1331134737 2690486.7597656250
210269876.2765102088 2726152.2832031250
157156730.5107195973 1354003.6062011719
197412440.6700107753 2689020.5039062500
157960407.3938745260 1426727.1999511719
168346261.8099145293 2089164.1718750000
174275107.3558808565 2318654.6103515625
206186126.5456165075 2720411.5019531250
205337155.0272799134 2719143.6562500000
154943998.2477837801 1083961.9050292969
154959336.0055999756 1089856.8203125000
157628976.0650004745 1397759.4707031250
176411544.9860631824 2384731.3173828125
201221591.4858048558 2711427.5527343750
168490341.1908141375 2094589.5585937500
198517832.1735346615 2698330.5253906250
188477989.1176925600 2600870.3339843750
201042188.4190803468 2711209.6914062500
217943342.5847138166 2730049.3496093750
195854299.3065426946 2679162.7089843750
162039694.3998145461 1740461.7319335938
174074141.0012210906 2312320.6113281250
177279332.5125915110 2405747.3339843750
177567383.2435853779 2411359.4716796875
154906012.9434358776 1051400.0773925781
172380393.9911631644 2254393.5283203125
159844326.2668474019 1585666.7700195312
195356756.0355761945 2676314.2402343750
185316841.3962728679 2560138.3183593750
212439662.4964193106 2727242.9921875000
168537527.9676041007 2098127.5791015625
168847542.3129679263 2111688.3232421875
205151208.9072378576 2718230.1191406250
177669277.1411270201 2414188.2480468750
211544280.2021922767 2726937.7773437500
172402115.3293502033 2254533.1591796875
174166822.5517803133 2316144.4453125000
206569706.9932158589 2720745.1582031250
156788582.2774574757 1318571.1025390625
160343147.8103075027 1624259.8935546875
163776124.9809175134 1843736.6562500000
164471947.2560746670 1881435.5166015625
156956407.4820023775 1338146.5529785156
154886270.0266447365 1046575.2717285156
199463073.3925665021 2703728.2519531250
182724702.0590275228 2519640.4091796875
157695261.9246916771 1405931.0627441406
160392375.5568015277 1626557.9003906250
176260452.6484186053 2380930.7167968750
182108843.0831610560 2508441.6513671875
216953207.7546370029 2729526.5527343750
172309729.4738393426 2251868.1210937500
182661860.2954871953 2518523.3310546875
200013568.0499228835 2707092.8730468750
160109201.7101024091 1607584.3540039062
199015598.3043229282 2701709.4687500000
174370655.6482839882 2319537.2216796875
184788293.9359256625 2549572.2402343750
198125663.1585274041 2694620.7324218750
168036102.7002212107 2066856.3110351562
167829537.0799399912 2058548.3496093750
170058584.5077742338 2157906.6474609375
172373076.8063904941 2254262.9482421875
156537691.5126712918 1293113.8701171875
154995499.2532002926 1092362.2966308594
160209363.3568159640 1614067.0283203125
155223978.1964617968 1127893.7287597656
211936935.7003242671 2727181.1074218750
206060488.7727393508 2719474.6796875000
174685525.5246753097 2332528.6103515625
161715152.3527275324 1721100.5146484375
161223646.4202866852 1681528.1186523438
177834094.2849335968 2416219.2353515625
161366208.9461154938 1697227.1235351562
162633116.8616299033 1776267.8461914062
162455795.2902734876 1760318.9921875000
216274743.5435523391 2729057.7031250000
154933244.3317746222 1062575.6501464844
155035937.9806935787 1100725.6467285156
207797540.7696257532 2722294.3984375000
170185905.4164415598 2165099.7158203125
169835995.6825945973 2150635.4726562500
156560522.2758322954 1294439.6696777344
161302840.0135634840 1686377.0825195312
169742836.0926799178 2146349.4843750000
170606532.6990448833 2170189.4150390625
169910012.9365360141 2154119.6064453125
161132963.3293077648 1677522.7241210938
161044793.8961196244 1668648.6850585938
169543262.4088327885 2135884.8876953125
204556978.7253239453 2717486.1503906250
210730635.2478887141 2726305.9296875000
155683920.1869652271 1179196.9274902344
210878453.6977328956 2726343.4570312500
184249571.8523813188 2540727.0585937500
197969332.5384077728 2694593.7714843750
184513704.9467409849 2543399.0996093750
215310588.8353337049 2728492.6718750000
183911378.1482397318 2535131.8183593750
157666083.8281720877 1401131.4538574219
175312533.2870635986 2351996.0078125000
206579807.6325541437 2720753.5488281250
155563995.4097210169 1164316.4265136719
183553482.6234439313 2531419.6933593750
162769008.1776007414 1782725.7968750000
161067298.0060293376 1671976.2109375000
156488053.8536682725 1279373.3310546875
156363620.8779676557 1270655.1025390625
155415998.4066530466 1149386.6140136719
171613702.4607615471 2215761.7353515625
163218538.7511273623 1804738.1254882812
173625400.6723690033 2291471.5361328125
163329902.1821383834 1808503.0732421875
163323784.1479981542 1807174.9145507812
178264405.8799051642 2423622.9853515625
178303501.6958703399 2424240.5234375000
163381464.4423460364 1815041.9951171875
215671737.8279731274 2728652.9335937500
175228180.5034878552 2347183.4228515625
169630796.6768155396 2138676.6777343750
157511387.1178290248 1384065.8435058594
173523374.7130226791 2286412.7333984375
160565062.6707590818 1638860.2211914062
161253887.9119363427 1685632.1752929688
157445964.9972049892 1375821.4643554688
207461958.8004265726 2721558.9921875000
208041671.6378252804 2722936.1562500000
208164032.3100569546 2723101.8437500000
180545352.5545830429 2468416.9960937500
215103825.4475322366 2728180.6914062500
160791197.4315385520 1654588.3071289062
177911296.5855626464 2417013.8427734375
196118493.0282326639 2680177.0605468750
215600784.2066106796 2728530.9160156250
162629896.4053708315 1772439.2666015625
157240956.5024285316 1360613.4174804688
162867711.4052729011 1785042.1430664062
155413824.5220778584 1145397.8112792969
156611541.7416455150 1299261.2250976562
190634137.8510866761 2620528.9824218750
196539518.7712076604 2682590.3496093750
180590612.9987651408 2468583.8710937500
191138765.5388100743 2624625.9394531250
215023982.9641510546 2727616.7578125000
190874556.2320378721 2622099.1074218750
155340496.5481036305 1137865.9448242188
189402623.4896049201 2604955.4687500000
196497749.8615924716 2682436.1015625000
166008695.0074684620 1951556.1528320312
180798794.3664650619 2471844.0605468750
191366802.7781196535 2626755.6562500000
191246384.3858018517 2626550.7343750000
161475902.9026244283 1698213.9765625000
166110384.8646315634 1958456.0717773438
179768577.2278707922 2452247.1826171875
180202237.1963549554 2459485.1230468750
180650653.9674503803 2468818.1318359375
166215041.6580858529 1965935.9252929688
173991387.4884814918 2292813.5400390625
179384341.8330779076 2445118.5507812500
165665467.5881632566 1929275.2138671875
165904045.3686772287 1944225.0302734375
165969259.9703918993 1947098.4038085938
190077090.4103623927 2612106.3339843750
166608797.4679434597 1984726.5478515625
189833067.9110035002 2608478.7128906250
155794687.3116755188 1184202.4580078125
155952754.1764965951 1206650.7453613281
156142192.3089374006 1235461.0114746094
156061441.7565824091 1227402.7868652344
191847532.4407359064 2631986.2460937500
156154083.5295324028 1236142.0244140625
191631150.9168857038 2629429.7968750000
191850681.7494111657 2632532.6796875000
155980637.3303048909 1212143.4338378906
156034048.2145834267 1222351.5646972656
167308591.1609431505 2013536.9931640625
171178424.2116216123 2185913.1416015625
167656182.1616559923 2033454.1767578125
170939974.1082282364 2175407.9658203125
170973466.4385332763 2175860.7343750000
167213714.9610159993 2011582.7373046875
167404139.8668863475 2017041.3798828125
167441906.4970120490 2022485.8837890625
167473415.2420213819 2025328.9326171875
159521454.8216369748 1522457.0449218750
158642063.0214553475 1449203.7023925781
159428776.4572901726 1516033.5590820312
159427838.8420200944 1512691.9243164062
158675349.7286019921 1452075.0310058594
158715359.4584242702 1456701.8017578125
159373567.2282310128 1503331.4472656250
159237933.6831949353 1497605.1669921875
158777066.0269472003 1458202.8608398438
158877439.7591196299 1471192.8278808594
