823967785.7944983244 11923637.5097656250
712321311.1015342474 9879801.6835937500
712324388.6989015341 9881498.6181640625
755645533.0880097151 11556008.1445312500
758550465.1242946386 11614154.6230468750
824976623.1541179419 11923783.4843750000
692241749.2070555687 7274231.6767578125
715386375.6795303822 10119914.8593750000
692188640.7688868046 7261882.9326171875
715014204.1220492125 10096333.4746093750
715056652.3267238140 10105980.4628906250
739741419.2019886971 11193152.0917968750
712015759.4850796461 9852764.4501953125
727066849.3123716116 10761941.8320312500
727352681.9179025888 10776643.0917968750
727686841.2085510492 10788915.1562500000
740112660.4448460340 11205052.2949218750
695111969.1440088749 7907731.4404296875
793302008.0669815540 11902134.7792968750
712082028.1170163155 9858132.3066406250
712097554.4307762384 9866743.0058593750
696713813.0306234360 8130232.2949218750
739721193.1555747986 11189965.5234375000
739872941.9532408714 11196108.4746093750
740013395.5972906351 11202301.7988281250
742325362.1236364841 11259202.1777343750
760888312.7540085316 11656401.4921875000
696764539.5622806549 8144053.8300781250
760927928.9684091806 11657517.9648437500
781349919.8054504395 11860497.0585937500
781821556.9645881653 11863122.0097656250
790813154.8781311512 11898406.6328125000
715348967.2381441593 10117468.7441406250
714713793.0921127796 10064316.4638671875
739433364.1285905838 11176562.9843750000
742413305.5952402353 11260940.3457031250
792840632.6370749474 11901908.7031250000
823775080.2950358391 11923362.0449218750
781225714.8805768490 11858365.2988281250
696737008.2114622593 8137396.9775390625
751155611.1279592514 11463046.1406250000
703652004.1019351482 8936835.7636718750
712338235.1488776207 9885276.0136718750
742396672.8816847801 11260459.2871093750
751624624.3410564661 11471051.5019531250
758724352.7427744865 11617965.5605468750
759331690.3854464293 11625429.0156250000
758929880.2403525114 11622456.6738281250
712276741.2133295536 9879132.4824218750
739480904.7023278475 11180157.9375000000
742149362.4331066608 11256270.9101562500
751432510.3853377104 11467823.3828125000
726982617.0110095739 10759607.0400390625
742555533.3812202215 11265076.6328125000
696815885.0929439068 8148090.4990234375
696761677.5733745098 8139757.6308593750
727150337.6858650446 10769853.8828125000
727892266.8632451296 10794196.0820312500
727394366.4516562223 10778394.6523437500
751092036.7851837873 11460629.3730468750
750936379.5638138056 11456738.4531250000
781678756.6902577877 11861603.0214843750
792180379.9109989405 11900535.7832031250
793177605.8731353283 11901957.8027343750
825119393.4355847836 11924109.5156250000
692629635.5415487289 7367168.2851562500
696702802.1576871872 8125521.9638671875
696569676.5276303291 8121265.2529296875
696671775.4225125313 8123090.0869140625
792556654.4733319283 11901051.1210937500
742283534.2019255161 11258241.6621093750
761189338.1276644468 11662008.7304687500
792392032.8416610956 11900899.8730468750
760162469.4511049986 11645468.7558593750
696149188.6237690449 8060390.9482421875
696309152.9276971817 8077118.5097656250
758654106.9421210289 11617934.3027343750
823539595.6295249462 11922495.9843750000
692457119.1826119423 7341127.8857421875
696035916.5937232971 8051247.9658203125
696021844.9976665974 8040858.8769531250
726380423.8288888931 10726737.5996093750
726274421.8614192009 10726558.8710937500
725853307.1742279530 10691988.1464843750
790111381.9039978981 11896203.1621093750
725988277.7329719067 10708708.3085937500
695960085.6453564167 8038641.1054687500
695790703.9885854721 8016057.1542968750
758810461.6392201185 11619327.0253906250
790602330.6216961145 11897673.2675781250
725614470.2103573084 10688163.5117187500
740389388.4470747709 11209232.2792968750
823693974.1284369230 11922862.8085937500
738813707.4460612535 11159756.2285156250
760208785.1158849001 11645619.9843750000
693720419.4695837498 7699387.9814453125
692457945.0749528408 7341197.7783203125
714130557.5185312033 10021467.9941406250
741219424.9594813585 11229171.0253906250
786445224.2313256264 11884123.7500000000
741029861.2332357168 11225742.9648437500
693686329.4315721989 7695036.0927734375
693762038.5181005001 7706606.2373046875
712486310.2743113041 9900681.1269531250
714071615.9297450781 10015988.5312500000
758875231.0039373636 11621214.3808593750
713960560.2581039667 10010995.2792968750
724908541.9317216873 10654123.9121093750
725076098.5760616064 10661920.7539062500
739925032.6434701681 11196806.0937500000
724825659.7280941010 10645029.5585937500
712608552.8237484694 9909125.2480468750
724526955.0100343227 10629236.3281250000
712630354.0094631910 9911281.2597656250
695524446.6882202625 7971970.6074218750
712776745.1467293501 9920500.8330078125
712738063.5177196264 9918653.6494140625
692771801.1976954937 7382459.4746093750
694164655.3847069740 7775442.7246093750
703965932.6425414085 8939271.7539062500
695439347.6195249557 7967753.6279296875
695150963.3299458027 7916968.8325195312
712930178.5144783258 9934764.1279296875
713948214.5835577250 10002643.8798828125
774744969.2910002470 11807872.1035156250
695358529.6593401432 7945443.8916015625
712980250.4715931416 9936621.4755859375
724787342.5137081146 10641797.0351562500
724744461.3099600077 10638182.5468750000
692966132.0092864037 7392016.6186523438
695246325.3620519638 7937020.4443359375
759564369.9451152086 11633917.4980468750
694106107.4555284977 7753301.7993164062
694688596.7389988899 7835987.2900390625
799736753.0847147703 11903363.5976562500
700262789.6788735390 8546922.8730468750
788822506.0688835382 11890177.6679687500
788992876.6936947107 11890438.4355468750
694038100.1919713020 7747421.2026367188
703279260.7352123260 8901057.4003906250
769506423.2856544256 11751063.4550781250
759359022.0073659420 11628613.0800781250
694157281.3655169010 7773221.1728515625
703221197.6784470081 8893375.6533203125
799130567.5601406097 11902958.4667968750
822614265.2319765091 11920423.9902343750
703201428.8235678673 8889469.3125000000
798881460.8976442814 11902371.7734375000
788202020.2532799244 11889377.9218750000
700236936.2229006290 8535875.6250000000
703118138.0666162968 8882024.7685546875
703025456.1534652710 8862229.9970703125
722624046.5976593494 10510414.7343750000
722710344.1504099369 10519393.4511718750
722216040.0866460800 10477751.3281250000
721594120.7492821217 10455792.2167968750
772896537.0442425013 11789428.1230468750
722509078.8959039450 10503183.5312500000
799052207.2383565903 11902807.1425781250
722484264.6925027370 10502985.5097656250
722235582.8234488964 10483267.8867187500
702959726.2585811615 8849638.0048828125
821226664.5435122252 11918520.2246093750
798787266.6835588217 11902354.6523437500
721900932.9089640379 10471763.9980468750
721618053.1848361492 10457246.8242187500
782457874.3371865749 11864368.9335937500
721018364.4320179224 10415523.8623046875
736695772.8621929884 11082535.7031250000
786339848.8966103792 11882136.8750000000
737133939.5799663067 11096329.3437500000
737056294.3909567595 11096266.7031250000
737319212.5532443523 11105633.0820312500
737521571.5148316622 11107813.6269531250
737686493.4619780779 11113588.0996093750
737826056.6631634235 11122959.5351562500
785307581.7126470804 11873741.2812500000
772232441.0718535185 11778991.1718750000
720819855.3004896641 10401834.4853515625
718740052.9935735464 10285166.7031250000
772285273.1693128347 11781967.5937500000
702738584.4584844112 8832332.1279296875
720730628.6406271458 10396868.2158203125
720624874.8488692045 10382905.9541015625
772532318.9073702097 11784814.9082031250
772504087.2779740095 11784764.8554687500
720715181.5793899298 10391215.4892578125
738105486.6896184683 11131958.3886718750
720476280.3392058611 10377744.6289062500
720325323.1092222929 10362131.7041015625
758314279.4686340094 11604764.7753906250
758109558.7777794600 11599153.7949218750
784698069.2089682817 11870728.9765625000
783937591.6146360636 11867473.0781250000
718284761.4324685335 10254680.2460937500
717853303.3209798336 10226193.1523437500
717930474.4886039495 10233739.3378906250
783728615.2159141302 11867188.6464843750
771917463.5985153913 11774152.8378906250
717955288.8114718199 10235504.9101562500
717725864.9349178076 10222236.3164062500
693655830.7845106125 7504418.0917968750
693542844.4696331024 7487792.5209960938
717629899.0845882893 10210271.8583984375
771535313.7034534216 11770532.2167968750
771967602.0532618761 11776067.7187500000
693488039.2398610115 7483043.4809570312
772187957.1266568899 11778447.2167968750
771032432.5273226500 11766517.9238281250
693459813.7452275753 7476547.4916992188
693557616.0939023495 7498880.6547851562
693503758.3094167709 7484353.1416015625
770138332.8296560049 11757510.9843750000
768505448.1220809221 11739454.3164062500
699844812.9533851147 8477303.7255859375
700142483.2141914368 8519249.8232421875
768283682.3286229372 11735461.6816406250
768554538.0171049833 11739955.4511718750
716603403.4760469198 10134426.8085937500
699859183.6055815220 8480093.7910156250
755034165.0985097885 11533654.3535156250
736419605.2147909403 11048349.5527343750
699801425.4800944328 8464088.0380859375
754586195.3403177261 11520907.6875000000
753736117.6854912043 11491469.2753906250
701753766.7814834118 8674537.1083984375
754367346.1266473532 11515891.0625000000
699691207.3646428585 8427723.3720703125
754169368.6302673817 11510978.9472656250
754176010.9805164337 11510985.6132812500
754273920.1205768585 11511671.4433593750
753111329.9416923523 11489442.8437500000
752903032.8784182072 11485320.4707031250
779655310.7375737429 11835916.6308593750
701656764.4498188496 8650205.7978515625
699436098.6432354450 8384514.1054687500
699535094.1301412582 8394317.0664062500
779038540.7679768801 11831712.9140625000
778717599.9573203325 11828240.8671875000
701512642.3552093506 8632404.6943359375
701343278.0776531696 8609709.3837890625
749917660.1547644138 11412104.1875000000
750162522.8481872082 11418199.5585937500
778324376.6820017099 11825917.5781250000
750081298.4889818430 11413516.5039062500
779187894.3019515276 11831933.5996093750
779247193.1884464025 11832126.0175781250
778973005.5322343111 11829616.9277343750
750234760.3575795889 11419871.1035156250
701310928.8881285191 8608237.6318359375
701200299.0134418011 8592026.8789062500
701081785.0679776669 8576726.8867187500
820265289.5722793341 11909925.2500000000
820003460.0582227707 11909100.2656250000
699169792.0470800400 8323549.9980468750
819267956.5979270935 11907697.5859375000
818575529.2998410463 11907192.9238281250
699144516.3253874779 8299814.8984375000
818436326.4302620888 11906929.2402343750
699016414.1141428947 8282689.4257812500
699106547.4662475586 8298750.4472656250
699092799.1502883434 8285678.4951171875
698980440.1107394695 8249401.3994140625
698657465.5008780956 8184423.7636718750
817441243.2802987099 11903893.5976562500
816576587.3451768160 11903423.8964843750
749154246.3822838068 11346136.1289062500
749404995.2998586893 11354451.5722656250
748617061.9339748621 11333796.0195312500
711689436.8436918259 9532200.9130859375
711833843.4332950115 9540669.9794921875
747600407.0555484295 11290685.7246093750
747268920.5336889029 11279782.0234375000
747381156.4365751743 11281084.4843750000
747589887.7372366190 11289894.0664062500
735506845.6488807201 10900478.0888671875
711592211.8250257969 9452560.6357421875
735206674.6329879761 10884165.4941406250
711378218.8564710617 9427439.3134765625
711240272.1654362679 9410034.8115234375
735399958.2196978331 10895776.4091796875
734595585.4701317549 10845938.2236328125
711074625.0435936451 9372232.6406250000
711036045.0091249943 9372145.5214843750
710499185.0465769768 9300519.5673828125
710173677.5127289295 9266984.7128906250
709952747.7692177296 9227137.7236328125
709841114.2830898762 9199405.3076171875
709871697.3905057907 9211303.8701171875
709894130.7866508961 9215057.8652343750
709932806.1814148426 9223588.0732421875
708961967.1214618683 9104050.5820312500
708808881.8977713585 9093536.6455078125
708655045.4205155373 9071856.7724609375
708380680.4853193760 9053280.5673828125
708681067.9782888889 9081757.6533203125
708439964.0838117599 9059353.2324218750
708138062.8538751602 9000609.6943359375
707831747.3302538395 8957984.7089843750
707994726.5735027790 8970397.2480468750
