112238108.9584788680 534870.8251358439
113938748.0059659779 725705.1379668713
116187236.9190405905 861291.2583618164
115941660.0143192858 852614.0554809570
120228189.0905820578 1009061.2363281250
120509473.2625381500 1013792.2719726562
122533573.1492545307 1051797.0532226562
122669029.3811899424 1051855.0834960938
122433436.5525519848 1051781.1225585938
117212983.0306617618 892047.4235153198
117324519.7118373662 897768.5204772949
115339037.2179450095 822062.6816825867
116819840.1483038068 888492.7940216064
118996927.4999308288 969948.2924804688
122377215.6376846582 1051225.4008789062
122001188.9710266143 1043580.5004882812
115057228.9273079932 805614.5773344040
116067466.6100584567 855672.6487350464
122239663.1072040349 1049467.7377929688
122671921.6340356767 1052418.8549804688
124734216.6526980549 1060990.1186523438
124808125.2745800763 1061397.0874023438
115722270.2697478980 841152.5120544434
115990234.7825734466 853453.8104019165
122181423.0259026885 1048129.3530273438
122249857.9735372365 1050783.2700195312
115731322.9603232592 841650.4795074463
124860035.1158644110 1061716.7788085938
124953406.4666792303 1062150.1059570312
125111508.7604205459 1062646.2905273438
120558574.0097443312 1014313.9550781250
124844314.5106013417 1061669.7348632812
116831953.8850440234 888892.8316192627
120480146.1508481205 1013228.8198242188
120615861.6970559210 1017107.5283203125
120267187.3634084463 1011168.2226562500
122987170.4195916951 1053116.4565429688
125075211.4252498597 1062618.8471679688
112306101.9408627748 545455.6341448735
115089110.1356231719 806330.4766671658
122111272.8827018291 1046674.3188476562
124991005.9979998320 1062157.6479492188
125258700.7573051453 1062968.2133789062
115909096.7311565727 847283.9152145386
112186650.0332389325 525562.3141531389
114853812.9318607152 789420.4442269802
115784581.6380060613 846513.1080017090
115519244.9217933565 832644.2159805298
119196362.2457789183 977220.3112792969
119086094.6291821152 971342.7500000000
119566886.0936892927 989044.5507812500
120824766.8739133477 1021701.5839843750
116985874.0046192259 891297.1649017334
119088559.5398617685 973325.3754882812
120575532.5134303868 1014906.4562988281
115347146.8457808197 824466.7063121796
115640187.1682564020 839316.2012634277
115498318.8635302037 828677.1862869263
116611106.1193231791 880376.1072540283
119294794.4315111637 979914.4978027344
121110645.2825214118 1028248.2578125000
124317729.8342531025 1059367.5825195312
115746807.6769772321 842480.8009109497
115512667.7589198351 832145.8217849731
115532096.3391729295 835064.4821853638
116374119.1149811000 868391.6288604736
122774852.8373362422 1052851.0268554688
122708497.4785276800 1052674.3256835938
113737688.7286060154 707363.7219628096
116431718.8511747718 870017.3500518799
113762775.4102362394 713059.8074930906
120062620.6178237945 1003481.8671875000
122825977.2410798073 1052943.6284179688
124649715.1893000156 1060683.5424804688
111979737.1867150664 476024.6068083834
122101904.0317316204 1045013.0424804688
121802067.0578552336 1040979.5185546875
122748076.6929845363 1052717.7817382812
120221682.5453690439 1008987.8623046875
112310953.9382307082 545472.0593481809
116752800.1606726497 885536.5574798584
118973751.4710843414 966104.2154541016
112028891.5086767972 501634.5521449040
116445688.5947573632 873071.4857940674
119843810.0935414135 996252.7465820312
115148191.3115758002 808549.6592292786
115196572.9853070527 815717.2998542786
116723126.4422602355 881703.4435272217
113738299.7732166946 707427.3845631271
119744307.8859854788 995636.3833007812
116741643.0111091733 883211.5487518311
119880126.9407526106 998438.8215332031
124305753.6408938169 1059018.1743164062
116817199.0575214773 886560.1256866455
112382347.9269973338 552370.1697429140
116505271.6788549870 876518.7963409424
112204468.4306450784 533978.2642246952
113694592.3103342801 706404.2396534681
115095789.4838138521 807985.0420968533
115303161.6905443817 819004.9793052673
119084115.5862238854 970406.0839843750
116293533.9878211319 866807.4219017029
119515859.7142662108 987523.0180664062
112339972.1739914119 547157.2279473116
120878416.5255922377 1022234.8750000000
112246637.8813977242 534896.4423233439
119342463.9506900758 981265.7255859375
121137661.6835306436 1028250.3618164062
118919432.7627467662 961334.9729003906
124491078.8809558153 1060009.3901367188
112330132.4513761848 545611.8534218185
121049256.4217616916 1027584.5371093750
112286281.0209031254 538945.1690259335
112195988.2235877961 533227.7564121952
116173912.8827106506 856773.1460227966
119162079.5261646509 976901.1752929688
120957264.9757704884 1026165.4833984375
121150243.8833913356 1028850.9868164062
112157929.3469151556 525560.4892318439
121562769.0212326497 1037253.9379882812
113664706.3614955544 703451.1692188978
113587375.9440585226 692411.2454831600
116275336.9497538060 863122.8598098755
112070750.8685496002 513321.4569758367
123108846.7038992643 1054143.0678710938
113625121.3364916146 693541.4761960506
122035759.4136830270 1044967.8789062500
113776264.2158769667 714451.0755909681
119374991.7783968896 983829.6525878906
120165969.7742386162 1007265.1323242188
112127220.0809759051 521762.5467707386
121590455.2714569867 1037917.6586914062
112425965.8180359006 559012.7502066307
121434315.7443329692 1035834.8842773438
123403197.5406598598 1054895.3295898438
112140990.7543633878 523254.8173812350
115254557.0868065357 816139.5116062164
121311924.7943820804 1032084.0773925781
119640707.0386453867 991554.6123046875
116047999.3298290670 854089.5887718201
111997592.5634233207 498339.3746289205
112119444.9448554665 515827.0849411954
116115123.7754995376 856248.1522922516
113527602.3267768025 690121.8774962425
119456671.8346992731 984058.2958984375
120891033.2840481400 1022806.8974609375
123269868.6442843527 1054460.6079101562
123089837.9746276587 1053700.9370117188
119457065.1846426129 986064.2416992188
120422219.1414761394 1012854.0561523438
120927074.3375397325 1024361.5620117188
122104373.4442206174 1045102.6694335938
120452330.2029508501 1012934.8881835938
124153061.4103037864 1058030.7944335938
112804188.4382649511 593383.9198923111
113630742.0302644372 695295.7923581600
112190943.6181275845 529326.6620214899
112051363.2084553242 509523.5145147314
114836585.2805733085 787977.3475472927
112474931.3029596657 561099.6277856342
115490787.8573464155 826526.5586528778
122949398.6734368354 1053068.1840820312
124593875.4131207317 1060229.4760742188
112607860.9123466313 578413.9886640124
112524009.8005322218 572722.4394921772
124358208.8680905402 1059533.4838867188
114891887.7695307136 796373.3270394802
113632639.4162013829 697492.2581784725
114890722.4020925462 795955.2988107204
123409067.9500472099 1055224.5776367188
113635916.8115170449 702224.3519284725
113383837.3517155498 669890.6490781307
123424711.4975964427 1055290.8276367188
112512250.5910012126 565556.0320214741
115463953.2234675735 826242.5083007812
113476197.2152317166 676892.3715817928
113514871.6920413077 688769.9614255428
112480644.6068380773 565337.4634179585
121082505.8178542107 1027741.0024414062
124716350.3248888254 1060717.7543945312
115165562.3176571131 809208.3074760437
114919105.5164539069 797815.1099069118
120070241.4005196542 1004727.6220703125
115031981.4185319394 803318.2076852322
115165969.9068651199 811163.3817243576
123231703.2154452801 1054236.9809570312
114986752.2970736623 801922.1314294338
121331684.7591374964 1032240.5427246094
119928353.1522294730 1000296.2802734375
114967323.7168205678 798887.4583337307
111983130.0047289878 487288.2491594743
122899433.6123970896 1052984.5229492188
121232626.6293002069 1030808.3691406250
114714396.8270058632 777713.7664010525
112583062.3278073519 577565.1387132714
120112653.5973286778 1005375.5810546875
119864197.0452319682 996606.6674804688
119979325.8233517706 1002145.2763671875
124645790.6606145054 1060244.3110351562
112702589.1450803280 585998.9438180923
113952647.7646178901 725871.4898965359
114699614.3915202022 776940.6086862087
113889677.0580590069 719097.1025016308
121545659.7267816067 1037055.1069335938
120971774.3503526300 1026321.9487304688
114724164.0529837459 778879.9978463650
117410367.9854485244 902824.3746337891
112613108.8338013738 579266.9349530749
113766023.5389425009 713267.8359525204
113978767.0151002109 728174.5255391598
121952178.5851892233 1043024.9604492188
114783899.2738968432 786455.7178170681
121027408.2112882137 1026469.3251953125
114649911.9620040357 775981.1582467556
112605568.7428974360 577664.9469808340
121531457.3672380596 1035982.2607421875
120517678.7307673693 1014249.6030273438
117753312.1978687346 913203.0549926758
114752946.8996763229 785267.2937448025
114605427.1167923659 774620.1749246120
120758727.5148148090 1019978.6469726562
121948450.9384383559 1042119.9106445312
112514070.8482497185 565619.9087295011
121870212.2686576694 1041537.7055664062
112418109.8144803792 553964.5861978047
112398310.0855692923 553146.4787759297
114586019.4519522041 766957.3384988308
114347438.0925160646 755285.9364144802
114336397.1306112260 754698.3709847927
114522234.8791554570 766149.6414773464
117663165.5579334497 908878.6947021484
117487240.9088340402 904147.9371337891
117753289.7677236348 912388.6446533203
117780764.9135747701 914087.6597900391
114328227.0020503551 751155.7606332302
114516814.8984543383 760824.4093911648
117943070.5225952268 916549.1220703125
120785434.1886694580 1020858.7478027344
117904297.7776302099 916243.6815185547
117943953.6364340931 916768.3414306641
117478665.0780703127 903946.8658447266
114007289.3306370825 728707.8314454556
114177448.0147988647 742030.3102090359
114193433.6455494463 742341.1594216824
117253227.6689803153 894853.8182373047
114147496.9080398530 732497.4656045437
114203901.0591445118 743575.6998574734
114015685.7012597620 729267.5797631741
112849837.5204421431 595002.7629915178
114076726.2208733410 730885.2052972317
124142177.8307374865 1057648.1791992188
112983867.2943238020 611223.7599054277
121797853.3172647506 1040942.1860351562
113182889.9347052276 612744.1818703115
114048034.3737585992 729529.7263314724
117366314.8936422318 897864.7779541016
114490036.2511503100 758233.9626519680
114314528.1988425702 750226.7518441677
114148192.8564912826 738049.9619271755
113226977.8426622152 613347.5886085927
112979794.3353168666 605752.6606355608
113054311.1607071459 612010.5566122532
112825719.6969377697 594004.9337678850
113036329.0197404921 611971.2155617177
112917184.9927079380 603648.3744833469
112866358.9148652852 595897.2354941368
124011180.2459604293 1056914.0600585938
121852000.3472241163 1041031.8129882812
123753983.5533232242 1055683.4946289062
123618753.9728212506 1055371.2016601562
123883809.3819554895 1056489.6342773438
123804516.5260189325 1055688.7416992188
118470190.1530490667 931801.9202880859
118698227.8212940246 940428.2902221680
123982756.5652517974 1056681.3471679688
118505454.9829491526 931988.1486206055
124117521.8390576392 1056979.3608398438
118860975.0646622032 947434.0890502930
123883470.2488756031 1055820.8159179688
118329159.7248047292 928037.3106689453
118599299.9697319120 937966.7856140137
118092150.3592006564 918282.7794189453
118772863.2669020742 943195.2074584961
118532000.4399303794 932415.3065795898
118710430.4738941044 940984.3732299805
118188314.0526880175 922726.5225219727
118250018.2807244658 925697.8331298828
118302731.0398599356 927840.5580749512
118393574.7505250424 930850.7131958008
118100689.7103655636 920297.0323486328
118842668.0279672891 944326.9733276367
118855983.4911566526 945905.9689331055
123718933.6011502892 1055477.1918945312
118895800.6778027862 947919.4840698242
113326281.1698372066 615351.9950923845
113381658.1221261173 622079.0160087943
113372911.9750985056 621132.5163249895
