688848139.6733670235 2411925.8319827877
712883970.8837490082 3073696.0720931292
712649806.9299293756 3070405.6062728167
735131827.5979813337 3563248.3898925781
735384605.4522169828 3569109.3398437500
740077787.3048107624 3646164.3347167969
740453944.6197793484 3652039.6025390625
740581517.8995606899 3655469.7070312500
740911792.7638034821 3657917.0148925781
740517753.6855434179 3654158.5693359375
745218965.4198082685 3707630.7697753906
688838732.9807103872 2409191.1306246482
735391912.4571813345 3570682.0620117188
661996662.1007418633 1245632.8222059256
661740952.3920854330 1222476.4450228091
662076919.3602564335 1249134.3940428081
662025547.3662652969 1248070.7731008863
670814576.1469155550 1678474.8141121659
688259015.0993752480 2396548.3378390037
688619187.6808001995 2407419.7261446677
688877459.4269040823 2416780.1245955192
688529790.1830544472 2407253.5120333396
735220767.2064409256 3568806.0292968750
736492525.0658608675 3590997.8388671875
661820152.7225278616 1235077.5906313243
755416756.6867048740 3812228.2504882812
659826746.0127397776 994423.1576656455
659786426.3237900734 994355.8969234580
661815631.0446265936 1234748.8835794802
661974866.9911670685 1236891.2914316531
670599983.1361316442 1678033.6704716478
736749925.5685933828 3597994.5087890625
736540427.1413007975 3591491.9477539062
689144868.1390033960 2420503.0065960996
736643219.7782303095 3595257.0971679688
689028866.0882654190 2418392.7905316465
712126846.0234651566 3055680.5201064348
744991593.8307939768 3707435.1369628906
712574053.0834542513 3066392.5258742571
712419465.5996298790 3062720.4505263567
669955568.9706803560 1653770.7568647359
712255626.8545472622 3057052.9539443254
775000728.8433871269 3860523.8452148438
774805335.6434801817 3860424.6958007812
712216189.7404316664 3057000.1902724504
712188390.4921472073 3056969.2478896379
739009480.8125545979 3627839.4475097656
744537425.7721428871 3700422.6345214844
772821445.7515732050 3854674.0063476562
669814943.2959076166 1644244.9316694234
689614597.8485318422 2421376.5838675536
689197677.8384004831 2421246.0506644286
772892693.4547046423 3856902.1406250000
669717754.7760924101 1637944.3918489087
711713187.7843344212 3038279.1276198626
711848640.7904527187 3038487.7516433001
736103419.0424976349 3584902.3723144531
757415170.6637260914 3815030.2456054688
773334225.3399744034 3858607.4956054688
773418035.6678483486 3859047.7192382812
669880187.0321432352 1645579.3447744343
688203750.1242460012 2389831.6438896693
711373351.7163634300 3028938.3669158220
772723770.2890927792 3854036.6040039062
711092614.6652169228 3021493.4704314470
711248402.0187937021 3028830.6862517595
669780994.8359967470 1641702.4621374337
683020569.9700824022 2185290.6509115119
772718874.5461229086 3852351.2729492188
661351024.3827750683 1168054.9631303032
659999525.0078670979 1008183.4527279388
711002313.2219685316 3014777.2263976336
669876855.7278486490 1644349.7320236657
736211748.7897810936 3587628.6323242188
669652085.1037782431 1637777.9608442280
661149274.2067660093 1148918.1496794005
735834065.0308154821 3579435.4074707031
744754756.0694315434 3704257.7028808594
661263768.9197094440 1160049.1987812822
745367852.0768486261 3708459.3703613281
687704645.4607940912 2371804.0617564553
736043748.1022765636 3584877.3908691406
735906235.4863828421 3582145.0427246094
710863396.2538824081 3013350.1201964617
669585963.3447223902 1626833.2927692404
687268395.7354311943 2351754.3001028355
736365517.7400020361 3590439.2243652344
687375299.2855888605 2358175.2180715855
661113656.3238189220 1122054.5253253360
661496649.3091102839 1170066.4767366031
668699577.8491569757 1582705.4850920169
668742589.8730672598 1589356.0288322261
682661415.2944366932 2174280.5619527716
756770844.5378423929 3813484.2905273438
682604555.5848848820 2169354.9680086989
741083167.5462827682 3661639.7607421875
756959389.9666551352 3813670.3041992188
660351639.3384987116 1028868.1277307973
660355105.3687603474 1029620.1030118461
687203680.9451675415 2344491.8820228036
661537503.4264626503 1176888.9121095785
737225522.7996286154 3604390.4433593750
752758170.8986474276 3773273.2578125000
710081798.5071516037 2986276.1867923737
668621316.2792109251 1573210.0557925990
668566065.1617895365 1569608.2987125209
683318340.9217422009 2191570.9168110187
740138917.3070896864 3648920.0434570312
710200256.7929304838 2988092.1897220612
661144226.4284188747 1143766.6095309635
709987401.1375533342 2979884.3733158112
710090538.9962135553 2988010.1672611237
710040700.8042131662 2982473.4157962799
668329606.8443633318 1557333.4665193399
752648360.3988349438 3772818.2797851562
738787843.6953696012 3625431.5469970703
757983375.3619494438 3815381.6655273438
709803420.1421688795 2977413.3315677643
668214277.3901547194 1548096.9017093470
667950573.8381150961 1525550.3121124899
709758234.8945001364 2975705.1163806915
667976544.6469539404 1533601.8488932413
660721700.9357600212 1034464.2470715565
661096298.7727743387 1109967.6201351720
686997424.5846626759 2338973.4365119394
665656088.0722594261 1391791.7976038249
686258847.8708108664 2309872.8218496931
660990623.6126021147 1085926.4441664738
660897760.7326463461 1064668.2638268096
660930178.8592301607 1074306.4669155700
667962355.7124983072 1526440.3109480536
667827149.1611567736 1514801.3558071053
665902691.4309073687 1405881.4369659242
685181351.2364050150 2264432.9340536930
685513791.7298405170 2277647.7895991690
685373736.4116357565 2272089.7383154985
685285118.0420237780 2267683.9448584672
685585525.0654691458 2277717.9076692844
685053102.2534072399 2260041.8592871781
685185163.3260570765 2266741.5244483110
684958601.4754906893 2254484.6989231687
709375305.3554584980 2964331.7911853790
667945545.3606067896 1519358.0589176810
684395306.2775517702 2214936.0322095565
753396167.4638270140 3783277.8476562500
667897045.3532794714 1518156.4511023297
683793632.3563880920 2207760.1465828484
683539395.5744105577 2199278.9051277703
683503678.4747383595 2194387.6361743957
753637870.1371864080 3786299.7519531250
667234927.3168352842 1482564.1040976762
667405433.0577815771 1488384.7633967495
754088558.8455731869 3787755.0439453125
754017651.9980241060 3787740.1875000000
754224507.1183160543 3788377.7197265625
738141625.0193334818 3613469.6118164062
754167373.5160940886 3788370.4453125000
738744046.0585395098 3622459.2607421875
738288281.9817650318 3616005.1274414062
667111557.1303099394 1475223.7261312848
751645638.8529084921 3758210.3593750000
743550663.0530170202 3686033.1916503906
682429381.6860747337 2154821.6737197866
682219943.2305680513 2139252.1124620070
682291285.6041123867 2148903.9563340773
752456346.7428686619 3764538.9042968750
666985515.0322870016 1468954.9433053082
682170162.8568792343 2137734.8607274522
752416556.9852099419 3764530.0488281250
666540475.4181817770 1445996.9897225446
751898512.5448491573 3760526.8852539062
682268054.6237255335 2143012.8399384171
751464920.9715998173 3758029.8837890625
666638767.2727743387 1446100.7239966642
666570519.4905401468 1446056.5198951017
681902804.1403950453 2130065.0546263009
743284568.6029690504 3683245.0852050781
664992038.7212442160 1347285.6395906941
666478467.5739842653 1437636.9773009520
681166497.0308727026 2095804.0010981113
751320094.6775689125 3756006.8520507812
666463037.7532840967 1432805.2512267332
743493889.8539838791 3686006.6906738281
708898639.8874499798 2938813.8992571831
743000154.8234468699 3677181.9477539062
742680924.8187689781 3672284.5056152344
742899281.4237152338 3673782.2524414062
743126323.1345461607 3678998.1442871094
743077139.8517756462 3678734.6166992188
743166402.8796679974 3680664.7553710938
743073547.9720755816 3677673.7031250000
750393301.9289985895 3749078.5024414062
749726584.4508529902 3742935.8627929688
708731391.5329540968 2929677.9535202980
708374219.1458133459 2920254.1159958839
708528296.0513170958 2920853.0698227882
708642394.2524815798 2925807.4254136086
708567564.5681027174 2921336.2798142433
731210906.4537080526 3427541.9484863281
731085631.5363366604 3423836.0024414062
731286411.7699031830 3430780.4667968750
731553400.7901936769 3433726.5190429688
747518512.2893632650 3717149.8789062500
747068434.9027270079 3712810.1440429688
747197369.4900869131 3713000.8608398438
747191584.1654992104 3712996.6889648438
746875371.6791254282 3710625.0400390625
664715574.4330967665 1300966.2836942617
664687103.0421274900 1288952.9015208744
664593671.1660846472 1287989.5448674709
673593323.2898961306 1738999.0756723029
681099166.4387083054 2073304.8306287248
673639536.7923221588 1747576.7465592963
673824874.1332786083 1756325.1694108588
706945107.2297254801 2861797.7953810692
707036066.6455960274 2865003.6418166161
664580034.5434213877 1282008.1468351036
707143907.7260982990 2867557.0148634911
706902760.8476102352 2857479.5261549950
706494868.5712803602 2846597.8864150047
771218551.7162039280 3829145.9716796875
706829709.8459477425 2856754.2253737450
706378219.5747975111 2841939.4098296165
673834728.8736513853 1757769.0512467963
706297153.9257378578 2833470.2839112282
680824569.9525257349 2049888.9561495017
680693889.0571023226 2049613.2452015113
681040613.7691795826 2060891.5297474097
674223625.7789629698 1771644.5058333143
771311789.7939643860 3831594.0478515625
770653177.7684051991 3826327.2451171875
733503364.5045216084 3455422.2341308594
680591854.5863074064 2040520.9011710593
677700324.6034544706 1920100.6273709359
704390106.1139467955 2764662.7105774879
704473012.8523278236 2770256.5850892067
679842681.8097089529 2006632.8706668327
679270589.7916338444 1981114.9666504385
679220519.7140444517 1977699.1014160635
704008631.5646008253 2753067.2598938942
704163928.6050833464 2754532.0577611923
678641864.8172323704 1955074.2647323739
678983499.4484590292 1966256.8312842976
704056134.5410025120 2753894.4521546364
678833965.5020694733 1957684.4004745614
678641659.7023236752 1955074.1114120614
678772788.5756237507 1957428.0662672054
678745990.4059876204 1957331.8846265804
677258612.0475897789 1900019.2388241859
676747707.2015768290 1874872.8177731605
676585562.1323994398 1857560.9006665321
676067708.5731129646 1844356.7449750276
675652764.7370318174 1830977.2433604570
675289901.9828298092 1814046.6226605745
675301133.1153630018 1814768.3131350847
675499093.6678901911 1822532.6526605906
675370227.1942543983 1817592.9663244458
703520486.8440874815 2722227.4944844246
703546258.0807495117 2727987.8796467781
703647609.6392452717 2729115.8900837898
673348489.5400410891 1691720.9502366595
673063485.8379700184 1678644.2018235736
734634209.8445601463 3460045.0229492188
734678632.0336579084 3460064.8823242188
734607021.1333701611 3458993.3544921875
734698828.8354616165 3460071.2036132812
734618066.2289077044 3460038.7719726562
734493704.9600073099 3458527.6762695312
730640974.5925165415 3368014.7308959961
730670152.5052775145 3370976.2083129883
730796271.1045749187 3372269.0346069336
729892788.1022765636 3333955.3657226562
730019549.7509030104 3346127.6860351562
702884256.9389213324 2648608.4022569656
702905138.0428092480 2654794.4676256180
702524014.1867256165 2634165.2387750149
702325517.5532445908 2621098.2190926075
702216772.1156216860 2619252.2112801075
702413852.9752594233 2629103.6102058887
702033824.3721069098 2607853.5295033455
701706239.6040132046 2601607.7340016365
700093627.9888989925 2528840.6115193367
699797264.1937717199 2516624.5092244148
699671532.7051990032 2513991.7235798836
699341555.8676103354 2497672.1701436043
699380807.8399457932 2502434.8768086433
699649924.5165168047 2508388.8062214851
698781625.5090706348 2467657.6429219246
698718991.7351049185 2464700.5363545418
698653718.0498149395 2457210.7218556404
728660115.1256593466 3216726.8926696777
728248447.1158859730 3203958.6502380371
727582032.4585114717 3187974.9378356934
726856166.9937726259 3157581.5160827637
726398651.7412635088 3149329.9790954590
726589444.3309079409 3156425.8833923340
726146211.4149167538 3143374.8763122559
725998164.8848582506 3116726.2974243164
725992245.8897290230 3113178.0080871582
725855167.3617949486 3111039.9397277832
