744216729.9865527153 3655485.5534667969
744660420.3911426067 3669029.0322265625
775790634.4062615633 3842209.2924804688
674990831.0414164066 1805621.4997920366
675094172.0385484695 1805785.3627299638
675498134.6077644825 1820362.6526437970
731875457.7450377941 3426373.1141967773
732494832.2589701414 3440331.6016845703
741994596.1453198195 3623675.4445800781
741994869.6912881136 3627036.0000000000
742014928.9812827110 3627114.0461425781
742146207.4353795052 3628842.0776367188
745491520.7678129673 3678533.9711914062
746079725.5674029589 3682582.2028808594
746102177.2861448526 3682584.2956542969
665674310.2958494425 1293688.1017208300
674721858.0878505707 1793268.6797694536
675499093.6678901911 1822532.6526605906
675755310.0357402563 1826501.3744360181
675370227.1942543983 1817592.9663244458
704172206.3187682629 2756036.5947709084
704531119.6714438200 2766002.3056092262
731930973.7749783993 3429124.3187255859
741779349.8734744787 3621919.3569335938
742148091.6179630756 3632634.9624023438
745424284.4054127932 3678512.4096679688
745744021.6899478436 3680502.1013183594
745755788.2589387894 3680507.8054199219
745961684.8241729736 3682548.3044433594
746392243.0964493752 3684614.1782226562
777045634.0460911989 3843423.1557617188
664919814.7418782711 1260927.8177145324
665135521.6559573412 1273447.3903773520
674586519.8241529465 1782334.1544398637
746257513.6293953657 3683883.7194824219
665087446.4240051508 1273244.3112681601
745696391.9144139290 3680490.7712402344
745654667.6486768723 3679808.8029785156
777362174.9141938686 3843587.1186523438
664791382.4037741423 1241061.4774696678
664764647.1228843927 1239338.1095497459
675223394.7866680622 1808589.0775266858
704428522.0174483061 2764443.8046326637
704878805.3193545341 2773587.4035477638
705168028.1229712963 2775508.6040787697
742302068.1147453785 3632793.2192382812
745823308.3245402575 3681176.8942871094
745802125.9208867550 3680911.1599121094
745946170.7011258602 3682055.5080566406
745583417.5001178980 3679349.5422363281
772910419.7526770830 3831967.8715820312
772525230.5684473515 3831964.8940429688
775933906.3780375719 3842383.1166992188
776607997.3919647932 3843062.6147460938
777564992.7279251814 3843588.1079101562
664814845.1084960699 1250106.3105995506
664724252.1121175289 1236964.5505897850
674885981.3496866226 1795866.5685163708
732335679.4053639174 3438094.0815429688
732300151.2237442732 3437617.9168701172
732146011.7772583961 3430595.8963623047
776913471.9769517183 3843251.8774414062
732065780.9178508520 3430181.1881103516
776216078.6961268187 3842408.6088867188
674280826.3413727283 1766392.9784262748
674294460.6703283787 1766428.4472242249
674310024.5563460588 1766496.7786094337
704295601.3027476072 2759559.1988358498
772287007.2383110523 3831802.2211914062
772276940.7912082672 3831795.5942382812
677718800.8263787031 1886299.6380097852
677827911.8482220173 1889329.3451859937
677999261.2937160730 1889777.9163181097
668486072.7415424585 1437280.7507063914
677383716.5002281666 1874642.3390557752
677613626.1500760317 1882053.0430693165
677554820.4917002916 1881157.9379365430
677509179.0742847919 1878260.9391759397
677450323.9763703346 1878219.2547700391
703520486.8440874815 2722227.4944844246
731815845.0200847387 3421043.3499755859
743635747.3799622059 3647923.5341796875
674019829.0256785154 1743707.9494362818
674138602.9210970402 1749099.4335404383
743323032.8052344322 3639429.2470703125
743250734.8332995176 3638781.7080078125
703546258.0807495117 2727987.8796467781
775199526.4588181973 3834325.1855468750
668522149.1427309513 1437534.9137737544
668529530.7311242819 1438572.4896922496
774115513.8036402464 3833494.4638671875
676630343.4066220522 1845883.6373908948
668352072.9729287624 1429552.9666546674
668269081.8688620329 1425266.6124829145
669037517.3932479620 1451316.4401201373
688959350.5899333954 2243125.0110158743
669221006.5188552141 1451399.4940959783
668144882.0814223289 1401593.2318115477
668577442.8627452850 1439071.0982376011
689039376.5373443365 2248151.3921155753
703647609.6392452717 2729115.8900837898
673880430.4399777651 1731516.3928589425
673730979.3502081633 1723882.5200534686
689297796.2587651014 2256507.5884046378
763642784.2385414839 3767836.6093750000
667243096.2317146063 1325898.3404574036
667199031.5342859030 1314779.8634129860
667154701.0982172489 1311664.4750310280
666906020.6358518600 1300202.3726528962
667893900.6812729836 1391130.7760010008
688594923.9551204443 2233059.1137800016
741436675.6195955276 3600386.9179687500
667436603.1265027523 1341866.2281344440
741609738.4179843664 3600762.5949707031
741673162.0638509989 3601173.0541992188
741488852.5428786278 3600712.9953613281
668205364.1924457550 1415458.9348482313
667646665.9917265177 1354612.8883962911
667655738.1312552691 1356141.7965383809
667608019.9111161232 1354488.1608572286
705979433.8282133341 2780117.6590652466
672862242.8689868450 1670638.8107102923
673348489.5400410891 1691720.9502366595
670055870.1796029806 1492684.7811702234
673063485.8379700184 1678644.2018235736
672983205.2345801592 1672037.7314106040
689007428.9373799562 2244299.6577043952
688865445.1750566959 2234800.7795916023
739373272.4796257019 3550591.8419189453
739718623.2227988243 3554191.8212890625
740406821.5160990953 3562492.3543701172
740092924.8871513605 3559611.7401123047
738767244.2880389690 3541025.5111083984
739005317.8577424288 3541284.8270263672
765238229.4918675423 3775744.1293945312
672517123.0298538208 1648286.0412340574
764991013.2236515284 3775510.3237304688
738183596.4648662806 3523851.6522216797
738027733.6214623451 3523662.2293701172
737965103.6075663567 3519688.4183349609
765216114.8313279152 3775725.7563476562
672070004.9159176350 1603794.1752707358
672112665.7168531418 1608262.6039854879
672256877.2020928860 1609040.3100973959
671687565.7854875326 1583610.1192232962
671852645.3327994347 1595788.7841574545
764999162.7846531868 3775570.1293945312
737587854.7152853012 3516657.1942138672
737371984.0242053270 3512066.5571289062
737769015.3501248360 3519472.8450927734
737472956.2914648056 3515295.9970703125
764928804.9095191956 3772830.2143554688
764946374.4221808910 3775261.4272460938
764651782.6050904989 3772281.7436523438
670627161.2390769720 1519316.9639766254
671314903.8229463100 1561478.0947549706
734634209.8445601463 3460045.0229492188
734678632.0336579084 3460064.8823242188
734607021.1333701611 3458993.3544921875
734698828.8354616165 3460071.2036132812
670797482.9582244158 1525620.6432421245
670643174.9034242630 1519392.1387813129
734618066.2289077044 3460038.7719726562
734493704.9600073099 3458527.6762695312
734323983.7007205486 3453671.8425292969
734124200.5101090670 3451626.7761230469
670609422.0522261858 1519292.1006953754
671111233.4091640711 1542607.6977250613
670944010.2403750420 1532372.5038097631
670837918.4612157345 1529200.8856685199
670486777.7686755657 1503495.5722335642
759089753.8093861341 3717027.9140625000
687712715.3897305727 2178594.4694931852
687681267.2210099697 2176477.0713913785
731577527.0513902903 3387893.0989379883
687962439.3819396496 2188146.9429428922
730949683.5512071848 3375542.5696411133
731019424.9492453337 3377306.0964965820
731151616.9629173279 3379629.3035278320
730948220.7135516405 3375175.3950195312
730640974.5925165415 3368014.7308959961
730670152.5052775145 3370976.2083129883
730796271.1045749187 3372269.0346069336
687309163.3008600473 2159623.1969712125
687636998.0162332058 2171175.9140122281
687445652.6228828430 2162795.7819998609
687305981.6456619501 2159465.6599839078
687521904.3013964891 2165590.3151419507
729892788.1022765636 3333955.3657226562
730019549.7509030104 3346127.6860351562
703269408.1333657503 2665502.1445436478
702884256.9389213324 2648608.4022569656
702905138.0428092480 2654794.4676256180
686542739.6832629442 2114220.6124093384
702524014.1867256165 2634165.2387750149
702325517.5532445908 2621098.2190926075
702216772.1156216860 2619252.2112801075
702413852.9752594233 2629103.6102058887
702033824.3721069098 2607853.5295033455
701706239.6040132046 2601607.7340016365
761531244.9847048521 3741832.9404296875
686177731.0697067976 2095924.2051429600
686323441.7813954353 2104550.0230140537
686263818.8019584417 2100181.4176673740
686067222.0201065540 2085612.0437164158
762010953.6896183491 3744236.4072265625
762327099.1056560278 3746373.2045898438
686124393.2195072174 2088132.0894622654
686166438.9449248314 2089650.7451419085
685902171.0399390459 2081881.4941863865
686102439.9216074944 2087513.8302652687
761943547.5974994898 3743853.3618164062
762131315.4518866539 3746204.7124023438
764872027.4299275875 3772746.5732421875
762875008.2853525877 3750573.0527343750
762713417.7330918312 3749006.9243164062
762831229.0691672564 3749152.5454101562
762634627.8696663380 3748984.0532226562
684173614.6275141239 1982313.1672085971
683825722.3854746819 1969047.9947690219
683797019.5357675552 1962455.7867898196
683925381.7841618061 1970461.1779031008
683483471.3905977011 1946698.3187112063
683631207.5652214289 1955005.3527077883
683372512.5418418646 1943183.4710549563
770688558.6930700541 3791170.8515625000
683272464.5978498459 1930050.3638772219
700093627.9888989925 2528840.6115193367
771088667.4222801924 3793424.0610351562
771295721.5417937040 3794712.7641601562
683332330.7294069529 1931000.2082986087
683142863.1385651827 1919036.4800938815
699797264.1937717199 2516624.5092244148
699671532.7051990032 2513991.7235798836
699341555.8676103354 2497672.1701436043
699380807.8399457932 2502434.8768086433
699649924.5165168047 2508388.8062214851
698781625.5090706348 2467657.6429219246
698718991.7351049185 2464700.5363545418
698653718.0498149395 2457210.7218556404
768147205.0973967314 3776828.6806640625
768224596.8048453331 3777918.7075195312
769903633.6334848404 3782930.2783203125
697554292.3343251944 2407966.6036090851
770522501.2614097595 3785461.1464843750
770650498.7673580647 3785479.7099609375
770503851.1585340500 3783170.8798828125
728660115.1256593466 3216726.8926696777
728248447.1158859730 3203958.6502380371
727582032.4585114717 3187974.9378356934
697350083.9929445982 2398130.4393024445
697465283.0829551220 2401288.9441852570
696912234.1491124630 2380449.7426776886
726856166.9937726259 3157581.5160827637
726398651.7412635088 3149329.9790954590
726589444.3309079409 3156425.8833923340
697295553.7877094746 2391802.4572544098
697304179.1767451763 2391854.7907733917
697342945.1361232996 2392660.0496234894
697223658.0154334307 2391579.8132343292
726146211.4149167538 3143374.8763122559
725998164.8848582506 3116726.2974243164
725770180.8920826912 3099938.7685852051
725992245.8897290230 3113178.0080871582
695563144.2577322721 2328622.1664557457
694674356.9803655148 2301502.1703925133
694639904.0553210974 2299825.3881049156
694390212.5440787077 2290887.9918036461
694082345.7701162100 2280874.8817706108
694111087.9415646791 2280991.5325350761
693968107.4224584103 2275541.1352572441
694361688.7473864555 2286305.0472445488
694078690.2750450373 2275659.4047884941
725467343.6603946686 3098663.2084045410
725855167.3617949486 3111039.9397277832
721517247.2872500420 2969943.8351135254
721684369.7355847359 2980996.1127014160
721582583.7015336752 2976684.4732971191
718837167.2318345308 2814477.4389038086
718896859.3034892082 2821421.9032592773
719120911.8182754517 2826210.4852905273
719127473.5421835184 2834185.7836303711
723830176.7206726074 3035775.8526306152
723807009.4170111418 3034283.2942810059
724222437.0110561848 3045926.6945190430
724282236.9519348145 3047082.0877990723
723669036.2655884027 3028721.8919372559
724404720.5278598070 3048515.9635314941
723764842.3207193613 3029661.9449157715
723899497.2574614286 3038300.8133239746
723692156.1023652554 3029377.0240173340
720636742.6270287037 2885713.8626098633
720937351.5938130617 2893240.7330322266
720918071.1700756550 2890862.4060058594
721087544.2868394852 2895169.5119018555
721069202.0546524525 2894681.7529296875
721492995.4207397699 2904580.5586547852
721263611.9284191132 2904537.9425659180
721247291.4905415773 2896402.0125122070
721251134.1256994009 2902153.5576782227
