565612154.3642069101 82649.9084091187
574699312.5491136312 86485.7338409424
553342403.1087008715 72320.3362022074
553099376.5007270575 72183.0418601664
553127353.7278779745 72184.8633170756
531188388.2694465518 24115.1359924653
532999842.1709028482 32722.4917964963
532759385.2601802945 32635.2857744575
540873177.0709477663 56412.5701675047
540914242.9169692993 56476.8368779016
540715074.8316892385 56220.5219517541
551647086.7777992487 70907.1184335849
569587090.4961050749 85068.7022628784
574587880.5782967806 86474.0007324219
532700912.0840509534 32371.1860832264
532755791.3064123988 32595.9783605625
532919480.0502658486 32689.8183973720
548295447.0574071407 67214.2795439997
564882779.1451352835 82171.6455841064
565346373.5268135071 82599.4719161987
565000742.0923160315 82360.4578552246
565406097.5951756239 82625.8867874146
568106925.9452902079 84089.6186637878
568354160.8766461611 84567.3502273560
564892673.0378360748 82320.7216720581
531258244.7475515008 24379.2821688035
565113618.6495465040 82537.9591903687
565196764.2268613577 82575.5345077515
568673355.6597782373 84709.7611160278
553226374.3351334333 72207.8192649516
540563332.2670009136 56105.3838749719
548272933.9741727114 67159.5143238680
548331273.7429622412 67282.0983153620
574528087.9044595957 86464.0308456421
531161177.4787728190 23834.5661989858
531120181.8785834908 23741.4403101613
532836381.1742338538 32672.6246055653
540308240.7074742317 55688.9483231921
540775101.1420403719 56386.6202110504
569274080.8886429071 84974.2478790283
579810851.3486557007 86977.1165847778
531187921.6572019458 24067.2125376528
568579464.0888768435 84689.8225479126
532713611.2894596457 32389.3318351795
532822903.4280760288 32667.5155204823
568158028.2402745485 84426.3179092407
574886186.8026214838 86499.5360488892
532795827.0084099174 32661.0709299137
574277810.6508013010 86413.2652969360
532666329.7417413592 32296.0625175526
548708496.6162638664 67769.6261690148
565083533.0537708998 82473.4596176147
569637774.8224300146 85073.9443054199
536655702.7783398032 48416.4419518826
551509062.5742802620 70728.8123575351
564693350.5824263096 82058.2477722168
568563088.5884960890 84654.9168167114
531038542.1139547229 22375.0028051388
532663711.7105676532 32166.0419944813
540753117.1334563494 56279.1359504913
536846571.0703383088 48806.3822105040
540508407.8015081882 56012.9300407623
568297665.6110681295 84434.5716018677
569675019.1866239309 85080.0585632324
536412190.3128222823 47717.3827706692
536538278.7935587764 47967.9774056789
569566067.4792267084 85051.1862411499
569780699.6116658449 85123.5516052246
540490667.9600071907 55928.4149010074
548765722.2079145908 67935.4785631188
551600893.1978522539 70873.6606659195
579983508.0770603418 86989.6577529907
580147020.4479488134 87019.0095291138
536544560.9602811933 48085.7130624172
536601648.6142266393 48101.0908499286
536833010.4498701692 48754.0960275051
568526053.2995058298 84653.0805511475
580327864.3221062422 87038.0543289185
548832751.0542472601 67983.7828386315
548850590.3211454153 68009.9906761834
568831395.5821980238 84771.2832794189
580016577.7121028900 86998.8852615356
568747718.5725053549 84746.7766265869
569294071.0837696791 84980.2940521240
569338451.0134989023 84989.5376586914
568957161.9210854769 84790.6465606689
568965146.4359542131 84857.3373565674
569220859.2222930193 84964.7372436523
569196599.2546712160 84955.7873992920
548666996.0049729347 67698.3222902307
581332676.4249036312 87065.9301528931
579597261.7824138403 86894.0365982056
532688420.6167134643 32340.8632705074
536734613.6972759366 48474.4143582699
548582644.9898114204 67644.7513135304
549800649.2575331926 68878.3840803672
580092524.3590995073 87017.0593338013
580728395.5445511341 87051.0478363037
536756508.6227181554 48600.3231465057
531680752.2678104043 27094.6803033225
579777946.6047555208 86972.4167861938
548496411.0228223801 67545.9336942066
532620616.2770329118 32073.1740783741
532679422.6532024741 32298.9976142933
540191178.6940733194 55394.5212983508
551541998.4258832932 70777.7039073868
531609067.8209268451 26487.5174920990
536611991.8028960824 48145.7958444075
540011821.0644768476 55073.7268042853
565807617.1626191139 82657.5434036255
531593931.5068957210 26350.8671140207
532445203.2640346885 31130.6189841304
532582732.2899311185 31746.6048741778
532538281.3434237838 31624.5154712041
540211283.3688333035 55485.1291169543
540126103.9026381969 55371.5268830676
549855415.3621549606 69107.9105886985
536645884.6143255830 48288.9434913115
549851190.7483642101 69065.9570364524
581426852.9217611551 87085.1502456665
539967178.2435344458 54917.5945557971
540011564.9815278053 55053.3894242663
551838046.9981251955 71053.0283080023
552043006.0290024281 71284.7025381228
537014807.6584272385 48934.5408648739
537176096.1328402758 49068.7394918820
539910050.7204589844 54732.2756966967
539988647.6139446497 55049.7812928576
531042641.2211914659 22615.6076711666
532510552.9227387309 31437.5787470033
532486515.6520498395 31375.1518712481
539823406.8149389029 54674.9753325190
551629203.7895417213 70897.0540491244
574648757.8419896364 86482.7426223755
532471429.1914674640 31177.7308135777
536998476.3646068573 48904.0977072141
539776904.8752545118 54388.5838453975
551616157.0430483818 70890.5595956942
531050213.6180731654 22645.6642438348
531054131.2287731767 22656.9965720543
537220101.3182642460 49083.8474884161
537461636.3103249073 49695.7815475592
537514199.1180734634 49759.9299545416
537229656.8817455769 49388.4769516119
537059588.3529777527 49011.1165804288
551881471.5503438711 71139.7715860507
580911126.7731246948 87056.5220718384
531586671.6691514850 25748.1640672126
551951898.8665115833 71199.4730211398
551903440.0798468590 71170.7944322726
551792105.6188167334 71042.3949381015
570166788.9427763224 85131.0534820557
552000114.6589962244 71222.7282167575
539600198.0038183928 54269.1018757662
551839492.0997776985 71078.0899934670
551754527.9625322819 71039.4037195346
574130537.2043489218 86294.9723281860
539624397.2374303341 54286.9516903562
531469172.2330912352 24666.9504528869
539408736.5047343969 53949.5405850252
539300419.7874929905 53748.3261761507
570697439.7511470318 85233.6030654907
565877660.3568758965 82747.8510284424
570771543.0268431902 85234.8998413086
532381268.0398932099 30501.6384790418
565833454.4611877203 82722.8699951172
570388292.7735865116 85214.9612731934
532469454.3536968827 31172.1291784523
579345880.3298088312 86804.5738449097
532471018.7390900254 31176.8475374458
532392690.6806245446 30806.2679422376
539182841.6920647621 53562.2599111861
539052182.9005138874 53176.4740266977
532354016.2321653962 30442.2964647291
551595409.7913278341 70855.1004968783
537187303.2956303358 49069.2824091336
537421921.4148620367 49564.4050104032
549666608.3392031193 68835.0764757898
537389914.1485979557 49474.5929903409
565882863.1042746305 82768.3451538086
573852477.7385588884 86235.3155975342
537749979.4359151125 50248.9684919736
537540997.1239639521 49847.5613857976
537544796.5962041616 49852.2979750058
537814350.2051147223 50511.5040296933
531448715.1966688037 24434.9074241205
538873767.8938820362 52791.3865816994
573234464.8438323736 85698.4760360718
579571486.0865913630 86869.4949722290
538963407.0791188478 52951.3941653175
531569924.4252139926 25296.9040857537
531529265.2029075027 25243.0226758702
531487433.5463287234 24871.5696729405
531494263.4027103186 24912.9699457867
538911640.5691995621 52872.6978032542
539004763.8521384001 53006.0466006203
538792433.8721929789 52631.9665720863
548240471.4530825615 67072.4813902790
573236332.7701774836 86054.3529815674
574183457.7374197245 86323.9396514893
551008022.9444888830 70088.9229874755
550901067.6423990726 70060.7907242919
550821626.8409155607 69897.2209639121
550671608.4531116486 69839.6760191489
550616712.4367418289 69781.8235373069
550285608.0433005095 69456.1363882590
550313933.7340459824 69460.7857046461
550218983.2893502712 69395.9839682151
550442813.1196297407 69580.8989195395
550453935.3802458048 69607.0638479758
566217824.7471257448 82866.5599594116
537983312.6869275570 50723.5234330585
537973495.8483941555 50696.8034937186
537949478.4562098980 50662.8632471366
538150646.2610865831 51004.3226316376
538283027.6956284046 51341.4119069977
538563693.8844403028 52033.2345946236
538387012.6075934172 51668.7288854523
538218632.5846240520 51272.3907354278
531923022.5457042456 27374.2129592406
538147083.2249798775 50988.1222169800
532007721.3838769794 27706.9914604724
538140487.3133795261 50979.5417058868
532079502.5194891095 27767.9046523162
531995233.8773803115 27615.2402455398
531980691.4910362363 27392.5072223130
566112279.4716742039 82829.6591033936
532209512.7899577022 28436.8368607196
532192893.2446401715 28361.2998731616
566082442.1475378275 82825.8881988525
566903102.6493570805 83120.1255798340
566438966.7066303492 82995.0722198486
532272311.6795378327 28471.0698352787
532144766.6397996545 28063.7688632641
566402004.5710353851 82974.5179901123
566637447.9673694372 83076.0291213989
532288417.3373447061 29018.6159348649
566862385.2995382547 83096.9579849243
573030425.5512008667 85688.7140159607
567179506.2795038223 83196.0446243286
566563976.8190181255 83051.1002883911
547450046.8922804594 65156.8556002628
547752615.0316277742 65764.2502948295
547725542.4168219566 65760.7444089153
547770604.6241586208 65848.4507941257
547616604.5780211687 65626.4163054477
547584960.7583400011 65516.2418059360
547541059.9561235905 65511.8828276645
547465543.4358116388 65168.4406413089
547625287.7801362276 65628.1639775287
547483942.5487822294 65376.6044806491
571578361.7263504267 85279.6225357056
571559198.3963892460 85275.9633255005
571652872.9443588257 85299.2610244751
572213269.0776754618 85414.7827377319
572405544.6510366201 85432.0304183960
572096870.8765288591 85359.9578628540
572620075.7889333963 85563.1040878296
572082351.2097280025 85339.8876876831
535933638.7595874667 36460.0947903906
536018477.2270676494 36910.7695832466
536049638.3700193763 36963.9167678570
535905058.0242888331 36391.5879620974
535914765.3866488338 36431.4430749481
535886586.1632701755 36271.8819424482
545621345.2730216980 61431.1110045646
545548190.2356832027 61253.5192303606
545574853.1652523279 61255.8220353075
545510908.7905942202 61238.8235707231
545649169.3336938620 61547.5958447405
545833233.3019886017 61807.5663495012
535899524.6000332236 36285.0524286208
535872804.4150323272 36268.5724616264
546139214.2772303820 62301.6589509793
546181209.6212183237 62377.2916414090
535788430.9124659896 35451.1940392334
546700664.6798186302 63196.3188402037
546695677.2655578852 63194.4771653990
545207813.8689061403 59705.0727489419
546685695.6898783445 63149.9780722241
546642669.1652790308 63032.0954649429
545176822.6699749231 59508.0377252526
546846271.2930686474 63250.7030341606
547109312.0925803185 63567.1652991752
547161538.0115296841 63628.7412184057
547161057.7980035543 63576.5635306816
535670182.1829573512 32778.9432296786
535731565.6571716666 32858.4590072664
535678333.0562790036 32840.7042989763
545251063.7546067238 60009.0480401941
545102435.9446743727 56742.0337533979
545021085.1984297037 56500.3296213178
563795714.1543211937 72889.7527973503
563880341.2064553499 72965.7391731590
564136041.5044863224 73131.0451958030
564028613.4446417093 73110.6547539085
564237163.6448493004 73362.1512849331
564184700.3437066078 73316.9375984520
564304052.0827833414 73368.3918487877
564172014.7158050537 73196.2146828026
