390713805.1828566194 3610072.2880859375
368340875.9049001932 2289969.5063476562
370290838.6443860531 2543758.3398437500
375731785.3903254271 3039461.2944335938
382503468.9411482811 3396264.9697265625
389915097.4181013107 3602838.4550781250
395569895.3408987522 3666929.0488281250
398424976.9471310973 3684161.1572265625
398147838.8765906096 3682630.5507812500
399961544.9608405828 3687135.3632812500
368309073.9001730680 2287788.1826171875
366603100.0006486773 2016379.8723144531
368365190.4597618580 2292734.7758789062
373789443.5972341299 2895240.8032226562
376256876.6659306288 3059626.5400390625
382712569.0999411941 3403675.4238281250
384045579.0279902220 3454295.3095703125
388844156.0601149201 3580633.5263671875
405204177.5934508443 3693109.6484375000
365543180.7746338844 1769094.4445800781
369223038.7849715948 2411090.1877441406
373592754.4831190705 2883381.4809570312
373645568.2738031149 2884630.2504882812
375602854.9859625101 3033044.3105468750
382355891.1850488782 3394407.0693359375
382627838.8664944172 3402885.3691406250
365900983.7002691031 1888787.0808105469
366289978.9176875949 1972524.1870117188
370207895.0753672123 2531791.9213867188
373685452.7902799845 2885660.0561523438
384649642.4937824011 3468833.5898437500
389821476.6296631694 3599819.1865234375
390417917.1402003765 3608933.2578125000
390319212.6167460680 3605387.1406250000
390262035.5132783055 3604551.9277343750
395820395.1928473711 3669539.9941406250
395743646.6541683674 3669535.9052734375
395836371.3117750883 3670622.5390625000
399545856.9841887951 3686484.7714843750
412175902.3119964004 3694820.1845703125
368505599.2259595394 2304313.2338867188
373874964.9125965834 2905173.5278320312
375604855.4449454546 3033989.5566406250
368412355.2711534500 2298103.1518554688
368448900.8541733027 2302826.0410156250
370084120.3873816729 2522493.1943359375
389319002.8816927075 3590479.0214843750
405723810.0068458319 3694158.5917968750
366514205.0342347026 2006748.6064453125
365858247.9732198715 1873017.9675292969
366392323.0822003484 1992240.1738281250
370592562.8488252163 2547920.5822753906
390098399.0856704712 3604060.7343750000
390082912.2971495390 3603457.2890625000
368399292.7168534994 2294902.0834960938
382563212.1612377763 3402082.9541015625
389739234.3809632659 3599378.7119140625
379654186.5052587986 3242932.8876953125
389399331.1782266498 3593460.6054687500
374841857.1012545228 2985493.4086914062
405260661.9977675676 3694098.0117187500
399047830.6699938178 3684842.0537109375
399828390.1459199786 3686730.2236328125
400171896.8293232918 3687237.2314453125
370388644.1262637377 2547500.4958496094
375557757.6215710044 3030173.8041992188
383982270.7144024968 3452645.1435546875
389456837.4663362503 3595058.1494140625
396902608.8780036569 3677198.9423828125
365528461.4949041605 1761430.6306152344
365536755.6961016655 1766038.6687011719
375676896.3122526407 3037178.8427734375
375840599.1010203362 3046339.6582031250
383607586.6648361683 3438758.3144531250
375962965.3987753391 3055025.4707031250
376045902.1326981187 3057633.8652343750
375957519.9398736954 3052002.0927734375
375272688.7747644186 3013517.6762695312
375743081.4921020269 3043978.6718750000
405791728.1210482121 3694543.5390625000
370121200.5347909927 2528631.4941406250
370182328.8072254658 2531321.2700195312
373732565.7328513861 2893058.6528320312
398333415.3893927336 3682816.7519531250
383942548.2895483375 3451162.4306640625
365859717.4003477097 1880934.7453613281
374783478.5126045346 2978520.0708007812
373961481.2930904627 2909081.6259765625
374225798.8987580538 2919464.9038085938
373816559.0606611967 2901393.2358398438
365754894.6743500233 1852946.2087402344
397977965.5910519361 3681804.2187500000
375403258.3699034452 3021972.3403320312
395030598.4343507886 3664765.1679687500
382035692.9638158083 3375217.8237304688
399341324.5336306691 3685444.1718750000
400461140.8892340660 3687344.4658203125
382122582.5871842504 3382227.7089843750
382159020.1293485761 3383776.1914062500
399434697.4725219607 3685876.5625000000
382073504.8746897578 3379677.9072265625
388620958.5529797673 3574676.7656250000
374755265.2117306590 2974657.0043945312
399225356.4337040186 3685123.3652343750
393488080.7977654934 3649471.4462890625
370353017.1191329956 2546204.6118164062
383701022.1321105361 3441839.2626953125
393674404.3516249061 3653837.1972656250
398838204.1384735703 3684499.5947265625
382315421.3750202656 3391988.2802734375
384093358.9747799039 3455632.9306640625
384026776.3209338784 3453264.3447265625
393491649.4329267740 3650642.8466796875
406527373.8135313392 3694599.4746093750
383790169.2339543104 3447236.6142578125
382196017.6574777365 3386194.9267578125
382231711.1360492706 3386243.5146484375
382541158.9396995902 3401141.4140625000
382313300.3570345044 3391697.5683593750
366363153.3322007060 1981543.9780273438
378925851.4916239977 3219090.4609375000
388649004.9595947862 3575714.7070312500
395932074.3753995299 3671155.4355468750
366266183.3951207995 1970269.1254882812
384342394.0500954986 3461424.4785156250
366341329.7210964561 1978881.5874023438
398055535.0702571273 3681856.8457031250
366189102.7783995271 1957261.8520507812
366209489.5087621808 1960696.4985351562
366097405.7268853784 1930569.9511718750
366166726.4951773286 1951397.3227539062
394436203.7099547386 3659070.3222656250
394506675.3228280544 3659536.0039062500
365817523.3156359196 1872688.7390136719
388420298.8897839189 3568974.6601562500
397155682.7754996419 3677869.2558593750
384544122.6654014587 3465858.0214843750
366108014.0569931865 1942213.8535156250
378189844.6130698919 3182079.3662109375
393599637.4008466005 3651714.5458984375
388519693.9649965763 3572325.1992187500
369981977.5716191530 2505567.4550781250
388214468.3605602980 3557015.7724609375
395381861.6465235949 3666802.6748046875
396046820.3301267624 3671661.9648437500
396503050.0893718004 3674161.8466796875
378638901.0950509906 3206138.4892578125
384273608.3118692040 3460200.9707031250
366056684.2363823056 1929141.1503906250
384161759.4931529164 3456363.8164062500
405190501.1410120130 3693066.3125000000
384331880.9844860435 3460698.4199218750
366046229.8645672202 1927868.2202148438
374064135.6046419740 2918776.6801757812
374314891.7786914706 2940288.3183593750
365648971.7475640774 1800643.9919433594
374386540.1733221412 2940837.1699218750
374299911.0950595737 2939725.8359375000
365629238.9833810329 1794436.1984863281
374398578.3615971208 2946157.2636718750
379221031.1717329621 3234200.0439453125
382939600.6717580557 3411950.0234375000
370036224.7590712309 2514695.2412109375
374469159.9966062307 2952012.8554687500
378847997.2051526904 3215930.5966796875
379103242.9431667924 3229485.2109375000
397574162.0984441042 3679769.6210937500
379076921.7144302726 3227725.1015625000
374460955.5911431909 2951641.3203125000
374582646.1274030805 2962361.0703125000
374762928.4764242768 2976038.3798828125
374745792.0313323140 2973490.3745117188
397907087.1510952115 3680937.7666015625
383141290.1559032202 3417769.4853515625
369825404.2963918447 2488685.6606445312
378773285.1644505858 3211714.6660156250
383276728.2769415975 3419987.8505859375
369129180.9790295362 2398865.2922363281
365975352.4251396656 1906164.6740722656
365908736.0491743684 1891139.1350097656
365945247.9931356311 1892993.0593261719
382912776.2984856367 3411591.5341796875
365614123.2278974056 1787022.0805664062
377979664.9715865254 3166049.2416992188
383324553.6742373705 3420921.2890625000
377792337.6258131862 3154464.5942382812
397433791.3230054379 3678920.5810546875
365639708.5822334290 1795611.3125000000
367563073.7910754085 2161501.1816406250
395594219.3214068413 3668306.0898437500
367622317.9442560077 2177224.2675781250
378156297.2684523463 3178289.2348632812
378065204.7746835351 3170484.4350585938
378016367.5494453907 3169358.0737304688
377911280.3060551286 3164972.7973632812
397727982.8723732829 3680085.0175781250
365751349.9046552777 1848865.3586425781
397545515.6429265738 3679476.8085937500
388215835.9123176336 3561846.0830078125
369458303.9744191170 2438086.3408203125
367587454.3729504943 2172881.3295898438
388380520.9679604769 3568116.1630859375
367657821.9343321919 2177559.5593261719
367493548.7673305869 2158634.9082031250
367390106.5638553500 2140640.3808593750
393270279.6113368273 3641766.0546875000
396350633.8057445884 3672690.1425781250
404688880.3760061264 3692194.5673828125
393289675.6953498125 3645358.6728515625
404002564.4263373613 3690080.9619140625
396580074.1171846986 3675026.5957031250
396218128.0409196019 3672206.3398437500
365733296.5864803791 1824432.6752929688
367261858.6987565160 2105754.8715820312
378013223.9882974625 3166179.8081054688
365682170.9080799818 1811826.0761718750
393234830.2763818502 3637814.5234375000
365703789.9607532024 1822466.6494140625
369256845.7372398376 2419843.7441406250
369526291.9083404541 2450978.1069335938
369628561.4517080784 2459457.1293945312
367342396.1125235558 2126095.4394531250
367461241.7158105969 2150142.1855468750
369495521.8173788786 2441770.9775390625
368522102.6710118055 2313916.5039062500
369501492.7654367685 2443109.8364257812
369429894.1038252115 2436071.4262695312
369611391.5037348270 2457362.0385742188
405058507.7441629171 3692480.8935546875
369503340.4910202026 2445874.1733398438
368672903.3920850754 2330304.2880859375
368627356.8469474316 2326565.2255859375
369089364.3388202190 2394040.9189453125
369142231.5561889410 2401200.6474609375
368601857.6874352694 2325461.6069335938
369072420.0118494034 2386706.7695312500
369065786.3518282175 2383795.9003906250
368720958.6389878988 2337214.9438476562
404304616.8672031164 3690907.0087890625
367264062.6740210652 2114120.6689453125
373449806.2197853923 2837318.4531250000
405057088.0168008804 3692369.9677734375
368774614.6550674438 2349599.9921875000
377596501.1428405643 3134555.1987304688
385132846.5933972597 3471753.9746093750
377614781.0880591869 3137163.4418945312
404566859.3960845470 3691493.3144531250
377354976.9807685018 3122069.2592773438
368723023.0353057384 2341012.5332031250
368767126.0087985992 2347816.4501953125
385658338.2409454584 3480971.3535156250
377410146.3070469499 3122191.7031250000
385331615.1423930526 3476501.1669921875
377162041.5561400652 3101946.5424804688
373519130.4177051187 2844434.8447265625
385558205.0751819611 3480274.3222656250
385140701.8875250220 3472247.3769531250
367187212.3164319396 2099765.9624023438
367163322.0162742734 2093807.6267089844
367151947.1765041351 2086439.9680175781
367143298.9585022926 2079024.0939941406
385213403.7109912038 3473292.2617187500
373546915.6852105260 2846583.6098632812
366973446.5697787404 2048618.4414062500
376651975.7633069158 3060636.1103515625
367102757.1411159039 2067776.3586425781
366937175.2174474597 2043791.5742187500
376817085.1123783588 3070385.5527343750
366904877.9282363057 2030407.5092773438
366936861.3689315915 2040510.7109375000
366835497.5590624213 2020265.0834960938
403894557.5568661094 3689097.0341796875
380013275.0918778181 3249753.8334960938
403729781.3698527813 3688349.1718750000
366885475.5291996598 2024767.1726074219
387527151.2377548218 3529052.1523437500
368024832.5277125835 2193638.7958984375
387006280.8096861839 3515170.1328125000
387055404.2278985381 3516282.7851562500
387294886.5716364980 3522439.3398437500
368132114.9098297358 2210832.4799804688
387124137.3096367717 3517699.5175781250
387165534.6658182740 3518542.7363281250
368281769.0265483856 2228650.3862304688
387278346.2415478826 3521507.0078125000
386156072.1691321731 3486326.4580078125
386789100.8147359490 3506402.6621093750
386024055.2571444511 3484932.8818359375
386207405.5964379311 3487808.3417968750
386453623.1575124264 3494972.7197265625
371935166.3383215070 2594844.8310546875
372204173.9253030419 2629886.4213867188
372334293.7721133828 2639878.2685546875
372473090.0628544688 2655146.7749023438
373096098.7899000645 2690108.5498046875
373209048.9117534161 2705515.1552734375
373126659.1161190867 2693346.5161132812
372976731.3241799474 2682808.3608398438
373118424.2731156945 2692309.4902343750
373089065.0462876558 2685176.8022460938
