316509513.7344923019 1101150.4560546875
316489587.1404250264 1100557.0727539062
322113246.8669647574 1120266.0366210938
321934383.0259897113 1118821.8129882812
322050782.6903008223 1119443.2226562500
296606286.2481819987 555210.6875179188
296773319.0856944323 558742.6211514263
293306568.4101684093 395226.6837357059
293903402.1364526153 395255.3372054398
293264816.6470226645 390744.1801889911
296579669.9889392257 554475.4897340923
296530082.4929250479 554038.0325283795
310210462.0036125779 982942.1559028625
291909832.5053799748 275870.1529440042
292818099.2871487737 369532.0204335442
293014372.0389266610 387457.0215433612
296519682.5323759913 550285.9205944167
296421760.1750568748 547906.4308962016
296415395.7567920089 547465.9115566998
296319722.9637575150 546586.6528200298
296490157.4097350240 548924.8186511771
310343103.8231213689 988344.9557075500
310233252.1411684155 987409.6290473938
310590823.2047123909 991670.6546821594
310679692.6480801105 994128.1655960083
310892632.6635547280 999538.3035888672
316106613.0333378315 1093624.1053466797
316395213.3953391910 1099645.9580078125
316311694.5909162164 1096909.3046875000
319701955.8982098699 1112635.7622070312
321653473.8940432072 1118540.6318359375
322078734.0972430706 1119763.1821289062
322341439.4200556278 1120750.9316406250
322697795.5321894288 1121535.5815429688
323074704.1812764406 1121804.0761718750
322119652.4431431293 1120328.1840820312
296485430.0954171419 548450.4459108501
317296266.6341233850 1104057.4677734375
316921818.4832476377 1102795.1513671875
322741756.9445897937 1121607.4931640625
292983594.6361135840 383282.6899164096
293167630.6402445436 387919.0966575518
293145077.6845683455 387734.8314265385
296175023.4108354449 541100.6871217876
296227483.5843601227 541982.7355195596
295836977.4999904037 520196.2796832038
295983675.2705241442 534225.1847383096
316358809.3280466199 1097664.6494140625
316032627.4062730074 1087358.1484375000
316178839.2633904815 1095476.4272460938
316748327.2593899369 1102074.2836914062
316229733.9709632397 1096748.0024414062
291970286.4344426394 283142.1516590472
291953338.6203547716 277279.8635133263
295837313.4180229306 526629.5468951180
295886900.0269780159 527022.7795315846
308576949.8443898559 938578.9708296210
308695439.2400735617 944094.0604902655
317332513.0094354749 1104272.8686523438
317861406.0737577081 1104689.9589843750
308452867.3619258404 935397.8945661932
292854646.0982010961 374315.7847364321
295731371.0556946397 516522.3513394459
316068670.2199380398 1087824.9750976562
319884063.9180276990 1113312.0585937500
321516314.8563805819 1117744.3964843750
292164475.9890803695 300181.3499998208
291991664.4614455700 285034.3817381021
292083825.9284945726 292956.2908920952
292059324.8361910582 292496.6419920083
292591756.9861838222 353334.8049468696
292663716.0451884270 360552.6515044868
308657243.0874586105 942632.4455610663
315979197.1099946499 1087026.6068115234
317173040.2623527646 1103527.2060546875
321300935.1278736591 1116422.8671875000
321580824.0830985904 1117989.9907226562
321304940.4053109288 1117310.8569335938
311051000.8330974579 1000250.0093345642
310754719.2826910019 994370.6146430969
310773707.9758119583 994774.2457466125
311034139.5830067992 999927.5404968262
310798082.2632591128 995150.3246040344
311121818.3284004331 1000604.4546546936
311330388.4528747797 1004897.8447456360
292606622.0616620183 354121.7508732378
295836750.2160347700 519991.7033902271
310849000.1990780234 998368.5455513000
320908115.5034077168 1115982.8178710938
320583655.2231413126 1115318.1943359375
295668359.3461205363 514992.0438357456
295753594.3604971170 519822.7186070545
295634066.6765021682 513031.5958419903
295504212.7334977388 510252.6092549427
299603873.3054969907 654433.8616658002
299746619.3309920430 657422.2081013471
310802497.4205299020 995184.3643989563
310508735.0598757267 990847.9315376282
311026178.3353245854 999581.7511177063
310624977.0370997190 993600.3457221985
310595860.3466906548 993091.1927680969
317030778.2438215613 1102917.3652343750
317220781.0465857983 1103764.6015625000
310809551.9607041478 997062.8587837219
320262380.6235456467 1114216.3061523438
310552509.4267774224 991032.7113227844
295281398.3115230203 490655.0590146644
295319652.2592892647 491047.0452817543
292183090.7145091891 300301.8569152635
309515274.9460992813 963486.5479780585
310160494.1422687769 981257.8433418274
319470985.3030117154 1111762.8286132812
319876918.6638624668 1113027.6674804688
326430062.0797664523 1124325.4975585938
300311206.0442528129 675604.7979206783
292721747.4839643836 367151.9486994445
299961307.8444065452 667420.2373600751
319508482.4083110690 1112330.2114257812
319520525.6491650939 1112597.8208007812
309591559.3274583817 965963.1480293274
295277978.4514429569 489920.8426073654
327588990.0349509716 1126018.4121093750
292676223.3592789769 361592.0094146430
295256836.4425702691 488020.8646176918
299928194.6988343596 664271.5187190082
319302482.1042125225 1111585.1240234375
327680367.2317038178 1126313.8251953125
292645449.9977227449 359907.0497207344
292612655.1656752825 359595.4580230415
292687555.7531999946 361917.6955060661
319031648.2406037450 1109442.1508789062
319038508.7324261069 1110343.3115234375
292610758.0709272623 358555.4128724039
327589397.6811563373 1126217.3857421875
309700740.1863853335 968244.1551094055
295264091.8416247964 488482.9229673012
309739402.1027219892 970561.7137031555
292393996.7550344467 316172.4905197304
292209818.7546504736 303556.6904146355
295210912.3912265897 488007.6224301918
295337756.5474649072 495765.1732114418
299935739.7237680554 664413.4602453560
292279624.6598556638 312969.0842400398
309797897.8493136764 971526.9119453430
309520817.4835560918 965196.2276191711
292193692.2981699109 301306.0943056624
299692835.3104982972 655596.8437139839
292215907.4368708134 308431.3288948219
300104449.0117856860 669525.2773229927
299836667.7332816720 662294.6425573677
292399783.0826020241 322636.1077330597
299927255.8345852494 663832.8367744535
309555893.3529506922 965950.4405097961
309406645.5625576377 960423.6668281555
300142414.8129839301 670002.8223196119
292446012.2371371984 322975.8138068058
292300747.7546461225 315192.0208189972
292311585.5828406811 315259.3639624603
309627080.3781445026 966059.7368965149
309396532.2900971174 959869.5673408508
327555441.7460510731 1125934.5517578125
309432450.0048069954 963191.8013496399
309732770.6461425424 968817.2276191711
318501445.5459964871 1106767.5693359375
318491210.8123803139 1106683.5927734375
292568751.8959518075 334753.1319824457
318689137.3450875878 1108568.6782226562
313360155.3419275284 1024074.0952453613
292475444.1103349924 323723.0905337818
318506299.8090257049 1107462.1005859375
318247790.9845154881 1106065.2495117188
327133851.4728289843 1125717.0830078125
327432272.1633716822 1125739.6347656250
312378586.7205432057 1012583.4856719971
312198995.7720425129 1008679.3484649658
312102723.5094218254 1008641.9812774658
326926428.6049693823 1125467.4262695312
312012575.9833313227 1006134.1245727539
312058679.9236840010 1006477.2930603027
327081002.0030857325 1125508.8891601562
299003754.6500726342 624904.6052376628
295104982.4833685756 471947.2135097338
295113836.0632064342 471969.3564257277
294859347.2658316493 464072.0207757903
294858535.5540780425 457840.8761033180
312099532.5435332060 1007817.5085754395
294672306.1395447254 449097.7792145262
294725298.2208923697 456236.2435631852
299379376.8818747401 639565.0295749903
299317576.3238226771 638978.1320971251
318840823.4525466561 1109016.5283203125
326126206.4260191321 1123960.7099609375
299425877.2759987712 640209.2417010069
299389398.4090732932 640061.8417261839
299270364.3563966155 634261.1545580626
299115737.0600652099 632218.1943529844
326658009.4631699920 1125187.8227539062
326090815.8882854581 1123424.6513671875
326465198.5287238955 1124559.3906250000
318744305.5642709136 1108665.8979492188
298781242.1212263703 616802.5067547560
298789481.1214414239 617489.0902813673
326071657.8977537751 1123128.5541992188
299027073.3313459754 626766.5205639601
325842972.3195912242 1122949.6171875000
298934639.8497423530 624103.5447491407
298574231.3604622483 608647.1906536818
294606911.1725110412 439932.7337383254
298587975.7128747106 608816.8924664259
294634881.0302981138 446425.5160570930
294542895.3324045539 439366.6506644081
298530892.8200868964 606374.4454862475
298293357.7488624454 596000.2043973804
294608641.1434131265 440980.7052870583
294538618.0222701430 439293.9281969856
294469852.2063096762 424131.7881999001
298040223.5127872825 585951.6223501563
294429656.5374892354 414841.3807162925
298055029.1516763568 587026.3143142276
298157965.6913134456 593156.0314382128
294440240.0723567605 414995.0975305721
294238404.9374179244 407455.4019603416
294340305.6353051662 414391.7708817407
325812904.3169358373 1122479.8574218750
294293661.2846313715 412966.4172440454
294183202.0398322940 405377.4661693260
294285528.4258510470 411590.0746547118
325819550.7775132656 1122480.6528320312
297993302.1151558757 585408.0195296817
297934640.7719318271 584647.8662093692
297782260.0585088134 576910.9215510897
297593612.5101801753 567120.1681644320
297713318.0252068639 572776.7513553500
297699593.5306889415 567184.4699355364
308256600.2311298251 898706.8670305610
307748631.2435295582 878378.6076921821
307781945.1459279060 881423.7485002875
307871143.8439673185 887447.2419084907
308251558.7689186931 896367.2641252875
308072859.0080742240 893130.4911760688
308124060.8686897755 893756.1244768500
307536713.9993395209 872437.6631121039
307700233.9896643162 878282.4692644477
306879295.3886471987 852027.1745318323
307024530.5052115321 856594.0595415980
307303121.1651311517 864731.2054766566
307415471.6872869730 865265.3178166151
307117061.9145393372 859277.0243853480
307052261.4627888203 858047.4911822230
306849013.7381894588 848270.5039836317
306784349.1948789358 841156.5149699599
306620619.3779237866 834437.3876506239
306816526.2554463744 841482.0355998427
306584524.5256273150 827925.5708781630
314972851.9406000376 1027360.4223022461
315198207.7936297655 1033757.2662963867
315265742.2244973779 1036072.6251831055
315506598.3717297912 1040189.9464721680
315354746.3235495090 1037255.6835327148
315204952.3941673636 1033963.7451171875
306440475.9697185755 825264.4949656874
315098963.7440830469 1031739.2819213867
306206404.4397767186 815984.5707217604
306344873.7658882737 820124.8152896315
306151845.9060274959 814046.4150821120
306202839.9191561937 815352.2306338698
306247214.7362526059 816471.9049502760
314912714.2110612392 1027125.7636108398
306073095.1846344471 809687.7521346956
314871177.6720040441 1026847.8202514648
305938689.3295249343 798282.1852042824
305385904.2197159529 781703.1612483412
305426984.6846960783 783481.1153499037
305118720.2213007808 775098.3922816664
305365803.6293587089 781587.1954280287
305376626.4884782434 781606.1657828242
305071958.7467070222 773888.9313441664
304970806.4319972396 767755.1914168745
304900564.7280384302 767193.4751368910
303710637.4807371497 719878.8859594688
303736110.0191326737 726294.0203507766
304313720.3962295055 743601.5269970521
304211331.3136777282 741517.1854890212
304445353.0491873026 746200.4889634475
304491265.5465660095 749154.1635850295
304689277.7359867692 755642.9853623733
304638831.9567135572 750424.6071885452
304536675.1754487157 750099.1106065139
304451276.6207595468 747253.4634507522
303610294.9644342065 713751.0251438251
303321580.4259997010 702435.4743625751
303277541.0334694386 701156.3106662860
303579979.1082032323 708716.1599094501
303553901.8585719466 708561.4045383563
303450818.4500932097 708366.0720188251
303194417.4845561981 689555.9351434559
303115458.9007450938 684549.3639849648
302808404.8898696899 676342.3272943348
