248633799.4023049176 286208.7749023438
249268283.2983293235 286394.2296142578
205532568.6146461964 109396.1837565079
205721569.1548101902 112084.7382417321
206453965.4378581345 122192.9366131201
206737203.7468027472 124257.4693546221
215223085.5596532226 182587.8158620534
215664176.3029821515 184304.5322676711
217945474.9596458077 193470.2150984816
217316679.0387189686 191951.9095259719
218015998.7819162905 193656.1532088332
217508026.9108384550 192303.2832747512
238753247.9790394902 273405.8812866211
238755372.5588352680 273979.6412353516
239502620.8632440567 275323.9570922852
244552957.9209511280 283655.3370361328
247735284.4961242378 285908.9553222656
217942195.9037044644 193446.5136246361
205607041.4750062823 111382.0866076127
213058484.3583733737 170302.8180691069
215785913.8954735994 185496.4791921315
217119479.5476923287 191623.0113631301
239780355.0230415463 275788.8029174805
253977968.3446330726 286973.7153320312
206757156.4205817878 125544.0100765601
239665392.7862110734 275569.0587768555
239620246.1884371042 275443.7048950195
243701418.7578103542 282659.0450439453
205471882.9524179995 106760.4104426280
209624538.2533016503 149894.0577359914
210119214.9333409071 153326.5795865774
230085558.6175715029 245210.2476959229
230163417.2084907591 245370.2014617920
236649925.8455450833 268692.9093627930
243305822.8413080573 282285.9427490234
243999332.3958063126 283275.4725341797
247857376.8586545885 286025.4123535156
229881035.2994310558 244658.3268585205
205421122.1581555605 102100.5937404963
210072642.2313428819 152474.9825747919
213869214.5021764040 175337.4316844260
214278992.1496869326 177636.5749908043
216863723.3027857542 189497.7891341262
216975362.1383190751 190859.1410628371
229804820.3162699640 244651.2078247070
237355287.8546171486 270595.2874145508
239364687.5929988623 275074.1924438477
238456027.5955715179 273096.9843750000
242436764.0934872031 280202.8034057617
242563185.2244788408 280955.8361206055
205583834.0348462164 110388.2158877030
206394276.0772463977 121710.8008377329
206590374.8192387223 123592.3166180030
234739283.2118136287 263653.3681640625
248203369.7480264008 286142.0861816406
254072237.4320832789 287014.0477294922
205412327.1152639985 101957.8620848991
205491862.2922632992 109348.9447619095
215271849.4288186431 183048.1746724782
215428764.0525515378 183919.0360768972
239416701.6918869317 275284.5922241211
205571895.0932197273 109915.5326077119
206301334.0550271273 120375.6825496927
206425451.7393788695 121982.9647735879
209695038.5966876149 150584.2467008352
210021508.3244858682 151831.7756391286
209961916.0211587250 151686.5451513052
210351900.3312417269 153474.5619207143
238998389.1827465892 274289.1701660156
243959804.5368764997 283150.3231201172
249508627.2537406385 286412.3363037109
206352848.9166415036 121559.1747722998
209793013.9085657299 151293.4377408742
234010465.1530426443 261328.0035400391
234054762.1920433044 261933.9229736328
242475281.1768978834 280440.7631835938
216536444.7482150197 188317.0412530061
234807027.4396720529 264108.5816650391
234591714.8766553998 263389.9575195312
243384312.1678332090 282436.7940673828
254740796.5782661140 287037.4752197266
237189543.4314641654 270402.4601440430
209674455.5052845478 150186.9876482307
206192602.6756563783 119787.3411236182
208447157.5087869465 141344.4351425171
216658778.0588554740 189154.6041764133
216921222.4206646085 190032.5435286574
248614230.9165180624 286153.0327148438
209351294.6018349826 147710.4591584697
216340329.3567095995 187277.9362898879
233461264.2182546854 258311.4138336182
254374650.4385270774 287017.8880615234
214451724.2452952564 178863.4103782056
206157092.7958864868 118080.4242069572
214445216.1205185652 178610.0502105309
237895625.9941512346 272060.2849121094
242516989.1003905833 280746.2615966797
248840381.3104735315 286258.7752685547
249155828.3857540190 286305.5458984375
235074455.0673016310 264230.1531372070
235171219.4390951991 264399.6528930664
242545182.8492677808 280823.1154785156
234781940.4250202775 263802.9573974609
206082327.3502846956 117927.7955759615
238311644.7974396348 272950.7120971680
233221600.3819341660 258017.9313812256
233229745.3579373062 258269.5959625244
253355384.5677413046 286884.1453857422
234384486.9820428491 262943.8973388672
206073036.6358948648 117891.2957851738
212987184.5783157945 170232.1368557280
205965816.5294958055 115893.7059951872
213261528.2397885025 172201.9170070952
216578156.4802723825 188895.8688699566
233769382.4081766307 260470.4724121094
235601013.7500199378 265878.7112121582
216360920.5279979408 188045.0096809974
208695221.5830545127 143565.2895162702
208741502.6827129126 143615.7579116821
230169634.6372238100 245828.4777984619
236700519.1670054495 269103.6825561523
253286660.5850601494 286747.6452636719
214330890.4782754779 178236.4986816002
215912325.6550652385 186021.0675154738
253579557.2163422406 286899.5611572266
216895025.5177702904 189999.9518862301
236819079.1137771308 269359.3410034180
238188237.9538485706 272564.1773681641
244915624.3922936916 283966.3676757812
237404226.9516818523 270728.1008911133
208637089.8420184255 142743.8151473999
242635939.5894075334 281190.2720947266
205876573.2943223417 113526.0857303590
205956604.3954029083 113886.8303592652
205832916.7984208167 113326.9192874879
242673540.2005689740 281277.9087524414
242551066.4878165722 280943.1730346680
208655460.5982308984 143377.5769882202
213135067.6420879960 171654.1508022612
213743858.0718774199 175198.2446553586
216035241.2656860352 186110.2972589815
237471967.1807175577 271032.8421020508
243015104.5048839152 281949.9992675781
244864690.7493554950 283799.8167724609
214439014.6155735254 178597.4811057560
216354727.4884724915 187541.3633715594
216143409.9453264773 186940.9574457491
236463975.8937654197 268409.5062866211
235985447.9471151531 267306.3908081055
236312921.9031007588 267757.3301391602
232423052.8109503090 254421.4029693604
236074334.8079778850 267456.1345825195
209244207.2478361726 147514.4466021657
232522545.9177273810 255411.8852844238
236825387.8074596822 269461.7188110352
208565548.1447642446 141791.1274417043
209564605.2284173369 149466.5426343307
232636632.7175715268 255777.0702209473
213085548.4902541637 171631.5168606108
228832214.6329819262 240229.5456695557
242810847.9778758883 281491.6561279297
232457106.5209570229 254978.8722229004
243066887.7679882050 281987.2244873047
237153644.3817888796 270245.7267456055
237337167.1646278203 270581.9902954102
216129026.7148200572 186707.4843444014
216042873.1689563394 186165.9783019209
213423412.9897904396 173509.8612514799
244383608.1098459363 283477.8453369141
237323861.0949140489 270556.6218261719
208931872.9061743319 145398.3736575246
247372732.3768198192 285615.1805419922
247209235.9466432631 285511.8653564453
229457360.1145964563 243391.2986450195
232262332.5131663382 254113.6246643066
244675624.8486980200 283765.9531250000
247679498.3303926885 285743.2910156250
208796231.3578603268 144190.4489793777
252907527.1088534594 286634.8408203125
208315999.2701481879 139107.5775838727
208441926.8090592325 140112.7526327008
252741189.2811367512 286634.2232666016
208433649.3009500802 139683.3551823134
252437954.0603290796 286596.2454833984
214906061.1994682550 180928.8707156116
252304595.2905867696 286590.1936035156
252322418.4875358939 286592.3509521484
208555196.7268959582 141439.7221456403
214662337.4058869779 179782.7012442015
245140521.9036151171 284046.4128417969
251898800.2285978794 286516.2860107422
213520611.5268351734 173894.2170066349
214822023.8455039561 180136.3047404401
229434550.5224402845 242957.2393188477
208160583.7557827234 136568.4118857328
229585644.9680315554 243859.5745239258
251744179.5571444631 286492.0825195312
214970472.1132652164 181181.0582156116
214608667.1987855732 179525.6700552367
241109227.4485615790 276883.0835876465
241144848.4603841603 277147.6974487305
241010569.4690714180 276697.6183471680
235456365.7705450952 264917.7289428711
214481628.9837650657 178870.8801453700
235256152.5601942837 264542.1201782227
241104008.9222471118 276836.2551879883
241120061.6651062071 276918.8381347656
233209589.8722493947 257941.0110168457
214143970.5481400788 177305.6067078700
213899873.6461571157 176073.5250428310
245892095.8881713152 284429.9637451172
246387607.4341063201 284795.5075683594
246468895.7458860874 284855.4697265625
208224440.3127008379 137467.4891898632
246348906.7501478493 284771.4207763672
247179088.4047651589 285336.3320312500
213596337.6864230335 174389.2271607509
228559143.0098454058 239241.0280494690
228217802.4279135168 237888.1086769104
228780484.7224918902 240133.7442054749
228682829.1322984397 239983.3367347717
241228255.8991762102 277231.1832885742
246145877.7363752723 284555.6551513672
245914177.2430393696 284438.8146972656
228705590.8717063367 240079.4242286682
212815381.7901687920 168928.8549005799
229080335.4430369437 241628.7573890686
229031917.4914431870 241283.0235633850
241899180.9401531518 278990.2877197266
207246526.1145880520 126233.1505682329
212608797.5861376524 167855.9448358826
229078494.4962987006 241409.9682044983
230400126.9193504751 246014.6186523438
230404835.1767959297 246070.3422088623
208233718.7005527020 137652.2210058570
211474334.1615669727 159557.4646746628
211429423.0261356831 159055.1688275449
208194820.5072957873 137319.4054693580
211318219.6321447790 158775.3905072324
212204669.2279367745 163992.4785563909
212159746.4018563926 162946.2147204839
212112330.6469379961 162930.2283313237
212033191.4182578623 162765.5989367925
207352237.7299430072 126940.8765165666
212183466.7842141092 163025.2814929448
211929962.6359882355 161798.2185046636
211918261.6344568729 161642.1320192777
207574833.0653196573 129986.5460111955
230804026.9682502151 248030.8378753662
207510761.1102396250 128456.3197224890
230734800.0858876109 247156.6759490967
230734502.7986749411 247071.8170623779
230443855.3023179173 246407.9821624756
230490393.2504799962 246671.1276092529
207630988.7576878965 130039.0435796231
211257618.0640205443 157895.7863507383
211142640.0431226492 157490.6727337949
211040464.7220475674 156385.1910071485
210837421.3547002077 155457.5308880918
219619811.3217431009 197279.1442404091
210763017.8345984817 153917.4069816582
231346627.1903907061 249855.2507934570
219672573.6067858040 197346.3889913857
231731244.1699408889 251271.5969696045
231197264.7204942107 249389.7280120850
207906846.7478896379 132627.7294726949
207712769.7023353875 130756.8988681417
219614605.9386155009 197077.4390961207
232198052.8068491817 252565.9445800781
219494321.2435201406 196830.5448868251
231848112.3589580059 251685.3273925781
231593742.3388984799 250904.6683197021
232152703.4426555634 252457.5337982178
232240996.4303796887 252628.3630828857
219022532.9235499799 194559.1076691127
207895082.0152116418 132212.8289218526
207941445.3624769747 132990.2489914875
219020676.4807548821 194438.5773298978
219436071.6174398065 195897.4745070017
224496459.9272648096 201734.5419351421
224231237.0943463743 201313.9376260601
224531389.0794519186 202256.9472505413
224685546.5680555105 202717.7084810100
224238153.1072618067 201342.7441865765
223924386.8903479576 199262.9093934856
223854482.6186917126 199188.2254793011
223660688.2269984186 197426.9041025005
226135299.8294622302 203344.0030732751
226375580.2610762119 204564.2296510339
226208611.3774199188 203603.3440309167
226564409.0193916857 204565.0391908288
226775137.9776914120 204912.5856996179
227262027.0677932203 206236.2660432458
227636748.7087357938 206716.9199891686
227993362.5838855803 208058.7312219143
227888066.2664358020 207031.3560235500
227814838.8041218221 206885.4057672024
227886471.1928148866 206940.2875916958
227970720.2465579808 207362.3848931789
