796129030.2580436468 4352640.4536132812
797064960.7430652380 4361272.9108886719
796718523.2646306753 4359336.0588378906
796458669.5398167372 4356526.4406738281
779636454.5555628538 4057746.7628936768
789582940.9976810217 4274711.6297607422
789014108.3794966936 4268689.9136962891
789528957.0415731668 4270682.6192626953
796460330.5138740540 4357784.8913574219
724979881.6886956692 2033683.0694324444
724801864.9646136761 2031744.5307764630
724940932.0937721729 2032099.5458576153
723759222.5711388588 1959422.4391545274
724594427.1298961639 2022042.0733386944
741428361.7037547827 2920448.9008577005
750994802.1828134060 3286571.9558857391
751050273.1667019129 3288555.0481227096
796796867.3491145372 4360112.8859863281
796953222.9422024488 4360191.7189941406
796538484.8460617065 4359331.0007324219
796752207.7356827259 4359805.9865722656
796740646.6285033226 4359400.7160644531
724562633.0094912052 2017718.5009011247
741760845.5848581791 2940141.8485966460
741809246.6228004694 2940483.1327463463
750448137.8702403307 3267647.8679951141
750984130.5270634890 3285629.6476582000
751191308.8719598055 3292385.2213886688
788664952.8721679449 4258727.6128234863
788288164.7230355740 4253754.4482727051
788485477.4604324102 4258027.1054992676
788904311.4841891527 4266647.5040283203
813543712.6729710102 4486796.3740234375
724391700.0080180168 2009712.8309792497
751418839.9717506170 3294322.2848652313
780261728.4994947910 4072064.2855987549
779873939.5920964479 4066973.8644561768
780597235.9619542360 4077165.9406661987
813447091.9494409561 4484447.7612304688
721519568.3592984676 1598041.0303165512
813702196.3351837397 4489536.7451171875
750698645.0374392271 3278962.0872553298
809739638.7758574486 4464794.6040039062
810252668.0978932381 4468806.2260742188
810319905.8023961782 4469847.4213867188
813313083.8617695570 4483140.0244140625
742393973.3966145515 2961104.5065967515
750839794.5952795744 3280676.1966303298
780999755.0530173779 4081547.2566146851
813461884.1175024509 4486754.3520507812
742176343.1052585840 2955298.4847602770
742242144.2456909418 2958987.7909955308
742548309.7592934370 2962051.7610459998
724516634.6769742966 2011026.5538739350
724255169.3687028885 1998228.5917214372
724167069.8746082783 1988841.7582253434
724137902.2674348354 1986039.8343991593
721726427.0751168728 1628804.1186713027
810660630.7049849033 4471498.6079101562
810048202.2944920063 4467986.5424804688
723959224.9513530731 1971740.6162442521
723834698.8193433285 1960575.3478726700
725331426.0019475222 2045844.2556123682
725696509.3933146000 2046260.6997171370
742458251.5483713150 2962041.8708295152
742593561.1800707579 2962970.0771995559
742317678.6879034042 2960496.2985944077
821034106.0729560852 4493253.6826171875
741972195.4780484438 2950905.3648480698
721498888.3789224625 1589352.3265861045
725705937.8707436323 2050775.8235438468
741448136.2545763254 2928743.6803051219
725072714.2740831375 2034073.7303148238
740996806.0033413172 2898791.9856473194
741180654.8042048216 2917221.8633023486
780722890.8312011957 4080002.2264251709
789554554.7378317118 4272739.0978088379
821314448.5337436199 4493385.2792968750
789312981.5095247030 4269761.6655578613
725143997.2347314358 2034938.0879808394
794924013.2098093033 4338794.3757324219
810528735.9889868498 4471177.3754882812
740583410.5539253950 2880266.9944482972
740660024.5488777161 2887970.1174951722
780368991.1798630953 4075537.7406234741
794196572.1230875254 4327545.2192382812
780087483.3416881561 4068767.3606719971
780683597.7994862795 4079068.7296905518
780120670.4339506626 4071955.2406768799
749547643.7098114491 3221591.2700359533
812899718.9043514729 4480537.2866210938
740786046.6535269022 2890973.5286913891
809993172.1628682613 4464916.0356445312
821438547.3529200554 4493396.4228515625
794569002.3649191856 4334536.3415527344
794360283.1069176197 4330022.9077148438
794542811.0899536610 4333873.3049316406
740623507.5438405275 2885426.3291672249
821255029.8462959528 4493371.2080078125
793777768.8935800791 4323692.8593750000
793981714.2001414299 4326839.5312500000
749559148.4516248703 3227636.8824474523
793853296.4791971445 4324926.7436523438
793623037.1510157585 4319199.1679687500
793320556.4808118343 4318389.0439453125
793093573.2594512701 4312296.5876464844
792866086.1050969362 4311640.6596679688
793150968.1874394417 4313803.8085937500
792736056.9650427103 4310303.5976562500
792028810.1629910469 4299967.3697509766
791463162.2722289562 4292987.1251220703
791689991.0574768782 4294687.3358154297
791098314.4649173021 4287958.9620361328
790590318.0483542681 4279550.6802978516
790446689.3060148954 4277669.1676025391
790422627.8737442493 4276761.5513916016
821208587.5985370874 4493296.9140625000
749723553.8615410328 3232305.8778850744
820549020.1121994257 4492330.6826171875
821133758.5936223269 4493286.3916015625
820715423.5376447439 4493220.1425781250
781572759.3783738613 4087054.3057403564
812743962.6514837742 4475101.5341796875
723655240.7300388813 1862921.9407272846
723739573.3682575226 1871854.6792476983
722139739.5875413418 1632056.0100002224
722439435.0645165443 1658498.4654569654
722256963.1567003727 1649385.8595663412
722421501.8674249649 1654789.9718557699
723742479.7610683441 1871996.8933528275
723662232.4934101105 1871083.6088069291
812419099.9696379900 4472859.0490722656
722209428.5757079124 1646267.3267294271
723605094.6716465950 1860793.4919246049
812957284.6441688538 4481266.7587890625
819425462.0334118605 4491663.0810546875
722535225.1401197910 1679701.0450731190
749316652.9952236414 3192486.3848079676
749134339.6235924959 3177609.6247982020
785453034.0316380262 4154929.9552917480
723590912.5416138172 1773711.9076849618
723272563.6728208065 1720998.7339880648
723070065.3324477673 1708767.0221471614
749230546.6696171761 3191764.1392331058
749222263.5272947550 3189427.3093380863
749445986.5233939886 3196074.6964001590
784012163.8519730568 4125072.4007415771
723408308.1689758301 1722592.2603368587
785665744.0552964211 4157875.9850769043
723546730.5448536873 1733275.3034276790
723418083.2178919315 1722901.0208349056
723575944.9460752010 1740065.6267260141
787626454.7651067972 4183951.6355895996
785159158.7778979540 4142847.4097747803
723567285.3396675587 1737515.1675280160
723442928.1177201271 1729096.5882738656
784863465.5201406479 4141640.7792205811
787907032.6568583250 4193015.6092224121
786974531.3106243610 4178262.5570678711
783895354.5202163458 4122470.4686126709
786023762.0279211998 4164733.4490661621
785322766.9287891388 4149783.5494079590
785561471.3300144672 4156254.9900817871
784374174.9357544184 4128765.7465057373
784431351.1007316113 4133982.1916961670
783799498.4504728317 4121779.8362884521
747310710.9228545427 3087914.2124113003
747567669.0126373768 3103531.8004107187
747493585.4076184034 3100859.3898195932
747317832.5842605829 3089558.7840689132
747680063.0234754086 3111989.0792193124
783039194.8904595375 4099909.0678558350
783076432.2120144367 4100412.2499847412
783345176.4911472797 4107740.4357757568
783401201.9538378716 4107748.9244232178
746935755.2120800018 3079595.8299673507
747558786.2861616611 3101531.0258143852
747027379.1309491396 3086712.3783071944
747374189.8048506975 3098746.3607290694
776960181.5892400742 3903128.1095829010
745786728.4501355886 3006915.9981489563
745284831.2932838202 2984742.0712587493
745345786.3631516695 2987237.9546060646
745644021.0149656534 2998155.2502942840
745539363.6194587946 2996789.6816249648
745525080.3947011232 2993405.7123499000
745244584.7199333906 2980424.0822554650
745118859.7871664762 2980317.7578516090
731202732.4379408360 2137394.2157745436
777220917.8989001513 3910126.0046024323
731285397.0751709938 2139357.2004852369
731197140.0415036678 2130351.2550506666
777021291.7552747726 3908048.8532352448
731009977.8781461716 2127000.3696441725
776797395.4505381584 3900589.0094852448
776761801.7693072557 3899384.6686649323
807247602.7037220001 4387488.7292480469
806818134.1455401182 4378639.8637695312
807092559.0286432505 4386976.6208496094
776986863.5640892982 3906962.7199344635
777286665.4879045486 3913913.5033206940
730860343.6540782452 2114219.1138534620
806936746.7929462194 4383812.7988281250
807187499.1983963251 4387151.7951660156
769457110.0489314795 3674765.5590587407
778343700.3794889450 3933771.5402469635
778068537.1643793583 3928124.3898563385
769682237.0632567406 3683987.7713390142
730708928.3449883461 2103122.2079334334
808413774.2329515219 4399082.8693847656
808478953.2755231857 4399364.5686035156
809205969.7891376019 4405278.8662109375
769563627.1433650255 3676430.3719859868
808669366.1314517260 4400056.5891113281
808759769.7397217751 4401308.0471191406
808911348.6700806618 4402629.5751953125
740308418.4174048901 2706796.2688632347
809333676.4194997549 4405808.2988281250
730800855.8685061932 2103802.3566799238
776658121.7251963615 3873555.9043674469
739710631.0249605179 2666882.1696699206
740128150.4400978088 2685674.6435602047
739856885.4498610497 2676952.1876275875
739680430.7417964935 2661459.4270379879
739593895.0094902515 2661204.2786004879
775877330.4980131388 3847990.4233677387
775977743.6029179096 3850543.2589390278
775497356.3401840925 3831032.1157505512
775667863.3522834778 3840814.7171909809
775536289.8677213192 3836194.3758823872
739399707.9927809238 2624673.3384318128
775289730.5535889864 3812020.4504180700
738744798.4359672070 2579264.1042071506
738677466.0462460518 2571460.9904376194
738709163.3440806866 2578803.5497637913
738648230.6567015648 2569675.8708980456
738569618.0069735050 2563726.9973651096
770848070.3651815653 3701817.6855979711
770802474.1790843010 3698854.6307988912
738420969.4245171547 2555475.9170648381
738124608.8156423569 2537881.2011858746
738313056.1648597717 2542300.3393694684
738156586.1394083500 2538755.6953579113
773133266.5483790636 3738185.5276580602
773048199.5756398439 3737825.0073524266
772478887.6851309538 3726051.3065176457
772532178.8703078032 3728128.0497871190
772727678.0594518185 3731819.7861152440
772564642.8827500343 3729483.3956123143
772417022.6061244011 3725867.2473073751
772744032.0130569935 3732877.4528737813
737094965.3609163761 2438952.1456892751
737179160.1927833557 2447827.4489550246
736615826.9068782330 2363623.9975796584
736543410.8030636311 2350555.6037197951
736610362.4823234081 2360137.2221890334
736513530.5934140682 2349140.4553623805
735872035.3731074333 2299440.1176896784
736070336.1349668503 2308944.2427507136
736438524.8363275528 2330130.6497983839
736091507.4898837805 2308972.1143327449
735781186.2497963905 2287235.7309011430
735706146.3762397766 2267045.9451033087
735586081.9536867142 2265470.3994490118
735767769.7190561295 2277507.7806440801
735622418.4169666767 2265485.4414411993
769341779.0695800781 3573756.1881901789
769282964.9860477448 3565322.2110478450
734789485.8295667171 2179260.8838905618
734795049.7463665009 2179828.7356552407
734927026.1109395027 2197228.2214296269
734811183.7102706432 2186694.0581605840
768676332.8998819590 3551349.6405169535
734891976.4189927578 2191845.0154970097
768816499.5333079100 3552276.0180193949
768509124.9228702784 3548241.0771624614
768106219.3424136639 3535462.9670168925
767985405.2693606615 3530205.7323977519
735066462.4805448055 2201608.4033009517
734830172.3632018566 2188061.3820131230
735060207.4396712780 2200369.8775478592
767820705.8010963202 3522539.3414531518
767494444.5744299889 3511855.0697952081
767052535.3641678095 3498190.7393813897
766913188.1449819803 3494742.0895705987
765568398.9696692228 3449998.9123888779
766060969.8374202251 3461108.5542465020
765695843.0388247967 3451663.4709826279
764786181.6921433210 3404826.4707045555
765169984.9370476007 3421737.1628432274
765226657.2595461607 3422141.3157057762
764963165.9273258448 3419052.8083510399
764794209.5202281475 3407663.4494643211
763308277.4385955334 3310722.3881334662
763609224.7582458258 3318609.1932176948
763630490.0814204216 3321084.5675958991
763499395.8533854485 3318471.9193834662
763167030.4768340588 3301441.4579576850
763153261.3777236938 3301278.7250475287
763120430.3054653406 3299661.7484850287
