86025362.2486903220 546824.5546875000
86319300.0944250375 566493.2419433594
87093807.7264857739 598158.0937500000
87292938.9238351732 604305.3212890625
88469083.7066224962 636522.9335937500
88627675.4762267917 640616.3330078125
89147623.5811858773 644744.6406250000
89542755.2052773684 645685.7636718750
82508232.2102838159 285556.2345282808
86446012.6280346215 571532.9914550781
82326069.6108108163 247367.7536777053
82353501.5691065788 248729.4953388683
82527233.3147193789 288896.8203024010
82456594.3030533791 282975.4888522029
82493992.2347786129 284423.5852903128
82473350.9899546206 284251.9100038409
83283592.2256212533 379511.9645671099
84216202.2192440182 448836.5896759033
86263753.2901039124 560135.0424804688
85953567.2654896528 545735.5527343750
86318617.3322023004 565576.0810546875
86466411.4408231974 572966.6281738281
86565904.3507191986 574954.2390136719
86263267.9255872220 559720.8576660156
87027613.5258070081 593458.3173828125
87550458.8773192465 614331.7812500000
87708865.6758685112 615541.8486328125
88553354.3120462447 637376.2373046875
88996001.5382446349 643645.1259765625
90714758.3415664583 647890.1005859375
82501355.9116936326 284691.2474258468
82455379.2604879439 274958.9710366912
84685567.8639883697 475268.3739776611
86124217.7819999009 554911.4997558594
87125266.2675695419 598913.7770996094
87434446.8878543228 609575.8564453125
87712074.9774025530 617841.7011718750
87801638.4631453156 618030.2324218750
88348312.1324051768 631161.8027343750
88173974.6459314227 628413.9003906250
88378812.1871102005 635244.3164062500
88565862.2545942217 637791.7783203125
89019381.4766619205 643668.6220703125
88947195.4902095348 643536.2197265625
82309079.9659469426 237996.7097294437
82363547.3160875738 250280.7439388484
82364351.5348748863 251897.4783264691
82506887.9627430737 284815.4139627320
82603922.7066412270 295885.0665887696
84105015.8711011559 439450.1681060791
84277386.5626779497 451360.4353790283
84379240.9385342449 456706.6145782471
86046025.4420845360 553182.2189941406
86191039.1837834567 557981.8620605469
87846442.3059505820 619734.1630859375
87603701.3519345671 615517.8496093750
88437457.3512477279 635849.2324218750
88946940.1204213649 643489.9501953125
82367645.9857388437 255483.7200976903
82358437.9307792783 249448.8314165473
82559789.3979696631 295222.2472528321
84881048.9071902633 481521.1174926758
85958640.0761103183 545888.8386230469
86168650.7234364599 556378.1188964844
86363524.2786923200 567290.3723144531
86532666.2958228141 573498.4013671875
87545005.8496705443 614042.3056640625
88272503.7846803963 629991.4267578125
88362521.7477870136 634939.6826171875
88486511.7972916365 636703.7949218750
82479242.8263421953 284341.5614007813
82773749.5698247850 317762.1695294380
82693921.5072531700 309539.4893179461
84242242.0938472897 450475.4755401611
84431126.0164886117 459650.8225402832
86175695.5122713447 556631.2844238281
85886022.2389164120 542415.3120117188
86969407.9140502959 591435.1049804688
87043227.7099128813 593520.0229492188
87244078.3464282155 603192.9699707031
87807811.3088880479 619267.9531250000
87340628.1083944887 606355.1416015625
88300815.8930205107 630920.0849609375
88578701.8114686161 639380.6679687500
88842797.4437022805 642273.2978515625
91011670.7625728548 647936.8417968750
88733099.4835774750 640841.1210937500
88355708.1291128993 633448.6035156250
82400552.6648845375 261996.5736724734
82449770.7043820322 272325.3278658018
84055972.9480422735 435166.6664581299
84321768.7384771407 454122.7408447266
85860014.4400711209 539894.6885986328
86103466.1604880989 554260.9848632812
86214817.0453242809 559421.3825683594
86179151.4576640427 557320.4069824219
86382077.2950845212 568943.7077636719
87219362.1736578196 601920.2158203125
87283958.0911071151 604123.1484375000
88413158.7940363437 635394.9399414062
88798755.0914158523 642211.3330078125
90074376.7731720805 645961.0322265625
85972450.9835173488 546748.2937011719
86040487.2229687274 546995.6564941406
86150745.8707740605 555941.1198730469
82847841.3002870679 319386.0579215288
82961792.7475150675 348380.5991267413
84537561.6595224589 463581.2163848877
86543408.9106618464 574356.0700683594
86277620.7075518519 564864.3669433594
87467485.9154639542 610652.3457031250
88796083.7629067451 641362.5517578125
82326853.5379914045 248401.7945605809
82970865.6217909157 348535.2008113116
84022325.6633255482 434285.2808380127
84798252.5182531923 480832.1159667969
84465730.0848449469 462526.2690429688
86642491.9886307418 575932.4604492188
87312336.9272520542 605019.9609375000
88512041.7579142302 636765.2216796875
82420658.7855083048 264708.6480583791
82407727.3347615004 262563.9254386899
83878654.7845286429 424077.4503326416
84228134.6904033273 449428.2018585205
84763880.3409413248 477408.7235870361
86652281.1741535068 577094.6975097656
86755190.9597795457 583056.5002441406
87538241.4278489202 613767.3281250000
88262391.1526243836 629379.5004882812
88226961.9527033120 629369.8300781250
87873228.7829402834 621019.3867187500
87513710.4776199311 611845.6416015625
83628601.7945814133 405960.1320610046
84805796.3918846548 481030.2051391602
84925769.2123432904 482635.6803588867
85170909.0885440260 483375.0504760742
86499056.4305590391 573245.7277832031
86725408.5035312027 582287.5322265625
87500786.0138151497 610754.5205078125
88333480.5575374365 631061.5205078125
88529951.5775776356 636786.4013671875
89502990.5050708950 644749.9794921875
90400633.0828782916 646709.5341796875
88753172.3595453054 641016.9736328125
82782692.4992381334 318245.4006795883
84176722.0811996013 445937.3933868408
85054072.6244379729 482911.0360412598
87091392.6583193690 593663.0117187500
88653165.3422437012 640778.1250000000
82377252.6249270439 261001.9921602230
82435171.5270358920 272302.6058239048
82374849.6712027490 260851.3805203164
82592393.8744681478 295665.0103675723
82727170.0328429937 315027.3189060688
84920620.0222565383 482494.2106323242
86953846.7842132151 589321.7093505859
87092671.6079545617 597883.1162109375
87131398.5198320746 599633.6376953125
84581876.5515849888 470326.0673370361
84551655.3915635049 468575.9433135986
84055989.6804321855 436532.7809906006
84295583.0453671068 452331.7037963867
84667860.8167715520 471246.7409057617
82761663.1738546491 317692.3155503273
82933633.6792806685 346154.0658625811
83966118.6692089438 430394.1002044678
86694625.4242709577 579981.2097167969
87389556.6053733528 608447.8583984375
88449031.8069343567 635960.0615234375
84534670.7269857973 463532.9250030518
87417282.8326041996 608447.9179687500
87186142.7381155044 599895.0229492188
82558484.6046493053 290149.5715656382
82820555.7187750041 318508.7994122505
84396897.4368557185 459281.7938995361
84203464.6878434867 447328.3308868408
84160476.3312192708 443067.4613800049
84169436.8637715131 444668.5845489502
84313531.7951581329 452766.1294555664
86874984.8680473566 583101.6374511719
87357743.2640470564 607825.3349609375
86666548.5198806226 579601.6916503906
82507937.6101815701 284840.7422890406
84425806.1179860532 459374.6978149414
86669353.7782702446 579714.2814941406
86881523.5498270839 588348.3159179688
90998076.7619985044 647892.3662109375
83949492.3336387724 428966.1641693115
83896197.8779663742 424886.4415130615
82741634.6215063632 315156.0200312659
82608040.3281854093 299223.2852854967
82643356.3442023098 306121.1149979159
90673168.2203346938 647529.8203125000
87202803.0218141675 600706.3164062500
90680545.7449794412 647606.9541015625
86934042.1660309881 588779.4875488281
83005446.5365024209 354870.8050729425
84184179.0159697384 447078.2517852783
85564009.1196061671 520903.9582519531
84007715.7397706062 433426.3079376221
84167756.7014601827 444076.6076202393
83987110.3356843144 431740.0076446533
84111811.8872178048 441907.2324981689
83907734.6483524144 428317.9571380615
85712362.2441781312 527482.3898925781
85548000.6417426169 520692.7290039062
85615926.8473646939 524092.3305664062
85771961.5554844588 531722.4538574219
82359269.7408617437 249532.0753685971
82429421.8121203482 265957.4856832501
82446132.2958612144 272317.1256616376
83815586.7125830799 419727.5335540771
85578964.1690189093 523012.0317382812
88116034.3247296959 624928.6806640625
87807281.5000007302 618951.1669921875
83763559.3567235321 415245.3631439209
85254799.7557596713 502002.8437500000
87087615.5243064612 593582.5964355469
83999890.2659367919 432477.0833892822
83964992.9809585065 429819.7475891113
85781493.9591796845 532163.4765625000
85839412.1227569282 534065.0854492188
88931659.9780448377 642401.3144531250
90576468.7396573871 646845.2373046875
83775532.6399762630 417654.5442962646
83834141.9303472340 422000.1837005615
83897295.0417517275 426081.5248870850
83784843.8225535005 419396.5394134521
85341733.6364310682 507481.1711425781
83629227.1292283684 406257.8634510040
83695079.3807359487 409374.3854064941
83697396.9102403224 409594.3875999451
83824667.3617700934 419746.9843444824
83724127.1660518795 413027.2795372009
82984401.5759059936 350232.1029596031
83715489.3435221165 410490.0810203552
90154620.3433814198 646196.0527343750
82973903.4629039615 350145.9893164337
83075401.1500490010 361435.6592158526
83063976.6600421518 360682.9021301270
83724059.9542996287 413006.6516036987
85431686.8610091060 514354.3884277344
85440829.1369821429 514600.8630371094
85390010.5046632439 510224.6201171875
88087336.4898097068 624903.8271484375
90198954.3990420252 646423.5048828125
83040363.5452715456 359595.6724223346
83325230.1725465357 383081.3153249025
83364064.1311016381 384611.5290202349
85324608.1872916669 506558.3679809570
83170013.7862219065 371910.2763652056
83385369.9508249313 387396.6176421642
85399033.4771808833 512650.6833496094
90013362.3592754304 645768.6406250000
83139745.2162169367 368467.7430400103
83303737.6036711931 381543.9569330215
83455823.8614063263 391493.0682611465
83522204.4086270332 397651.2823495865
83620685.9937512577 402352.6077880859
83424991.4762405902 388201.4954307079
83127914.1289883554 367762.4975537541
90122550.1040742695 646160.3662109375
83077382.6180249900 361912.2752665728
85362945.9027410299 507988.2929687500
83090936.8889358640 364832.2363261431
83198989.0641432703 373502.5328046530
83164612.0420942605 370193.4819010943
83338910.4020232111 384047.9073221684
90169963.1827155501 646357.5566406250
83261602.3038613051 378755.5952386856
85344218.0414863974 507659.8474121094
83401797.9618327469 388014.2985610962
83265989.5234664381 378975.5605288828
83226626.4721495062 375608.0006999224
85225116.4708851278 501064.9404296875
83168996.4649450928 370655.2734449055
83625774.8543007076 403298.7683029175
83570095.8621635288 398696.1004562378
85366024.8201533258 510068.2473144531
88020498.3918481767 621461.4609375000
83150337.2014672607 369149.8998088092
83611277.5220216215 401985.9207744598
83457568.3601505458 392363.6621365547
88031545.5968062878 621524.0957031250
83078814.2356147766 361928.2131057978
83195167.9627289325 373345.9451579303
83106272.7836604565 365875.1775798053
83545918.5086747259 398553.8794975281
83491432.0317690521 394022.0742993355
85223462.3780955970 494884.1094970703
83514255.7228385955 396656.9278545380
85395459.7451136559 512177.1430664062
85711363.3400012553 524314.1259765625
85733664.9735313505 528804.5898437500
83677683.3802475631 406395.8487066031
83065338.9617849737 360975.3323286070
83506095.4961523563 395201.6297124624
83445950.3701500148 389079.6889914274
85834313.7009310722 533204.6274414062
