325792970.0922857523 3567857.4746093750
342741074.0768483281 3863176.0332031250
351405925.2188832760 3922558.1396484375
351579764.8993948698 3922753.6865234375
351731258.5966457129 3923601.8857421875
368732342.4026114941 3933993.9306640625
351487921.4697093964 3922594.5576171875
351640229.3300927877 3922934.1708984375
350984449.2485945225 3921450.8212890625
335020946.5967973471 3760429.2031250000
335087443.5146009922 3769220.8398437500
308615870.0222812891 2515964.4880371094
308442116.2960180044 2499849.7556152344
335198674.6521178484 3770731.3623046875
316131166.7856522799 3185674.8647460938
319926596.9070662260 3371580.8315429688
335447285.3937478065 3772923.2041015625
335456180.6496281624 3774873.0722656250
338601346.8567667603 3817922.9414062500
338523282.3533143401 3816998.5976562500
341613848.8932626247 3853950.2792968750
323095629.2404513359 3493950.9296875000
331690837.2289013863 3712055.0146484375
311528480.8828454614 2831401.3874511719
319787759.5329476595 3367604.4843750000
319816091.3698019981 3369075.9926757812
322688680.0359544754 3472302.6923828125
332203846.5915491581 3722325.3339843750
341818167.4551796913 3856528.1542968750
311420727.8107576370 2824301.5988769531
341954690.4130833149 3857168.0371093750
342104912.1483381987 3859158.8906250000
308390266.9907957911 2492357.1223144531
331452810.6842912436 3707531.9287109375
331595970.8235939741 3709309.1259765625
308516089.7116507888 2504682.5905761719
355816995.0419544578 3930723.0634765625
317229520.5261225700 3243702.1376953125
323405565.5851985216 3502157.2353515625
331717842.4943537712 3712116.3574218750
306360900.2652052641 2132139.1789550781
331772136.6296236515 3714061.0566406250
308406857.4729281664 2493016.0334472656
336246419.4743867517 3786101.4345703125
306708769.4195036888 2244854.4345703125
308511354.9695439935 2503110.7224121094
323518940.5481425524 3503833.1523437500
349182916.7696481347 3913888.2832031250
353901919.4697328210 3927692.5937500000
315892398.0324150324 3170473.1469726562
353643478.2277814746 3926141.0117187500
307997767.3370853066 2441825.0300292969
331964991.6811091900 3717530.6650390625
341997492.8381407261 3858121.1640625000
369045936.0620026588 3934554.0029296875
306301918.6416864395 2104414.5949707031
312732796.0060085654 2946493.6503906250
332263739.6519534588 3723959.4960937500
320158864.5185530186 3376460.4150390625
319887540.8591805696 3369988.8583984375
355844490.6137495637 3931811.2021484375
308075141.5125384927 2452721.4763183594
319963545.9579417706 3373934.2724609375
350034082.5299377441 3918532.6435546875
335279535.7254581451 3772631.1962890625
353344141.1214087009 3924969.9580078125
317017282.9508558512 3234565.2402343750
312526525.9806526303 2931498.2385253906
315689003.8408347368 3156473.2099609375
319898918.4768456221 3370351.1728515625
348491058.8357474208 3908199.6933593750
306386773.1787108779 2174238.6547851562
322898518.3772007227 3485202.1865234375
336771354.7516342998 3793761.2539062500
308349491.8404716253 2487511.7473144531
312893477.9498013854 2956791.7558593750
335523047.8100145459 3775375.8730468750
306606823.9583946466 2222733.8457031250
308119378.2785467505 2459532.0541992188
313100824.1164074540 2960290.9565429688
306345985.6571497321 2126091.5412597656
306510254.7565355301 2210105.0270996094
335713996.5732541680 3779197.3320312500
316717650.9646061659 3215224.5312500000
312617582.6210032105 2941873.7324218750
331648496.6444207430 3711155.4062500000
341344185.2038695812 3850481.5380859375
316329219.5628345013 3197519.9731445312
306303703.2932629585 2110166.0817871094
356186482.3210237026 3932994.3037109375
353953711.2025397420 3928398.1718750000
356207957.8344961405 3933087.0634765625
308224561.9421578050 2472721.6384277344
326158590.3969713449 3579646.0468750000
338079862.8647133708 3811655.0615234375
349979338.1263339520 3918245.9697265625
316162157.6700568199 3188091.6176757812
349682201.3366783857 3915985.0097656250
349736447.8386200666 3917085.8808593750
306427386.1862152815 2184710.1860351562
312512333.2357518673 2931291.8876953125
318291600.9209069014 3293445.7470703125
346765273.4416354299 3895706.2822265625
318455164.9374363422 3305894.0371093750
336487236.2964822650 3787777.4238281250
326037197.9317220449 3576998.8212890625
325930199.4319380522 3573798.3144531250
308203980.8928583264 2468564.0549316406
316535856.4986902475 3208029.7919921875
308038406.3442544937 2449920.8896484375
341185376.4638103247 3849294.1933593750
306610821.1411358118 2228053.3806152344
349715994.6084256768 3916463.0722656250
326477708.3118776083 3584067.2890625000
326749593.7675632238 3585099.0537109375
308169662.0785385966 2461809.9313964844
315833083.9381039143 3167969.4970703125
326014570.2203781605 3576068.6474609375
346685352.7829424143 3894348.0019531250
357511688.9983716607 3933526.3935546875
316231222.0920264721 3192102.0463867188
316121409.6684815884 3184129.2465820312
316194535.1709313393 3189758.3334960938
346452469.3555238247 3893836.8115234375
307926444.9918280840 2435371.0505371094
326245774.0766848326 3580901.4960937500
339009782.9795680642 3820890.7685546875
349578524.6656674743 3915673.7919921875
316095597.7727369070 3183451.1704101562
316008089.5608202219 3176748.1455078125
306491601.1450774670 2200044.4707031250
319459045.1702460051 3352860.4628906250
316032035.2724399567 3180205.3256835938
319266503.1816097498 3345272.7753906250
306501562.1177269816 2203452.5593261719
311658240.9139979482 2843864.5317382812
316182754.0904790163 3188970.3188476562
339289369.1922557950 3824430.4882812500
316118578.1749508381 3183785.2685546875
318370135.1819705963 3298503.1962890625
357591908.9350264668 3933676.7646484375
311479036.3658881187 2828534.0393066406
312331728.5518668294 2908482.2207031250
318432346.1932594776 3304456.4150390625
318542743.6086560488 3308818.1904296875
323576124.0081102848 3505761.3613281250
338788993.7662562728 3818906.8017578125
306562165.7246076465 2218257.4101562500
323281232.8565071821 3498295.6396484375
324058756.5840168595 3517883.3066406250
339126079.1872293949 3823204.2675781250
306317698.1783739328 2115127.6735839844
333167861.7391195297 3730430.6630859375
306796915.3104230165 2259874.3588867188
324056909.3772544265 3516794.4365234375
354696026.3460844755 3929721.1494140625
345632287.9875392914 3882300.3046875000
323968814.3179673553 3516313.1445312500
318378062.0040667057 3300014.5058593750
345591470.7817940712 3880976.2910156250
338214669.6614841819 3812975.0507812500
328820429.0024216175 3637700.7695312500
337945048.2378824353 3808878.2734375000
324068352.5453603864 3519096.6064453125
329042157.3742239475 3641685.7412109375
337300030.7565827966 3800628.7822265625
337461370.6372562051 3800756.8779296875
340858224.8259119987 3842278.9326171875
337588390.1827140450 3803632.3593750000
307898255.1463956833 2428207.1164550781
324296255.1227990985 3525981.6210937500
324217534.9476270080 3521081.1230468750
316286952.1182299256 3193837.7114257812
340276506.4472324252 3835623.5458984375
345851655.5747281909 3886182.7246093750
311376307.9123932719 2816929.0979003906
311591890.1237853765 2837486.8496093750
339459380.8218730092 3826730.9414062500
340090724.0479580760 3833394.0820312500
340732888.1091277003 3840156.6269531250
328525816.2947217226 3630102.9326171875
306896641.4721550941 2264750.8937988281
306333816.0483587384 2121648.7944335938
328267783.8570938110 3624756.0000000000
348046451.1534200311 3904737.5322265625
306837257.1896024942 2263919.4516601562
318544231.0237070322 3309450.9365234375
355591600.7586861849 3930572.9169921875
318675932.5444074869 3315775.7915039062
348207409.2356806397 3905983.6113281250
339720260.5778877139 3829825.9414062500
334783994.9526265264 3758356.1376953125
345979687.7062407136 3887334.7646484375
339341423.9516711831 3824936.2988281250
355177414.9898555279 3930226.2392578125
339103271.7281917930 3821920.1123046875
355834517.6214196086 3930855.2841796875
318742334.1570917368 3318680.8012695312
334508744.9689692259 3755160.0957031250
355437103.4052247405 3930371.1181640625
355180787.1516273618 3930273.7333984375
334360947.7032457590 3750902.4501953125
348162206.3422215581 3905716.9589843750
354958429.1758322716 3929976.9619140625
325032370.7302771807 3546822.3593750000
324912140.0004934072 3543212.2451171875
312264709.4428738356 2897065.2460937500
324737577.8180082440 3538490.9833984375
328599603.1503807902 3633958.7910156250
324660820.4325525165 3534724.0996093750
311755035.0777822137 2852063.1967773438
311767658.7839769721 2854181.4741210938
311919438.3509765863 2867235.0400390625
312125718.1167815924 2882371.5615234375
324865670.1194770336 3541288.9853515625
311915877.9876244068 2862922.6918945312
312066414.1822149158 2876373.0117187500
347823232.7716484666 3902120.6308593750
324862894.4040871263 3541106.5996093750
333276494.8513259888 3732366.9042968750
324925495.9673239589 3543583.6201171875
334251913.9300607443 3749210.4218750000
307766461.6610703468 2402560.2419433594
312252449.6383224130 2892944.3984375000
307827489.3036909103 2414675.2414550781
333656729.8646854162 3737809.0966796875
318215184.9365870953 3289943.4384765625
312091687.8261316419 2878875.7910156250
317515011.9922525883 3252875.9023437500
317965498.8262149096 3276984.7304687500
333829551.8973349333 3741887.3408203125
307804266.1852710843 2413283.2800292969
317900306.1452656984 3273833.4697265625
317625430.5572550297 3256337.7871093750
324503272.4041860700 3530798.4033203125
318079128.1616133451 3281441.5200195312
347582432.4881380200 3899549.6298828125
329439448.8509175181 3648349.2197265625
329557076.0730136037 3651734.3056640625
328085719.7990278602 3618948.8330078125
317830961.3874878883 3269786.0600585938
327832159.9603517652 3614085.9843750000
327802180.3848610520 3611625.3808593750
307615843.6645615101 2380896.2807617188
307683789.0397496819 2390173.4494628906
327771547.2774553895 3611277.5429687500
317673808.1326776743 3259798.2929687500
327589571.6327758431 3606332.0693359375
327177047.3176060319 3597140.8720703125
327688248.7949858308 3608290.2011718750
330020717.8538890481 3656654.2294921875
327651962.5815884471 3607489.8066406250
330060281.0082773566 3659002.5214843750
307240343.9477087259 2314446.3422851562
307368565.8010018468 2339622.4125976562
307288229.2325254083 2320137.6247558594
307572324.4229007363 2375540.0170898438
330642925.6408407092 3671531.4248046875
307533790.4172928929 2363480.0737304688
330009091.4664868712 3656541.5390625000
345064359.5775150061 3875160.5615234375
345119375.3654285669 3875729.1298828125
344750389.0934101343 3874022.7392578125
329891699.0492430329 3654174.4150390625
307452228.8039337993 2348892.5358886719
344264079.2984858751 3869671.3037109375
329947312.9976683259 3655574.5058593750
330141893.8379732966 3659828.8994140625
344506972.0858285427 3870483.3076171875
345351723.1249024272 3876721.0751953125
344668136.9244117737 3871865.9248046875
307406717.8460395932 2342929.4719238281
307182292.2281557322 2285803.5986328125
307115028.4113440514 2272154.4033203125
307234866.4593062997 2294799.1745605469
307225376.6058474183 2289829.2678222656
307239257.7550507784 2301858.8195800781
321021935.5788427591 3385321.0932617188
320862121.5246126652 3378229.3276367188
320955740.0306607485 3380902.9770507812
322096724.0315899253 3416833.8261718750
321955746.7133933902 3408473.1420898438
321844910.7676678300 3406824.0541992188
321835491.5645115972 3404944.6171875000
310083585.3576747179 2553612.9055175781
309929698.0782377720 2536664.0422363281
310003056.3817984462 2541661.8864746094
309879576.1788234711 2527373.8066406250
309958718.6465406418 2540077.8659667969
311249716.7298507094 2668133.9562988281
311132831.1199431419 2655260.5981445312
310710646.4353086352 2606027.2749023438
310545110.8342202902 2593053.7810058594
311024619.2424458265 2637920.9228515625
310848333.2134749889 2621167.5632324219
311098121.8034611940 2645752.8359375000
310631953.7893365622 2600146.0432128906
310491407.7256700397 2587389.9284667969
310402511.6831580997 2569325.4211425781
310333032.9011387825 2567787.3645019531
