418743478.6123242378 82042.1294708252
408051775.7284352183 74421.7580437147
384074877.3327108026 27561.1702784664
385144479.3520393968 33375.7895865452
407280855.3480250239 73630.7343315565
416634065.2577115297 81476.5766906738
417678952.3413759470 81862.7095642090
418155704.0243808031 81929.0386657715
384063505.8997321725 27280.8885609617
385430128.9957059622 34069.9396464823
407214502.7070210576 73540.3474440061
407754539.4673285484 74250.1284370132
407503891.0181089044 73890.4493050062
416813808.5075463057 81596.1612548828
383981955.0679742098 26857.0579601636
384269526.3256537914 29308.7034496604
389418492.1459006667 48539.4828254249
395183086.8004218340 58596.7872921291
415931532.8950753212 80975.5907897949
407235978.0309097767 73545.5714973890
407342815.2962779403 73878.6715645276
407016365.3810828924 73475.0951797295
407283386.6841499209 73801.3855909788
407304433.9024545550 73802.2356275998
418041687.0951182842 81918.5644226074
422310116.4300870895 82260.8254852295
407592300.8177914023 74065.1777290784
389731068.6414097548 49301.5331162638
384475185.9728535414 29985.9672280619
385286043.2012261748 34014.8384223539
422585797.3389490843 82266.6385345459
416636949.1639962196 81511.2677307129
423029424.9743763208 82284.8321990967
384110837.0103521347 27563.8160568586
385247286.8032200933 33752.0637335789
391892649.9216029048 53091.3176783966
408310250.8526034355 74679.5291084730
416393753.0643353462 81387.2544937134
416713646.5878518820 81514.8045654297
416757551.5968415737 81579.9812316895
422608206.0843907595 82281.2546234131
385161989.4052288532 33686.5540404331
389660723.4750254750 49188.9269761271
389495766.8063117862 48820.3052321937
394902264.8508288264 58257.5791146371
395049665.5424286723 58441.5415493313
394935126.6552776098 58282.7362496469
406876718.4978172183 73101.3096022092
408005253.5479576588 74392.2545818769
384124124.9251071811 27885.8546541101
391451366.9952878952 52970.8779669749
389550900.8601784706 48879.9947518534
389602594.2211050391 49158.8582200235
418692186.7663530111 82023.7201080322
384417059.4061807394 29984.1129952738
384500668.5450999141 30213.0893956492
384339959.8448407650 29612.6599923442
389759371.1862781644 49530.3112229532
389715484.2091787457 49267.5929040140
395116470.8908817768 58594.3412563399
391476667.7961204052 52980.7139349925
407974437.4343736768 74375.1568945423
390440101.8267365098 51128.0422014641
391531182.7237479091 53054.0351093384
408081772.7768301964 74498.1156181775
418636545.7707058191 82003.7443389893
390536995.9872329831 51231.6986456859
395080577.9118590355 58553.9063620183
395063654.5520762205 58501.1201168362
423392097.2674118876 82289.2032318115
394954113.9677753448 58315.4380446288
384902026.4291197658 32299.6356210169
385211873.7537081838 33694.3741099833
395244683.5374711752 58596.8568017546
391365803.7445734739 52722.5088568675
394981925.1043098569 58346.5687366787
417146975.0097262859 81653.8221893311
417748361.4271688461 81907.8695068359
394803244.0005820990 58223.7092586819
384861531.7434563041 32289.0067452844
391543074.7903058529 53088.7638549740
394703611.1279217601 57947.0619302008
394611168.9964652061 57918.3213726345
407829099.5936921239 74326.0985969983
418581218.6685788631 81987.4121856689
385072357.5019956231 33323.9442534458
419012482.2466651201 82049.3448333740
384053998.9680769444 27177.7340923658
385334536.1799693704 34067.7369951564
391264898.7981781960 52709.4514075267
384919715.3290196061 32313.2485203985
390596829.2365426421 51511.3126975047
391250419.5754857063 52552.7882147777
394356591.5846298933 57486.8890966985
394138356.6455079317 57219.2180456731
394318272.2198820114 57299.2871679876
421729380.5683221817 82191.2859344482
385031868.2159300447 32961.8687078711
418982628.7382829189 82046.4707489014
394597582.8734969497 57610.2125870797
390924009.3338943720 52136.8894873607
422082675.2509960532 82228.7039642334
390754756.2269946933 51814.2962256419
390438551.9863380194 50926.1368303644
384938634.7527223229 32355.8282093462
390628314.3403055072 51516.0478278148
387545755.9208663702 41781.6311109754
387527306.1418969035 41774.5771546237
390579901.1737035513 51256.0709982860
395772803.0605971813 59235.2556845425
416615785.7313421965 81417.3854370117
418393981.5166256428 81984.0249023438
396006253.6755303741 59357.7756824407
416967771.9796605110 81635.9494781494
384229125.3186279535 28416.8006570815
384793548.6804808974 31910.8572643455
385003170.2750767469 32763.1271659378
387639008.6099617481 41781.9030043873
395536758.8809523582 58984.6841817412
417446911.8199608326 81781.9492034912
387455323.7578642964 41756.9236222299
395255115.7696066499 58613.2311788115
408985536.0711706877 75249.3032793783
422454604.3422910571 82262.8217315674
419225882.6268976927 82055.7191009521
417490804.2290203571 81800.1000823975
409479916.4173697829 75601.3799700521
422192827.6890965104 82242.3666534424
384484711.9290367365 30016.9602172444
389926144.9309285283 49846.8281907267
407580329.9832327366 73970.7126869642
390031813.4103686213 50068.2054795450
384938855.2115713954 32622.1384620126
384180254.6643304229 28050.3339809874
409092497.1906048656 75325.5538210653
417510117.0594644547 81802.5318756104
384497057.7961285114 30057.8846378247
419477562.9839658141 82062.0429534912
384825789.8707823753 31922.5185464677
387705774.5298928022 41792.6634586545
384193631.0800615549 28081.7525643835
384790888.5341528058 31641.8514076714
384843029.4895480275 31961.5218968038
387827067.6896413565 41793.1973054203
384766799.7386588454 31590.0688938741
384713653.0601758361 31225.0564303044
387832795.7998232841 41813.0627534183
390190235.6071884036 50267.6609658426
421775904.5308449268 82198.3855895996
418179479.6476272345 81953.1723937988
418343344.3767168522 81967.0094604492
390318741.5638231635 50739.2744530863
387259637.5187069178 41157.9699123814
390202330.8257893920 50453.1147622294
418684505.8694362640 82006.7581329346
421460366.4802129269 82179.4249877930
387250073.5769498348 41084.5425069429
406882746.8824825287 73136.9620222532
409272627.8905001283 75427.7381903314
408816846.9267454743 75075.3349566244
389889227.8204737306 49625.4500283426
395443342.9296856523 58797.9181387722
409236282.7219483852 75412.9384302877
389942001.2570536137 49850.7633980936
421534577.2195273638 82181.9202270508
421414335.8624159098 82164.5953063965
384652390.3587026596 30223.5931141120
390170313.5111138821 50239.9700936503
390078628.0583316088 50171.3395241922
395477259.1063963771 58852.5498128447
406925045.4253866076 73278.3729567014
390174166.3195118308 50252.1289376444
390066035.9164167047 50153.8040932840
390250918.6627760530 50526.6631346908
384658606.5822325945 30538.2758565534
390292577.8621404171 50540.2884246077
387191924.7115238905 40785.1160064785
387382505.2765317559 41472.9203970311
407256424.7656000853 73623.8253111326
393908586.5693882108 56564.7593007598
387333236.5705735087 41210.9303418569
420952206.4232256413 82122.0189971924
393974601.1682919860 56760.0534902129
421111774.6766251326 82140.0594329834
420965377.7058804035 82132.3588409424
393907403.2942741513 56495.8211102996
387191516.4670569301 40734.4827525792
420717666.1785745621 82086.0278167725
420750319.1331281662 82088.6671905518
404530720.9866644740 70105.4109778687
404138084.4660179019 69769.7847511992
404575832.1675886512 70173.4756903931
404379706.0670090318 70092.1243872925
387145640.9568964243 40018.7597300075
404224961.6264341474 69854.5048270508
404072908.3396723866 69520.6408286378
403998924.9970890880 69342.1895855976
387186250.4490351081 40370.6838774941
408472046.1904304028 74695.4175645026
385941449.4043108225 34077.3506368790
410299540.7507534623 75819.1415473083
393467703.8559349179 55406.6434656858
393381223.0411868691 55307.9626396179
409996868.7647634745 75685.5481707612
410159457.6707224250 75754.7669135192
393442961.5331850052 55369.3401995778
393159054.4967246056 54694.0925186157
393131987.8105872273 54654.5349700927
393305531.8374068737 55011.6280868530
387126483.4774995446 39992.6112358830
406309597.5773063898 72347.0055939665
393220543.1066555977 54992.7795837402
406343578.9093869925 72399.1908432951
393161261.1633109450 54862.6872892707
393237048.0859915614 54997.9119003296
393439155.9168278575 55342.6854754567
387012006.6096911430 38995.8152277730
387049793.1492473483 39618.7551543973
392625731.6115790606 53898.2530852297
392398299.2149354815 53214.8993986109
392227791.5831315517 53184.7745511988
392326384.1897627711 53202.1169881374
392285694.8686594367 53189.3502725372
392210785.4606989622 53133.1459916839
411713254.4485327601 76767.5771739483
386980518.8405025601 38639.1306039585
410935890.6622062325 76124.5595143363
410638709.2731140256 75904.1761220023
411098189.4522246718 76326.7965748832
412027321.4020616412 76995.2262545787
405222281.7802709937 70853.2857477017
412820968.1755308509 77507.3800796270
413031145.5556174517 77517.6422392949
413320249.3109940290 77593.1977771521
411977083.1743991375 76851.1191908941
412563581.6042156816 77315.6929051504
413322589.2160094976 77684.3896699920
405412811.6991586089 71057.1116901397
412421387.0991530418 77259.1663333140
412716600.0528939962 77446.3524672613
412754086.5926513076 77451.7356206402
412364029.1019296050 77226.9039198980
412007733.9148985147 76984.4371840581
411830622.7367740273 76794.4134969413
411334208.0619900227 76486.8675740287
405360161.9719049335 71051.2417531967
405770109.7391262650 71551.6611972809
405311264.5402332544 70991.0029788971
405535872.3507883549 71225.2108465091
405227533.7543336153 70893.5989871979
405478664.0820397735 71215.4241672516
410848907.7682288885 75994.3507893607
403120122.2377902865 67305.5935203330
386936324.0319157839 34841.4504945513
403153346.3730396032 67648.3162090080
386922447.1423037648 34541.2030610379
403212244.4863187075 67686.8155995699
403949213.7634428740 68705.6502188287
386899648.7026924491 34207.3018593129
403844083.9524468780 68594.8882483087
403516132.3498578072 68192.0922004478
397956040.9425884485 59385.2611117107
403313612.1212536097 67907.0930396812
389248659.7098023891 44136.1173873931
389051981.7150138617 43541.2159315138
389119227.4356710911 43555.9363663583
388616004.8631956577 41889.5930038602
388921489.4237560630 42921.3877541661
389021339.0616191030 43269.0165095716
389040915.3364058733 43286.0145643740
389003450.2748964429 43266.9091124921
388696079.2216135263 41913.2905768189
388884320.7068454027 42312.7440019879
388773716.6523562670 42249.6239200863
401017438.5198846459 62136.0755474674
400913484.3589020371 62117.4745726990
401102803.0831966996 62410.8396809804
400272784.5316845179 60453.9991553830
400343201.5426343679 61003.4234794187
400329759.8188844323 60974.4903779434
400532475.8932743669 61219.0546594070
400313115.9466226101 60836.8574433731
400463777.0139728189 61179.6515756058
400527579.7858884335 61180.8647756157
403044797.8594923019 64401.9675434857
403023091.3438561559 64341.7495156556
401643363.5135840178 62520.1170312757
402594681.7459720373 63515.9840278286
402488524.0887916088 63493.3201275676
402403331.1713755727 63207.2003765910
402339509.0457401872 63159.1608889024
402277085.0391830206 62955.2357052378
402338208.4431187510 63117.4915568749
402257237.0674840808 62923.9294197480
400248612.9058989882 59587.3380212696
400174470.2416482568 59487.7363388450
400211653.5155611634 59535.0631298397
400097327.0814620852 59392.7983796508
400238646.7324793935 59576.4594883297
400160618.6851081848 59403.3666295383
