178107491.7472448349 3152658.0273437500
179543177.2236278951 3205215.6757812500
180889953.7293990254 3243234.3984375000
187151203.6000680625 3372498.4375000000
192321304.8601155281 3417844.5019531250
194368395.3404828012 3430889.6289062500
201756859.9622924924 3436958.6894531250
176619979.2914286256 3077993.8144531250
180682400.1617355645 3237445.3574218750
186717032.0876595080 3364388.1562500000
193292431.1356630325 3423956.0664062500
170810029.4888020158 2288021.3847656250
178232215.4082894027 3157955.5605468750
184378904.0001696944 3326176.4335937500
194227731.8315230310 3430195.2167968750
176653719.4278314710 3080481.5507812500
184757717.5030364096 3335114.4531250000
185038470.5477647185 3342350.0937500000
176674345.2656778693 3080955.4960937500
185033475.0806411803 3340800.7597656250
188088138.1375685930 3382491.5292968750
176641589.2731173337 3080414.7988281250
184504368.6380928457 3329717.7695312500
172211222.9079403281 2655951.3662109375
192293618.1948997378 3417510.6835937500
177638096.3860611022 3134202.7968750000
183085630.2929693460 3296768.5390625000
192679554.8192827404 3421844.7519531250
174525546.7307987809 2923114.1230468750
188354806.3910226226 3385335.3828125000
179907561.2457748353 3218166.7988281250
176263917.8849505484 3060147.0410156250
180057826.9739966691 3223825.1132812500
183913406.7760980129 3317029.8886718750
201798950.5949948430 3437051.0273437500
201081799.0714249015 3435900.8203125000
173987531.5147539973 2877120.7304687500
171350646.1299169958 2499538.3613281250
172927341.1800746322 2759423.9560546875
176586597.5999623239 3077925.8320312500
174452291.4771306515 2918613.2441406250
173341744.5088796020 2805546.2656250000
174160365.6530398726 2895111.3095703125
174369606.4607763886 2911117.4287109375
174121159.0187706351 2893226.9599609375
170905666.0598246455 2354136.0468750000
188253397.8727160096 3384480.5585937500
192317862.1747316420 3417828.5839843750
194356815.7350528538 3430725.3222656250
201220679.8610146642 3436327.1191406250
186703483.7643639147 3363476.5898437500
172346297.3330491185 2677716.7324218750
175894227.0445613563 3030990.2255859375
171299780.8349673450 2491669.8701171875
172480027.8207866549 2702080.9160156250
173819147.3862531185 2862608.5820312500
170941654.7506918907 2359859.5556640625
186823119.0562178195 3368617.3789062500
194212828.0927845538 3429300.9902343750
189320772.7222927809 3392878.4375000000
171153886.4904873967 2448150.1132812500
179610793.2588685751 3209027.5781250000
172380576.7938693166 2687933.9384765625
178469882.8030498326 3167422.6289062500
185613170.3713178337 3350647.8847656250
178108820.5516408086 3155160.7695312500
176076419.7993766665 3045693.7070312500
184817266.7795842290 3337197.6992187500
194325290.0081987381 3430575.0957031250
189015454.4280987382 3391240.2714843750
173873241.6409135461 2867226.8476562500
171226368.2908156514 2470691.8232421875
176408494.4823917150 3068825.2167968750
193481831.7718104422 3426458.7636718750
172385036.1420742273 2690583.1035156250
173777625.8467580676 2855999.3330078125
173878055.8644500375 2868223.6025390625
171254810.1590103209 2482722.1806640625
172065677.0461695790 2632517.5419921875
176009224.3684145808 3040166.8886718750
173781651.2269078493 2859140.2001953125
177788234.7576827407 3139189.6386718750
181532570.4582776129 3261413.9511718750
172511136.8345159292 2706699.1650390625
171282584.2935961783 2486108.7001953125
187131196.8667862117 3371965.9707031250
170883898.7440536618 2347242.1279296875
171149092.5521015525 2444131.9990234375
171244376.6008452475 2478719.6074218750
173092719.9454270601 2782475.2880859375
173221498.9472373724 2795359.4775390625
176996251.9357253909 3096147.1816406250
173193997.1642426848 2793025.2470703125
173945358.6529685259 2874049.1572265625
176703619.8932106197 3086027.6914062500
181804316.2332320809 3268854.1406250000
185246817.2279187739 3345615.5976562500
189213346.0803994536 3392794.9433593750
179690420.1893905103 3213147.5253906250
179783872.8248920441 3214897.5625000000
181483587.4362190664 3261263.5585937500
176486414.9201567173 3074531.4003906250
183486252.6121653616 3309835.4667968750
192455655.0988906622 3420309.3652343750
170839186.4052836299 2318047.8730468750
182045434.1064983606 3275733.0703125000
188226667.6373511553 3383883.5917968750
174683542.7749011219 2929448.9697265625
192394748.2168678641 3419018.0351562500
171429150.2413074970 2516728.3896484375
178785803.2723951042 3179145.4453125000
187204411.9175203741 3373883.8398437500
171492352.3861619830 2526770.9287109375
188650528.5279468298 3387914.8886718750
180327056.5866890848 3231322.3007812500
171111400.7112116814 2438156.3554687500
173669336.8863015175 2847194.7265625000
173585722.8237422109 2838010.6406250000
171174402.2569602132 2459909.4677734375
186985602.2145642042 3370107.6855468750
172176986.0714509487 2653043.2832031250
172147626.1419224143 2650350.9160156250
185358306.7476687133 3347122.6210937500
192086832.0696589351 3415459.3828125000
170859412.7930532694 2330880.0693359375
171465009.8561296463 2521323.9462890625
172184822.4944669604 2654137.2558593750
172847866.0153422356 2748317.2373046875
176530091.7255782187 3075687.3906250000
171162032.6665600538 2453419.8427734375
187861233.0522185564 3380647.9511718750
171125241.5353898108 2442470.7968750000
171092090.6490808725 2436481.5146484375
201600736.4479450881 3436357.8125000000
174652704.7615193427 2929257.6953125000
180441608.0754484832 3235430.0410156250
179977241.0856874287 3221522.0156250000
180283594.7550285459 3230076.2773437500
184384721.0407626033 3327777.8593750000
171070989.5890472531 2427746.1308593750
187996185.4878917336 3382174.4765625000
200912592.9579852521 3435466.7578125000
173453019.4419795871 2820435.7207031250
187366895.0758667588 3375374.1464843750
178196754.3666408360 3157361.0761718750
170828564.3746600151 2314007.1738281250
173626716.1305825710 2841623.2080078125
193301406.3480142057 3425200.3730468750
173597107.7387217283 2839306.2353515625
172885562.5101014972 2752993.5195312500
173653993.1506916881 2843842.1318359375
177540525.7657398283 3129237.5566406250
171404075.3298778534 2510969.4873046875
177473068.6690854430 3126055.8964843750
187616539.9504689574 3378316.7949218750
183100239.9351483285 3298621.1425781250
183169219.6290199757 3299766.8066406250
183961321.9781194031 3320731.2773437500
193708422.5668395162 3428346.0742187500
173522043.4298881888 2830083.9980468750
177241557.4365889728 3115417.1113281250
172125607.9083949327 2646136.9677734375
183047344.6372819245 3296645.6914062500
191658591.9199476540 3412315.3593750000
172994204.4945192933 2768640.9970703125
194013939.2573686838 3429233.8222656250
172237134.7386764884 2665654.5966796875
173430349.6150847077 2819156.1835937500
182928422.0360735357 3292754.2207031250
172577668.5684297085 2714969.5693359375
172346723.6592248082 2682185.8027343750
183310703.8375573754 3306540.6074218750
189495819.8003033698 3393957.0644531250
177278881.5676989257 3116309.6054687500
170847774.1534575820 2323475.0830078125
171726045.4732913375 2561992.7744140625
171639347.8242239952 2550285.2939453125
171650248.4063444138 2551969.1669921875
171832051.5167515278 2564708.5830078125
189001616.2078418434 3390272.4531250000
193527902.7363610864 3427098.0488281250
171681402.0716932416 2559493.3603515625
174895322.4020540714 2947941.6025390625
172369228.4911382198 2686355.0156250000
173143923.8703821898 2788431.6445312500
174731353.3273518980 2935694.2353515625
177177044.2112198472 3110161.5839843750
170921754.0229594111 2359680.7392578125
178799298.6336626410 3179389.1660156250
178582214.8060862720 3172377.5996093750
181392354.5925849378 3259053.3886718750
178687354.3191304803 3175418.6425781250
185540285.5972090364 3349875.9785156250
178318406.6583017707 3162375.5214843750
172653323.6915408969 2725711.9140625000
170872051.1324629188 2337565.7949218750
177689267.0331099331 3134629.3144531250
177977585.9879510403 3149712.5742187500
184385628.1970586181 3328145.8222656250
183283870.9988914430 3305433.2734375000
181325203.4770522416 3257077.5800781250
177068018.2674548924 3105082.0000000000
178388566.8433454633 3165520.1367187500
186729764.7067904472 3364681.3281250000
177510142.8916896880 3127849.1972656250
177320758.9018876851 3118529.1171875000
173105981.8216384053 2783000.4306640625
177890102.4780491590 3145234.1972656250
172684810.7118019462 2727210.9365234375
175326275.5418991745 2976295.5781250000
184563742.9696141481 3333040.7832031250
171658406.1187163591 2555189.9052734375
181204923.9866422117 3248983.7402343750
170839718.2275356650 2319785.2148437500
172900496.9321871400 2757438.4931640625
180268824.3494652510 3228956.5449218750
172720036.9324722290 2732213.4414062500
170825558.4815784693 2301503.6630859375
171521820.4958991408 2532381.4375000000
174821031.7685800493 2943792.8525390625
177359693.2654418051 3119158.3574218750
177800394.7843720317 3141243.0195312500
175526664.2046082020 2984215.8339843750
190809724.3108680844 3404962.5527343750
175326313.3625456095 2979389.8710937500
175369167.8845259845 2982368.1757812500
175634503.8673760891 2984495.6269531250
171519064.2747144103 2528731.2207031250
191304067.0640230477 3410019.8281250000
172918385.2239511609 2759296.0126953125
186227892.0949135721 3357809.6289062500
173508562.6720750928 2827764.3916015625
174791626.9276696444 2937969.3486328125
180266360.2934903204 3227745.1464843750
173415972.2766874433 2813946.0781250000
175496183.5917445421 2984076.5410156250
174803440.9030089080 2939153.7998046875
170954228.0691414475 2375617.0683593750
181436907.1823028028 3260147.9882812500
180248572.3408994079 3227307.4179687500
193961230.4829119742 3428985.1269531250
172604429.6067939401 2718560.8603515625
172709997.2808686495 2730783.9248046875
191005358.5708379447 3406247.2773437500
171014770.5433298945 2403141.9091796875
170951510.8003556728 2374304.2275390625
170942276.7797095776 2371124.4755859375
172773659.6394615173 2738618.2783203125
191512339.0150591135 3411799.7949218750
172757525.1132483780 2737557.0849609375
170979310.1213093400 2386223.1220703125
171450404.5234419107 2517371.9052734375
172727667.3166607618 2734422.7080078125
174597994.5720826387 2924268.0615234375
175139188.0524567664 2965403.1074218750
174761427.4479463398 2937930.7675781250
171040282.4411154389 2409680.5214843750
171011515.3093056679 2401733.6445312500
186497447.3945765197 3362445.8164062500
170964793.1542270184 2381884.3759765625
186771050.0346056223 3365527.5390625000
171050675.2554374933 2409741.3056640625
181279407.9556037188 3255611.3554687500
186375423.9629181325 3359771.4843750000
190796973.0604158044 3400963.5683593750
191693639.4982973337 3412632.1738281250
191108827.9046867490 3407697.4316406250
190962477.0349524915 3406206.9023437500
181435966.6426518857 3259546.3164062500
184086381.2346556485 3321893.0742187500
184193750.7416486740 3324801.7304687500
184286379.2602154315 3325804.5449218750
186432230.0470916629 3360802.6250000000
200094708.8007290363 3431736.2343750000
182423523.9232982099 3283257.0214843750
199897066.0725424886 3431554.3867187500
200330610.2528845966 3433881.6660156250
186014742.0879168510 3355188.0957031250
179057130.3421268761 3187030.5761718750
200843610.5341776311 3434391.2949218750
179230357.3406004012 3193003.1464843750
192994061.6442598999 3422447.9628906250
200806244.7415108085 3434300.8925781250
200140747.3614863455 3432890.2421875000
179195637.5739079118 3192540.2910156250
186276107.1704670489 3358936.5332031250
179088616.9827986360 3188322.1386718750
191804565.6532985270 3413592.0859375000
179346645.3112079203 3197988.6718750000
179158692.2374055982 3189808.5527343750
179320736.8964173496 3196694.9101562500
182407535.0680096149 3282550.6132812500
190625830.4141168892 3399911.8066406250
181248413.6330209672 3251972.3300781250
190595868.1759863794 3398689.1757812500
190799863.6348060966 3401764.8046875000
190088019.0984898806 3395236.4824218750
190272633.6842889190 3396505.8125000000
190232619.4681006968 3396243.3828125000
171962367.6236392856 2566516.3642578125
