338974708.8631879687 568938.3175659180
359912945.5674866438 1649430.0401611328
377821803.1499102712 2249842.4006347656
380580603.4221001267 2329126.8710937500
390517107.8936302662 2528029.0527343750
344240114.2963622212 941737.9146575928
341078912.3568921685 720043.0711059570
355273208.0778213143 1453220.3875732422
359501382.6032516360 1635046.7700195312
380655902.5346972942 2330299.3779296875
381185533.0813922882 2341139.0385742188
380818164.4182500243 2333308.9892578125
390026499.1503074765 2515604.4340820312
390062195.1349754333 2520312.2744140625
390595447.4182524085 2529309.1958007812
398919288.2842502594 2629151.5625000000
340975454.3514990211 718717.7093963623
340812984.2971481085 716717.7879180908
398731498.0557879806 2626491.4316406250
344828802.0555746555 976128.2053070068
361883025.0298180580 1718977.5487365723
362067036.2068233490 1725693.6175231934
378141843.8173770905 2263312.0407714844
378652217.1901419163 2275925.7753906250
380643235.0405919552 2329923.4218750000
390458236.4155192971 2527098.5810546875
391039634.1861151457 2534877.2846679688
349257002.8497259617 1196016.2861175537
349526834.7343869209 1204323.8778839111
361533062.7056990266 1706395.9830627441
377888284.7926632762 2253943.6145019531
380934660.6843743324 2337283.5190429688
380044902.5571246147 2312296.1594238281
380586286.5320284367 2329709.2285156250
395792165.0386270881 2602907.2714843750
395724070.4268469810 2601498.9111328125
380198052.0920162201 2314626.4025878906
361158456.5171674490 1695651.3653259277
340713869.6481803656 714379.3573913574
358999072.2373921871 1615560.3715515137
361563583.0890835524 1710541.2737121582
378122706.8792871833 2261175.6237792969
340667558.3290798664 707310.6015319824
354612421.3795677423 1431493.8203735352
378228003.1538668275 2265092.9528808594
378311178.7491193414 2268251.7810058594
378612811.6810259223 2275767.8066406250
396275993.0859437585 2609208.1376953125
339114780.4795305729 575394.7180175781
340475548.5491689444 701294.6026306152
359824846.8615946770 1647003.1920166016
390273607.9353893995 2522890.2734375000
400500597.2489722967 2636368.3818359375
379498584.6242895722 2295263.6035156250
395534073.6290227771 2598385.3183593750
399756570.4546384215 2633999.0195312500
407249983.1407015324 2665494.3730468750
378125578.9705703259 2263114.3288574219
378233728.0549433231 2267914.3190917969
400133704.8614780307 2635025.5351562500
398317296.9484266043 2624945.9755859375
399648840.3556028008 2632914.7207031250
348001420.1749854088 1137741.8656921387
349425030.4692829251 1203524.8703155518
387381893.0090673566 2471206.9487304688
361755844.3875686526 1715690.7889709473
378998793.1985705495 2284690.1269531250
396854882.5887419581 2612996.9033203125
339034180.9709628224 574402.2345275879
348053453.5709218383 1138311.9230499268
359620018.8553860188 1639104.9878540039
359678338.1912848353 1642586.1222534180
387770761.5905222893 2477281.8056640625
362213216.2603429556 1729503.2927246094
362156729.7800309658 1727645.9072570801
404816369.6242052317 2656365.0097656250
359072595.0345333815 1615962.0072937012
348963374.1083218455 1187271.2680053711
382669423.6529633999 2369481.5773925781
404283759.6427589655 2652754.3867187500
354954701.9240587950 1443742.4495239258
362159618.6181728244 1728720.9533386230
354693113.7653470039 1436774.7434692383
361909064.1172172427 1719396.6405334473
395964404.2367734909 2605439.4072265625
344975757.0319585204 983937.3921508789
354931567.3160472512 1442970.1233520508
413136076.1355615854 2672221.1777343750
361847131.6320585608 1718493.7660217285
386826104.1882954240 2458065.0439453125
387618319.2789087892 2474191.7221679688
338649193.6461320519 467374.3473434448
395867524.4734492898 2603280.9541015625
348273313.4065778255 1150863.5632629395
338769730.0972569585 492767.2956237793
413310599.4615278244 2672671.7343750000
387299637.7708988190 2468318.8745117188
404995001.7761565447 2658562.8271484375
407132902.5247166157 2665112.4433593750
395649466.5171156526 2600803.1406250000
407083463.6105667353 2664990.3076171875
404465240.5971959829 2656147.9648437500
362009978.5497165322 1723352.2806701660
361662588.1692055464 1712683.9852600098
387548036.4275894761 2471877.6127929688
395890692.7317841053 2604368.6630859375
340352143.2114115357 688856.4900054932
396772495.3926458955 2612404.8076171875
338650090.4919355512 477464.8020095825
387311597.3233198524 2469796.8471679688
406758942.5601728559 2664130.8632812500
412787793.5504833460 2671216.1630859375
381726920.3586922884 2350443.0422363281
405343505.1460812688 2659465.0224609375
348201780.4454173446 1149323.8058166504
384283936.2705350518 2393234.0385742188
360281228.8658830523 1659629.9733886719
399209382.5516937971 2630224.1240234375
348432525.4281132221 1156570.6284484863
399321319.7698855996 2631150.2050781250
399180470.9181165099 2629558.1279296875
339876865.3962308168 652151.0283660889
384319479.7957456112 2396541.2670898438
339813539.2561379075 644352.0682525635
384307605.5816647410 2393895.1899414062
397378883.0163670778 2618972.1757812500
339174583.4416379333 585239.4239807129
339951161.8837307096 654089.9682312012
340019942.7662804723 655479.4945220947
354887935.0463811755 1440441.2492370605
347810593.8177658319 1128175.6596069336
348077456.0086153150 1139901.9752502441
348369389.9121400118 1151546.7455749512
354929906.2101711035 1441446.5804138184
384565805.4548442364 2410854.2485351562
396605501.2820157409 2611186.1542968750
384653447.5772594810 2410892.4755859375
339473480.1078281999 620978.1226348877
347281208.8813893199 1096286.6969909668
339307079.5508905053 605662.7510528564
354804103.8601952195 1439405.5119934082
370110899.5409323573 1989244.5676269531
347312562.0316617489 1103469.2218933105
347362665.0971483588 1104278.2984924316
344294220.1777191758 946595.4992218018
347067757.3281648755 1091135.5873413086
383595712.7047300339 2385410.6059570312
339221489.8215522766 596466.9438018799
370178667.4190455675 1991767.0820312500
338662058.3645254374 481759.0842361450
344022558.9057115912 929475.3216705322
347158465.2696712017 1093479.0357360840
346603284.1790221334 1066638.0120849609
387254006.7374638319 2467747.6206054688
339190259.2189579606 589209.9523925781
358157646.8515367508 1578608.9458312988
388636721.2543067336 2490854.6704101562
388695412.2010107636 2494184.1401367188
358266887.4163461924 1581189.1359558105
339180588.8264668584 587415.9298706055
388431163.6419600248 2485875.0415039062
358022085.2316631079 1574446.3520202637
370179162.6527026296 1993975.3720703125
369949141.6154656410 1984604.7493896484
369696193.2268446088 1979012.0262451172
370023224.1462913156 1985361.1239013672
369862953.7275335193 1984435.7309570312
369659655.0300339460 1977831.3680419922
357235311.3420733809 1538262.5556335449
406239320.6677666903 2661585.0615234375
357396718.1992711425 1546641.2714538574
357715011.7487845421 1557694.0826110840
388049839.6615421772 2481685.9125976562
338689930.4126645923 486377.3285446167
357727991.7901051641 1560281.0013122559
388203013.3444603086 2484708.2045898438
357219898.3612787127 1535806.2126770020
383742672.1499017477 2389701.9140625000
357678789.9935573936 1555120.3298645020
350261400.2589831948 1229964.5539703369
346170764.2088789344 1044572.2616729736
345886561.4994693995 1027689.7657470703
350170680.6685711741 1228423.2224273682
357383482.3403710127 1544788.4870910645
345726509.2203916907 1021756.4971466064
387115098.0821487308 2463719.6533203125
356904885.6238073707 1521609.7154541016
406447822.5830775499 2662543.5351562500
406500698.0901747346 2662647.1904296875
338783033.9209508300 502449.7405395508
357026358.1736984849 1528481.5776672363
356863145.1851028800 1520391.2019653320
346011149.2554407716 1031939.9490051270
385961141.4695487618 2437612.1889648438
385830708.3007261753 2432672.4956054688
369379884.6731387377 1965044.7972412109
400938699.1382285953 2636622.8818359375
376938803.5292752981 2212687.2951660156
376636295.3943581581 2200843.1599121094
343679558.2419475913 902063.4402465820
376419357.3322858810 2196878.4871826172
376446498.6794813871 2197964.7167968750
345364178.1225369573 998969.4288177490
345298458.3293453455 997097.3519744873
355495270.3415649533 1458649.8584594727
385759983.4789875150 2431491.6264648438
385470506.6506175399 2426650.3237304688
385269717.5633468032 2423610.7202148438
345580900.6016378403 1005302.7915344238
355687799.4790045619 1465662.5186157227
355548872.1882614493 1463610.6841430664
392252040.8591848612 2542399.6416015625
343699904.2763170004 904434.9524536133
345470706.8336089253 1002214.6122741699
355462882.5794104338 1458566.4330444336
355347910.7310373783 1456146.2709350586
395345956.3077095151 2590776.4824218750
392160071.8045399189 2539917.3388671875
343682611.3536671996 904432.6926879883
393252387.0633307695 2555708.5561523438
350106234.4802228808 1221511.4038543701
412207166.1709152460 2667724.3964843750
368781703.9162850380 1942776.1672363281
350682857.6307699084 1247452.0165252686
403325674.4589201808 2643847.2343750000
368918828.3567007184 1945876.0764160156
368652534.7952151895 1938770.4338378906
412503083.5193907619 2668591.8027343750
403441394.6634002924 2647660.4501953125
368930489.8567364812 1947323.5263671875
368154296.9718475342 1918793.1054687500
374498514.0829380751 2131967.0772705078
374831988.7296469212 2139701.1586914062
368051210.3730959296 1913150.4649047852
367915687.8775258064 1908310.7186279297
368448742.5817648172 1928657.6303710938
375312202.1500525475 2157025.6560058594
374744322.3012522459 2138233.3276367188
392027836.7092843652 2536347.7026367188
392079107.9551123381 2536795.1401367188
353800690.5945933461 1382385.3959045410
353898766.0594102740 1385690.4330139160
353831514.4178771973 1385163.8197326660
403632438.3823643327 2648519.8037109375
403358809.9660065770 2645433.8701171875
353744060.0422027111 1379028.7593383789
375092932.9277634621 2149653.7680664062
353377144.3569397330 1365318.2373657227
352984533.7299674153 1345481.2470092773
352866561.1452021599 1343231.2587280273
374380507.9908453226 2128143.9130859375
392116718.9888811111 2538296.6362304688
373931130.1733499765 2111568.4204101562
343331264.0057909489 841300.1117706299
394119836.7967878580 2566914.6240234375
343576750.9720075130 861037.3607330322
411967295.1274141073 2665896.3300781250
351389287.8784506321 1276363.5294647217
351540649.6526297927 1285008.2493743896
352325916.2709288001 1317638.8996429443
394438039.2792909741 2567848.3398437500
351827165.0061341524 1296396.7551116943
373577936.7879257798 2095342.9276123047
351288932.8458749652 1274136.2726287842
343459413.6482889056 851554.0870513916
352606166.1593518853 1324568.1562957764
373228060.0594487786 2083910.0133056641
373498596.1001747847 2093931.1011962891
394489902.7975249290 2570396.6259765625
394643988.5601282120 2571645.7177734375
394539513.6255777478 2570637.3281250000
351191634.6533214450 1267449.2718963623
373359728.4708103538 2088006.3863525391
403292406.0055055022 2643383.4335937500
372356494.7580880523 2043518.3212890625
371355895.1836907268 2006216.0533447266
342977254.2167111039 761148.4364318848
343076276.5122267604 774665.4934997559
371823222.3280456066 2025203.4428710938
371834910.8721767068 2026123.2789306641
343065219.6075763702 772699.7557067871
372204140.9029008150 2038370.4444580078
342828556.4658520818 735107.5671997070
371938973.2752013206 2028718.7645263672
342939905.5902718306 753863.5715332031
343044551.3878044486 763039.7473144531
365632896.6815017462 1796093.4471435547
365200428.0178048015 1776054.4918212891
364752157.1427485943 1757485.4073486328
364949042.6287121177 1762419.1334228516
364569567.3328365684 1751119.8770751953
365155143.7923349142 1773665.8226318359
365318718.7414836884 1779481.0491943359
367595263.3246144652 1857866.8000488281
367211175.6980074644 1840109.8298339844
367006692.6964585781 1834296.9279785156
366971423.7569368482 1834100.0709228516
366919734.4007965922 1831144.5565185547
366617912.9514926672 1823332.7285156250
367037954.2721788287 1836317.6925048828
