753512932.8059067726 7680364.6875000000
767222879.4256342649 7981429.4580078125
768745585.3369450569 8015180.3408203125
768798593.9918106794 8016022.7626953125
789940894.6097512245 8280031.2031250000
708649922.0624678135 3912474.6826171875
712368250.0890898705 4890914.8510742188
730099906.8873325586 6650868.0454101562
741199947.6354951859 7250673.7197265625
759337831.0315707922 7824921.1015625000
807449274.4040900469 8388803.7656250000
735660381.5450084209 6983152.9511718750
760160265.6510118246 7837317.5410156250
767471387.5009176731 7994596.8056640625
807995943.4520761967 8389917.5019531250
749098708.1938343048 7546881.9658203125
784522471.6207389832 8240197.7675781250
741757092.4461152554 7272698.6591796875
767632534.8861579895 7995662.5087890625
781726966.7404426336 8207814.5117187500
711853365.0754740238 4809165.1347656250
729083794.4260727167 6611238.8378906250
808068520.1324461699 8390100.5664062500
807906758.5641480684 8389867.4355468750
729314079.9621323347 6624537.6694335938
711869323.7116830349 4819828.5595703125
728711324.3827263117 6572285.0776367188
728812082.5189014673 6592785.7407226562
741798462.6441037655 7273941.6767578125
767801095.2044241428 7996801.2529296875
824995356.4488849640 8424643.3203125000
742090155.2009649277 7277022.4257812500
741633305.7882115841 7270573.6455078125
741675413.9585611820 7271873.9560546875
753046548.2399339676 7672521.5859375000
769631742.2965773344 8028837.1035156250
802498353.3544509411 8365534.9648437500
767806810.4802106619 7996855.3955078125
708536568.4928406477 3870826.7812500000
716866641.2470262051 5459961.4394531250
741934567.6569509506 7275775.2626953125
749203195.4070053101 7553501.0830078125
749314536.6086559296 7558878.8369140625
783334550.7489812374 8229666.6601562500
712426293.9237024784 4891181.3388671875
807111931.6644059420 8387534.8828125000
807338412.6185891628 8388209.7734375000
759629665.0987385511 7830698.3281250000
760174404.0722901821 7838377.0957031250
789565019.6603045464 8278392.7714843750
789852441.6691529751 8279796.7890625000
735683026.6941983700 6986046.7470703125
741482187.8817493916 7265542.3310546875
789646156.0444077253 8278874.3125000000
790224499.4489796162 8281006.7910156250
769400682.8000751734 8025346.3662109375
789667251.6413302422 8279406.9511718750
728232026.9929274321 6549326.5708007812
728210553.4826322794 6545098.7612304688
749306957.3156838417 7555494.2500000000
728372600.0916873217 6562890.5102539062
749538863.4926185608 7564113.1435546875
749184894.1625251770 7552777.6982421875
717037173.8581405878 5491262.2670898438
728299133.4569839239 6558755.2563476562
712420505.3390421867 4891063.7055664062
738600943.8491384983 7136087.0390625000
755503116.8840047121 7736395.6738281250
768175562.9634795189 8007185.9619140625
783756907.3429772854 8234147.4277343750
759909644.4670329094 7835614.8876953125
717575953.3105930090 5543487.8076171875
712452922.8944029808 4898887.9130859375
735781233.8445158005 6989057.4570312500
755728709.3627194166 7744169.7587890625
759013808.8652273417 7819094.2470703125
779501988.4553115368 8178724.3867187500
708843643.3797569275 3933351.5664062500
759104335.1798880100 7820277.2402343750
711572630.2225513458 4765964.8828125000
712585040.0305018425 4910157.1962890625
728189431.1919516325 6542094.9477539062
755529587.7494579554 7736626.7167968750
717272467.4399018288 5518061.1440429688
753195980.1126855612 7675706.5937500000
717221980.6030616760 5508545.2548828125
728058110.2307976484 6535573.3334960938
755276571.3266249895 7732013.7695312500
755014668.6459289789 7724497.8525390625
735942255.3228845596 6999196.3955078125
735665600.0431416035 6983644.6845703125
738693331.3798129559 7141124.0263671875
804255212.5189840794 8374046.2343750000
803379255.4680709839 8370370.3144531250
708951049.1072304249 3944858.4208984375
803399066.2292757034 8370979.4707031250
752840118.3593252897 7666670.1748046875
783681104.4002630711 8232561.7500000000
758713433.8748810291 7811967.9785156250
754925892.9101899862 7718572.8955078125
783471496.1140357256 8231067.8789062500
754904170.1394301653 7717648.5498046875
768498464.8256254196 8011502.1074218750
711048015.0210525990 4661856.5258789062
735876854.6453773975 6992628.6396484375
754353188.7030869722 7706214.9365234375
805781527.2645788193 8380450.3925781250
741008595.5600192547 7247839.8798828125
712329342.2832224369 4881950.9848632812
712156515.8449974060 4845445.0434570312
767656272.7783272266 7996077.7832031250
754245359.4074764252 7699470.7021484375
711172311.4848377705 4679469.7817382812
717763585.3770669699 5556406.7602539062
757012370.7307014465 7768673.0947265625
805620983.3119999170 8379138.3046875000
711987220.1210362911 4831999.0864257812
717676565.6447762251 5550610.8364257812
754348330.9661982059 7705818.6318359375
711965239.6844410896 4828634.1425781250
740407340.0782334805 7222482.9121093750
805640444.7667691708 8379995.4218750000
767954041.0593223572 8001267.9609375000
824024165.1374639273 8419696.4082031250
767388906.3177542686 7991819.8623046875
752207478.3506010771 7641885.4833984375
752189414.4959670305 7637836.9775390625
756946307.6488587856 7765255.3613281250
788731420.5679059029 8270870.1308593750
719035381.9689086676 5681064.3002929688
788541956.2917737961 8269489.5703125000
739878373.0783917904 7197034.9072265625
736598529.0361275673 7028364.1015625000
709108568.1581948996 3971400.1787109375
711237488.6954488754 4694390.9760742188
711108907.5263128281 4671018.5830078125
718383968.1419588327 5621009.5468750000
736215709.4790506363 7009465.2236328125
788015363.5266475677 8261993.5585937500
711211366.0259094238 4687130.8027343750
711154276.2021493912 4678875.2119140625
709206380.5147054195 3988721.5961914062
709169168.0766172409 3979763.1513671875
740122630.2609100342 7208111.3242187500
824201497.8485169411 8420406.3828125000
736502781.9821047783 7026239.7451171875
766561896.3972461224 7971355.6318359375
805400162.0500682592 8378354.3007812500
766382288.1033937931 7966550.1611328125
736551594.4951632023 7027434.8183593750
718708307.7678064108 5652518.4604492188
764414446.8981482983 7924339.5957031250
711361193.9106183052 4697503.9819335938
787844048.3851077557 8261326.0527343750
718277428.7017885447 5608628.9208984375
788210071.8620920181 8266028.6757812500
820754061.6070104837 8411715.2402343750
819805249.0199998617 8410947.3222656250
718290277.2238332033 5611369.9843750000
788110321.7450745106 8265750.9238281250
731665401.8447576761 6722559.8212890625
781615108.5278183222 8204844.8457031250
709437602.7388623953 4017156.3261718750
764055616.0355260372 7915424.1474609375
763888895.7960913181 7911260.1962890625
751407264.9507436752 7614126.0673828125
731155408.0156718493 6709527.6328125000
763788996.1942373514 7908041.4082031250
787662053.5564131737 8260498.3808593750
731386671.8551498652 6719673.5126953125
712936429.9444173574 4941147.6679687500
731037242.9137026072 6704645.2421875000
751090966.8927185535 7601062.8574218750
731091852.6817234755 6705757.2841796875
751136803.5994629860 7607600.4550781250
718232896.6831392050 5603916.3774414062
731090889.7183502913 6704878.4599609375
777489654.8023155928 8139336.9023437500
820200994.4354113340 8411669.2871093750
736690979.3872208595 7032428.0449218750
751234692.5179555416 7609726.6943359375
762660442.4707809687 7881483.0107421875
718155130.4944247007 5591806.4877929688
819242354.3152266741 8407231.4707031250
750415591.3927061558 7580466.0810546875
762290246.3150202036 7872490.1103515625
819287698.5500638485 8407952.3652343750
730519528.2849818468 6664778.1103515625
730426634.1820360422 6661970.0156250000
730296618.5014513731 6656512.3886718750
762202742.2243716717 7871301.5625000000
709792308.8351877928 4034858.3994140625
777874381.6275366545 8153623.7890625000
761540250.4066584110 7854747.7138671875
777981008.5009480715 8153704.8242187500
761412225.9797435999 7852122.4804687500
761773383.0837714672 7859795.6113281250
761307219.9759429693 7849537.1699218750
778114292.7597459555 8155738.9355468750
778013701.6063095331 8155016.0800781250
761669945.2852668762 7856468.9736328125
737821472.6462137699 7089905.2148437500
780773219.4447726011 8193650.3242187500
780476818.1678806543 8190798.8183593750
801516374.9575067759 8349776.1953125000
747231830.3085587025 7464148.4814453125
746910178.2470734119 7452051.8759765625
747139547.1154675484 7460343.1005859375
738057820.2353599072 7102519.2402343750
738305702.6363182068 7114334.2958984375
738308835.4866333008 7115125.1962890625
738073988.2478804588 7103317.6669921875
710094505.0566743612 4060832.4311523438
710256060.7064430714 4081491.4882812500
746227057.8427431583 7421621.8554687500
746879053.1649665833 7448237.0283203125
746354773.2987937927 7428142.4189453125
746761865.7888236046 7443585.5224609375
746604616.1159665585 7438197.8193359375
822576094.2755931616 8412363.0742187500
823727121.8926287889 8413889.7832031250
801699566.8556205034 8350059.4101562500
743411647.4850144386 7315765.3007812500
743642194.8138101101 7323112.4101562500
744395641.1082520485 7349866.5000000000
743990396.7678036690 7334937.6953125000
743974267.4538817406 7334933.1210937500
823222244.2521727085 8413313.6816406250
743942571.0527839661 7333185.3701171875
710585543.6721849442 4121092.1230468750
743818670.9302861691 7328830.9648437500
720119715.0768009424 5727274.8891601562
720049217.0025957823 5725497.8022460938
719918467.7758125067 5720029.6401367188
719787666.5351470709 5710249.3945312500
710691685.8803282976 4137562.2290039062
817612179.0010607243 8400262.5312500000
818888295.5352925062 8401673.8515625000
720731493.2859894037 5733980.6059570312
720933116.8562453985 5735693.3437500000
720589820.9759572744 5732966.6289062500
816615361.3211116791 8395306.1757812500
815457682.4837700129 8392807.1250000000
816072600.3629037142 8394221.6601562500
815666609.0198627710 8393500.2539062500
815397442.3543637991 8392775.4335937500
814651961.7368032932 8390942.7988281250
716641539.1700938940 5339111.4624023438
716548744.5433033705 5324986.0546875000
716358035.4105762243 5290601.1171875000
716146360.9897333384 5259144.8906250000
716229023.2544888258 5278605.3300781250
716258224.7018033266 5280259.6093750000
716281205.6285039186 5285043.1240234375
734254771.7359321117 6778849.1484375000
734999287.5577330589 6828925.4121093750
734907040.3963966370 6824729.5029296875
734554082.9107387066 6798329.6191406250
734285549.0378983021 6783296.8408203125
734589147.7700755596 6804026.0458984375
734455922.4729397297 6791951.7929687500
726583480.5066922903 6173683.6762695312
726489125.1548900604 6165252.9775390625
799994934.6869703531 8323466.8496093750
799842274.6997935772 8323012.1308593750
800025548.0878553391 8327711.3378906250
727174258.4173454046 6188380.0742187500
795049841.1889724731 8290357.7910156250
715234144.2612881660 5036670.3261718750
795995752.7045224905 8296619.7578125000
715086013.8979564905 5023134.2500000000
715279673.4109580517 5049685.3637695312
726830407.4892665148 6177549.1582031250
796094121.9269175529 8297637.1601562500
716130506.2380156517 5177719.8549804688
715657649.0902493000 5115587.9892578125
715487454.3770804405 5066984.6743164062
715546606.7422571182 5079413.3144531250
715381740.2129523754 5058733.3393554688
795655394.2335485220 8294164.1425781250
795564171.9870531559 8293163.2792968750
794340077.1455353498 8282789.3066406250
794525904.3161494732 8285149.0371093750
725856159.3028773069 6066182.8339843750
725764831.5265994072 6048827.2231445312
725741381.2918363810 6048443.7973632812
777328752.6944023371 8081830.2109375000
725958066.3419108391 6067658.2358398438
798670546.4100786448 8304259.7246093750
777140788.8360729218 8076290.5771484375
776999195.4091832638 8073795.2958984375
798308618.6611338854 8302008.4765625000
797916401.9451286793 8299310.5410156250
725278734.3176687956 5851671.2973632812
725100112.4783781767 5836965.0996093750
724866196.0185455084 5793939.5952148438
724611205.4781028032 5761427.6108398438
724469196.1438468695 5744662.0405273438
724567755.4354771376 5752095.9545898438
724435859.0623756647 5743852.4467773438
