406363958.2489634156 408061.6583251953
405942709.3997917771 407907.0172119141
409315677.5936504602 408847.2526855469
410375971.7210144997 409133.8465576172
397290025.6713504195 392288.7233886719
405918892.8545153737 407903.5737304688
406060389.4960724711 407992.7884521484
373948203.6835060120 148364.9258434081
374424013.6752570868 170834.2238255291
374804527.0993726254 174296.1938811687
375804716.7102995515 203038.7700925961
375789764.5631596446 202577.2551391125
376220086.9745801091 211817.4103062793
376588885.4413928390 217986.2128042239
377032162.2084167600 222730.8511404977
378849683.0044186711 247904.3005314618
378856605.0544285774 248443.5051198791
382943096.4097589254 301110.7942936057
383084359.4377605915 301956.3957634000
383202475.7438453436 302243.0332615608
384385369.3136137724 314023.6391067915
389373081.7282718420 351136.7194452211
389578247.7978053093 352593.4215631410
400325256.6493736506 400863.5014648438
400141341.5530110598 400794.5087280273
401488032.2059412599 403100.3316650391
406063342.1371232867 407998.9636230469
405944688.5840606093 407976.3483886719
396320548.2900201678 389081.1945343018
375925751.4385709167 204199.9592538616
382805898.7582166195 298434.6223118538
382824795.9094247818 299774.2888920540
383203334.0847017765 303155.1747888378
383956374.5077405572 310622.6988009624
383115955.7501696348 302214.2894112701
382930667.0190302134 301106.3276951546
384033941.5116649866 312008.2435397319
389423616.4297543764 351759.7847695202
373845776.6058650017 146331.7839977050
389571942.0879405737 352590.4473962709
389678454.5010024309 352752.7873196527
376860178.6232578158 221622.1297202895
383107556.9399197698 302144.8425007537
383996157.7710659504 311663.7369934721
405731575.1073065400 407493.0811767578
374537269.3799501061 174095.3958572109
376795956.4771540761 221006.8644296809
378988214.6288226247 249249.7195382904
393879855.9875229001 378013.9133148193
376895675.2256329656 222430.8294159232
376895602.6491249204 222075.4313553630
376750833.8531640172 220697.7067276298
374487046.8174557090 172676.8900383859
374588141.2752519846 174120.0176125920
397764969.7563900352 394227.6068725586
405657341.7252364755 407382.8913574219
406303208.0999876857 408030.1608886719
406171410.8667623401 408011.7211914062
399972388.0809237361 398662.1913757324
409437234.4346591234 408993.7602539062
382930573.9601844549 300672.1076374725
382994131.8764507771 301447.9214802459
374454359.0099856853 172062.2540115078
375731661.0178529620 202414.5292727947
376868987.4165022373 221724.2188287820
389637252.2139946222 352642.0614045188
405848904.4230267406 407786.8214111328
376517465.8228953481 216771.0344670413
382990160.0087994337 301144.1671772674
384080285.8181016445 312104.5768089704
393922798.0099868178 378241.5978546143
394461567.1533600688 380661.2441406250
400133118.4623348713 400597.3202514648
389710182.8066753149 353410.3890922591
376490160.3067182899 216462.4075885857
383033203.2497854233 301826.8205280975
400044631.2287439108 400403.8216552734
388979864.2527148724 348516.2062155232
389314313.5814143419 351046.0305108950
389409568.6204465628 351618.4442443177
400245955.1167452931 400862.2978515625
388923020.3935129642 348485.2290426716
376699979.4536938071 219843.1637750710
376559265.2535502315 217509.3087726678
374376245.6468412876 167170.1411620200
375017615.6271373630 176037.6278689168
401398342.0172464848 403069.4307250977
373901850.2665385008 148081.6964364254
376145960.2678023577 210528.5563294808
378649318.4436807036 246276.7395978462
383302721.5052976608 304757.4348881822
399977048.6867607832 400357.9502563477
383827980.0283910036 309287.8794490797
397291339.4368285537 392634.8499755859
376622963.8247093558 218143.2177327274
397803420.3326662183 394503.9155883789
376196082.9350133538 211069.3509134199
409515648.5832085609 409044.8564453125
397959223.1711427569 394893.1411743164
409858971.0156887770 409075.2745361328
376170547.1338842511 211019.7244793619
397554612.7552465796 393900.0706176758
374630679.5753392577 174288.9597692768
397545312.8803368211 393885.7053833008
401509805.4880656600 403193.3599853516
394547058.7731273770 381174.5622711182
401063709.2310343981 402612.3908081055
376233015.0868830085 212148.3199883751
376202167.6089234948 211344.1231302167
376120236.9152726531 210511.6600564863
398025314.2060932517 395119.2402954102
398350107.3114356399 395720.4750366211
397883132.4915871024 394828.4859008789
374090174.1033847928 155564.9912843718
397356784.1835178733 393272.3633422852
374123592.3624569178 156754.4809389128
388445405.4744855762 344834.9510797998
376089552.6880832911 209072.6325143720
383849875.5047510862 309626.4351809872
393682400.3647682071 376165.4511108398
383689145.6480009556 308231.5073748576
374346860.5067856312 165560.5561765427
384666945.1631051302 315802.3783038957
396917907.5023710132 391651.0115509033
397312073.8147355914 392852.0737915039
378754851.2460636497 247759.2821546089
396892501.0286079049 391298.2869567871
409126918.5987671614 408814.9759521484
409492474.3486858606 409019.2593994141
375949121.2394813299 206480.4261799343
397041314.6540519595 392177.0433349609
396716936.3812630773 390913.1251373291
376037857.5939480662 208286.6704636957
376021616.4207284451 208229.4407419111
393783513.3208547235 377339.7014007568
374641611.6545304656 174290.2442701141
375968170.5012104511 207029.7560495283
393578616.0123926997 375701.6892852783
394280317.1126465201 380117.5097656250
401122124.4844633937 402658.9141235352
374006938.3192576766 151776.9854402882
400958400.9969628453 402246.8883666992
384267891.0542211533 313314.1042646272
384267002.2256640196 313287.1391399605
374092354.8383197188 155711.3361850511
384403530.5525724888 314459.6543144835
384249910.4825109243 313210.1322962889
401091895.6681966186 402626.2600708008
401127422.8096551299 402661.4574584961
374397530.2366734743 168605.8578220600
384130856.9026345015 312421.7286553038
383986647.1946517229 311237.0268345578
383979204.6691902876 311225.0182498349
389202239.0556645989 350041.2215236947
375646792.3831763864 200157.8175468752
383764138.9166979790 309184.8738604533
375680165.1878017783 200782.4480886171
396861857.7496412396 391266.1287994385
396854291.4838071465 391265.7898101807
375631984.2159057260 200055.0132016847
410155168.9903462529 409092.8397216797
388338463.1722809672 343936.9986261865
374331355.0569691658 162299.3121158867
374198912.1343175173 160266.1702701836
374151348.6191476583 158265.3778807423
383880160.5495094061 310003.1935366578
374142972.2550698519 158233.4496211498
374031691.0758371353 152766.4898148491
375578801.5636086464 198216.9491991166
394334571.7141568065 380260.8203125000
379388875.2144191861 255141.0498674702
379171706.2586464286 252166.5169469267
379609750.6051470637 255649.3419574462
379282148.6660262942 253921.4633769491
379556322.0072090030 255407.6523683965
374041448.1419401765 153613.7221881947
379366275.5416813493 255099.9084356464
389562895.3370001316 352202.1436313912
379209288.4707313180 253365.2114659697
379073549.5440927148 251536.5038548857
394190662.8472895026 379560.8875122070
374003697.6976404190 151580.5868607475
379505448.0033692122 255395.6221105009
400843714.8321536779 402028.2118530273
400767255.6029772758 401870.3425903320
390489915.0458216071 357089.7041591471
390489660.9402523637 356216.5967372721
388724952.1017699242 346480.0794543764
388717915.1175501347 346394.5655886075
375549931.7312314510 195451.2726878705
388516487.0803769827 345037.7736529177
378387403.4668112397 241983.5441902172
396041948.2522259951 387118.7384948730
405369111.7678269148 406610.4940795898
388557543.8961503506 345404.2809008425
395908012.8424261212 386156.5158081055
390286430.6357226968 355928.7344783610
395937761.1411558390 386625.5551757812
396005525.2681983113 386917.4327392578
377844653.9749397039 233615.0085118860
375532825.3575002551 192913.3561626616
375509144.8716682792 191065.9814983848
390124981.0826243758 354990.1763728922
378541738.5969820619 243927.3825895017
378470055.9980840087 243078.2261868566
390184091.7231227756 355078.0543636149
378564776.2768236995 244349.3041287512
390167088.9120361209 355023.1239665812
375531492.2548956871 192175.5761467087
388575299.6403405666 345492.3860278791
390022149.2633534074 354098.3133128947
387982745.5938420296 340061.4614164187
388216826.4561659694 342618.0711435815
388375461.7655656338 344159.4331354639
395091830.8908122778 383018.6888885498
375404197.7370380163 188649.7555461963
375397739.9640296698 188649.2737772343
377733869.3374117613 231620.4763914999
377701515.7982921004 230992.6739654860
388048792.6674984694 341389.9835581323
377748132.1449769139 231981.1657240242
395524670.0671853423 384402.6259307861
395479067.1918072104 384201.4086456299
375307891.1413695812 185769.1134680880
378258508.4919241667 240121.7173415273
378583740.7222811580 244377.5330131542
395530707.2516891360 384429.6814727783
395636623.4802944064 384744.3501129150
375171574.4329434633 180178.4256934317
378287222.1214021444 240260.1173721403
395457122.8678984046 383927.6592559814
375152542.7140332460 180155.3397082480
395481764.7125497460 384260.1240997314
395577771.9694933295 384451.0968780518
375189381.9905335903 182133.9532260092
375193274.3128188848 182214.0433917493
375190042.3881971836 182188.4815539511
375114187.3069790602 178135.1802244799
375139780.2197480202 180086.0121641772
378094839.9122633338 236827.4131534997
378349338.4322454929 241041.2240141075
378128232.7431271672 237616.1482742060
404841019.9756158590 405853.8287353516
404574384.7890603542 405241.2309570312
404515988.6763057709 404701.3419189453
404606730.0737369061 405288.2365112305
404442066.2413358092 404469.9364624023
404699327.6749472022 405529.4423828125
404791565.4829347134 405670.6839599609
377696794.7842134237 229169.1837900679
377683213.6912122965 228523.1916361551
377594833.5240510702 227517.0913864825
377393526.2081665397 223259.6427774429
393538531.0871223211 371066.6220377386
409082817.4057086110 408255.0876464844
387326648.4671917558 331822.7995640698
387486028.2059918046 333271.3511540357
393025015.6892859936 367572.1023219526
393074610.4053516388 368591.1282008588
387593596.5709735751 334154.1092717114
392344598.4472156763 364418.2759912219
393240680.3614782095 369091.3012597766
392899841.0221515894 367371.0921533313
392341480.2377229929 364413.0412500110
387871725.5497375131 337170.8541025582
392576527.2240529060 365172.5503499713
387739074.2047368884 336334.6333653394
391931712.7902153730 361421.1405155659
392049019.9137823582 361772.1309635639
387600817.4375094771 334462.4190509946
392300774.2947211266 363750.9368946552
391908233.7475020289 360749.7140245438
387638838.0496502519 335412.7143465907
387858953.4106715322 337127.4389559657
387046156.9244152308 327554.3648572337
387245733.5995713472 328507.0461182818
381864632.8237325549 273595.8252899498
386461900.5708115101 322423.1156602427
386319851.7461080551 320667.9298387095
386547234.8129860163 322584.7876573130
386002903.0443028212 317142.0665343925
386132661.8872643709 318733.3377976343
386105287.6712458134 318277.3684142753
385826337.2122004032 316526.6066955253
381958774.9933785796 274494.2148323655
381937214.9253036976 274401.8578331321
382715825.2958468199 283121.3266482039
382741081.8510656357 283299.6811404063
382286766.4843974113 277322.9919214284
382383932.3590943813 278288.3689768648
382272316.1435308456 277308.6537963168
382372339.6969534159 277863.3175921476
382266283.3407325745 277264.7171106374
381457186.2145929337 263668.0714224757
381057054.5883528590 258443.2493264073
381154925.5415857434 259971.5021583935
381101077.1912766099 259582.3095681065
381030720.1913314462 258221.8865944737
380979159.7433536649 257245.8759845489
380942903.5691218972 255922.1179245416
