209683180.6243190467 146.4810063119
213183355.0971222818 199.4699793973
217667702.5951879025 241.0842530185
217400216.0446631908 239.6044899875
231791617.4039302766 305.3052446842
213216768.5633580983 200.0978947522
213594942.1442792714 204.7484248647
217157883.9356847405 238.0146379822
223646724.5416377485 282.3563563824
228679383.9211437702 297.1188218743
236061348.9263005555 307.4605948925
207696471.7803250551 87.8745113211
213626894.0819292068 205.4919791700
217541086.4133155942 241.0306626261
234116766.9011732936 306.9543612003
233928265.1893203855 306.8825113773
225666335.0640984476 289.5581244230
207904807.6534112096 96.9620161474
213699104.3104209006 206.1097695970
213553881.5757191479 203.9140785592
217472043.4180554748 240.1073045188
231775072.8478956521 305.2014281750
236006020.8262318075 307.3783183098
207740517.9922233820 90.3439957154
222732273.5766136050 276.9338848889
236010702.8780837953 307.4214458466
207962498.2224572301 97.7013216045
225410840.9292825460 289.3991973400
228937035.9372143447 299.3154957294
231611344.7406183481 304.8904781342
233813468.5929044485 306.8201370239
208831745.5908948183 129.3656209145
229250014.8280603886 299.9471981525
209942815.0650608838 149.9394051044
210005677.1024929583 151.4632612921
231309230.8558122516 303.6864731312
235386205.8439372480 307.2977786064
213622463.7889461815 204.8810193672
209382533.6299957335 139.8715323757
217670322.0153929591 242.1613202223
223659509.9329001307 282.9165697098
207873883.4866847992 94.5481618906
209867506.2203182280 149.8295268889
219429064.0673687160 253.0759738747
225468242.6848168969 289.4365925789
229382739.6227601171 300.2061765194
231507527.0557602644 304.5534725189
233859626.6987347007 306.8571126461
207537574.6281454563 71.5858617013
217703456.8252493143 242.7727363237
217406163.6027012467 240.0085493976
217137664.6115968823 237.2756579572
229365132.6340775788 300.1900999546
217776121.4608023167 243.1163526231
223432875.5414775312 281.5766961575
207825248.8958077431 94.4402838171
217528642.2295273542 240.9849564487
224156413.3115855753 284.7617324591
219269889.3005296290 252.7082214107
225779530.1513679922 290.3964278698
217675430.5562924147 242.2479171605
219355154.3437303901 253.0703832356
231336769.5769578218 304.0498194695
213079216.8063005507 199.3087714681
219098309.6567479968 252.6465265785
207579629.7050645649 80.3308372637
218728286.5151604712 250.0967700233
219011565.7294359505 251.8070934944
218758122.6370617151 250.4923608054
231569578.1630136073 304.5667796135
231766004.6173596978 305.1257073879
210025009.6281209290 152.3636313733
224258387.8735679686 284.9824018478
213342111.6274052560 202.1955671081
217114767.8614481091 236.4963097140
222913361.5712459981 278.3364483118
212899083.7599967718 196.8722105204
218679605.3546745181 249.5687858810
210071261.7713431418 152.4339862920
212942600.7250686884 197.5228085695
207738766.0990951061 89.6514817602
210088923.6779014170 152.7190392028
218491433.0021480918 247.3216184725
229291682.8047394454 300.1115510464
218244457.4394217730 246.2884909772
232511462.9998106360 305.6830608845
218409612.7606530488 247.2104417433
221988265.3064411879 271.7049923241
218514645.0110327601 248.0474027743
222155083.3586589992 273.5868547559
235114519.8903781176 307.1357886791
207539950.1623029113 73.9623570779
218572740.5330472589 248.5740770449
212697022.9433385730 194.7415116011
217352081.0779961348 238.8695787504
221934555.2906414866 271.6306046471
232316955.3516092300 305.6250526905
212539215.7313276529 192.0101614250
235055379.8912451863 307.1053283215
209961724.1261376441 150.1243097640
224214097.5233319700 284.9213507175
218027819.5009206533 244.8892588281
218266157.8461559713 246.3664682769
218646138.3808931112 249.1447087874
222010469.1055711806 272.4182066917
222517729.2197157145 275.5953624845
222233818.1268722713 274.3562373519
229002936.8129202425 299.6804449558
207558689.2767905593 76.3524698388
234517261.1466223598 306.9584372044
222463364.3966944516 275.4698898494
222637456.1083706915 276.8458481133
225957800.6512883902 290.5416431427
218158966.9910099506 245.9570586347
222757246.7340122461 277.2020703256
229086034.1398769021 299.7382380962
229175606.8491962552 299.8518581390
217923993.6057519317 243.8293194325
232545193.0130997300 305.8852488995
228415110.9596433043 297.1140531301
228276397.1019970179 297.0762993097
230549972.4231531322 302.5396683216
233686657.5614828467 306.6466917992
217277503.7768586874 238.4308473185
232726624.9435437322 306.0104725361
228107458.6060881615 295.4904904366
222790783.7734571099 277.4769240320
231009618.1314760745 303.0322871208
233418773.6565506756 306.3625142574
207563147.9596321583 78.9627425603
228181796.6961011887 296.6814928055
230916239.8220533133 302.5761044025
230428201.2615309656 302.3675265312
212728806.7879667580 194.9109867392
228155352.4824106991 296.0376974344
207885505.8537827730 95.3974262046
217038423.0920858979 236.4875959471
222994038.2381891906 278.6270211339
212657854.0813020170 194.3766197575
208971478.8193213940 132.1134770714
232683485.0266645551 305.9855973721
223108328.6106935740 279.2613834739
228023612.9603399336 295.3689910769
212902222.0527896285 197.1271456657
207778316.4950903654 90.8149617149
223125411.0273447335 279.3435385525
233560138.4934169352 306.3744773865
232641831.3206993341 305.9599773884
207710815.2534660697 88.0378692352
223295182.0385464430 280.3657924533
217247322.9568395615 238.2547845557
207755802.1893195510 90.5842102460
230972192.7627149224 302.7117910385
233286506.5953910053 306.3417654037
233226662.0100195706 306.3164596558
225164071.8749842048 288.5204247236
216915300.9359079003 233.5526968769
223098434.9462163150 278.7799890637
225125055.6780594289 288.4509733915
216704809.9746022820 232.9828371338
216324309.7843964100 228.8400133281
216523418.5021307468 231.0717801183
216319325.0098849535 228.8263934731
207672246.2457557321 87.5071063928
225072639.3629391193 288.1256295443
212827795.1997961700 196.0189223209
224668116.7741752565 286.5193406343
224341944.7605405450 285.4943735600
232535554.4705851376 305.7949392796
208709582.7244548202 124.1969733859
207621978.5616671443 84.0734368133
212634655.2787879705 194.0683807434
230305035.3805066645 302.2464601994
208819484.6462922692 128.6063498739
213862508.7673329413 206.5813394805
216623364.6123385429 231.3641387849
208737967.8690237999 126.4040437207
208784387.0463007092 127.7126943354
229548655.5204450488 300.6036128998
216249353.4173969626 228.4928586810
223946275.3368178904 283.8732880354
207624291.2800131440 84.2534930369
225051236.2633985579 287.9769147635
208879119.0348978043 130.7197659408
224332294.2277402878 285.2847352028
213010365.0418373048 198.1053616026
208659539.7274755239 121.1573191967
216171561.2344702780 227.5032656818
215997927.8642344773 226.1454804634
208802467.0831585228 128.2592499648
224338706.5820448101 285.3827459812
228262982.9397239685 296.7304008007
209500416.9840172231 142.4931453280
230055369.9923502803 301.4976425171
215509821.2406126261 221.3725744058
207632889.3148553967 84.5000143542
224830516.0345832109 287.0439080000
209275095.3630005419 138.7691185649
224557489.7181667686 286.0369426012
215696070.9903551638 223.1943263506
215727852.7124942243 223.4215397333
207612199.5005331635 81.9589871537
228983869.7413445115 299.3478128910
215470311.6057223380 220.6822870095
209571492.9339262545 143.5766445852
215463330.7789993584 220.0230842758
215442330.2531853020 219.8402439732
230201288.6948799789 301.7336032391
229735228.2768439651 300.8183319569
229924462.4332124293 301.2261424065
229993862.0746375918 301.2402992249
215225425.0640103519 217.9798642544
215175359.7384209335 217.8788086323
214973740.4830118120 215.2596277630
215108785.6502313316 216.5368684543
207595462.4574195147 81.6175140507
212145093.7033630311 184.8276777211
214607259.7122685611 212.1711064534
214247748.2422257960 208.5135006560
208554813.3720226288 119.3532452950
209394852.5431705117 140.7139888698
212146532.7978668213 186.0253078285
208648457.3110279441 120.9614166388
209666117.7945804000 145.6194283335
214353075.3750868738 209.0828947676
212176752.9864202738 186.5764296296
214819631.2022825181 214.2212737104
214354211.7681578696 209.1556405080
212221369.6124433279 186.7449346426
209608435.9306658506 144.8289992182
214455587.6135323942 210.3223203076
212559948.6193869412 192.3851230086
209463533.1935280263 142.4710357494
214551585.6274342239 211.7620325936
214486937.2261143029 210.8443823113
214373257.6699714363 210.2871335400
212296294.9000726342 188.7674787882
212383990.3524785340 189.9274145271
209337465.5454389155 139.6222961123
208607593.7266089320 120.0082230314
208531032.3892483711 117.0846290471
209133800.4146130085 134.5939327325
209133869.3215351701 135.4922993029
209218593.1270070970 137.1561417358
209064675.0283985436 134.3594359185
208987369.9423798323 132.6579091395
210721359.9862519801 162.1792641098
212115830.1109555066 184.7160844851
210822016.9614084065 163.4401278907
211281337.8595999181 168.5656187521
211296730.2984915674 168.7977942008
210998210.6667266190 166.6998801373
210877752.8981397450 164.4186908630
208582525.4262313843 119.8997800717
208673639.4962176085 122.9768839249
221313594.0132499635 263.2635183260
221365182.3513936698 265.3635735661
221627326.0840735435 267.3831775039
221364714.3455671668 263.8234099597
221898603.6969885826 269.1231378168
221618275.0849736929 267.0475464463
221670513.7460572422 267.9268083423
221791484.7129160762 268.3307728767
208421779.1377000809 107.1914963335
208325990.3943290114 105.1412070828
211921296.5777394474 179.7327014224
208407029.9574726820 107.0759381267
211850593.0399183929 178.4479440615
211691315.0988671482 176.5609639470
212028005.5207733214 180.8583246634
212058891.2052985132 181.5700143293
211853981.5851696432 179.0325917170
211684312.6366329491 176.2642647034
211655088.6565530598 176.1526163981
211440164.1687062681 171.1805525272
211381958.9776578248 169.7806117459
210563414.9647281468 159.3323445687
211325150.4284266531 168.8999536900
210516882.1926219165 158.0327118573
210464235.1244486570 156.7967456838
210403362.4500965476 156.0453734648
210430737.6007827520 156.3824846699
210221035.3149514794 153.3265174364
208270879.4231570363 104.2825926579
210186527.7874607444 152.9707656836
208214791.7019543052 102.3699338463
208204718.9306617379 102.2870687115
208179197.1076698303 101.4268948901
208105516.8131877780 97.8919562897
220684761.7470403910 255.3118076287
220943046.5929868221 257.3130584881
220359614.3341146111 253.7261468731
208121370.3156678677 97.9013808967
220751876.4120669067 256.2172156535
220458155.2575756907 254.5319240633
220406420.6579014957 253.7277642582
221250510.3583095670 259.9108411795
221108936.7384175956 259.0888990290
221297413.3299963772 260.6641290910
221245280.9972750247 259.7416270501
