276212769.2495504618 2724597.0283203125
276395177.5181196332 2741788.8623046875
279790814.5049675703 2951074.4150390625
285478613.1180137396 3131178.5898437500
265363536.2269786000 1250162.9160156250
272197648.6530333161 2345600.9384765625
275330498.1661674976 2616237.7114257812
274880386.3821587563 2608188.7885742188
279812103.8142762780 2951691.7998046875
265376327.6797837615 1256688.0102539062
274514386.8856390119 2575441.7631835938
274646042.5731135607 2589844.7719726562
274853001.1258507967 2606850.9355468750
274665011.6529784799 2596490.4008789062
285135280.2594614029 3126220.6289062500
269540237.6711626649 2036795.3779296875
274578796.4518485069 2580797.6704101562
274540449.5333614945 2579467.1743164062
284996320.5725309849 3122987.4941406250
274759560.3689843416 2603017.8828125000
268734896.9629838467 1913247.5014648438
268102411.3006491661 1817284.5793457031
268987278.7662422061 1955636.4682617188
276046988.1823129654 2713184.3769531250
279821287.8997306824 2951796.9228515625
268062971.7315707803 1809872.6247558594
268143699.1494399905 1827563.9284667969
269931361.7883221507 2083931.4736328125
268353665.1670795083 1860414.8603515625
268502352.5519556999 1880409.2619628906
281475527.4072042704 3015672.6660156250
281922093.2407107353 3031149.2548828125
285072071.9316117764 3125399.0839843750
288560510.7085341215 3146470.1757812500
278772651.0810102820 2899841.2929687500
284737934.9194725752 3114750.0253906250
268244126.2588598132 1838584.0126953125
276247506.1178610921 2730634.8320312500
265144781.0447060466 1196345.3747558594
274306696.7124556899 2555207.5068359375
265220549.6772266030 1214851.3698730469
276584962.8875529170 2756492.6435546875
276272467.0475887656 2736586.7001953125
284579687.9780461788 3110465.5410156250
285040083.1979535818 3123517.9667968750
287016535.2644387484 3143154.5527343750
276648094.7660558224 2761309.9316406250
265246415.8852093816 1222616.3330078125
284798490.4212461710 3118224.6152343750
276698546.4540623426 2764404.3564453125
282332977.9816095829 3040488.7998046875
286991936.4975711107 3143058.3437500000
288716329.0166106224 3146616.0410156250
265146340.8224027157 1198375.8923339844
273008957.4676399827 2438094.9848632812
276599040.7074422240 2757219.2246093750
282346242.3546237946 3041263.4208984375
279802767.4682070613 2951526.1474609375
281252645.9314506650 3010484.2890625000
272307457.4058458209 2368005.9985351562
286936904.3511526585 3142903.6855468750
269574065.0536509752 2038689.9033203125
276666186.7535427809 2762701.9199218750
282075527.5742033124 3036606.9013671875
276467165.1280902028 2750126.0039062500
286431026.1514291763 3138607.7910156250
272925930.6119754314 2433114.6108398438
268278854.2086915374 1844661.5410156250
268942853.7560328245 1945756.7724609375
272884130.7990084887 2425034.3540039062
264977297.0785925388 1103256.8315429688
273023191.7818486691 2441090.2241210938
279762962.2707431316 2951009.7998046875
274471069.4247277975 2575087.2436523438
276614973.7438049912 2758705.9687500000
281360263.9856119752 3013105.1855468750
274368727.6524875164 2565249.0253906250
274438585.9340693951 2574793.6030273438
268662785.7446076274 1910366.8237304688
265415256.0308304429 1257812.8603515625
285911312.0631384850 3134650.3554687500
273041878.2487119436 2444234.6684570312
281404115.1200339794 3015302.2011718750
281332939.8362227082 3011409.7812500000
286662092.9027562141 3140332.7832031250
276569735.3528729677 2755073.2519531250
276742573.4623541832 2765458.2685546875
282146376.8685364723 3037777.1591796875
285378145.0282119513 3128814.4160156250
268267962.8896985650 1843632.7497558594
268583139.3407894969 1893005.1848144531
266007507.2188060284 1386779.9541015625
268620518.7950764298 1901353.3334960938
281298734.0697089434 3011284.4589843750
265558674.9134598970 1286552.4062500000
265560213.5741504431 1286783.8615722656
265586328.4597748518 1288493.2084960938
265534964.2383288741 1275492.0373535156
281354103.0988799334 3012106.2480468750
265493089.4871309400 1268981.1101074219
282242250.2676571012 3040118.3349609375
265469063.4468728900 1265350.8137207031
266044300.4727711976 1393826.7207031250
268758206.1527007222 1923828.2285156250
282001072.0635136962 3034423.0615234375
265017148.6358462572 1123667.5847167969
272970412.0441828370 2433745.2895507812
272961604.9430420995 2433172.4926757812
278884777.5051518083 2908045.2470703125
264895482.4145156145 1069476.8513183594
281241953.0817716122 3009692.8847656250
265359433.4852004647 1245481.9946289062
264980072.3265356421 1110022.0297851562
268552969.1090245843 1892564.7885742188
266079389.3954023421 1400112.1601562500
274397957.6953925490 2568902.2714843750
281209350.1806599498 3008318.9667968750
287282948.9315527678 3143255.3085937500
268527881.5306925178 1887580.5485839844
264917124.6695775390 1089655.9626464844
269735441.7404089570 2061377.9326171875
266050164.6487610042 1397829.3803710938
265926133.5446811616 1375627.2231445312
278810542.1204466224 2902937.5341796875
281660666.2379672527 3023439.3593750000
268295277.2270843983 1852067.6071777344
278718447.8320640326 2895395.9843750000
281658970.9848188162 3023395.9765625000
281567901.8283399343 3020380.0195312500
265050834.5150144696 1140107.0551757812
265016675.7879533768 1122722.0380859375
269006855.9252591729 1959069.7563476562
279589953.8069553971 2944697.2763671875
286706609.6059281826 3141491.6953125000
266113995.5600571334 1410369.4565429688
268831204.9866033196 1937808.1918945312
277068400.0565731525 2788651.8974609375
288488585.8729274273 3146377.5507812500
272115554.2484589219 2344955.3320312500
277261459.1194354296 2800010.2539062500
281128843.0564439893 3006187.6992187500
279481185.0087302923 2938824.9843750000
283457282.8294745684 3076133.0927734375
283927237.3117222786 3091067.1640625000
284385408.9737194777 3101362.6933593750
283571764.1201335192 3079877.9111328125
284207744.4327774048 3099041.9921875000
278834488.7507284880 2903735.4589843750
284476783.3448956013 3103097.5390625000
265888203.8750450909 1360482.8579101562
283456375.7116582394 3075444.4619140625
278855980.8535894156 2906438.9931640625
280519604.4494537711 2981801.1884765625
283496394.7909334898 3076185.9072265625
283559916.4143458605 3077273.0185546875
280907507.6758078933 2997906.9716796875
286807722.2705965042 3141853.1425781250
279678599.4280850291 2948472.3701171875
268743400.4109772444 1921579.8745117188
279566369.2656025887 2941690.0810546875
281973729.2609089613 3031441.5263671875
279401853.7698204517 2935035.3759765625
286072233.1844937801 3135840.1035156250
288295300.7318103313 3145458.1503906250
269536896.9839877486 2033674.6208496094
280596609.5902379751 2986399.8232421875
284279575.6907655001 3100728.7968750000
272386659.6603655815 2378613.5957031250
269572931.8811903596 2037295.7814941406
280432223.2621454597 2978337.8847656250
283517704.1384518147 3077069.0439453125
276905783.3080947399 2777949.8369140625
265080819.7660605907 1147416.3452148438
265812904.7165046632 1340478.4020996094
283616155.2764341831 3081968.2158203125
283319500.3504865170 3072237.6474609375
280185527.9413019419 2967084.3671875000
265856431.3098844588 1351564.1469726562
270481097.5277848244 2155160.9785156250
270791189.6155973077 2187321.8217773438
265115655.4730149508 1162209.5935058594
265057084.0078868270 1145915.7553710938
288118041.1967573166 3144873.8457031250
273209621.2878895998 2457772.5473632812
288010028.1732918024 3144512.2558593750
265728359.7263130248 1314882.5332031250
265759602.9762754142 1330739.4401855469
265676594.3789896667 1308254.7978515625
287955327.8589870930 3143935.3769531250
269496807.2646941543 2030511.3068847656
287853052.7736030817 3143881.3476562500
265714018.0820949376 1313686.7841796875
268656665.2114796042 1907542.9204101562
267263181.4785641432 1535048.0996093750
270793605.5093744993 2190762.0366210938
280252777.2018283606 2969911.5292968750
283289849.1056160927 3067576.1982421875
280114419.9381054640 2964234.3359375000
279864147.0910478234 2955668.1201171875
272361185.5552888513 2374213.5527343750
269355716.2629432082 2008959.6687011719
265703766.4695231020 1310497.7021484375
269333538.5867101550 2004004.5686035156
266763736.6099463105 1533490.6628417969
272239224.9487454295 2362152.7646484375
272216722.5799283385 2358671.0253906250
283903989.4088420868 3089562.2109375000
265674700.3179475367 1298148.9863281250
266561569.0244737267 1490175.8666992188
270098073.9668399692 2104307.0908203125
272317272.0308781862 2369505.2026367188
266542712.7568612099 1488326.2670898438
270127201.3700042367 2107773.4414062500
272477358.0169712901 2385852.7724609375
280124338.4334245920 2964919.2246093750
277492499.8159309030 2806439.9101562500
277478346.0564641356 2804096.3710937500
277524268.3847447038 2810151.3505859375
270289683.5319676995 2122954.3242187500
273941441.4131261706 2516362.0927734375
273890243.5655092597 2505187.0019531250
270097895.4900988936 2103648.0839843750
273897144.7889786959 2514597.4726562500
270300955.3779742718 2124593.2573242188
272499048.0053879619 2389653.0986328125
273957022.4722638726 2516691.9414062500
270276633.6381214261 2122873.8120117188
283785047.9607104063 3084944.9101562500
266608459.8471217155 1502707.4873046875
266692090.2230689526 1516194.9204101562
270040041.4324002266 2098051.7397460938
269949421.4982571006 2086269.5649414062
283871937.6199603081 3087827.0039062500
286321594.7125686407 3137565.1152343750
286377617.9892090559 3138035.0468750000
273957955.0866393447 2521417.3842773438
283891567.3524750471 3088831.5898437500
272694659.7294381261 2406584.4306640625
268633605.5544634461 1903546.2854003906
268638010.0596613288 1904084.5490722656
286400615.3417636156 3138131.6562500000
271797904.7736768723 2300583.4418945312
269254482.7961694002 1992086.6394042969
271836829.3700214624 2307003.7495117188
271700281.4404193163 2289000.6713867188
266503431.3721199632 1476170.8095703125
266522533.0151274800 1484452.5883789062
271700934.3288893700 2294714.1733398438
269176690.9814682007 1979659.5852050781
277674979.6800879836 2811614.5400390625
271803779.1313307881 2306237.5688476562
270526478.5141949058 2156259.3623046875
273353671.0281975865 2464693.2089843750
277720812.3109940886 2814154.9638671875
273370300.9397051334 2466161.9589843750
273363655.3924070597 2465405.9736328125
273514074.8429472446 2479801.4375000000
273431870.7262150049 2474252.0483398438
266452933.7413069010 1456625.9067382812
266446894.2717892528 1456105.3684082031
266379132.9470773935 1449866.2309570312
282771697.4738774300 3051658.5019531250
282620163.9791091681 3046805.5234375000
270380672.4046480060 2134103.5693359375
266248739.1094062924 1417828.1762695312
270374876.2283780575 2133062.6142578125
266328372.8075394332 1432062.7929687500
266270770.4879253507 1421940.4707031250
278266023.0668433309 2849346.5556640625
278316832.1447959542 2852889.8515625000
277893258.4305436611 2829484.0625000000
278266405.6583099961 2851190.2597656250
278107954.4447594881 2843673.0693359375
278070639.8939337730 2840663.9023437500
277943338.6667072773 2831805.7636718750
277757694.0595844984 2821223.6376953125
271490440.8518294692 2262919.4643554688
271320940.5747288465 2236657.8608398438
271118008.9624925852 2216052.0844726562
271135415.4612802267 2223141.7055664062
271266292.3303587437 2228213.4985351562
271063156.2282161117 2204253.9145507812
271111182.2022902966 2208861.9648437500
278533829.7121816278 2862107.2255859375
278349018.2008347511 2856358.4130859375
283199257.5504412651 3060177.9687500000
267537669.8748798966 1663568.5690917969
267626505.4331477880 1683602.4499511719
267766073.2624989748 1709899.1491699219
267714208.1023242474 1699514.2995605469
267706454.8169730306 1698757.7282714844
267996302.6571598053 1757596.4650878906
268041391.2134543061 1762233.7736816406
267985749.9350668192 1745365.0148925781
267914010.9640754461 1735799.4094238281
267883874.9349783659 1725904.3908691406
267528561.2298605144 1593289.8181152344
267516373.5449225605 1590848.3269042969
267433886.2418148816 1576961.6110839844
267419364.4690619409 1547704.5197753906
