435957471.2032433748 1182151.8012084961
440932768.6699418426 1886845.5268554688
440725486.0045140386 1879474.6520690918
444296604.3451315761 2203697.1234130859
447067380.3025092483 2381365.3637695312
453492076.4792751074 2716104.4414062500
459111695.5073609352 2907091.6489257812
458616366.5757044554 2890851.4667968750
463797646.4918053150 3013125.6308593750
469417669.2317734957 3110441.7119140625
469547913.7913576365 3112409.0087890625
440774001.6487089992 1881976.8950805664
440846667.1778029799 1883754.5691833496
436250371.6858916283 1200888.5685424805
436415255.1105428934 1201455.4044189453
435981499.7920718789 1195226.2245483398
440516632.9349867105 1870840.1896667480
446588851.6846467257 2357910.9619140625
459154275.7712053061 2908377.1933593750
481772872.1259828806 3234091.0839843750
484520487.6183285117 3251710.3032226562
484604001.2898244262 3256283.3183593750
446590874.6087927222 2362933.3640136719
451086112.2318254113 2605158.8559570312
453399610.6723240018 2714287.8793945312
464310088.8516949415 3025723.6337890625
469115458.2188513279 3108244.0234375000
489115357.0239331126 3274430.6074218750
488128871.1513947845 3272090.3535156250
436049665.2172343135 1198144.3742065430
453202429.7916681767 2707855.5629882812
475154989.4391645193 3173913.2587890625
488777656.5368034244 3273681.4003906250
451287359.5049638748 2617531.8081054688
480713343.0284795761 3224649.8027343750
444168392.7839069366 2198695.8646240234
452443832.0753272772 2672908.4995117188
444028547.1569656134 2189888.4197998047
443910884.5732261539 2179039.2271728516
446858027.8068652153 2376256.4165039062
446757327.0408874154 2373779.5981445312
458692501.6544932127 2892439.1289062500
459645243.0118240118 2914307.3515625000
459428699.4990811944 2912298.9140625000
464965355.2371329069 3035353.0117187500
465420259.1112281084 3038765.0761718750
481432409.2004675865 3231179.4277343750
484827754.8056903481 3257017.4130859375
488149303.3634958863 3272521.4804687500
488372758.9174966216 3273182.4638671875
446634455.8967694044 2363923.7189941406
446471829.9958716631 2356395.3398437500
459267798.0336724520 2909130.1191406250
464910790.0359151363 3034106.2060546875
485366937.2317716479 3259951.7500000000
485056424.4831318259 3259645.8212890625
493744534.3800624013 3281586.7646484375
494278487.3481641412 3281721.2656250000
435858619.9395667315 1179117.7819213867
464881525.9679967165 3033851.2070312500
481298753.4502154589 3230949.5126953125
435282682.7809426188 1018856.8822937012
435346325.6590805650 1041087.7758178711
439543289.6922610402 1762588.8529357910
439376482.4702475667 1741674.4448547363
440570071.7447201014 1872601.9914855957
440470209.3360236287 1863323.9753112793
484565613.6598830223 3252927.1542968750
435738980.1429800391 1154813.6780395508
435843974.9856429696 1176177.2149047852
446400621.6559842825 2351359.8364257812
475414700.8032855392 3175249.9072265625
484840316.2940703630 3257554.2568359375
490320597.1044842005 3275332.2851562500
435750714.2360664010 1156523.6201782227
440607654.6833215952 1874122.5274658203
446712338.5419006944 2368735.1772460938
464942308.0058320761 3035002.5488281250
446366977.4100358486 2347498.9321289062
468041870.2062237859 3083919.6005859375
464944440.8172758818 3035149.3496093750
464368175.2836115360 3028104.2226562500
464273382.9589781761 3025189.6767578125
463466844.9611343145 3008796.1435546875
481059403.5967755318 3229250.7968750000
446431632.0463293791 2352842.0151367188
463541558.5286942720 3012630.1875000000
468705765.0254989266 3099129.0107421875
468001116.5390893817 3082773.5527343750
458617174.9623874426 2892400.3422851562
487195069.1810289621 3268586.2138671875
435704635.3930467367 1146788.1211547852
475180775.8715431690 3174924.3173828125
480856268.9335355759 3227304.4941406250
443621553.0561876297 2150883.6336669922
443883270.6855302453 2176249.9958496094
446354726.1047602892 2346822.5583496094
468193969.0308534503 3088708.9628906250
487229061.1045286059 3268734.1894531250
493111877.3119782805 3280105.9462890625
435289805.0046033859 1022517.8603210449
435676392.1738693118 1139073.2592163086
475108026.7119216919 3173759.0185546875
468130242.2820593715 3088604.2626953125
493836518.4493550658 3281703.6992187500
438408312.1142521501 1594670.6941833496
438390764.5093384981 1585159.2557067871
490104122.8608143330 3275279.0712890625
439800794.0920199752 1786371.2330322266
489541110.0721398592 3274738.3447265625
459732042.0861470699 2918005.6059570312
435453714.7280337811 1061088.7979125977
443854110.4596406221 2175613.9680175781
453502560.3906166553 2717622.8774414062
443434630.5382217765 2138861.2232666016
443637262.1124162078 2158606.9779052734
453603306.2395771146 2717635.8666992188
487660035.0149576068 3271165.2050781250
435503447.1887994409 1073761.2044067383
435400118.7200608850 1054201.8005981445
438398256.0280906558 1591190.5037536621
474957722.3205161095 3173497.0166015625
474786915.0649932623 3172050.2832031250
435617610.0943631530 1113635.1310119629
435559474.7128429413 1093276.5000305176
443513569.3041731119 2144261.4569091797
446699869.4792053699 2364504.0727539062
435534279.5224786997 1082315.8354797363
487053559.5248394608 3266834.9121093750
473153220.8409259319 3151605.6513671875
438600613.6128658652 1620594.2733459473
443502374.6146999002 2142916.5682373047
443498773.6612108946 2141028.3035888672
469742290.5650680661 3112619.3193359375
492821806.0175290108 3279126.8857421875
443394721.4658040404 2129870.0854492188
468876929.5786616206 3101907.7363281250
474640148.5763123035 3170430.3613281250
440644043.2610591650 1877818.6728515625
463182518.6602331996 3001144.4482421875
462843776.0656821728 2985710.9609375000
462893271.9932068586 2994108.2744140625
462863797.6297250986 2992037.2988281250
462811105.5458272696 2984593.9013671875
439619833.1266283393 1770808.0809936523
439674847.2818487287 1777518.0070190430
438579846.1109318137 1611960.2988586426
489577692.1532695293 3274993.5068359375
470054109.6000549793 3113846.7392578125
473472924.1139695644 3157731.3291015625
458529605.1688523889 2889096.4140625000
470606253.3988921642 3114622.1171875000
470429529.0068507195 3113926.9560546875
439817377.5387675762 1792591.3475952148
439721324.3047707081 1782082.6498413086
492820332.6977778673 3278118.2119140625
458323079.7640903592 2882308.4345703125
439984614.3944882751 1804673.9955444336
440009319.0246776342 1807651.4729614258
440268481.0520131588 1842713.3987731934
481503840.1086311340 3232705.7431640625
453917816.2999584675 2724112.3530273438
453758748.7809165716 2721366.7827148438
481702196.5540791750 3232954.4687500000
485920118.0344944596 3262232.3007812500
492234501.8081080914 3277655.0644531250
485866710.4547391534 3262073.4687500000
486066261.0579002500 3262356.2949218750
486537061.2998821139 3263299.4482421875
440171054.2664749026 1829347.3469238281
451366744.7015585899 2620411.5551757812
451764773.1628687978 2635625.5661621094
460469581.0056701303 2927779.0141601562
440074998.3692592978 1816732.1626586914
444688037.9182130098 2227418.8953857422
492495374.4728909731 3278067.9570312500
446018524.8347902298 2317885.6403808594
440122081.1821559668 1820060.1639404297
445928809.0806493759 2312622.5993652344
451738012.1001257300 2635388.6862792969
444712885.8676074743 2229169.6546630859
444588386.3759340048 2221782.5047607422
445918911.5455743670 2310557.7160644531
486590208.8666737676 3264645.7324218750
446119865.1633507013 2319494.8852539062
445860448.5617539883 2307328.4921875000
445894846.0681396723 2309618.4252929688
491854709.0278930664 3277591.8769531250
491566108.2698062062 3277021.6259765625
491309282.7483142018 3276245.8925781250
444600967.3244801760 2222771.8411865234
491269010.6146855950 3276122.2509765625
451765314.3741190434 2637438.0627441406
490873765.5755878091 3275740.3261718750
445786654.3218099475 2300003.1286621094
459968179.7039397955 2921132.7387695312
451945567.9625417590 2646832.2675781250
444891339.7513886690 2243660.8712158203
462368633.9384809136 2972775.8798828125
452060857.7163711190 2651138.6831054688
454497084.9740411043 2738328.6044921875
454266434.1749544740 2730712.9145507812
454107611.7565957904 2728049.0917968750
444768001.8526052833 2233610.0777587891
479355656.3273072243 3210455.4541015625
479397518.4494208097 3211182.7890625000
438969106.5079575777 1644684.2861633301
438831474.8139317632 1635654.2153625488
451778962.1660058498 2639452.0244140625
452013641.5373600125 2649683.8842773438
452112885.6062631607 2651680.5107421875
454241804.2231224775 2729807.2338867188
445075037.0223763585 2252942.2376708984
467997487.9981496930 3080414.2031250000
439311149.0907770991 1705294.5675048828
439307235.4117618799 1703867.8218994141
486847970.6939613819 3266442.5742187500
479320555.3737832308 3204670.2968750000
461623812.9621112347 2958814.8710937500
461469883.7797563672 2955323.6220703125
460951147.8509580493 2942605.5117187500
460942308.0208513141 2941621.4863281250
460950881.1048470140 2942595.7275390625
460738809.2566944957 2938761.0488281250
460517467.2260739207 2932507.3886718750
467657442.7114798427 3066769.4052734375
467684997.4740923047 3067136.0190429688
467549453.8721012473 3061279.4667968750
479430853.6897826791 3211920.5185546875
479718793.9270794392 3216158.4277343750
479468442.8398777246 3214117.6425781250
479815328.5234808922 3217466.5351562500
479608032.4092166424 3215171.5312500000
467738391.0815130472 3068889.2529296875
467703206.2321072817 3068427.3203125000
467905702.6600117683 3074987.5244140625
450512919.5903538465 2546537.6315917969
450623851.0616176128 2554165.6865234375
439136833.9432579279 1670081.7990112305
439078723.2380813360 1658049.2747192383
439079456.5143508911 1659569.5059204102
472795686.4373155236 3142389.0478515625
483355631.4486927390 3236065.0498046875
439026389.5934602022 1655676.2090454102
439088453.8156407475 1661825.6671752930
482867817.2380592227 3234683.6308593750
482689723.6886838078 3234433.9687500000
483150436.3920243382 3235805.4531250000
472113409.8850186467 3133817.3964843750
472535014.2066031098 3138578.6035156250
436759993.3770871758 1233588.1545410156
436692513.2823246121 1219907.4440917969
472737463.9926168323 3140651.8603515625
450790540.7560346723 2561506.4226074219
471783362.4711974263 3128856.8603515625
438218233.2811321020 1514931.2130126953
472819236.0564109683 3142965.9853515625
450807570.5520647764 2564198.3210449219
436822308.0419051051 1245958.8817138672
436904978.5816969872 1259637.9155273438
436807559.4541220665 1244440.7908935547
472849753.6669330001 3143161.2939453125
472765674.8847340941 3141566.9824218750
471969115.7337443233 3131296.8886718750
450615215.1572844386 2552327.4313964844
438369571.6146242619 1544234.2849731445
450765283.7823837399 2560729.0212402344
472250303.3072189689 3134420.9833984375
472313297.4679626822 3135700.5078125000
437044706.0838522911 1293201.4938354492
437316394.0851237774 1301909.8518676758
438335398.0557723045 1536816.9827270508
437089432.0908968449 1295704.2388305664
438298951.8139334321 1530092.4662475586
437197110.0601958632 1299699.5667114258
437151820.7623365521 1298014.2056274414
437994797.4155727625 1457940.7713317871
438116540.3997256756 1484251.9530639648
438112900.6822883487 1481642.2779541016
449268943.5911656618 2433439.3144531250
437853674.4955390692 1317523.1231689453
437829607.4780523181 1311628.3218994141
443218594.4670252800 1999702.5402832031
443206818.2959861159 1998639.3613281250
443061228.6292626262 1983941.0156250000
442895640.3251317143 1969239.4815673828
442697648.5514979362 1940141.4398193359
442882267.5528240800 1958774.1314697266
442854357.7375075817 1956341.3782958984
449715834.7599018216 2456012.9467773438
450137561.7574285865 2474945.8059082031
450198192.9572706223 2481934.1914062500
450174000.1197380424 2476183.6267089844
442611049.7008212209 1936066.4942626953
450158365.4188429117 2474980.7353515625
450070395.1652647257 2472931.0007324219
442426635.5239273310 1909434.0039062500
449976581.7767937779 2469239.2373046875
442338259.2375324368 1895092.4085693359
442265828.6833443642 1887672.5635986328
