129344008.2548540682 1983131.7500000000
129996928.7857964784 2034359.7460937500
130264641.2586644888 2049036.3574218750
125203377.9057263881 1513921.6069335938
131815722.7582610548 2151513.5146484375
132846044.9418272525 2210276.8808593750
132311563.2801796496 2178721.3222656250
131724980.6032207012 2145066.4423828125
126785569.9585145712 1747068.3154296875
132069230.7984082103 2169541.6054687500
129023540.0138062835 1966186.1142578125
133086699.2994897515 2223472.4609375000
140521211.0934082866 2423078.8027343750
130297243.6094574481 2050319.9199218750
136502646.7301526070 2342764.3457031250
132316538.8510792106 2180303.9746093750
140250431.9142850041 2419191.7382812500
140188522.6536557078 2418456.2363281250
133493380.0002660453 2241423.3437500000
142202579.1785724163 2437187.0976562500
125742501.4863443226 1601787.9101562500
139948261.5535788536 2414660.5468750000
126967501.7744923532 1766382.3046875000
127795201.6810341030 1856318.2978515625
127626814.6668078154 1839513.2714843750
127665588.5415630490 1840657.3691406250
139754399.3715793788 2412080.2558593750
141710588.3287755847 2434135.0839843750
128807522.8389122933 1946938.1591796875
128866520.0613498539 1952236.7255859375
130284600.4029491842 2050006.6171875000
132035209.2695161700 2168732.7324218750
127674398.6514195055 1845946.0439453125
129208851.9901778251 1980023.4638671875
129104357.0551390499 1973218.4560546875
132210980.6460853666 2177063.4570312500
127886725.9930208176 1858745.9619140625
132182501.9483552873 2174793.7792968750
133060283.7178278267 2219864.4355468750
126712077.6072264910 1741556.1035156250
132544148.8798067868 2193963.9316406250
133317077.7552811950 2233743.7734375000
131925424.1291890293 2158766.8593750000
141956551.5299742222 2435203.6640625000
127843017.7726099938 1857611.7958984375
134907018.7528043687 2298720.7734375000
138780157.1409046054 2397018.2910156250
132095981.2693884224 2171856.4179687500
132634057.6316178143 2199792.3652343750
135050329.9312562644 2300187.3671875000
142025555.5462132096 2435530.8066406250
128678290.5269784778 1936607.9306640625
131978064.3404324353 2163728.1464843750
132780925.2048945129 2208462.7382812500
127078744.3929309547 1780896.5654296875
135784444.2939421237 2322597.9375000000
135228959.2097072601 2308057.4472656250
132867902.5368074775 2211072.2773437500
126872991.5430878550 1761108.5693359375
127777995.2070412487 1852786.4960937500
133753787.4687305540 2251899.8652343750
138823923.6646579504 2397811.3437500000
126674595.7578202784 1731278.0136718750
140019940.4223722517 2415430.3710937500
134386510.7733959258 2277299.5585937500
124930616.5914781541 1447972.0273437500
129207477.2503591776 1975759.3115234375
129254323.1138481647 1982112.7822265625
140440493.7032155395 2421259.0644531250
139829217.2654655278 2412868.1367187500
127592135.6175911576 1834863.2910156250
134273782.2166100144 2275589.3652343750
135281264.7044170797 2309751.2460937500
126980924.0606671274 1770231.2255859375
129424011.1490090042 1992673.3603515625
133828264.5173596442 2256901.4472656250
129140072.1017351002 1973548.3525390625
132832139.9417376220 2209873.5175781250
142358596.4613755345 2437922.5996093750
124908387.1968712658 1443737.2836914062
129725108.3774104416 2013759.9941406250
134471128.0460826457 2281280.5859375000
133462673.5364333093 2240800.0976562500
139874071.8230508268 2414327.1992187500
126818904.3513656706 1749801.4765625000
126746583.4850127399 1742507.8652343750
129723186.4855895042 2013577.4580078125
139640957.9133016467 2410534.7167968750
135269748.8096744716 2308923.7792968750
130569381.9440816045 2066031.4863281250
140859439.3908377290 2424668.5312500000
124814728.9539628923 1393345.5004882812
125418064.9408580810 1551830.0810546875
135514266.9308454692 2317212.0449218750
138895858.0776286423 2399523.9218750000
141411288.7543889880 2429561.9667968750
129672070.1885330081 2010517.8515625000
129079440.3147484064 1968866.5810546875
132760586.2916797101 2206169.9492187500
134644665.5362933874 2287831.1132812500
143284430.4718159735 2439854.0605468750
136643985.6774143875 2350494.7500000000
141221206.5935870111 2428372.5839843750
136476579.6489616036 2342553.1992187500
141409600.6392173171 2429256.5781250000
129707215.4379821718 2012836.2500000000
134544720.0927550495 2285847.6796875000
140214783.7582614124 2418605.1015625000
141318692.5039200485 2428784.3964843750
143256631.7421593368 2439792.0429687500
133379176.7750570476 2235989.7871093750
130846565.3430140615 2088422.6796875000
125577368.9250257015 1579413.2578125000
142799205.9501180351 2439029.7675781250
132998357.0641670227 2219170.2539062500
127301801.7993180901 1807635.1835937500
135408771.5188458860 2313629.5761718750
134237375.6117888391 2271246.6777343750
136737052.8920021653 2352294.7460937500
125196710.0249624997 1510854.3056640625
128649668.4903721213 1934271.3291015625
139163270.8316428959 2403302.0527343750
144378445.6012576520 2441226.5175781250
143486248.7060260773 2440225.6093750000
126913788.0393984020 1765733.7851562500
138174004.9634028077 2386068.3359375000
135126923.9912593067 2304328.7636718750
137461759.0886214375 2371322.0507812500
124914458.4620500952 1445462.5214843750
129850944.3820765913 2022139.2773437500
138529547.4925669730 2393836.0976562500
141882540.3526776135 2434870.5859375000
125108039.9180738181 1499243.6611328125
126450116.7451431900 1703878.3544921875
133610135.7720023096 2247284.9238281250
134459325.5522642136 2281190.9589843750
139535692.1244953573 2407573.5605468750
128740241.6445539147 1944972.9775390625
137984777.4099044502 2382281.6406250000
137568944.6732825935 2372943.4433593750
142736844.2745076418 2438175.3046875000
142951154.4447074533 2439256.5195312500
142700843.8078501821 2438108.0488281250
142809228.6043426096 2439172.7519531250
144226326.5822132230 2441189.3515625000
142530631.0000805259 2437974.4160156250
139298699.0324901044 2405556.2031250000
144141840.1408427358 2441137.8300781250
126435212.3096372634 1697276.5712890625
135446731.8667883575 2315090.6738281250
124827645.9554845244 1408030.8330078125
137446146.0284379423 2370159.7480468750
133531441.1211449802 2243296.3554687500
125189185.7526681274 1509634.9169921875
129642183.7553711832 2009296.6787109375
133558269.3497521132 2245275.2714843750
137873348.2376349270 2380371.5996093750
126296837.4930243343 1681564.4824218750
132761888.1113193631 2207890.0839843750
134337760.3024773300 2276983.6328125000
135204264.8721004128 2307993.6269531250
129683830.8098177016 2010889.1660156250
130821094.9188217968 2086863.9062500000
136373164.1725638807 2340630.1054687500
137549446.3966565728 2372933.8750000000
130748148.1891970038 2082486.0253906250
125290202.3438287079 1532402.3173828125
132670979.1399976313 2200639.7753906250
134406213.0740173161 2279224.6523437500
128898817.7635665983 1955731.7197265625
124941811.1875928640 1452664.8730468750
133688847.0164457709 2249990.3906250000
136395523.0291092098 2341725.6015625000
133408237.7642030418 2238743.4316406250
128642888.6006240547 1932788.4941406250
137825432.7411268353 2379578.5468750000
138395504.3809520006 2390596.9824218750
134079244.3114936948 2266385.3593750000
136262754.2345114350 2337609.4218750000
133151070.7798974961 2225139.7851562500
124821141.8721696585 1407877.7148437500
130947917.9619216472 2092210.0917968750
137629585.3734581172 2376396.3535156250
138358180.9548803866 2389860.8515625000
125601482.9110313654 1582946.8779296875
124834361.7462408245 1419765.8178710938
125580438.4513964355 1582615.3652343750
126556222.5871957839 1712976.3964843750
127025572.4213687479 1775724.7412109375
137461835.6837176085 2372421.1074218750
125781624.4892090410 1609902.6240234375
129354331.9509632885 1988172.0527343750
136707414.8660795391 2351290.0195312500
136809261.4003744423 2354961.0664062500
126503671.8638624847 1707423.2031250000
124878346.2596774846 1438075.1425781250
128874903.8088099808 1954509.1738281250
136467243.9744183719 2342067.7519531250
128977893.0864901394 1962122.5898437500
126196749.9429175854 1668707.9560546875
136531249.9414310455 2347161.9453125000
124977070.8112142533 1462997.9375000000
125028538.1935810000 1480608.2412109375
127420463.0591705739 1821012.3945312500
130149240.8161385208 2040839.3925781250
130643175.0562256426 2076435.9492187500
127273817.8066530079 1803978.8808593750
127382485.8940646797 1816529.5185546875
128408966.3184093535 1909980.5244140625
125276279.7529665977 1528337.6298828125
129753100.0685557723 2015609.3105468750
126377103.1012526602 1691548.7998046875
139617007.7450373173 2407977.9707031250
144221791.9984993637 2441138.8359375000
125755544.4907621294 1606480.3027343750
138926147.1973941624 2400119.8593750000
129852843.7503274977 2024583.8730468750
127126936.6267728955 1787624.8525390625
134210377.2911092788 2269054.9960937500
136913486.5590851903 2357698.8515625000
128398411.5581390262 1909269.7841796875
143623103.1644354463 2440382.0976562500
128447864.9666899592 1915309.5966796875
127132513.0279685110 1789928.4824218750
136011644.4619356096 2328642.8808593750
135641544.6081084013 2320123.2109375000
125418377.6037853956 1553238.9365234375
130233617.5515580028 2048029.0468750000
143215793.8014287353 2439287.5664062500
125386293.5313210636 1544088.7412109375
135847158.0633164644 2323202.1406250000
125471551.6291046441 1560783.6992187500
125123696.3557724506 1500687.4975585938
136210106.8211397529 2331601.8808593750
127367362.6576225609 1812405.1650390625
134483785.0915990472 2281470.7832031250
125426720.5245083272 1553902.5761718750
130793208.9409760386 2084520.9140625000
130815275.4886949360 2086446.0390625000
125986640.5805139542 1637485.2509765625
139421143.4403717518 2407307.5507812500
138048903.1684324145 2383961.8789062500
127229851.2097650319 1799384.8740234375
125088790.3012921512 1493572.5551757812
131124698.1997260451 2103779.1269531250
139197372.9950632453 2403665.1367187500
125443872.1583758295 1559571.7343750000
124989189.4862522632 1469239.8017578125
127239455.4995963424 1799420.0175781250
126028220.5851784348 1645011.5126953125
127193227.6061998457 1795811.0429687500
125551831.4233999252 1573812.9248046875
125008176.9009028822 1477531.6503906250
140817554.6647263765 2424486.7988281250
127536014.3080395311 1830590.0595703125
128433732.0739295036 1913053.7851562500
131400145.5862245411 2118637.0117187500
125244408.8711221069 1524948.7148437500
127306567.8087330610 1807891.5439453125
127177127.8263026625 1793746.0498046875
130604327.1184148788 2073097.4355468750
138241112.7617460191 2387509.2656250000
130624806.2930131108 2073470.1601562500
126070569.7305247188 1647732.2255859375
128318366.4532732368 1899151.5029296875
125888593.6833607256 1621644.0634765625
130414612.4298833758 2060065.5458984375
126076875.7021405101 1652504.7949218750
131478891.3206847608 2121980.9062500000
131658752.3782491088 2134326.8984375000
126161298.5407317877 1662917.9697265625
131614725.6470066607 2132054.5332031250
126120308.3884231746 1658793.1416015625
126190918.8834885657 1664953.1015625000
130931367.5184706599 2090880.2636718750
128291842.6949694604 1895123.9677734375
131524601.8756723553 2125909.7792968750
128501200.0780301392 1918724.0615234375
141412202.0736017823 2429782.0957031250
130970984.1319703907 2092620.9648437500
140741924.9931301773 2423908.5019531250
143959536.8276018798 2440637.8828125000
126048585.6038956344 1646939.5947265625
125963812.7742781043 1635894.7148437500
125942312.9644871354 1632585.6513671875
125923310.1033751965 1629717.8085937500
125849391.2690437436 1617311.7001953125
131447573.4713693559 2119486.7519531250
141185407.9199122488 2428151.6640625000
131350801.8892741352 2115441.2734375000
131236605.8414102197 2106806.1503906250
129468149.6295061409 1995502.5029296875
131222225.3772878051 2105711.8906250000
124833809.8354392946 1410669.5224609375
124996843.7954424620 1471878.5498046875
126669179.1094767004 1714261.0957031250
128152527.7910499722 1859335.0263671875
128165282.7161907405 1862216.0537109375
128224027.1708286852 1867614.4716796875
128122830.5373980552 1858918.6777343750
