420030747.1418412924 1450614.1054351362
419848846.6000896096 1449407.0130903753
423095517.7283238173 1651939.5413785391
430559970.8761380911 2062584.2548446655
447593340.6881178021 2674394.4311523438
442347380.2895663977 2567590.1774902344
442083913.6670833230 2554164.7253417969
418414343.6950883269 1308463.8649237622
419715590.8601732850 1442898.6554701361
442859291.8197677732 2578659.1982421875
453472188.2944880724 2719167.7021484375
416210536.1855977178 1008999.7686852090
416196189.6535730362 1008211.9691942803
453137982.0047560930 2717685.6279296875
453640044.6785305142 2719168.4746093750
445048781.1917837262 2629456.7080078125
444988285.9688152671 2629184.1074218750
444364876.4315431714 2614693.6396484375
419829635.3473759890 1448588.7182753119
422917055.3090344667 1644802.1404996328
431198679.8583719730 2085974.6731796265
430858447.1831309795 2077078.6781845093
444287901.0025228262 2610389.6782226562
419614745.5483747721 1438261.5656263861
431043165.5968790054 2085891.4452209473
444902141.0608667135 2623914.3769531250
419722947.6048038602 1443845.0893814596
416199660.3566671014 1008487.8864958159
418380395.4383958578 1306292.2192328442
442740547.2676278353 2576497.6435546875
442795990.6620203257 2578082.9677734375
444581133.2220404744 2619559.7060546875
453211471.9648283124 2718352.8701171875
418413411.4128848910 1307606.0804355443
442298400.8330945373 2564008.7414550781
452953489.2693350315 2717482.4326171875
460520882.1671230197 2736339.0498046875
430983912.2751928568 2078962.3914413452
458874447.4173679948 2732406.9536132812
442541415.3356812596 2572267.6044921875
444636515.5819184780 2622529.0732421875
444293697.8327260017 2613223.7465820312
444698338.6341450214 2623672.9389648438
453832126.4419181347 2719626.4956054688
458728634.4335154891 2731996.0849609375
415665969.5835084915 854234.4581507704
430417626.2206540108 2057860.2290916443
441347030.1541360617 2528084.9206542969
442491879.1072961688 2571234.8173828125
443281356.1204521656 2584172.3940429688
444279065.0559651852 2609180.9030761719
415684125.9840878248 868661.4158044792
441222998.0431938767 2524428.9924316406
441111612.3922351003 2519014.4333496094
441647355.9235906601 2535679.8254394531
444415575.9237678051 2616548.1298828125
444456265.8397157192 2618914.5126953125
447965370.2620398402 2681403.8510742188
416229399.6354879737 1012058.0080091826
418380004.8916803598 1305097.8700325787
441022414.5955204368 2509985.2072753906
441100031.7322506905 2518405.9528808594
415643886.1367170215 843816.7226194403
416366045.6776484251 1033674.3286268584
416352878.4512254000 1032698.5131513946
441154624.2217993736 2521093.6140136719
442071982.7766689658 2553140.6093750000
452913952.6000564694 2716880.0566406250
459100626.0495926142 2734235.5390625000
415650784.2843362689 854157.4995054266
419800111.1738585234 1447763.9978647414
442748948.8524139524 2576853.8510742188
460144872.1446226239 2735579.0273437500
461454311.3046100736 2736488.9453125000
418473988.0044525266 1312192.6838901341
423484966.2973256111 1668314.3298141193
430703935.0723288059 2072554.4108505249
418318961.9719012380 1285789.1324985325
447500482.9173853397 2672154.3691406250
448288757.6522051096 2687199.4780273438
448214959.3621553779 2686671.8637695312
416259169.2390338182 1020720.1906263701
416901675.8095732927 1042769.5022464115
418369003.2908715010 1299516.5244663060
419676733.9963407516 1438695.5346972975
459010644.2180166245 2733979.5639648438
416422308.4851467013 1041896.8314192168
423618211.0599386096 1669686.2591368388
430468880.5595722198 2060704.5051460266
416226250.8606242537 1009253.9281141631
423413663.0662338734 1667433.9881240558
441599607.4102742672 2534131.4255371094
453200935.7758405805 2718022.5146484375
416477926.7185278535 1041948.5520482740
419239235.7215173841 1402808.3239653143
419547985.5078560710 1427787.3992950949
444017810.3759851456 2605641.7695312500
448103799.3393382430 2684047.0014648438
449844377.2637395263 2701738.9052734375
460236031.5277525783 2735924.6181640625
460172022.7825307846 2735758.1503906250
416509038.3252657652 1042236.9923221938
416318582.5892119408 1029394.2212507598
419468169.0143319368 1425447.1909697088
419322225.4198116064 1414239.3810942206
441342113.8990834951 2524823.9382324219
423323742.3816861510 1663809.4738418292
423139962.7478513122 1656452.6686660480
460418238.4364560246 2736201.0698242188
441960202.2689457536 2548544.2463378906
430590423.8310444355 2065815.0242576599
430286224.4477410316 2052379.2154197693
448213873.1277409792 2685803.0112304688
447668180.1631812453 2676279.9633789062
448340757.3142186403 2687643.4990234375
449918987.5773016214 2702330.1948242188
461430843.7892576456 2736471.2099609375
447508654.3278514743 2672601.4375000000
419203148.4840962291 1395843.2434625658
441953713.8339191079 2545119.6423339844
441755114.9681838751 2543221.3708496094
444024920.5967700481 2607002.8100585938
419147961.7198585868 1390160.2970926794
429924858.4753348827 2029685.1687164307
450551803.4988532066 2705541.4624023438
450494387.0091596842 2704467.3266601562
449741336.3831201196 2700833.2656250000
450460290.4174364209 2704223.8500976562
458537992.5049961209 2731403.8188476562
452512860.8801923990 2713617.9907226562
418513212.7043509483 1313544.5307510197
452396763.0422456861 2712589.3867187500
450844460.0055606365 2706040.4897460938
448702306.9650791287 2691494.3090820312
450208384.6448734403 2703772.1108398438
419211712.7099917531 1397615.7803080115
447628804.4965229034 2674467.3344726562
452621458.3010462523 2714690.0068359375
450102847.5637065172 2703034.7485351562
452319010.8398157954 2712487.3144531250
448801788.3633801341 2692540.8266601562
450534221.5119486451 2704626.1347656250
452702504.6077952385 2715429.9423828125
450333612.0207856297 2703980.8242187500
452479098.1260827184 2713400.6083984375
422653966.6189995408 1622161.2394973468
422885954.0137518048 1633181.8104201984
422776726.8625819087 1632253.9099075031
415839750.9979278445 889822.4276108438
447536920.5465351939 2673658.1147460938
422624950.0269664526 1622009.7529885005
422740998.6937205195 1624426.6056930255
429867188.0710071921 2026331.7759552002
415882073.3442270160 899900.4332260782
429876905.7583848834 2027004.8335723877
447453360.4887797236 2669445.5131835938
447799826.4677115679 2679819.2324218750
459539689.3658011556 2734690.0463867188
429731012.1934612393 2014830.9505157471
443805126.3293449283 2600482.0654296875
443795039.2366601229 2600123.6655273438
459354878.0367307663 2734661.2666015625
449557609.1913402677 2698807.3310546875
449642669.5579082370 2699535.5253906250
418653977.4749584198 1326247.5212295353
452555965.4876492023 2713947.4560546875
443495385.2590329051 2591877.8652343750
415864704.2629859447 898793.4993658712
422591523.1123457551 1618498.6770760710
418693783.2038171291 1334026.1815078557
459715179.3444051147 2735205.0058593750
443385219.7382227182 2588588.0742187500
448921012.4471262693 2693163.6137695312
422450067.2320567966 1597376.1002138145
415860819.6108050942 897820.1741705587
448510997.1793684959 2689318.0317382812
422380635.3927084208 1597256.1006791289
459942747.4214131832 2735488.6523437500
422380507.3927782774 1596280.1137253935
422174224.0701777935 1585009.6414963896
416027074.5837721825 923201.8805037191
415990127.1268681884 920657.1420276811
418788806.9498846531 1335893.9482353032
416081321.0113517642 949063.1278346529
416066921.7777338624 946610.4118770113
416073926.3900034428 947438.0139277925
416104384.7589308023 955967.4858058443
416096287.8656887412 955945.1474727144
418806941.6309555769 1342340.0236137211
416115137.3848218322 956033.3201869478
421729363.8300006986 1550270.0357224639
421864980.4148198962 1561044.0845200713
421795116.3386232853 1558905.1630623038
428883290.8644732833 1957917.7068309784
429567312.5600492954 2000337.1351428032
428612120.6914178729 1947602.2373952866
428504713.7336004376 1944534.7747488022
428366959.8730044961 1930726.9842824936
429483673.1600279808 1998434.4798693657
429635987.4640014768 2006391.4250593185
421853998.6678430438 1559288.3959519560
429626922.0800416470 2002916.5284528732
447094053.7644026279 2654764.7641601562
418954511.7115563750 1348791.8231899622
418995898.6063063145 1349313.6037285211
419064621.4414924383 1360948.4540703180
421847759.2207572460 1559035.2587449248
419023623.5612999201 1357751.0915214899
452220491.6860454082 2708254.3886718750
421682484.8557854295 1538746.9503826881
428909390.1541261673 1958376.9026556015
428915731.6728659868 1959586.7864446640
429041520.3824021816 1969800.3421087265
429012484.9569898844 1968121.9475078583
428904627.5555972457 1958309.8444023132
421653126.6536027193 1538147.3058666969
421623594.0937071443 1536180.0177655006
458358062.7565912604 2727858.2500000000
446033531.4499782920 2630822.0629882812
427749882.4400034547 1897746.2462716103
458471507.3509035707 2728442.1308593750
427671019.7226348519 1891099.5300254822
427719261.8506485224 1892545.9064278603
458486735.7954617739 2728599.7768554688
446129737.2455941439 2633807.1977539062
427655901.5497621298 1890514.8385300636
427378368.9763156772 1867700.3566288948
427365502.5199194551 1864419.3589482307
427436974.0893853307 1873472.6940312386
427419983.7964363694 1873162.1383671761
420992736.6676865220 1486517.3702409370
421045865.7022200227 1492264.4508073432
420958478.2732099891 1482667.6536041796
420588268.1275681853 1458970.2289086878
421171550.5742956996 1497915.8453424079
420756752.9738159776 1470699.1749018533
420911678.3041294813 1479859.6288992465
420761920.8275780082 1471076.4628564417
446503633.0539097190 2636247.4213867188
425965761.2329295874 1767484.9783176824
426820375.2522285581 1814641.5679397583
426873410.0142170787 1824776.8429412842
426843607.6975151896 1824098.2649612427
425967123.0739483833 1768629.8325657293
446724878.2589709759 2638535.0214843750
425622342.8435938358 1746242.9031586095
425650574.9684872627 1747781.5262054845
426973187.2994956374 1829572.3933792114
417761956.7919933796 1066183.7116350171
417677485.1581133604 1054166.7138170239
417675506.7225730419 1050001.5229906079
418045891.7959273458 1083008.8964314100
417843344.2816714048 1070659.7155755993
425853618.3423986435 1762039.6978077337
440394876.2449643016 2389593.5740966797
426507897.8337119818 1792425.1094593450
426310442.7915151119 1785544.3880237981
426346445.4227699041 1789997.2078174993
426233071.8165832758 1782125.4067005559
439693807.4344759583 2369011.3680419922
439733156.0382451415 2370542.9608154297
439627551.6816428900 2360655.0755615234
439301673.0777573586 2345998.6251220703
439403769.7160747051 2348536.9134521484
439522435.1637127399 2358926.3011474609
439681962.7186759710 2361473.2106933594
439633294.4645026922 2361180.1192626953
425159734.7818478942 1694101.5438121855
425330836.8322321177 1702329.6619304717
425267219.4020086527 1699882.7849697173
425567475.3353890777 1711837.6966046735
425132418.7720752358 1685917.8844118118
425606398.1623099446 1714973.0416974470
425107344.3859475255 1685420.1077413007
425141602.0290776491 1686283.6003178998
440975759.6733855605 2401633.9501953125
440971191.9801852703 2400265.3284912109
440955215.5505100489 2399197.5426025391
439104309.7969359756 2270693.8160400391
438805426.6597353220 2259884.9786376953
439028321.4824128747 2264265.4527587891
438951629.7293608785 2262152.8399658203
439051559.8486953974 2269233.3575439453
438145146.4532021284 2228213.0509033203
438204490.8907947540 2228669.6517333984
438000066.5993791223 2223539.4525146484
437698532.4239959717 2209689.2613525391
437425765.8665707707 2191472.0622558594
437027475.3832468390 2181414.3334960938
437070894.8690066934 2181892.2099609375
436944561.0867854953 2178943.3315429688
436863566.3808668256 2175058.5850830078
436582147.3982667923 2150101.6500244141
436825336.4283633828 2169724.8638916016
436650674.7321215272 2156656.9986572266
435304409.9851120710 2099555.8707885742
435351066.6779677868 2105169.3560791016
434978184.4522967935 2090870.5219116211
435418056.9803724289 2106311.9434204102
435159940.1107723117 2098027.0092163086
