907588744.2185224295 783546.3056030273
907084118.6183351278 783284.5243530273
918521123.7214183807 790285.9568481445
839899977.9565653801 462349.8826338329
839357072.8147653341 460965.6224407178
839277892.3832998276 459389.3507207324
839313749.4357300997 459642.1806767870
839251824.2754418850 458536.2058563017
839235010.9228167534 458400.1655400683
860274549.7782764435 596056.6887686017
859995194.4806478024 593887.3546621564
822336193.4805288315 215167.3878165648
824594793.2301597595 288350.4163435276
825136452.0802952051 296790.9719665243
862477318.0547754765 609013.5685927831
893372591.9796833992 745488.3077468872
901782628.0111624002 774595.2157592773
902294954.3547114134 776093.0527038574
918342428.0683343410 790022.5000610352
917950459.1173964739 789672.9732055664
824803817.0170288086 293208.1572511985
836867744.8410741091 439873.1201106672
859626179.1253981590 593123.8600001398
859476393.7416164875 591675.0533747736
866556788.4961069822 629732.6791022569
892996601.0042138100 743953.5795888901
901774526.4043939114 774387.1329956055
901551587.4883804321 772298.6155395508
903555711.9511266947 779051.5225219727
824811371.5425907373 294757.2507119967
824969905.9557837248 295241.1791076853
824924852.5351444483 295238.9751994504
824706889.4250450134 291594.1665629043
824709715.4432495832 293205.8333537473
824634355.6095885038 291491.4515178098
859420598.8946256638 591092.0645899836
859636728.5951366425 593125.2064356867
836785552.6869224310 437628.4738827896
821982195.4472199678 211880.7285894484
822024560.6148215532 212130.0954041517
836850342.1195592880 439539.3978635025
893189276.4212983847 744216.9279937744
893317657.0197910070 745053.5777587891
893256929.4359388351 744865.7937088013
902012463.8772011995 775171.0617065430
824395425.9929636717 282433.1978672614
902962930.4621911049 778057.2211303711
902482603.7342741489 776581.5605468750
838882214.0820251703 456723.9962635104
893201977.7081750631 744643.9556274414
893256060.3465096951 744825.3121490479
893607058.4507564306 746716.7477722168
894988891.3852556944 751466.5995788574
901903170.5438437462 774800.6953430176
822060414.8792151213 212627.2153460712
838666798.0943343639 454929.8468923353
838580009.7861281633 454854.7329219271
822021952.1673922539 211948.8862241835
838526505.1904221773 454286.1448663761
893376521.7595330477 745579.2230224609
836841982.7309695482 438974.6466479298
837024363.0848915577 441057.1970349503
893424134.0701380968 746453.1335754395
903936820.9337953329 779644.2717895508
903406897.6690944433 778703.4330444336
837288483.3322342634 443679.1377078247
902519985.8675172329 776859.1499023438
903644099.7693068981 779548.8772583008
836940912.5015422106 440468.6738644791
837067573.0073275566 441114.1712247086
902137632.6131204367 775625.6010131836
838356383.4953705072 452614.0679639865
859518279.2168519497 592039.9852652058
902149626.4791110754 775921.0187377930
822127623.4120637178 212850.5705339360
824414053.1986805201 282568.3311003317
824440740.5014028549 284462.7910612692
836973709.5750492811 440714.6399289322
824338785.5131677389 278558.3702632555
824385271.1658972502 280882.4683989157
893651465.3392233849 746975.6307373047
837088514.6241984367 441266.4341336441
862898964.0458629131 611992.0074591599
895167813.6009899378 751752.7572937012
902752722.9820843935 777424.3981933594
902771670.4283496141 777511.7542724609
824382067.0925283432 280538.1875761618
902747186.9102696180 777272.4937133789
837026773.7757827044 441081.8464161110
902265918.5786765814 775925.7582397461
837421572.1002167463 444456.7876340103
837528054.7936688662 444802.5167599869
836983009.2315136194 441017.7384396744
902077691.3609169722 775459.9930419922
838300784.1392520666 451162.8166460086
838142215.5635811090 450593.2543901493
837205878.8693460226 442769.3749142837
837947899.7323280573 447361.4545783129
894272937.9068217278 749221.2349128723
837928859.9132709503 446589.2420500842
859849783.3167939186 593700.3897348356
826642812.6155258417 312858.9872965560
826621122.5182503462 311349.2168200210
837974199.7886775732 448573.3453787890
837724158.7493674755 446513.7612777156
837614607.7366991043 445207.2506996345
894803438.0662977695 751000.4515686035
917628222.7895488739 789234.7826538086
942622607.0354408026 794542.9475708008
837612576.6345286369 444803.3272758675
837519404.5335536003 444594.1775184822
862350994.7511286736 608855.4325740300
864464093.5468994379 619806.0886924826
904940676.4160205126 780505.4059448242
906295444.2480690479 782269.3870239258
906008405.7111837864 781774.1838989258
941784706.8489044905 793646.4707641602
905538340.5732796192 781149.1228637695
901137879.1102968454 770294.7822265625
905434603.2168855667 781103.6702270508
905802985.0870846510 781393.1557006836
863976275.6787273884 617322.9459230043
917453211.1684879065 788735.0792846680
863542710.9482451677 614634.9668982290
863262018.8382663727 613047.3445182703
863095442.7867844105 612633.5711418055
826400257.8738287687 309316.0749743179
863615846.4416319132 615086.2820227407
905207240.3761612177 780522.8276977539
864177943.5482712984 618113.0596519075
905405633.1807522774 781029.0580444336
826377751.2820608616 308983.7034766868
863017624.5485558510 612261.3531242274
863633242.4951103926 615464.6033118032
941916752.3126133680 794037.2804565430
864559582.0754486322 619811.0748505946
864040334.8530155420 617772.9468467794
863678789.3357666731 616022.4478552602
900930221.1858731508 769924.3030967712
826351297.8419024944 307710.7621645675
863499600.1286811829 614554.0784847997
942183783.8878945112 794419.1721801758
905261774.9520133734 780677.4523315430
826501172.4564707279 309705.9523600087
826533745.3351631165 309707.4801821456
826560890.8692778349 309905.4131824051
863802064.6311466694 616491.9227068685
826280653.7925388813 307674.3383364425
905634918.5841399431 781152.3081665039
826368840.9392786026 307791.6916348235
863545625.6775012016 614712.2842854913
863370197.7796041965 614458.7808611654
905286238.4804900885 780855.7227172852
826220872.4619461298 306044.0230936751
904860706.5320413113 780026.4093017578
863267135.5315546989 613862.7238899134
901419693.3249880075 771469.5756835938
892934685.6072450876 743289.1357688904
822943939.5491943359 219793.3899739643
860909350.4014935493 599104.2911853478
893345229.7755560875 745168.5355377197
917145859.3237369061 788422.4512329102
916949626.7276880741 788165.5187377930
917086426.5046569109 788271.3145141602
823014938.1622455120 221073.6731447537
861377979.2159168720 600877.3499686406
917072128.2479573488 788233.1796264648
861469752.4542545080 602454.5322616384
861052285.7700130939 599574.3871390508
861071067.4456942081 600416.0216605351
860707884.2499787807 598465.8141867802
915895279.7919880152 787145.0463256836
916063459.1239361763 787504.0574340820
916402521.7028959990 787617.6089477539
915947643.1949477196 787234.3892211914
860790794.9894828796 598599.1857649689
916253563.1059501171 787512.8610229492
916022240.9203894138 787234.9985961914
916043906.2591629028 787392.1317749023
916327645.1246668100 787594.4070434570
915369249.7857383490 785983.5689086914
823335593.7325198650 224173.2490305346
833922842.8267225027 390830.8787667271
823675616.4112409353 228351.0772579963
834117259.7178858519 391946.2419095602
897975915.2248723507 758326.7097167969
898178119.1755701303 758830.0801391602
897702602.0153403282 757682.1492309570
834053163.7860356569 391180.3986478414
897057119.8417761326 755903.5131530762
897759059.7035770416 757915.0422973633
898102057.1499394178 758742.9132080078
823880692.9624553919 229443.8215874281
823625810.8607772589 227392.3660739714
897214752.9261606932 756188.0051269531
823889244.9600697756 230193.3634803739
823899073.0401793718 230995.6991737333
833841329.6543610096 389174.5427479114
897547157.0259920359 757177.8656005859
897535063.1259903908 757013.9759521484
897157669.3329085112 756104.8240966797
897558376.7349274158 757342.7202148438
823922679.1656593084 231306.6076302972
823962943.8027373552 231374.9492791143
896873226.6810239553 754759.5155639648
897298857.2892577648 756693.9644775391
824121790.2386374474 237885.1987919417
824140608.9355477095 239986.2946949359
824023151.6131945848 232697.7009236938
824061526.5593249798 234629.0749798543
941325244.2661850452 793134.3389282227
941187404.6264001131 793030.9038696289
899742394.2044699192 762546.3787231445
834622966.8844872713 396627.0296796411
899376206.7792760134 761762.7906494141
836353063.5961502790 414549.6754408480
834787335.6803855896 398222.0243888329
835017963.7162554264 400686.3373008202
834943676.7727569342 399978.9984336327
940305017.5463904142 792647.6454467773
858844282.5664373636 579002.1546643008
858947827.4702712297 580709.3990185489
900295167.5388190746 763606.1976013184
858768821.1293480396 578912.5693009128
900443464.7815201283 764368.8002929688
940151140.3931423426 792314.1698608398
858765966.8143054247 578725.1354581346
858722881.3015516996 578611.6558068027
858872834.7744401693 579903.0975945224
858942665.6579831839 580492.6196892490
858997731.6779392958 580713.6871346463
940235503.8425332308 792488.4304809570
836298823.3448863029 413760.1355284901
836085362.3318115473 410205.3044099064
835731050.0055761337 406287.5039344853
836052991.3903204203 409509.8454713865
836000254.3586872816 407811.1421604014
835939432.6118842363 407565.3794746443
835987175.6630183458 407773.6052758234
835713507.1226004362 405740.4809150739
939360848.4159573317 791510.6581420898
831956623.3704257011 347282.8108868035
858351162.1711754799 564751.4936863151
858495633.6093600988 567574.4823642937
858326225.6226737499 564076.6851630327
832205832.9832628965 349795.1694502285
832095617.9428831339 348953.1360821160
832235473.0600252151 350986.2566084316
939322329.1300548315 790582.1771850586
832273031.0067679882 351391.6927867879
832467327.5506618023 353345.3717505464
832504372.9516988993 355075.7912670125
832616296.7179950476 356695.5378480901
833708826.8927631378 369353.3048910800
833560401.7263817787 366813.4283853993
833656541.2407814264 368624.8958029452
833229163.3746173382 362938.6111052933
833260827.0904816389 364626.3361724320
833350778.2667616606 365021.2199572626
833481315.2700109482 366596.8123530450
833131729.7121306658 362680.1123053779
879736378.9293283224 654583.2519679444
879530553.6860032082 653869.4460006135
879416389.3541352749 653596.8271576844
879993202.9583628178 654967.9854043885
879921627.8906214237 654759.9408407941
880420631.0609066486 655400.6324546634
880491085.1066627502 656135.8326010592
881351905.1748455763 659245.9661722913
881349843.0061091185 658730.2107535138
880954885.2285413742 657745.5563345685
881258974.9034848213 658382.3830252424
878191888.0972380638 631778.9219689608
878364679.7804398537 631907.9781213045
878426491.0922513008 633080.9971032381
878596852.9622409344 633919.3953271151
878093599.8249009848 631578.3212666750
858226313.9847368002 516671.1319967445
891085806.7933275700 674438.9063767050
891408804.9641790390 675463.9943250171
891388014.9158995152 675389.7832077597
891563371.8185237646 675918.2653244589
891361498.3599578142 675113.5727585410
889361662.3836407661 663514.5830546743
889166572.3106038570 663275.2431409857
888853560.6232799292 662398.0238502747
888656770.4794828892 661632.9501198060
887991235.4381382465 660012.9774347595
888447283.2010769844 661234.8495110176
888722714.8141726255 661947.5745094544
888105961.7107924223 660320.0283668763
887979890.5029352903 659996.8558052308
857320642.2078919411 478387.7494932376
857078741.9315826893 476558.1434141360
856685274.2611845732 474735.2204027139
856935990.1721142530 476354.6076475345
856594578.2285764217 474329.2313280068
856753248.0594072342 474873.3657274209
856847324.8882067204 474984.1825407706
857183012.1147572994 476633.8393663131
