658911134.8323490620 9734643.2050781250
659437999.9989513159 9811437.0302734375
665142969.6632925272 10334038.6982421875
665240900.4475926161 10334697.2490234375
676882975.4271150827 11279988.3955078125
677080997.2377077341 11291867.7822265625
677317712.2761816978 11294076.5888671875
711402118.5883728266 12945059.5781250000
727530207.4787852764 13356245.9101562500
728826521.9392790794 13385371.0527343750
748748868.3950464725 13681384.5312500000
756625126.3277200460 13751208.4101562500
770643266.7983497381 13814151.4902343750
675955298.2159519196 11214503.5927734375
676908092.7022597790 11281261.7763671875
676846892.8245522976 11278500.4208984375
700184741.6678987741 12529018.4453125000
700140648.0401275158 12525595.9687500000
748631763.4201306105 13680431.9023437500
748171500.4946308136 13674906.0117187500
748917873.6437368393 13682537.8750000000
749130411.8811819553 13684320.0917968750
777855603.3420294523 13841850.7285156250
653925022.4463998079 8953875.5957031250
654025671.7346637249 8977694.4228515625
664850225.6911265850 10333042.5722656250
728930365.6775479317 13386513.8945312500
749297301.2344549894 13687670.0996093750
750041442.4156879187 13690750.9804687500
756905384.9635051489 13753446.1621093750
757000278.6162222624 13753712.8808593750
777976106.3162436485 13843307.7207031250
779591727.5338399410 13845228.6953125000
779054378.4708770514 13844200.6210937500
733875720.9596953392 13478951.6367187500
662936403.5576468706 10170616.6181640625
688872320.6866123676 11953740.1894531250
700356053.7057111263 12535962.1953125000
711700987.8390791416 12957264.2402343750
711954281.7607638836 12964398.8085937500
749503881.0744522810 13687988.6484375000
757359795.5741498470 13755770.5097656250
654125153.9006152153 8981715.4931640625
664678691.4529974461 10325596.0341796875
713484552.6050673723 13013850.8515625000
676638419.9556186199 11264116.7812500000
689080537.0404984951 11966177.3925781250
701232529.7999843359 12562118.9296875000
711403655.0601885319 12946161.9003906250
727219750.7777850628 13349351.9003906250
735422203.4500072002 13502068.4628906250
749049605.7952026129 13683811.5781250000
757001468.1980406046 13753901.6855468750
756984280.8557640314 13753501.6738281250
771517364.2576177120 13818981.8554687500
654362010.5219991207 9019582.9755859375
659176721.5590362549 9787636.9521484375
700540203.1599760056 12542855.5371093750
714562353.0073210001 13044077.6035156250
714045146.4957892895 13033410.6250000000
712960552.6425166130 12999493.9218750000
727686954.5462779999 13358879.5585937500
659340813.0267939568 9802674.8603515625
654369728.2068901062 9021619.3779296875
654272003.5904833078 9015420.0810546875
756306833.6543666124 13750349.4082031250
676051719.1865701675 11222036.7402343750
733076668.9408407211 13467251.9824218750
688456466.3418389559 11931227.0605468750
688575489.8897565603 11939183.0273437500
699670452.1630192995 12503075.2343750000
659009084.9505552053 9770503.4794921875
664229314.0679385662 10288741.2509765625
700849135.5006214380 12554005.5742187500
713640105.4430721998 13020433.2734375000
735028582.0678696632 13496471.3105468750
771518809.2389407158 13819547.7050781250
734860778.7565367222 13494377.4277343750
713920497.7924473286 13027593.8066406250
734327878.7160654068 13485350.3886718750
712953970.5456289053 12998816.5566406250
664100018.9691566229 10279451.7451171875
734173480.6166810989 13483204.4414062500
663980408.3218728304 10260706.2617187500
658723222.6517145634 9732215.7753906250
678443357.0380105972 11338603.0126953125
654490487.8628641367 9032286.5488281250
658663530.8517042398 9727953.6132812500
711410680.1325793266 12950797.0312500000
711564112.1903395653 12955867.8750000000
663728783.9323107004 10243458.4326171875
677520004.1757348776 11304436.7773437500
729885917.9225244522 13400457.4062500000
663058120.3560074568 10175347.0400390625
678132308.1831991673 11337454.9902343750
711448801.9839085340 12952791.7636718750
722228715.8146976233 13227398.3750000000
710406519.1542484760 12907834.4804687500
722114602.9158431292 13226849.4804687500
655143665.0523202419 9118904.8369140625
662028854.8942641020 10078348.4521484375
699510727.1707118750 12496733.5488281250
699833424.8572728634 12514361.9082031250
776742013.7815659046 13837290.2871093750
662278253.3435374498 10100267.4150390625
677400815.2524018288 11300280.7041015625
728702302.7137689590 13382555.3593750000
663481385.6873999834 10215556.2763671875
728379018.9879257679 13375875.8750000000
728260690.9529972076 13372794.9550781250
654752244.9032675028 9069516.7949218750
662141001.0335685015 10092351.0341796875
710715630.9716203213 12919628.0996093750
728540329.0450732708 13377789.5175781250
663263376.2636864185 10180908.2666015625
727980157.7167119980 13365465.8808593750
776607549.7979176044 13837288.7695312500
777185622.5684002638 13839026.4628906250
662283516.8787715435 10103650.8818359375
710173607.5453385115 12901592.9199218750
721871973.1880205870 13220984.0039062500
662008770.5138125420 10071774.0478515625
675224883.8966281414 11152200.8623046875
769350588.5466747284 13801151.3125000000
769492034.1726641655 13803909.1347656250
731938852.9684393406 13435089.9628906250
722440082.9267181158 13233224.5761718750
747792123.9674447775 13664303.1367187500
722867399.2681859732 13241674.8964843750
661384392.8238946199 9999188.2255859375
661148158.8680640459 9977747.4443359375
661078778.7406685352 9964506.9384765625
661041864.6269708872 9961952.1455078125
660977327.0311346054 9953171.7841796875
660796844.4257373810 9939574.7138671875
660642524.1083264351 9915948.6689453125
709149208.7192870378 12849699.4062500000
748146988.3386759758 13669165.9472656250
709051795.3021558523 12848193.4121093750
708881026.8575212955 12844155.8007812500
726335715.9523662329 13327462.7187500000
708738828.5525206327 12837760.8281250000
671467727.9841611385 10835637.5146484375
724098056.4533778429 13267346.5605468750
723958168.6823495626 13263692.4980468750
770117804.5958415270 13812717.7246093750
659905202.3973529339 9835444.8154296875
755104592.3624558449 13731434.4804687500
671910515.3771615028 10875693.2353515625
754923394.7375226021 13728934.6015625000
754649249.1236870289 13728321.4609375000
754403537.3298964500 13725252.8847656250
754550436.2887525558 13727151.3320312500
770357445.0354799032 13813883.3281250000
675047480.5793031454 11128095.1210937500
675041957.0741828680 11122146.9296875000
659921377.4383299351 9839747.4873046875
723756574.6206101179 13263128.3437500000
723391705.3728431463 13253690.6503906250
731073065.2249792814 13420876.9433593750
668222829.4032056332 10562029.6650390625
723629524.3573851585 13257111.9082031250
668024369.0126452446 10541535.2529296875
723684538.0075699091 13257580.9707031250
707512370.2166804075 12785462.0761718750
707645633.5300961733 12785619.3847656250
707772968.5707852840 12795225.2402343750
730497082.5083309412 13408996.3203125000
730056847.3466655016 13400549.7402343750
674856976.7536427975 11108061.4843750000
730227358.9515813589 13401217.0625000000
730346972.5527621508 13402767.2578125000
671711844.9712166786 10862952.0634765625
671969976.0299472809 10880630.8173828125
772866032.1428270340 13822611.5058593750
668019510.4142899513 10538574.2138671875
667996346.6933236122 10536733.4345703125
668168299.8150146008 10554661.9570312500
667890111.6045124531 10535253.1337890625
674923082.8014516830 11111251.6855468750
772665371.1625093222 13821714.7246093750
772870917.6621295214 13822955.1152343750
690282410.1774470806 11996403.3203125000
690686292.4960128069 12008545.0507812500
775477870.3200526237 13829024.0664062500
690053127.5086283684 11990744.8300781250
689981803.3010258675 11988452.4882812500
690265575.3977946043 11991304.1132812500
656127470.5091505051 9165535.0244140625
667639984.7107465267 10508653.1025390625
655941567.0116093159 9132570.1181640625
688123485.0380408764 11892644.3789062500
775723808.2313883305 13829251.4140625000
775257117.2521121502 13827483.9355468750
674527944.8279139996 11079800.0419921875
775325058.3303662539 13827975.7734375000
674669106.8011970520 11092292.3818359375
674128512.4080855846 11048899.1240234375
674270727.5112240314 11062905.3525390625
673975310.8592495918 11026177.3994140625
674045359.3620760441 11035976.2509765625
673930669.7950878143 11025869.3837890625
673989347.2355978489 11029908.2451171875
687973735.2362630367 11883373.2871093750
688115496.3730530739 11891166.9785156250
656776169.6687155962 9201229.6123046875
672224271.5265100002 10893383.9326171875
672413257.9604685307 10908477.8623046875
672268196.3093504906 10900733.0927734375
658571709.4970172644 9581781.4414062500
658447076.0769661665 9556523.6816406250
658381056.0813635588 9527249.9697265625
658298711.6383742094 9510208.1367187500
706550221.7687475681 12694426.9941406250
657075672.8220375776 9226750.2207031250
752652005.3265037537 13700538.5156250000
656958600.8530852795 9208014.2929687500
706336232.6933783293 12690551.2285156250
705886672.4362587929 12674125.1347656250
752501770.7018133402 13699866.9433593750
657244975.6444782019 9240595.5283203125
752687790.8265416622 13700829.6875000000
706014140.2143082619 12679391.5566406250
657453904.6156452894 9271878.4560546875
657703958.4808050394 9316620.2304687500
657737518.7116699219 9331805.7031250000
699059561.9169824123 12406287.4824218750
705815543.9844363928 12671319.0859375000
687875175.6965603828 11861021.1035156250
657877740.4891464710 9367245.4912109375
687649862.4514060020 11848465.3261718750
658172207.6069360971 9414888.0078125000
657980277.3165700436 9378365.1562500000
657822093.4048625231 9350462.3017578125
657840732.5930277109 9359354.9521484375
687038771.4326902628 11810718.7304687500
767875710.5614390373 13790048.3789062500
670641371.5576908588 10746399.6679687500
687305871.7563416958 11826471.6835937500
698967038.1794341803 12396877.2773437500
670141510.9608385563 10703158.2167968750
670073173.2514262199 10698207.0683593750
670226922.4784114361 10707395.3046875000
669969070.6828098297 10692290.2519531250
698882125.4245871305 12391459.5097656250
670134118.3379316330 10700992.5830078125
745825424.5315388441 13604260.2109375000
697848258.7363126278 12328896.2187500000
698044751.7462408543 12333434.6816406250
667477691.7393982410 10461757.8173828125
667309922.4274759293 10445177.6503906250
666796016.0880919695 10391222.1806640625
666597755.8256789446 10371086.2568359375
666822797.7996107340 10395389.0966796875
718453870.1031069756 13055442.3867187500
718376170.7731676102 13052313.5878906250
684930719.9948399067 11668997.1074218750
705091575.1922745705 12618855.1347656250
705027839.4563891888 12614787.6015625000
705066318.1120396852 12618074.1621093750
705023291.2730901241 12613458.5234375000
705160171.4876034260 12624096.0703125000
767378767.9632270336 13772214.6523437500
767199271.8518567085 13768897.3632812500
684792787.6594066620 11656614.7656250000
685820747.9325205088 11722176.7285156250
685066934.7913547754 11674417.8496093750
684876489.0553076267 11668532.5957031250
720710981.6868094206 13114228.3808593750
720425112.7663389444 13103406.8789062500
720671054.9245246649 13112887.2714843750
720921156.4339302778 13114832.2832031250
719934649.3729875088 13091731.3085937500
719604295.6741886139 13081611.6054687500
719224385.2006747723 13067544.4843750000
767052902.0080225468 13765722.4609375000
744996989.1322892904 13565452.6640625000
744965591.4210507870 13559897.4570312500
745026464.5425676107 13565620.9335937500
696962712.0605150461 12208665.8437500000
696678162.8938589096 12193847.2500000000
694843087.3202487230 12104539.2851562500
694371296.0275413990 12089519.5410156250
694471661.9398514032 12093947.2128906250
694447939.6495150328 12090413.0605468750
694642657.3721442223 12101711.0273437500
694275079.2428263426 12085312.2890625000
694123222.7531747818 12081492.4785156250
684740680.9070776701 11557801.0244140625
684781089.8614876270 11560468.2080078125
684668060.2509679794 11556452.4345703125
684518466.2424094677 11548745.8310546875
683427546.6088584661 11476367.6630859375
682470110.2847990990 11405114.5546875000
682311348.3220525980 11398922.0664062500
682436451.5657122135 11404458.7734375000
682250451.8931415081 11392646.0976562500
682055603.8860137463 11382114.2089843750
681947234.6650774479 11377844.8398437500
681934041.0055936575 11377501.4023437500
