651145989.4674555063 1212186.2716167364
677234592.5510215759 1912178.3518255362
680271292.8691622019 1976631.2845358555
680764954.8222954273 1980008.5538973515
705235594.2927901745 2358282.1994628906
710512488.9568667412 2393373.6118164062
710921171.4843324423 2394369.3898925781
716224514.3483729362 2398875.6420898438
710383173.5244693756 2392188.7553710938
641566502.0483894348 764269.2930070359
641373037.2854069471 763527.2235261399
651242488.3929632902 1216696.1059833560
677783360.9381898642 1925277.2825468192
677715458.1779640913 1924605.1916654715
678196736.9145185947 1930729.7819364676
700567607.5519006252 2301427.2609863281
707334061.6112599373 2375856.2929687500
710615020.9288961887 2394239.9841308594
716192798.8200637102 2398862.9106445312
662386870.5303087234 1550442.8444036664
662362215.6178822517 1545398.0974074723
651563782.2067939043 1225239.9181590620
677203553.7764925957 1910801.8495062003
677309905.8627221584 1913673.8420599112
677637081.8615170717 1921543.6974638114
677541255.3499847651 1919849.5293729911
707386638.6391537189 2376235.4282226562
715941956.5116825104 2397809.4213867188
715755632.0036257505 2397644.2275390625
640102389.1827976704 643497.0687098317
639845178.7707921267 628199.7980952077
640221845.2485351562 643720.0461420827
641005343.3392087221 742623.0138985786
642151959.7515763044 810079.2847334547
641415700.6335824728 764267.8217541027
641062390.4767756462 745665.0627841240
642186289.8531655073 813167.0137831373
651679716.0868817568 1231254.6021632515
662025405.0319217443 1538598.2968703629
687126453.6424894333 2102116.0264661666
705362533.7444409132 2364085.0888671875
708022450.1007326841 2382784.5363769531
708121863.9432307482 2383666.0227050781
640085983.0570006371 638511.3188471608
677343560.4359815121 1917496.6070745597
699322003.1718977690 2286196.8160400391
641213429.1332376003 757113.3526173761
662042874.4998325109 1542084.3979445817
641032118.4345016479 744368.1585832989
642206473.2144223452 813293.8905940098
642466847.1304093599 821289.1213566465
686510348.0393291712 2094280.6947973131
687134822.1461420059 2104382.5959241744
705375811.2018487453 2365023.1176757812
642319862.1351782084 817982.4196974440
642302147.9499062300 817404.9228102369
651373050.6987497807 1223443.5917621646
642343572.3359974623 820380.3326325697
651075791.7257301807 1211795.5083645377
687221145.5312323570 2105695.5965345260
710598692.0820920467 2393775.4174804688
705778388.7955902815 2367022.6130371094
678386041.4436019659 1936003.7498624930
677895797.5519598722 1929117.5825956473
650037123.3483537436 1170000.5985186994
661550975.4127761126 1522332.0617501410
661725265.6180664301 1531183.7086007269
679335218.7204912901 1958701.2019552891
707738180.0234804153 2380386.8808593750
642089896.0872548819 804425.1915480299
679428830.3679770231 1959361.7778830235
641600361.5191195011 776676.5910705314
661552566.0188149214 1525399.5949532660
661525545.3295527697 1519965.8031756552
699268134.1640833616 2285068.0447998047
706042964.1854957342 2368294.7839355469
642045651.3327293396 801188.7252740790
641933707.4028592110 794682.6637057466
650944347.2999188900 1206365.8945463095
641981549.3631091118 796111.0477878675
679455253.3446627855 1959437.1859030430
640247059.5952719450 648634.6434936624
641973351.5178495646 794842.5263548894
701071304.6482158899 2309842.5693359375
650696414.0850769281 1194528.8676908407
710207306.4898775816 2391681.0280761719
714277770.8494567871 2396099.1347656250
714248038.4751769304 2396079.9257812500
650814223.7068991661 1200086.3386381064
700795554.9604676962 2306472.8737792969
679498432.9608334303 1959549.4464010899
704727189.2364507914 2355029.4895019531
704575341.8077691793 2352736.2119140625
650749773.8203917742 1196563.1704393376
704538370.7811435461 2350893.1108398438
714228138.5939153433 2396038.1967773438
714192082.0202167034 2395975.3637695312
661384683.6949973106 1518711.7268623386
641327312.5444275141 757880.8517107596
679781501.2633937597 1967267.8622946446
661107564.3884838820 1510963.3600604208
713955071.5829968452 2395963.2856445312
713832282.2230504751 2395874.7246093750
660662756.2898427248 1495111.2572823437
708215477.8702448606 2383735.0373535156
678039680.1885702610 1930324.3975980887
649497049.2962657213 1145242.8055512041
649623562.1243995428 1150966.6101003655
660475284.1855363846 1490171.1527901562
713622546.7225368023 2395584.7978515625
649552691.8309041262 1147980.1117035479
649514282.1062291861 1146349.8094121546
649530570.1367676258 1146710.5670974480
706444831.0690405369 2370742.2233886719
649505118.1014983654 1145612.0029388994
649439534.7319920063 1144076.5743500323
660212212.5205137730 1481890.3994822996
701338835.9930690527 2311131.7861328125
640990642.7081742287 725633.2984914798
640383609.7429294586 658230.9144108110
648851550.9484850168 1114557.6977619864
649424144.1396251917 1140804.7580061741
640284146.2925566435 651540.6163513475
701579214.7969574928 2314156.1743164062
648902127.4170581102 1114937.9467854239
660000103.4419423342 1473419.8805281417
686921578.0840101242 2101369.6581325885
640880643.2403210402 708843.0760203805
649030873.7747708559 1122315.2485432364
649203673.5197823048 1130006.8291096427
701378670.2197017670 2311945.2431640625
660098813.3665713072 1475005.3928013716
660098869.2516695261 1475149.7997938888
640758539.5925650597 693991.3813284840
660026082.7484651804 1474586.6678206222
679713991.3613103628 1967005.2623190586
679988750.9194959402 1970727.3482565586
640833200.6067634821 702571.1984873360
659868238.8973113298 1463650.4216252556
640628130.3589316607 685337.0406700578
640661395.5547602177 692436.7240807023
713270637.9156857729 2394877.4724121094
686719913.9685173035 2099852.7140407916
640430256.6621935368 663984.7725578751
640499079.9078083038 670503.8819061723
706963285.3638899326 2374756.2375488281
707395542.4145990610 2378302.8134765625
709460526.6180839539 2388253.8068847656
709618319.8845208883 2388341.7143554688
699649068.1733092070 2290320.9295654297
680013815.6369332075 1973330.2296042149
699822865.4583959579 2292574.4217529297
699191306.6268616915 2283579.6408233643
648761277.8580535650 1094856.1435352941
648739781.2736420631 1090787.8461186071
678525952.6587857008 1938030.5676827815
679138051.2715737820 1951267.9629680116
678923251.4600861073 1947859.3358712581
708927950.2177647352 2385732.7873535156
709084473.1877712011 2386610.6010742188
678637018.6308701038 1942585.3561349299
659324570.0411281586 1444234.0070431670
659237482.6323078871 1440677.7940609893
679234734.2438495159 1953179.2823143317
679055247.2715702057 1949288.5843162849
659043660.4572533369 1429735.3849098673
659220016.5170813799 1438139.8036720743
659177690.4828157425 1437963.3974220743
647899793.1294739246 1045221.3624449349
647869459.0201965570 1040069.3496971251
647817148.9248389006 1039278.5838299515
647772870.2894160748 1038994.3518963577
647737195.3127825260 1037347.8091107132
682884248.6196604967 2025086.6045291796
685026717.5678303242 2064273.8203146458
647531666.5387284756 1024555.4774603965
685365158.2500669956 2071335.6446554661
700163061.0954498053 2294482.3840332031
685507371.8351842165 2073689.6112011224
684832265.4883841276 2061804.9890158176
647347274.3384659290 1003500.8222004401
647372648.4240404367 1008071.7101492251
684899966.3073631525 2062674.6229269505
647363011.7725378275 1008013.4599661196
685062772.3951572180 2065782.7594015598
647361482.4416391850 1006550.3092092837
647262209.0326832533 1001958.2313284243
685039239.1537050009 2065143.1805441380
685254028.4369515181 2068764.7957785130
647216449.1179122925 996939.0468135441
646799628.8447839022 972677.6818647471
646381037.4373182058 955118.2425516930
658729386.3372243643 1409940.2666429151
646321288.7273972034 952919.2369364586
658409280.0992797613 1397987.7280281652
658690574.4393643141 1406312.0628708471
683169143.5056411028 2030445.9590213671
682947890.9528599977 2026737.7754276171
683077765.8385827541 2027445.6765506640
658543877.8533443213 1398619.9493149389
658611054.3808794022 1405216.4744919408
658609426.1138825417 1405194.1951950658
646489525.5272107124 955752.5136673239
681519462.7020850182 1991442.2330428811
681278312.3102014065 1990759.4600936624
646186280.1473276615 942726.6876134959
646174158.2723811865 938580.4304754820
646008051.6130897999 935023.6633856383
645962255.1084572077 931452.9636786070
645437494.8399100304 900169.9004169789
645424215.1122988462 898768.8255878773
645324089.6525416374 896729.2568622914
645001336.6703324318 877955.1405225840
682572221.3852086067 2016200.2240894213
682119309.0647175312 2000189.4796607867
657864798.8081302643 1367661.3227008060
682491633.4955232143 2013576.8859718218
682329062.5807528496 2011539.7768409625
658070016.1616724730 1373574.8193500713
644580314.4660965204 845816.3635670635
644599486.5776703358 847517.6138456556
644488966.7720875740 845660.1649015638
644484829.4152492285 841335.2209560927
644431065.9615942240 841066.0349209365
657624823.0381300449 1353264.8134144247
674873291.0842521191 1828745.2252303201
657172606.5143648386 1334184.5069569051
657068678.1894147396 1334052.6026600301
657214016.7429568768 1337408.5657337606
657209832.8410959244 1334962.7486177385
656719364.8868713379 1318545.8512409902
656851639.1554363966 1322931.1863697744
655711141.1409496069 1279095.7131409622
655690840.4783166647 1277155.1134969019
655580481.7539529800 1274115.5722923256
655594718.1800724268 1276846.9566574073
704187587.1721291542 2332078.8576660156
655487678.1140577793 1270707.3079055643
655528583.7245001793 1271017.7725105381
655277106.9129987955 1265135.9318084812
670651649.9267510176 1707967.7494567931
670616703.6390258074 1706768.3247207701
655538844.8265266418 1272394.1277904606
670727346.3189536333 1712328.0358566344
704382479.5196309090 2333000.0275878906
676877116.5234018564 1871480.6681096554
676762343.9433909655 1870137.0231026672
676472430.1026784182 1862665.2145089172
676446864.0742000341 1862659.8819893859
675973043.3422420025 1847047.9002112262
675922344.1328744888 1845334.3264807574
674197411.3301432133 1801981.8268010456
674193558.0125138760 1800722.6190373737
674072628.9269392490 1799030.8322942096
673917332.9765777588 1794871.7685735065
674062308.5865023136 1799010.6696965534
673780157.5188899040 1790377.4498479206
704410354.2520930767 2333569.5490722656
673999889.8747150898 1795334.9414620984
673607037.2083909512 1782473.3171164393
698428789.1086918116 2235840.6055908203
698363497.9968698025 2234009.1124267578
698176933.5711566210 2229832.3339843750
698120840.0535681248 2229101.1636962891
697856466.1768971682 2221716.7835693359
697963803.5578303337 2228306.3658447266
698210258.0824909210 2233218.4053955078
698385087.9134751558 2234033.7100830078
672887948.1957211494 1763627.9292227626
672878404.9356524944 1760670.4301382899
672519068.6993861198 1751205.4506461024
672082845.4267451763 1739912.5774046779
672405131.6394817829 1747586.4225699306
672182792.3703100681 1740219.3678213954
672272820.6916728020 1744277.2255030274
672080658.3352143764 1739185.5539942384
698876035.7142812014 2239610.2658691406
670214961.6732283831 1657291.5774524433
670236162.8684453964 1657813.2571239707
669880741.0068378448 1649998.2680452091
669444204.1931562424 1630899.3159625751
669692745.1838939190 1643487.4989412052
669458357.5902874470 1630969.2148883564
669788858.3005094528 1643842.1896503193
668227046.0379121304 1601182.9133387520
668227807.9019545317 1601186.5168543770
667929727.7936636209 1593465.3511706307
667759815.6092914343 1574614.8715177993
667717708.5705829859 1571596.8340707910
667528913.6375809908 1564603.7315220726
667709278.8184318542 1570858.8312482727
667570296.9732919931 1570128.4691929710
696837884.7573094368 2144476.2860412598
696614873.4238975048 2138043.5016174316
696604402.0082750320 2137059.6666564941
696771262.8118336201 2142922.5179748535
697434001.7856262922 2152851.2103271484
697269462.0602817535 2148802.0858154297
697547563.4748787880 2156242.3289794922
697789665.9051787853 2159143.3585205078
