610644229.2204418182 202604.0206593687
671250163.6327371597 280956.2365417480
672539861.9169305563 281357.1961975098
674229040.9896235466 281777.1243286133
584355127.8487068415 94208.1849471560
610647614.4910547733 203301.8644398863
613983485.3091210127 209936.7625623629
613811195.7840288877 209439.4475294040
661412148.4604310989 276369.2187805176
662270889.9373463392 276857.4477844238
673538187.4203925133 281684.0950622559
673894571.5074876547 281690.4336242676
584552421.2286382914 95674.3368287278
597988861.1645932198 168195.9131276337
610259826.5222413540 202447.5042103941
610053564.1044378281 202389.9348744566
674461464.9355183840 281786.6211242676
673928908.2037899494 281735.8361511230
673160492.4527226686 281583.8734436035
613866576.1196993589 209496.5972181247
600403373.4339072704 176982.9811288100
638199310.7432749271 252225.9500732422
672813436.8918529749 281506.0647888184
673024319.4290639162 281522.7126159668
582889019.2489891052 73109.7276343724
609989195.8096659184 202170.9011830504
609821066.5843822956 201815.9475209678
613401290.9574173689 208623.3417554782
645938717.8803824186 262499.7070159912
672722963.4744714499 281434.0406799316
586252538.8369996548 106291.8894598888
588824348.5390045643 122057.1334994979
602176403.6805331707 182752.5827679648
602199441.7371196747 182949.6503770961
582637542.1039373875 69354.9253248798
584360619.3875945807 94296.0609905688
609805717.1175231934 201373.7654408629
586206598.5874295235 106280.0346174476
602621142.6636981964 184085.3723467602
585743040.2224731445 105308.7148571251
585911659.7969255447 106192.6353229920
585967286.7968764305 106273.3304308339
602525723.0786228180 183755.5241717114
646564383.7328509092 263363.7260284424
661676676.5665197372 276486.9161682129
584531870.6380914450 95651.5480507878
602754971.7499568462 184259.5602434888
614124997.7022194862 209987.7115170644
602549598.5866327286 183780.2213457837
602613458.8707911968 183984.3522051587
614073617.5141586065 209955.5210576938
614165729.8606578112 210236.7012326405
602454921.4708561897 183721.4832781567
602360521.8410065174 183313.6130337729
609672603.8023643494 201277.8452395613
661284258.5301053524 276210.4200744629
613074589.0300668478 208046.5393256159
661990176.3974919319 276758.7851867676
671936372.9753834009 281281.6653137207
671939242.3115648031 281319.6937561035
585609096.1066288948 104426.5520115135
670185274.3714148998 280428.2918395996
671334588.1830049753 281134.0774230957
646389773.9104597569 263210.6049041748
646159797.2718411684 262980.8783416748
609470400.5284698009 200652.8791140730
613067398.9870253801 207931.0840650485
662049202.5243307352 276785.5841979980
584296052.2270191908 93970.4237547321
585776097.6808011532 105340.1907999156
584416678.9572249651 94969.9473524494
598945134.6451845169 169890.3581615205
601940057.7960641384 182300.7370038047
585690859.3660655022 104886.4064502952
598546699.3626303673 169867.1732793036
609023428.6547499895 199708.7923609430
661759335.1045476198 276564.2862243652
584476243.0041199923 95558.2217014827
601690794.4696578979 181426.2836956992
661863536.2473839521 276681.9346008301
585479046.4013335705 103474.7421163325
614144053.6444107294 210108.2710920260
613836379.8690990210 209472.3340497897
585503464.8271899223 103476.3363631968
588583319.7935936451 120049.8863818286
613097170.7576850653 208131.1520399586
601803255.1719486713 181902.2631268515
601719134.2273330688 181517.6169476523
612681070.4925478697 207000.9716090173
613443844.1070381403 208874.5040021823
601557734.6183471680 180673.8697382226
660963171.1639313698 275781.0899353027
660892657.4237202406 275610.4199829102
583295164.9638485909 73941.8137973269
609363578.7006257772 200625.1811198408
583188308.8610837460 73890.9152377695
582891794.7693455219 73229.5865929222
601462576.0631027222 180445.8943964257
601420146.8316657543 179922.5313326134
598061293.2622430325 168307.5962892952
609236528.3780554533 200143.1237219984
582763969.3553662300 72246.6247307306
582726952.5686540604 71353.2311913019
651106222.0171746016 268196.0693054199
651215863.2931762934 268279.2010803223
660762493.9178011417 274853.0277252197
598307596.9477643967 169096.6225954476
613279777.9786676168 208601.0502515719
638985696.4490597248 253219.3048553467
597870005.6680767536 167497.5380007210
638396039.8968832493 252395.2399597168
598346237.5623471737 169193.6522897459
638592932.7745362520 252762.5493621826
585400769.1914420128 102573.7490505310
661035589.7043677568 275787.1368408203
660940693.2678973675 275619.4662628174
650561290.5453642607 267666.3333435059
650674546.5509876013 267719.3210754395
598192238.4047417641 168927.9190432015
597938762.8634936810 167854.6303178850
660787769.3147994280 275368.2879028320
585353705.6429595947 102077.4261516663
585215654.4777598381 101189.2123144781
585090332.9564657211 100277.2827490484
585032149.5209255219 99497.1477359681
637688645.0447958708 251227.5503311157
689390247.2500890493 282473.0507812500
689252158.0481605530 282459.9581298828
650985667.9053127766 268018.2211914062
637577674.1603348255 251034.1617050171
584972798.8931245804 99165.4335700272
613271361.4210239649 208403.8298841701
688773811.0999697447 282452.3009643555
584971394.1727142334 99028.2252525603
598282705.1471126080 169029.7326797727
584576434.5200611353 95791.1572402185
636903569.3669979572 249912.5100250244
687952396.3942826986 282366.2770996094
584639478.1548012495 96428.1688149636
584774685.0259157419 97010.9636572244
669745684.4390531778 280063.1168823242
688742987.1829174757 282444.5253906250
588085357.2036921978 117995.7377540088
587984934.9934978485 117212.1260005450
599814936.7490599155 175172.9531274140
599867479.7009072304 175424.5741906464
599762827.4653313160 174983.0641808808
599679156.5551784039 174676.0533234179
636602234.1029503345 248905.8243865967
687510788.7463266850 282354.4879150391
588033087.2625694275 117888.5355769610
686453305.6634166241 282283.4331665039
599515441.9053742886 173917.9806717634
688335620.9296450615 282436.6702880859
588088178.1874899864 118002.7878702050
583517689.9784348011 78147.5487467402
599391914.3476171494 173051.1563118696
583390450.2431583405 76512.8780221992
583352785.2481083870 75658.4019613789
648253072.8353350163 264879.3375549316
611980782.8000513315 205772.0909844474
611868728.5535277128 205362.6019097404
611692323.6130250692 205189.5536729493
611630258.7226356268 205088.5239373283
685710500.1103762388 282205.3544921875
599424901.5442285538 173191.9823197126
611911234.5734685659 205380.0441491404
587945645.0770707130 117037.4558372848
588062889.5000560284 117960.6924102744
611386687.3917425871 204551.5307808951
647919023.4382116795 264726.2434387207
637870151.7663215399 251403.1794662476
611601420.9022098780 205065.4235970774
599654781.6486830711 174195.0242003421
583636767.9827988148 79074.9952618999
668971750.8161807060 279600.7987060547
669271743.5024274588 279616.4957275391
669597591.8253327608 279746.4806518555
669424622.7931977510 279667.6465454102
668859782.8831853867 279549.2801513672
687382524.9956427813 282296.7090454102
583746820.0190095901 79782.6997035646
666418585.6177554131 278297.8913879395
583788111.2052156925 80727.0656201390
648398816.2625691891 265157.7182922363
666144161.6535536051 278220.2434997559
665657651.4926840067 277974.7481384277
648261593.6090943813 265045.6709899902
665782629.0021222830 278024.4557189941
665454871.1834034920 277885.1885681152
665527491.1257220507 277968.2725524902
665864581.7154396772 278055.8762512207
665657775.0205420256 278006.3395080566
665238643.9426823854 277787.4212341309
598960896.9483039379 170999.1495974623
649617056.9473091364 266365.4426879883
648831279.8930661678 265527.1868591309
584017219.7021777630 84570.9138111532
584130762.5279498100 85448.3918627049
583907768.0659189224 81602.1101940998
649915557.7571088076 266627.3779296875
583993013.4869225025 82764.0964884108
583956073.2670376301 82663.5263330287
583846385.9917120934 80969.9697102436
649590974.6894896030 266356.2001647949
640466556.7099100351 254190.8684082031
640317673.6012426615 254077.1461181641
683811267.0596389771 281846.3721923828
649873459.7279595137 266616.8159790039
589382064.3565146923 123755.8774890890
589482681.9227218628 123930.2172984471
589327581.5250887871 123121.9652204633
683311990.0851567984 281826.5442504883
589201460.8592395782 122686.7018772354
599057076.8592252731 171199.6496774632
599254547.0429944992 172021.2998086888
685290829.1274698973 281968.9790039062
587834362.2363653183 112324.4271197285
608846693.7697492838 197516.0445371370
684396537.8435626030 281903.2980957031
608797776.5153776407 197452.8138833742
608617618.0240222216 197060.4637418489
590847748.3563868999 127099.3388042226
591064651.7366895676 127435.0913458839
590988828.7645454407 127112.7893543020
590680182.6677017212 126707.5969714895
591010640.5141196251 127305.2295398489
590573598.3694612980 126430.4899158254
608523307.1379019022 196747.2313504915
608748549.8796476126 197448.4141355257
607103477.9806218147 191820.7976434997
685034113.0705822706 281928.0197753906
684868868.0045967102 281919.7883911133
606319888.9839801788 190346.5579728901
606787121.7156262398 191410.2339110943
605896065.3170211315 188983.8625238938
642561981.5349795818 255972.3342514038
642339296.1960725784 255865.8209457397
642010408.9207638502 255300.7167282104
642072955.4634509087 255340.8443222046
641795023.0316432714 254894.0968246460
660750483.8050465584 272595.7929382324
643271224.5765184164 256740.2194290161
608301749.3555788994 194714.8804665273
605591809.0572481155 187708.5415213509
644048896.5460284948 257662.3815383911
643900342.3592290878 257538.5827713013
644297974.4927713871 258154.2347183228
644728834.3607364893 258690.1644668579
644836599.4382706881 258822.6460647583
645282511.4890811443 259342.9223327637
645560634.4827566147 259847.8145751953
656876980.4398559332 269084.5427551270
658661786.6760401726 270056.0444335938
658257264.9674087763 269960.3494873047
658687558.5680986643 270210.5051879883
658210933.4633405209 269914.0946044922
657891866.4965662956 269696.6209411621
657641240.2582985163 269533.0882568359
657781041.8259264231 269596.6208496094
657690880.1260379553 269595.3790893555
604989163.2632286549 185861.3435986442
605308720.8709492683 186754.0191511018
605201972.5217986107 186450.7008253736
605230860.6016435623 186532.2886070414
605225207.3695507050 186525.1004356546
594289492.4297045469 128325.9798589333
629173191.2335839272 226607.1853779275
594675486.7543380260 129819.6391053520
630713425.5699074268 229022.8828405887
631238791.3622938395 229689.0270771533
630800575.8929009438 229176.0747036487
631062297.4063000679 229398.6294881850
631166648.5143830776 229460.7221316844
631104745.7738370895 229460.4661335498
631972448.3072179556 229938.5078086886
597725724.1716222763 139281.7204662544
597267487.2456693649 134855.7874670677
597178736.2119348049 133957.9807043724
597204385.0631427765 134243.3611975365
597121817.5914857388 133296.1265098379
596994858.2973656654 132447.7428877280
597178672.9170868397 133406.8240275905
597023244.5971419811 132594.9379595444
597009014.0805690289 132545.6186846421
628174532.8677045107 220802.1023926884
628231025.0255478621 220925.5186057240
628093886.0413807631 220082.2974038273
628128895.9281561375 220327.1064591557
628010197.5314956903 219379.7158167511
627915110.6874386072 218984.6161511540
627821078.5873681307 218759.1452453732
626776739.4506067038 215991.0722266408
626547659.4930123091 215768.4255896779
626937928.3975293636 216350.7334128590
626283038.3233352900 215056.9962226124
625620539.2915718555 213779.3199166628
625880220.1752587557 214083.1243380876
626017844.5281757116 214343.4383076401
625439862.7969596386 213246.0021308856
