78234603.3966017514 649.0072199926
81087809.7312000543 1137.0192371026
78217372.2227089405 641.9287109831
84240752.5231716037 1429.8632984161
83958725.9638233632 1409.2337493896
84290008.1149880588 1431.1913089752
80317651.5369347185 1041.8422387391
84047396.7941772342 1410.9618682861
84112740.9529722482 1418.2504236698
84520221.3562299907 1445.3535423279
84074675.2357355803 1416.5468941331
78215820.8708028942 634.5979084597
78584529.0055852830 769.0037889639
79392441.7204427421 909.1063184938
84561764.9694372565 1447.5669488907
84419921.2685287893 1444.3170986176
78166205.1552252024 634.4046804533
78556069.1071449816 756.1779239783
79264048.1535170674 896.0021515051
81207394.6468754858 1145.8332515374
84805368.7655854076 1456.3747730255
81433441.7763938755 1160.3543220178
83384450.2587694377 1350.4029706977
84121865.3442756832 1420.9531140327
81215025.5174580067 1150.8019450456
84316862.9482845813 1438.9549522400
78633858.0130030513 769.1729725013
80323333.1893187016 1044.1302848607
81326516.6911347210 1160.3539565355
81293047.7630708367 1150.8448966295
84053619.7886698544 1412.0982213020
80418098.7216721624 1052.8668841571
80960108.0924641639 1118.1791623384
78156064.9489060789 631.7393881903
81133092.4196211547 1137.2899843007
84192709.4364367425 1429.8015775681
78373166.1542697698 710.4691603864
79364284.7586605102 909.0142984549
78524272.9903343916 750.7770198071
78455786.0557829142 745.8378875861
78676743.9449802786 769.5013361135
81190837.5074941963 1140.1757705957
81123487.7154208571 1137.1030574217
78435703.1683038920 723.4459359664
84312835.1968411803 1434.7854642868
84309534.3641690761 1434.0315570831
84331388.5370145142 1439.0143404007
81004450.1547328383 1120.4507804960
83914299.4621379375 1402.1855803430
80734633.5740962178 1091.2722048312
84529630.5380092412 1445.6628046036
84342813.4216004461 1439.3594188690
78491528.4835667759 746.3354347358
83686368.9464394301 1375.1261056922
81201016.1124003977 1140.3091851026
81063244.9392012209 1137.0188716203
80494924.7930006534 1066.6097195894
79293660.8057329804 902.4952821890
83455957.8835101724 1355.3123458885
80720333.8208944350 1090.3541990686
83271728.0092595369 1344.7112523578
84440858.1908606738 1445.0269432068
78518951.2918649912 746.4274547747
79171015.3901333064 885.6792135397
81045001.1605559736 1124.1211789399
84270898.5785199255 1429.8778839111
80851082.4130042046 1113.6837867051
83277092.9276545048 1345.2371458076
78147916.3409785032 611.6510601752
84973491.6244403124 1462.1845226288
80178219.5685968548 1029.1574614793
81057142.3830117732 1128.9334576875
83928386.3317672610 1403.1753250360
84731131.6253126264 1453.7683486938
83197836.8482682705 1322.6865227598
83350740.5581334829 1348.9746350311
83250398.3986593187 1341.1253564321
83931357.2508443296 1404.4025292397
79010072.2346029431 851.2256658310
79471424.2175315470 925.5891447226
83432813.8041598201 1353.7205871604
79651142.3468399346 925.6811647615
81040643.8226975352 1122.0897591859
84664657.2807072550 1453.4317121506
78449115.2295325994 735.1825378546
78390365.2001558691 723.0003498206
83458664.3620913476 1364.0701498054
84156057.6706444323 1425.4493446350
81051240.5364062041 1124.6730488241
83591932.0779128522 1366.5788389444
83823836.0454649925 1392.2800556421
84585864.1725329161 1448.6269645691
80798257.2392684370 1100.7275605798
83574161.5930598527 1365.3516347408
83894117.7187529653 1393.0241729021
79459898.9459483922 924.7043647263
80921093.5048729926 1114.5421205759
84530455.5957896262 1445.9491081238
78352496.0375968069 701.5426074741
84007150.5928286463 1410.5801702738
83662264.2442289591 1373.9584752321
83822383.3260774314 1391.5224636793
78442618.7385546863 723.8928668799
84768334.4216959327 1455.4916038513
78362392.9961355478 703.1871092999
83596292.6956276447 1366.8499919176
79068577.3592257649 866.8581776852
83733453.8366296738 1387.6256543398
80720415.0958713144 1090.8049368514
80712588.5083114654 1090.3504411050
84048355.7249051630 1411.6002277136
78238159.7356370836 669.2565053925
78325089.3434724361 699.6894303495
84579065.5458478928 1447.9387168884
79215330.6460916847 889.7228703732
80284001.8954225630 1035.8841484338
79667257.0445838273 928.1442620750
80825464.1632373482 1101.6910746414
80342943.0513243526 1052.4925463945
84658440.7670360208 1449.0314311981
84801835.3869186193 1456.1125316620
78265234.3719117492 681.7010415606
78446276.8013351709 725.5554671730
80526794.1404196173 1067.1679394692
80461385.3972674161 1060.5123614641
80747226.9934440106 1099.1627162248
80437518.2104296237 1058.5087021142
80407464.7237317413 1052.4946089636
78306387.0652787834 699.6652649054
78974074.3265943527 843.1025404157
80495998.0425509661 1067.0136168748
80648693.2474276274 1090.3487017900
80530857.6976433843 1075.8276313096
80745552.8028968722 1092.2240470201
84777786.1722618639 1455.7294540405
78997248.8505396396 850.3104863400
79424961.2420506477 913.0579552883
84741132.8097546548 1454.6989555359
79578158.5089013875 925.5943945558
80743865.4300042838 1092.1724837143
80827983.7129475921 1107.1703513414
80528428.7651907355 1067.2268684655
84817369.6533710659 1456.5693855286
80441197.4198610336 1060.5001815110
80643693.6179237813 1083.8356319085
80606471.8943229765 1083.8352664262
83692934.4561728984 1378.1200417280
84782694.9353329390 1455.9554595947
81005311.3161556274 1121.2228435270
80845112.8891325444 1107.2713002801
84890552.1898867339 1456.7048454285
81035418.5926270932 1121.6829513303
80735075.5883425623 1091.5787032835
79291403.9915895611 902.2540598074
78256436.7942322642 676.3301799903
80137071.7723589092 1014.2836056948
78993936.8348125070 845.0814794833
80051841.8767210394 1000.5005322695
79036331.3912461698 855.5838899771
79033914.3468990624 853.3756385082
78772187.9785086215 796.8239339674
79115882.2312718779 873.1480241055
79064342.2264813036 866.3877854580
79137821.4851206243 878.9189748922
78972317.6493254155 830.2838853681
78825559.2585508823 805.9997222654
78682931.9174873978 780.0078653181
78922172.1814896911 827.1759795034
78860748.0253640711 806.0166450823
80124586.2859084755 1007.4405573457
78899765.5409412235 816.7751878584
78900786.4351159930 826.6780351484
78861436.1011251211 814.9958491558
78751221.8933521658 790.3308032835
78784118.3631071150 803.3429502333
78733608.5716910511 780.6745960051
80263615.8165277243 1030.7223058343
79899879.4419574142 963.1495300977
79903117.2517328411 964.3357669561
78807017.8819466233 803.5121337706
79992720.9281083792 983.9923650472
78709645.3159299195 780.1770488555
79890918.7003482729 942.6577789926
79898896.5888045728 943.1080410623
79867983.9511056244 940.5923078790
79806670.7276950628 937.7926748975
79844074.5264869928 938.9792921686
