136582746.5038783550 1164803.3588867188
136064820.5649904609 1161377.8354492188
114476723.3615494519 544107.7217428684
116705991.0084013343 728335.8921984155
127750098.1247007996 1043916.3834228516
132131280.1078924090 1124899.9731445312
131574551.1591485441 1113938.1855468750
132260358.2254220545 1126766.5751953125
116924367.4492827654 739178.6462741839
127639457.7932623327 1041321.3233642578
131970865.9942211956 1122592.9135742188
136113695.7956393063 1161986.3530273438
116738036.5260637403 729969.0249515325
126899822.9480831325 1026233.0186767578
127450732.6339360029 1038990.8914794922
127791783.6513167322 1044804.7042236328
131395060.4684804380 1113771.7114257812
132232410.2388599217 1125247.6245117188
116396235.3775630295 713745.4384091366
127172099.0445222408 1031562.4790039062
116719423.6048897207 729931.6822659094
119725272.6390672475 829388.2381263328
132460371.0490776151 1129153.1694335938
131691236.3833147734 1117181.3100585938
131834312.1972123832 1121547.3115234375
116384925.7009556592 710799.1490894114
116646012.5786494017 728041.3800198156
118421509.2328905910 788331.9031118050
134661240.7224174440 1150872.7036132812
127653123.7509824783 1042537.5050048828
127859757.1887742877 1048329.4224853516
130888070.5896621048 1107738.6699218750
132779236.0981651843 1132525.6025390625
137642737.0429387093 1167776.2348632812
114494360.2634182125 553318.2883493495
118495961.3771503121 791530.3295279741
127220995.8019470572 1033062.7725830078
120538239.8205124587 851977.7532491088
129908319.6991150975 1089649.9138183594
116911852.1032589078 737006.3242679387
132386674.2676737607 1128081.5141601562
116124747.3464121222 695173.9380081594
116055783.5370011926 694566.7058033645
139627198.6375677288 1169152.8872070312
114550920.0452174544 559851.7627725899
118418150.0433513671 787728.2464509474
135250673.6075892448 1154543.8471679688
136686245.0222420394 1166289.6967773438
131897612.4815382659 1122234.5356445312
127276221.6762376279 1034891.6309814453
135197323.5934565365 1153909.6518554688
127157602.5421971977 1031249.0548095703
114569352.0171123892 565720.0212045070
131157829.1739424020 1110681.0024414062
135014804.0752294362 1153204.4682617188
123987870.4748372138 949010.2167909145
130379654.1833206564 1098958.6875000000
130365783.8437166363 1096383.8139648438
131334323.4725895077 1113220.5771484375
132685340.0123155713 1130294.2192382812
136014908.4008235335 1160203.6201171875
116047932.4945895970 692216.1521194875
127310964.3410215825 1036496.3555908203
117121235.7986696362 746580.1673612194
126880655.7922961414 1024265.1349487305
127054111.4009965807 1028674.8531494141
117715489.5088380873 766371.5884525664
119856596.1930748671 832965.9221944213
124086665.5339083374 949573.3620248884
116187002.0483226776 701931.9810108840
128061796.1866053045 1051361.0985107422
114458363.7323246300 524632.9332479239
135488064.5910816789 1155166.1909179688
135977066.5570345223 1159879.6938476562
140193061.9421947002 1171078.9458007812
126799741.1591185778 1020883.7037963867
128136248.5847692937 1052906.2337646484
135491034.8176117241 1156055.3881835938
134792195.0218546987 1151534.3725585938
133316250.2276263088 1138047.9096679688
133183533.2340876311 1136644.1914062500
134879059.6889710724 1152841.6938476562
139962893.6329780817 1170851.9057617188
115322204.2524411976 651015.9569522142
117691263.1713691354 763351.5081058294
115205854.4058756232 646425.5825294390
120258161.7586800009 845662.0306996703
120131399.3718690723 843025.6775655150
120830801.6405977756 860441.6505085602
130734604.3814919591 1104312.0664062500
133456839.2624241412 1139041.2617187500
131039699.9365203828 1109113.3642578125
114651217.8953332901 593743.8674926460
120891462.6854999512 862469.4278081432
120838310.0136304945 861425.4852271274
131254714.9704538584 1112126.9526367188
136724588.9769425392 1166395.8090820312
114609324.0046066344 583638.7571507990
128075865.2936531752 1051657.3824462891
133618535.6303320527 1140433.6142578125
124059870.5583235323 949152.6032358259
133168687.8469121456 1134953.1660156250
139658840.6952007711 1170366.1206054688
124091183.8739037663 950186.1637827009
131201588.0332130790 1111095.4780273438
134641576.7909836769 1150763.3452148438
139435185.9693586230 1168857.8715820312
128110010.5096844435 1051817.5633544922
128934903.7833084911 1070353.7023925781
140292853.4790752828 1171342.3442382812
114733020.0740725845 603787.9208526313
118629621.7980724722 794661.7754927145
120294828.7128402144 846585.1080175340
114670962.9032837301 594083.8205711544
117256449.5715478659 750921.0823245794
117310502.9995869398 751764.9753909856
120010754.6438633353 838189.1248675007
120981955.8609069437 863694.7254170775
131299751.5656933635 1113033.2338867188
137071816.6216134727 1166970.3598632812
117486672.0880378485 758885.7870900594
117404115.8973446786 756839.7795902044
130810898.9002919495 1105678.1767578125
131103169.9614624530 1109919.8164062500
136895343.4268843234 1166793.8481445312
114599258.5737943053 581927.6322929561
116258087.7694807649 705954.4830555618
136617230.0872546732 1166171.8129882812
128375392.5038055032 1059230.0007324219
129895898.9401315749 1088893.1108398438
120342962.1029169112 847050.2190833640
115128129.9515061527 637175.6531439419
115145845.2158735394 642259.3134594555
117047548.9110178649 744611.8997073919
118613368.4882779568 794260.3289742933
120293080.1676948518 845996.3106475425
128059006.9731324911 1050871.8597412109
140200526.6891355515 1171244.7368164062
116095842.5288568139 694946.7178979102
128334512.2272876948 1057854.7902832031
130978383.7809265405 1107766.4931640625
114446612.3649712056 524126.2482210398
115536316.3777259141 658865.0359788164
115273861.7959895730 649186.0351542182
127155811.8378010839 1030678.3218994141
114735185.5917193145 605731.4120635688
137491107.7826760411 1167439.0649414062
120328188.2315646559 846952.8172278953
120568906.6413162500 855132.9868731499
119951415.8664937168 833375.5446448874
134476909.1951857805 1148824.6396484375
120433880.4999225587 850541.0507239699
120091108.2155014724 841616.1180091453
115238438.0154551417 647364.8416428789
117921496.0652718693 769740.0084440298
120023400.7991344780 839398.7291449904
128504247.0962601453 1062257.7409667969
129434272.8954805136 1081069.8630371094
118089920.3805268556 776436.0562955923
136862912.6239753067 1166702.6743164062
117946086.9949287921 772693.8293929861
129770723.7517649382 1084680.9978027344
129232279.5178584456 1077133.7636718750
116213433.3702798784 704573.8671433649
119552731.9660264403 822452.3890032768
129803362.4353742152 1087032.0603027344
129016606.6934938282 1071536.9396972656
114460452.6857187897 536359.9217924476
132968651.9124145508 1133821.2045898438
114959811.7042995691 623808.5359788164
133650479.8366818428 1140465.0527343750
126849257.3276255727 1022075.6607666016
118275432.7130260319 783366.0947222674
136824163.2253867686 1166451.2836914062
137161062.6781951189 1167099.2690429688
116574612.8260948360 719613.3631694708
129838553.0470888019 1088515.7795410156
114678718.9520457238 594221.0448092818
134464819.8183935583 1148499.9580078125
114785629.9854618758 610248.5243293941
123376808.9320909977 930943.3070815066
133006471.9144443870 1134420.9506835938
116316528.8707890809 707886.8145364411
123280209.6678132862 929263.9130927356
126219597.3458737433 1007220.8165283203
116798063.4441852272 730929.4206445778
128854589.7377384603 1069451.9895019531
128721396.7994538397 1066756.4924316406
114484747.6130380929 547936.5248579383
114531092.9378884584 558972.4941560817
116140136.3480243981 700393.5261616409
119624730.2878045589 826350.0598773956
128235789.6448498368 1056400.6445312500
130078939.2241233289 1092808.2519531250
132903264.0906288624 1133410.6464843750
126354474.0372203141 1009074.0524291992
134845604.5039970279 1151683.4252929688
114687046.0083746165 594845.6419015322
116768934.9892285168 730380.5085767286
134144222.3122987598 1144643.7856445312
128161935.5285200030 1053409.7309570312
129120515.0193854868 1074693.5678710938
130562383.5471952260 1100982.2207031250
132895322.5787626207 1133316.5917968750
114532241.1475405097 559123.5293123317
115077457.3355557770 635991.8162522539
125226162.4338253886 977437.8313636780
114979977.9730352759 625088.1634864509
132770719.2403590977 1131937.3852539062
126622640.7374769002 1018321.8670654297
134225072.3626547754 1146028.1313476562
125062986.4577100128 973995.3708114624
129775946.4986850917 1086892.5673828125
134156602.7534925342 1145113.9399414062
124581096.7646024525 961679.6228942871
125341071.8520695865 979308.7051887512
124631782.5798310786 964283.0638122559
125082120.3829645067 974462.8723793030
119145282.2810718268 809491.6634345055
124633742.2358642668 966339.3020935059
119103888.5489266664 809157.4437079430
126394797.8462325037 1010736.5745849609
126476569.8670199513 1013062.6510009766
119255851.1662463993 814173.8223056793
129997919.8615764529 1090040.0859375000
126547400.1602095813 1016068.0963134766
134288857.2056385875 1146105.2358398438
114759321.7500538677 607073.5217843447
130187153.8359547704 1094063.1752929688
123417135.5578978956 931986.9702448770
115033953.9847766012 631940.8487229571
119365038.9338267893 814853.2269551754
115062878.3013881743 632908.6888049297
130232375.9438661486 1095086.9252929688
123706062.2081745267 939747.8125010729
124435700.9893492758 958898.4546089172
114597384.6242066473 568678.4415534935
118544745.1036994606 791630.6626104689
114518466.0533082634 556017.0747846789
119505670.7240228206 820526.2184198052
115026572.2989354432 630909.7801951463
124526984.6020270288 960607.0371284485
119464996.6580000669 817623.5521019995
114881688.6102367043 618618.8074676320
115556098.1431987137 661060.2698829025
115549792.5379673392 660725.4216616899
118023968.5630459040 773212.6127772359
124229378.9367417544 955329.2568550110
115409947.9571720958 654917.7822004706
118341483.2684216052 785358.4983441262
119487559.3341204077 817915.9687286615
123775514.1675434262 942878.8095713854
126194833.2008672208 1004585.1067504883
123531998.9162583947 935755.8740321398
117533993.9747569412 759537.4126699215
132643214.8369969875 1129722.1660156250
118689401.9220814258 794757.5194246471
122898281.0838555098 913890.8189259800
126489276.3769773394 1014107.7678833008
118484401.3549056798 788838.8221590221
118699284.9353524894 795458.3051444569
114589125.9551810324 567307.0722455210
117697197.5019590110 764625.3070541935
122870667.7203410119 913152.8291798863
116892809.0977344662 735827.2753080295
122558570.2312951088 907283.4059553146
123391703.0262228996 931371.9068166018
122967865.8193951398 916807.5669728550
122660338.3979054987 909247.1243459019
117538698.2605944127 759688.5243393497
114725734.8833168298 595049.3456032733
122682194.8321072161 909745.7935353550
116888033.0829802901 735771.1883042238
121343393.5530389100 867474.8876112998
122679993.8899159878 909702.0784474644
121340232.3585273474 867452.3019408248
116491173.6910657585 717738.7318482792
116355458.9823374450 709375.7733184283
121361043.3957693428 868137.3322886787
125667755.2801215798 982201.3378562927
121721957.8000959754 880663.7825685889
125621676.2239283025 981960.2047996521
125789160.3887260705 986915.0948638916
122530001.3922058642 902492.7131589651
121650853.7349157482 878089.4188601030
125768763.4811244160 984709.7798118591
122153858.3186883628 890518.5993698798
121963648.2238142937 886084.7525838963
121930268.1298749298 884972.9743449986
121798297.6066836268 882876.9520052262
121629730.7390962541 877593.0247591324
122074726.2230479866 888442.3250901061
122381323.1548025757 897063.7606369811
122040081.0042802244 887821.6327072936
116003890.1727851033 676817.0288549997
116029699.4895485938 681459.5378701126
115807760.2339940071 670611.5657754391
115898204.9083539546 673391.5419837954
115923860.0502556562 674078.4644691469
115883455.0687600672 671595.6322566718
