533342966.8461771607 18661.5093076725
533258956.9288699031 18638.8005445500
580756691.6383050680 22873.0561065674
496815960.5817543864 8667.0328797795
496909521.2705460191 8726.4065700839
497038914.7551602721 8759.6677968599
497005013.0514273047 8756.1343488194
496947369.7022690177 8751.6853188969
511554285.8324158192 13935.0244337378
489280884.1514842510 4233.8185025444
489307871.2717496157 4254.1827576785
489896282.4716253877 4783.4878256180
490113254.9188055992 4929.2571376569
490207957.0806909800 5008.6272481519
494871255.0685166121 7685.6587658655
496668117.5614344478 8658.6116418340
496812130.2876591086 8659.4114167343
508894028.4911218882 12998.5383795494
509443391.8118286133 13214.3981124853
534375973.1007471681 18788.4181798690
496619668.4269408584 8568.4600865493
496395553.2301426530 8448.7340801011
496468852.1342955232 8561.8887097488
512811517.4038511515 14184.1308967259
528787590.0474810600 17836.7512304843
490297201.8947377205 5010.9947716396
512137985.3918050528 14072.8966354413
512723735.2187969089 14175.1632234242
512901664.5509177446 14217.3261591580
512558157.3837605715 14133.9631157191
529221605.1443071365 17905.0275814594
579661327.8528544903 22869.6369094849
579847065.6267569065 22871.7814102173
489469692.0684995055 4417.8792338371
489449748.7281121016 4402.0971867442
489331591.9432637691 4296.1785935760
489555705.8514915705 4498.4765340649
512317636.9530166388 14129.8434096958
511676698.2910283208 13941.5186773820
512153456.3855661154 14085.0048545880
512050490.9515781403 14058.4743198437
511926897.7989746332 14039.3334220929
512263724.5816442966 14090.3638977094
532911099.3769854903 18584.7500951786
508770125.9118305445 12975.0693224663
509051291.3587870598 13100.9213637108
509008610.7071485519 13088.6060966248
528891106.9905072451 17880.8028137744
529668540.0323355198 17978.4160172255
529664330.7630839348 17958.5328079969
489406955.4146977663 4384.5325440765
557717251.1920510530 22000.3984756470
495834490.8745763898 8185.3114738450
512283699.2673029900 14102.9450118634
490014647.2813569307 4829.6777145274
489772637.3215520382 4713.6363317825
495597721.4027028680 8075.8513298021
495374904.3318231702 7934.4316692338
508914973.0375567675 13084.4643229241
554951307.6388518810 21691.2856788635
489884913.3854814768 4726.0869869309
495426301.1678392291 7995.9483928667
495486276.6918960810 8010.5535005913
533115506.9661515355 18627.8044537081
490604786.9521075487 5199.8645744432
490447337.1988635063 5123.6143582265
495225069.1433687806 7891.4817714677
500485369.2886013389 9954.6282479486
501116378.7816349864 10140.1552254877
554802303.1942608356 21673.9154343605
554766809.0380169153 21664.0357475281
557174557.9044300318 21974.7629356384
500706491.8854343295 10065.0644662103
500694135.2086584568 10019.7868872008
532776846.2331417203 18537.0464705004
555102996.0890722275 21714.7902469635
511887389.6927157044 14014.3695642037
494890703.8840013146 7713.5146412947
495357265.1244135499 7896.9236840662
512614581.8903599381 14156.4781533761
495208668.7116250396 7853.7046431955
500916050.9039958715 10094.7511746606
528061716.5660922527 17609.6932015964
494750240.2601557374 7666.9134917357
495069463.3291863799 7788.4599941471
509065658.0129654408 13125.9505909776
575982687.4011627436 22738.9653434753
528120708.2065302134 17676.2757030078
557118432.2420821190 21971.2634773254
494536455.6254897714 7488.3317945101
530656287.6180209517 18139.8506817133
530147509.1215268373 18078.9849476130
556941664.2884740829 21961.1188774109
527925993.1805284023 17535.6031147786
530174664.4493135214 18100.4671062738
555483027.6058498621 21797.3750495911
555933888.0901298523 21813.2529754639
530094159.5635927916 18041.5857149870
500887522.3742091656 10085.4239442071
529779762.8381412029 18033.1162478239
494601963.5261127353 7577.6315686801
494592065.8204398751 7551.8102414706
528274142.1451753378 17743.6949477740
529297014.2641086578 17949.2029635222
532525104.3227657676 18452.8566871209
494515295.8742455840 7468.9434435423
555674929.6640419960 21812.4925994873
579471711.1902301311 22858.4480514526
528195508.0380918980 17706.3562901080
528494005.9383682013 17770.9145023883
509105070.5870863795 13138.1922291612
511493395.3303669691 13840.6916381802
576774009.7578136921 22778.7348213196
494273028.8355128169 7291.6046110365
532653645.4162732959 18510.4222579522
500936464.8731126189 10134.6419945082
528607867.8733215332 17815.2816727222
528592986.6054060459 17802.3623459400
509362053.8927276134 13211.6681450700
511190799.1675345302 13737.5980114049
511208410.2007376552 13775.4287063565
493821605.9126332402 6889.3628428264
500397961.4063068628 9908.4593217096
500258426.1280864477 9807.5116065319
579295551.8365584612 22856.8743820190
500608355.9996217489 9978.5842849418
556070753.2242277861 21855.5062332153
578512178.9757270813 22841.4129409790
494382086.7592410445 7312.9377830400
493949000.3097062707 7095.6620660415
493992487.1289786696 7100.7669849983
510532421.7914877534 13543.4816084809
491814056.7843491435 5627.2848574195
493977961.7603849769 7096.0622147712
510005804.0425962210 13396.3435164398
491713919.5414703488 5538.9832181643
577810798.1641862392 22807.1362304688
491616849.6437039971 5452.0252093982
510341564.1456298828 13497.2018582906
576492061.1760618687 22772.5011711121
510243379.8460614085 13472.8738477316
510103275.2855231762 13443.2506406393
556316014.7939783335 21868.4153671265
509892157.4917525053 13334.4677944823
509961778.1618791819 13353.5725799435
491549565.3706926107 5334.5010071170
553941275.1812450886 21549.9453220367
491700610.0089100599 5521.9257115942
509783467.2757779956 13318.0702104105
532278551.9843655229 18393.2304730935
500240409.1412044168 9782.8613310184
532353328.5123330951 18407.1783700509
579264898.4224219322 22854.4865951538
491380813.9276367426 5303.5458889377
491438303.2385655642 5331.4435461533
493800784.7229245305 6879.4885416942
554527322.7556557655 21638.9286727905
532452029.1877035499 18424.7522416635
531695366.9387165904 18272.8361383004
531604040.2264221311 18241.3957047982
493640307.6338604689 6621.1528000229
575545403.9113627672 22707.2522087097
493679170.9491394162 6712.4687855661
578712213.6894040108 22842.1961517334
575796814.1291903257 22720.6622352600
575870648.1760820150 22727.0082664490
508575223.2468299866 12768.8345524165
508558493.6039251089 12750.2139463517
576115911.3908500671 22755.9745903015
579033047.2977976799 22848.6033706665
508766467.8032926917 12861.9084659907
508667664.2292565703 12820.9987827631
508696842.6483928561 12825.5884009099
508444553.2373002768 12595.8792171609
499874644.4693179727 9579.4171526366
493189110.3465787768 6419.4006838196
493110691.0732757449 6317.4776644104
492583043.1867676973 5767.6373795597
492922371.8198009133 5940.8701507859
493060131.4545363784 6145.3070490513
492977960.6757211089 5949.8180677705
492994505.7125621438 6067.2863744497
492995334.8016049266 6097.2399618742
492734778.0636566281 5831.8346140198
499778950.0535858870 9521.2180519038
508423100.0015807748 12543.1302485282
508079338.2068741322 12417.5905189330
508082031.3926378489 12446.0774249927
507575936.8479969501 12261.9272174731
507449210.3754090667 12211.1804008380
492981448.3049337268 6057.9458649904
499565600.4632185102 9382.5381886893
499707699.7675967813 9482.4781150752
499573243.9329299331 9385.3475090916
499497979.2456031442 9371.8839957173
499314120.3219316602 9264.6913014347
499296849.9636028409 9258.1396414692
506855369.6527036428 11940.7455060390
506698392.5837017298 11940.0996632033
506493198.0853257775 11862.2676171109
506528694.4430402517 11863.5733047207
506316373.1519812346 11830.6281021878
506283253.8310441375 11781.4182977532
576702661.3611367941 22773.2102928162
519843334.6950483918 15254.1986953800
506260349.0689182878 11746.2720336770
506010375.1201732755 11660.1463394021
498863782.3073961735 8971.7218739245
498389069.8432924151 8773.9559672930
498422958.9193995595 8780.8344786622
498698301.9803361297 8882.8751475372
498368565.0104756951 8773.7769721010
505775076.4891257882 11572.6919780825
520445966.7846441865 15483.6808798739
519991449.8780815005 15320.6670374253
505617523.6028941274 11411.6417428995
505511324.0766425729 11387.9785164143
505255955.8094667792 11262.8758801962
504962249.3251307607 11131.8022689102
505329428.8377149701 11324.3921936299
504866774.5772435069 11084.0444789007
505104939.2887801528 11213.3920974014
504370066.5095126033 10857.4636075227
504161803.9536144733 10759.6130978791
503992406.7097746134 10665.2903234838
504134181.8470612764 10752.1436841218
504025699.1057380438 10673.4549710480
503804547.1640405655 10650.1529538361
553407793.1864727736 21245.3899927139
503597102.0408480167 10549.6853177277
503274263.7075666189 10419.4519240586
503369434.6381455660 10469.7062880723
502924448.7863759995 10272.7346062986
503088924.6852661371 10308.6944033531
553511151.8462958336 21267.9763784409
524084043.9265344739 16282.2708923905
524179544.3201782107 16331.8002302735
523965746.9017562270 16272.9161284058
527665725.6971927285 17175.4142785864
527281664.6753984690 17098.3674937272
527852112.0983498096 17205.7168385172
527743905.9822975397 17196.8343974138
527189714.9525885582 17045.0078965211
527467928.8177505732 17123.4945450807
551922464.9320502281 20556.8451910019
552558555.9566504955 20652.3121061325
552229851.8488613367 20634.2662038803
551742671.8700829744 20505.7154114246
524296435.0857982039 16363.1114311902
524525914.6723784208 16408.8268881528
525441585.6770792007 16544.2863483610
525252790.1111848950 16511.1261311555
526987147.6658145785 16896.1847910720
526848892.3213230968 16871.3278479415
526356767.0870435238 16759.2646325896
526693537.0143186450 16831.1848777602
526520350.8680025935 16814.8034843276
525706395.4015653133 16648.9656005087
525012135.1453441381 16500.7249090853
525696232.5916898251 16564.6705075921
553384931.9439859390 20749.2276077271
553311367.6712355614 20734.3858566284
523020233.2710349560 15978.2565422152
522904702.5278314352 15975.5939159487
522609830.3166481256 15892.8268942927
522330722.1982672215 15822.9155956666
521891696.7852530479 15699.6961007569
522142958.1669546366 15749.6803304097
521921380.3074536324 15718.1644541476
522258832.9996656179 15802.3443976110
521820436.2811937332 15646.6305046743
575044925.0490161180 22485.0823822021
551503538.8998857737 20246.7807297707
551516368.6712623835 20247.2849969864
551393182.4399597645 20243.9006257057
551698463.6683843136 20267.0450749397
551652434.2083275318 20252.8347477913
519831958.9190706015 14627.6360147268
550898918.9510470629 19912.4331827164
519795508.9794615507 14600.1114709646
519615211.9151598215 14501.8502834112
519785560.1622231007 14591.1061303884
519604188.2826659679 14493.7335649582
551031315.5654146671 19927.9699773788
550612372.9404625893 19850.6572351456
550892313.7669675350 19909.9197168350
550674581.8510013819 19878.0557985306
550336372.2716360092 19834.7177934647
574866353.6863166094 22111.7354698181
547529961.3220129013 19268.2340705991
547722074.8553066254 19336.7499149442
547342160.7985824347 19264.8123119473
547663518.7133035660 19319.9234188199
548202445.6118625402 19393.7150484622
547565652.0387531519 19296.3884800076
548460704.8996829987 19413.8705022931
546869838.8475202322 18976.7552893162
546246818.9429980516 18808.7112172246
546421026.0509688854 18827.3085982800
546509688.2674788237 18866.6823437214
