1.855964400e-002
9.939240170e-001
9.996046800e-001
9.321497100e-001
9.657834370e-001
9.857310770e-001
2.869397500e-002
9.410027240e-001
5.694865240e-001
9.659234320e-001
8.873622960e-001
9.981964540e-001
9.846247390e-001
8.681588180e-001
9.943148990e-001
9.850615360e-001
9.848731710e-001
9.999984190e-001
9.707319680e-001
7.888670830e-001

4.763881000e-003
9.936289690e-001
9.995871600e-001
9.286235440e-001
9.640612810e-001
9.851628980e-001
2.841622800e-002
9.378062000e-001
5.646644060e-001
9.648519680e-001
8.827523030e-001
9.981009960e-001
9.838384150e-001
8.634883030e-001
9.940114910e-001
9.842490300e-001
9.842325560e-001
9.999982680e-001
9.694309450e-001
7.828123020e-001

