216098539.2617955804 223385.4043579102
216074945.4295812249 222881.8034667969
216749039.7663255036 224725.6863403320
219515614.5867266059 228143.4926757812
224744809.5616946816 233761.0596923828
224901530.6951673031 234174.0371093750
197280947.8915670812 120793.9299327262
197094956.5317740738 118147.5760814078
197400535.5674260557 120956.7551280387
201704688.4276120365 155241.7810226436
211668584.0964241028 208823.4232540131
216642818.9622688890 224525.0057983398
225472661.8838857412 234327.0924072266
201985814.1072010100 155845.2622009272
202087653.7735767066 156875.6037536616
193877779.9682405889 67496.0769825347
197370467.4617592394 120866.3811046012
201607976.3545408845 154279.3952587004
201669301.0956968665 155203.4412780757
216625560.5669214129 224395.5389404297
216899732.1700900793 224740.9251098633
193985957.6258634329 71563.5851544507
215845009.8861267567 222857.0913391113
197440018.5887037814 121094.2823779859
200439749.6862993240 144853.4555133432
201807013.4245341122 155441.1843576841
216219097.1821195483 223702.2712402344
216971747.0034635663 224878.9225463867
196723739.1319890022 116920.2500010856
216688206.2922655344 224584.9378662109
201535433.7962092757 153857.4552526529
208505634.9258233607 196146.8839859962
216327022.4472686052 224076.0604248047
217126888.2808803916 224970.4667358398
217124122.1755647063 224967.3480834961
193967692.3969237804 69876.5340069898
206123178.9120046496 184663.1899434924
217134285.1555450559 225150.3351440430
216693201.5002979636 224681.9445190430
225644451.0303027034 234410.6793212891
196848975.9443069100 117432.7705995217
205623087.0866530836 181581.6993262023
206393743.1906857491 185993.2801153064
206797138.9735122025 188341.1935445666
215365629.2594242692 221120.2742309570
215540679.9432972670 221211.9176025391
196865131.9534373283 117798.0793694332
197134962.8995631635 119450.3936992958
194724232.3562352061 92644.8484078944
196787109.1892033815 117314.4103020504
212119458.6083954573 210110.2891654968
200605270.0761344433 147130.1374744028
200511330.8462717533 145757.3557361215
200522203.1486327350 146631.8736804575
205449974.7206705511 180518.1226202697
206353482.7277670503 185843.9246389270
206266576.5689674318 185206.3229696155
206484107.5906465054 186765.5764943957
215664828.1824209690 222012.9161987305
193910319.5328084230 69530.4433087476
205580134.9145366848 181494.7846991271
206334480.2816492021 185342.5979329944
210122970.7755962014 203386.9929337502
215785878.5390369892 222468.9435424805
194125954.0259625018 82217.6610045210
194409576.6045015156 87317.3138510542
194566165.2918773293 89169.4067854184
194093286.3748299778 80399.2427858927
194124650.2275969088 82058.8614335873
205695011.1593021750 182509.2367521971
206021596.5870112479 184076.3795935363
208463850.9689755142 194257.6682877541
201360887.9203928709 152505.9674726258
201288304.2182985544 151753.4989562983
201422606.3254535198 153354.2661939393
194323935.9182033837 85552.2878500777
194220073.4996653795 83625.2139848669
210685707.2912537754 205224.7425799370
223967099.6612766385 233018.2044677734
225458908.5940597057 234275.5819091797
201213647.5667856336 151371.0764352008
206694649.4763031900 187700.7030050159
205935180.2784578204 183909.9363562316
210386077.1650836170 204296.0289750099
217439732.7358591557 225373.0074462891
223912291.0008255243 232891.1384277344
218314059.4145761430 226127.5252380371
205741943.8709873259 182956.6121374816
225553849.0394823551 234342.2658691406
206401074.4244654477 186495.6503927112
206128758.4611656666 184690.2386876941
206146726.2924631536 185131.8073140979
218744083.7380054593 226869.9272460938
228873703.2705532908 235260.3201904297
218545986.1652506888 226593.6911621094
194483454.2654712200 87651.5361851709
194692216.9473297596 92140.6540490687
194846716.9020525515 93745.3089349121
196778921.9942575395 117201.9645012692
200949187.2134532928 149705.9132920037
211529721.2198817134 208688.1341915131
219001704.9782223105 227293.5872802734
219149875.1759252548 227776.4154052734
218866182.6635101438 227123.3109741211
223738601.8531802893 232546.4833984375
194447999.9703866243 87572.5233237105
194605942.2805331945 90145.1904697865
194850847.2713470161 94155.5937463343
201072524.4845749140 150403.3876892085
208925790.7737715840 198047.6795182228
210550110.9448733032 205175.9801163673
211732995.3265718818 209256.6354732513
223897897.5018859506 232822.6503906250
225531171.6340225935 234336.4548339844
196459657.5020170510 114101.8035973385
209150831.4893985987 198807.9016416669
211486352.9568709731 208638.9067745209
209260569.9850240052 199253.4272319674
200919986.9890741110 149687.9172912593
226009557.0949249864 234458.8276367188
194122380.8428884745 81193.7049004131
196420797.1030883491 112869.4559927955
200967853.4113830626 149801.0936218257
224039689.0557657480 233178.0351562500
229369213.0578074455 235356.6324462891
209894783.8004307449 201964.0026078224
208615742.2932552397 196573.0474381447
210142033.9034115672 203573.7957291603
210637824.1789324284 205196.6904870272
227886870.8770813346 234802.1574707031
229879341.3486515284 235373.9371337891
229004855.7398890257 235284.4331054688
223582927.2822641134 231720.8260803223
209370887.0764005184 199916.4100480080
208737505.3499790132 196837.3643631935
219843977.7110761702 228191.8402099609
223624768.6939858198 232115.0335693359
194720773.9056116343 92419.4427987635
205903308.9536818862 183615.1435338855
229256924.2485550046 235339.6892089844
209203545.2262211740 198912.2187638283
212725606.8478469253 212140.3865165710
212387939.0850446224 211111.6888389587
212638014.0879820585 211705.8745079041
212960742.8061327934 212525.6169615388
194281615.0156330466 85539.3814780074
212450831.2018329501 211118.9017906189
212183830.4164445400 210813.5305137634
229229208.1230306029 235317.9074707031
210238451.0078097582 203615.9934830666
211012265.0411462784 206526.5660058260
196055179.1051747203 109232.4956351295
228525571.4929274321 235142.8610839844
194120065.6728052795 81192.9612480693
205684170.9319010079 181969.1847555041
228627735.0946987271 235169.4687500000
211792845.5862064958 209401.0191001892
209040912.2746363580 198483.8248581886
196677105.7115643322 115691.5947249904
201170121.4945383668 151030.4948974604
212052828.4307745099 210094.0259513855
200701262.6345349550 147674.2367111201
196361360.9444660544 112730.5073690414
196238434.5052822828 111104.8627005592
194023425.6004440486 72349.7303430357
194245414.5334036350 84143.1137759643
210799013.8715959787 205877.7502099276
210899381.3595958054 206307.9866326414
211310351.6151561141 207732.2419700623
205297480.5841782093 178157.0453335643
205063287.0507312417 177518.4249474406
224304110.8766418695 233404.4114990234
205111540.0121317208 178001.3956829906
224216420.1490614414 233311.5205078125
224532578.4677324295 233560.4984130859
228101118.1969230175 234943.4233398438
196164289.9397655129 110787.6206656471
224348110.2032270432 233457.5631103516
196327176.5300780237 112369.6888419166
205332833.4079144895 179785.1774975657
210688902.1991862059 205244.8998070955
202292010.3659362793 157303.8417129236
202491795.8678975999 158180.5048042330
202070752.4180059731 156117.6309532839
227946857.7373968363 234940.2773437500
202088820.5390750170 156932.5321140828
202316327.6248178482 158149.6685074287
202612450.7348265350 158440.2768046426
227257084.1682781577 234715.9390869141
196210809.1913638115 111079.8829947487
201851440.3693126440 155637.9438228934
210751114.4938741922 205675.7311539650
194235598.2128239274 83838.2108218627
196061675.8768619299 109263.4318893603
196027314.2110510170 109110.1119986549
195925364.4951504469 107576.3129504081
195910929.8418194950 107561.3453970924
208831378.6667904854 197719.5109391212
227783123.8024097681 234767.2235107422
209941882.0767710805 202306.8671246767
226429700.6690509915 234498.2888183594
210460189.7882391512 204649.1010880470
227946143.5816592574 234856.9534912109
201791584.0398687422 155342.8089523109
196099311.4443156421 109389.0784293190
201769492.7468768954 155327.2841479274
207118506.2234935760 188772.9174865972
207354527.2187369466 189367.5474914800
209018457.7144253254 198260.4987473488
196106649.0327327251 109396.6834989563
227483129.2620351911 234747.9594726562
194047923.4691776335 72684.7267377370
209279850.9321178496 199493.5135788918
224890890.4809056520 233773.8731689453
227275299.6631551981 234729.1578369141
195052751.8665955663 95256.9206751026
194941039.7327038944 94757.1194272079
209687438.7777499259 201220.3444962502
227014180.1298887134 234609.4681396484
194985630.0898021460 95186.9637421332
209741564.4595111310 201583.3351578712
218735617.1085382402 226866.6669921875
195081019.9343374074 95288.3624128737
194796444.6999206841 93200.0439661182
227164402.9759590626 234700.7346191406
209456687.9997981787 200151.7931199074
226873693.6135522723 234583.4906005859
209353688.4059595764 199804.0626358986
226704203.7052516937 234535.3121337891
207247192.6029340625 188839.2153915655
195810965.7140696943 104361.7517279014
195704849.9732604921 102963.6486577019
195498994.4033856690 99946.6032747552
194092004.2001340687 72851.7670448788
195690214.6485445201 102218.0652989373
200109871.6871049404 139682.7573546143
200084534.6177798808 138656.5586786242
200169341.0032009482 140203.3681201385
195257420.8851456046 97496.3448181897
195199996.6555104852 97113.3149136528
195648813.4748717844 101928.7903965935
200106930.8097786605 139460.3759667092
215085735.9449241459 217196.8279724121
208068102.1751975417 191799.2805169523
200129912.7455366552 139828.6091210060
207904192.4598567486 190460.5789828300
195277277.6756742895 97953.0001690332
207777206.1198948026 190352.4845745564
195291229.3804962933 98131.7183284853
207727024.4671846032 190104.0534661710
199896754.1402995586 137726.0246224375
195412182.1288696826 99133.1386601157
214660254.4236205816 214610.7635498047
195275806.1661769748 97647.1429325766
195191127.6535183787 96450.8130069692
199530382.0219177008 134199.6527891243
199510473.1899006665 133991.4021457005
214416523.6535986662 214032.5364990234
208443889.7355665565 193037.9731532424
208398919.9139468074 192684.1351100295
199479840.3725614250 133959.5601448985
199566620.0022474527 134228.3961987467
199457178.6185012162 132966.8366296785
199428905.2625505328 132508.1553096743
214588746.8183338046 214373.0968322754
198435996.1882836819 123046.5125217587
198231390.9229214787 121300.6693628564
214581871.3342480659 214348.5906677246
198253644.9932649732 122722.6432698779
198447070.3800583482 124599.1463063769
200357322.0586137176 140221.2743804753
214730759.3243519664 214714.2616271973
214497453.0205917358 214343.1589660645
198597577.2443931401 125840.2585357241
214177723.7888466716 213426.1567687988
199654140.1555642188 135067.4691841528
198726537.1667327583 126864.5894073062
199275877.9264096618 131932.3013985083
199080166.3568945825 130113.1450264379
198720959.0092405081 126863.1492217593
198900845.6306670308 128140.4005272314
199018274.3608503938 129155.8120262548
199230592.0335516036 130974.7547752783
199177925.5923710167 130351.4024639055
198950616.9367741346 128896.2296287939
223076912.7151533365 228953.7417602539
222684434.8246772885 228417.0860595703
222980774.5464447141 228893.8920288086
223192575.0012481809 229485.3931884766
222725523.8342037201 228628.6538085938
222836791.3684833050 228833.3831787109
198590030.9428706765 125001.9657384083
223200865.1819004416 229625.5185546875
214895646.3055821061 215173.2281799316
204576637.4767793119 159076.2243123204
204740843.7774613798 160377.1292513162
204792815.0051213205 161930.8418978006
204949128.2290041447 162206.7582314759
205018975.3041941226 163349.6491158754
