63656339.7769990414 5980452.8437500000
65658335.8614202663 6085208.5390625000
65816751.6659078524 6086795.2187500000
64596721.1123571917 6057157.6171875000
64558432.8633697778 6056561.1875000000
65703202.9240475670 6085516.6953125000
64333321.8380113095 6040211.5000000000
62779915.2333604693 5829428.7187500000
63405096.8423488140 5958425.2265625000
63397870.2947051898 5958375.4140625000
63564154.3330379575 5975596.8671875000
63689943.5245994329 5985961.0312500000
64252505.0695365146 6038717.2343750000
62550662.9556941167 5764875.8828125000
66798094.0023942366 6090180.8984375000
62872036.7978494018 5840918.7656250000
65178882.5927820727 6077366.6328125000
63884096.5289454013 6004164.9921875000
62842266.1746206433 5835428.5078125000
63661168.8992542401 5982807.1796875000
64214281.0823663101 6031251.6562500000
63569962.0038633794 5977184.0078125000
62719087.5819981396 5816764.8593750000
66612649.9100991562 6089201.4375000000
64154092.0389684886 6029633.9531250000
65940058.4801646918 6086923.8750000000
64618377.3464513198 6058022.5625000000
64490297.0336463824 6050218.7500000000
65796339.6867549345 6086549.1953125000
65470422.2153965607 6083399.7734375000
65672641.5520297810 6085241.9062500000
62567819.1120945737 5768792.7656250000
63415308.9985383153 5958441.7578125000
63546141.9176886380 5968667.5312500000
62592435.1016357169 5780348.5234375000
64896617.2444758639 6067938.1406250000
66708862.3317744359 6089860.2109375000
64795140.1130440161 6064638.6718750000
63379107.4801339284 5949896.5078125000
64605370.6270764619 6057451.7421875000
62390242.3350709006 5668267.7265625000
66303642.5543399975 6088673.2578125000
63444878.6895701736 5962072.3203125000
64216063.2172643691 6034818.7187500000
64246339.2490881309 6034843.2656250000
62413902.0143965483 5690773.9921875000
63508638.8474926725 5967176.4062500000
62570091.8157261536 5776051.7656250000
63204118.9622144848 5922544.6953125000
63992435.5374991745 6018448.5859375000
66361852.6834875271 6088727.5546875000
66271585.5395782217 6088424.2734375000
63428754.7898802385 5960936.8671875000
66406829.8299404010 6089187.6796875000
64848800.7152168378 6067068.2343750000
63424982.2271495461 5958488.4609375000
65736649.7649558857 6086052.7343750000
67636726.0351336896 6091174.7343750000
63513078.5904354528 5967198.2343750000
64899732.0735698715 6068057.4062500000
63506614.6463365927 5965810.2812500000
67263022.8002957106 6090633.4765625000
62659568.3179187179 5798145.9609375000
63465882.3002143800 5963108.3828125000
63488440.6862074286 5965242.2812500000
65705744.1594213471 6086045.8750000000
64010500.1189242899 6019497.0078125000
67234339.7083875388 6090259.3750000000
62426530.1691262871 5703797.9609375000
63402559.4393251911 5958421.2109375000
64868080.9345455393 6067413.4453125000
65360630.1084640548 6081916.0625000000
64029193.1104469225 6022729.6875000000
66123973.2848461494 6088031.7343750000
62387753.1576613560 5667723.3203125000
64023768.0960392207 6022171.7734375000
63368516.4147195593 5948139.6562500000
64413342.3222755492 6047470.6171875000
63084763.2428830341 5895146.0390625000
67291883.7490494549 6091109.2265625000
66078996.1383932754 6087571.6093750000
62623822.3142256215 5788367.6718750000
65461430.6953568831 6083389.2578125000
63556494.5153143257 5973150.7031250000
63337616.0809797868 5946380.2109375000
63265773.3241975904 5931295.7890625000
65394015.3989750668 6082785.9687500000
64543694.1506506428 6053445.5546875000
64045331.4700871259 6022762.3984375000
64182214.3879789710 6031245.3984375000
63473895.6467720196 5963306.6953125000
62444064.1982157826 5711628.0312500000
63174334.6510842890 5919054.2812500000
63277051.2368094325 5935435.5312500000
63150218.8668776453 5910527.4062500000
65999083.3189664856 6087528.4140625000
62407610.9592814595 5686165.4531250000
63969760.4579045251 6013943.5078125000
62457202.0031327158 5719710.6093750000
63058896.7085596099 5894712.9921875000
62649193.8183716089 5794980.1484375000
63271229.4257833138 5934527.9062500000
63931397.3794595897 6012403.7578125000
62694033.2065386921 5807873.0468750000
65505993.4762388691 6083672.3359375000
62706601.4420794696 5810511.3046875000
63988035.6111870855 6014869.1484375000
63146420.6545134038 5906748.6796875000
65229926.9887108579 6077773.9765625000
65509926.4358405247 6083885.7187500000
64028603.1584046483 6022180.4375000000
62402870.4898006395 5681291.6953125000
63160451.0236506760 5911573.8671875000
65959570.3992190436 6087298.5390625000
62531419.9957033843 5758420.3593750000
62373093.0611111969 5642801.1875000000
62494352.8915101141 5743442.0078125000
64504682.5579071343 6050736.5703125000
63484755.2093670368 5964542.2031250000
64289335.1573527902 6039702.5703125000
64056020.8919540346 6023620.2421875000
64249379.4800173640 6034948.1484375000
62607648.7351233512 5785657.9296875000
62507630.0510979071 5747354.0937500000
62471209.0865405947 5735838.9843750000
64428947.4789825156 6048353.6093750000
63325233.6115283817 5941102.2421875000
65534798.6205337867 6084131.7421875000
65659354.8023769334 6085231.5390625000
62383951.2799558118 5663659.1875000000
62601458.6715474874 5781192.7265625000
62481729.8667272627 5736218.7734375000
63975407.4564573541 6014841.3437500000
62386768.1571842134 5663803.4218750000
62398005.7736584246 5669291.1484375000
64685316.0129526109 6058712.1640625000
63275530.8749720752 5934621.2343750000
67882721.0262718052 6091819.0312500000
63385376.7299209833 5950955.6171875000
63907238.0838707089 6007018.8984375000
65430525.0898223445 6083382.3984375000
62757338.2324356437 5822036.2968750000
63376878.2077629566 5948393.1718750000
62487320.5595423207 5742032.7343750000
64092516.4578508884 6024891.0859375000
65311859.9771269336 6081392.5781250000
62559827.4247801825 5768450.9531250000
62405721.8019512072 5682326.2187500000
63967854.5711194426 6013042.6953125000
64019078.9514192194 6022125.9765625000
63115644.1422701180 5906504.2890625000
62739872.1402717978 5819307.5937500000
63317720.7718123198 5938998.5625000000
63351307.9358552694 5947543.3203125000
63346007.7933690026 5947531.9296875000
63341172.7310035825 5947523.2656250000
63737548.3651163876 5989268.0156250000
65254994.7632372603 6079946.2968750000
68202653.1687470376 6091831.3906250000
63163095.7076071203 5915500.9218750000
67782042.8430645168 6091369.3359375000
62775600.2386088520 5827176.7500000000
63863559.9876751229 6000899.5234375000
67481475.7199915648 6091169.9843750000
62657480.5828477517 5795008.8125000000
64113474.5569678396 6026512.6640625000
65639693.6748447567 6084260.3984375000
65244859.5583855733 6079926.2421875000
63805885.7841840908 5997259.9453125000
64997937.3826734051 6071270.8671875000
64130393.7238433212 6027362.5156250000
62426351.4694517702 5691108.0312500000
64452470.5939125419 6048825.8515625000
62468902.2346913218 5725778.5859375000
64136156.3879943043 6027941.0781250000
63233071.9539176002 5929009.3515625000
65276154.5003675744 6080522.6718750000
63896609.9838567898 6005588.7265625000
63193108.6946703419 5919296.7812500000
64946443.6534705684 6069984.7578125000
65278244.8488966003 6080796.1484375000
62687834.8800173998 5804643.4843750000
63789157.4725016132 5996677.9843750000
64397203.9626353458 6047437.9062500000
65136911.8570821062 6076563.9765625000
65239453.9621821940 6077960.0546875000
64935578.5808590427 6068638.0078125000
62741962.4888008386 5819581.0703125000
65306330.2866290584 6080863.3984375000
65241302.9083617851 6079301.8828125000
64788064.2647678331 6062518.7187500000
63202028.6136854589 5922271.2187500000
65354290.0419686809 6081399.4375000000
64533579.9916229397 6052841.8437500000
63817395.7697840855 5998117.7890625000
64887762.0516000167 6067768.1015625000
63261141.7402947769 5930493.1328125000
65047443.9357569590 6073231.6718750000
62462301.0066952258 5725042.8906250000
63185199.7523696646 5919234.2109375000
64391778.9482276440 6046879.9921875000
63779633.2655161843 5996623.5234375000
63868024.6090769917 6001800.5625000000
63917343.1025916860 6009983.0312500000
64098650.2074961513 6026446.8125000000
63219243.6097325236 5923984.6406250000
63153840.8298966065 5910626.1875000000
63307044.8161925599 5938342.7187500000
63321720.6608031765 5940807.3437500000
63026204.0995679498 5884550.8984375000
63248854.1573221087 5930445.9375000000
62546072.6269217581 5762339.0078125000
63110744.7216377780 5905995.8671875000
63095571.3825205564 5898915.0546875000
63161005.3590780944 5915227.4453125000
65045725.8310911879 6071922.0000000000
64424031.7441424578 6048328.4609375000
63096621.0576919615 5900987.0625000000
64341479.5458075702 6042167.2812500000
63172244.3025552630 5918780.8046875000
63107781.9794190452 5905832.9765625000
64387089.8036076427 6046834.1953125000
67254961.9659453481 6090345.8203125000
65084188.0004125610 6075283.8671875000
65107499.6912958547 6075545.3046875000
63263682.9756685644 5931022.3125000000
63235162.3024466261 5929282.8281250000
62602753.5454897359 5781654.1562500000
65114489.0692577437 6076496.7265625000
63727530.0295278579 5988416.5468750000
63238718.9524704218 5930425.8828125000
62667211.6376272291 5801673.8515625000
62638492.1594112217 5791593.3281250000
64125920.5229243189 6027028.1015625000
63297289.6572335362 5936166.8125000000
62555801.9999834523 5766228.7421875000
62644551.7122760266 5794461.1328125000
63041189.1006740034 5887941.7031250000
65273428.9277123883 6080001.2890625000
62736315.4902480096 5818164.5390625000
63718005.8225424364 5988362.0859375000
62624622.8332855701 5789415.0312500000
62587061.1623809710 5777646.7265625000
62664248.8954084963 5801513.8515625000
67200801.5246045589 6090195.0625000000
65221254.4943540767 6077431.9140625000
62759813.6785103604 5822196.2968750000
62960653.7293737531 5870159.0625000000
62840405.8153127804 5832707.1640625000
62680626.3522795513 5803692.1484375000
64764039.0001006946 6060164.2187500000
73980233.2951885164 6092491.5625000000
63089424.2322147116 5895731.0312500000
63648952.1053470522 5979247.5859375000
62637353.5357456729 5789535.3437500000
62621854.5052189752 5785986.6015625000
62585907.7449464127 5776769.8281250000
62801307.8442996219 5832546.0000000000
63622699.5866791382 5978611.1640625000
62643903.3346028402 5793042.9062500000
63717638.0735937804 5986794.8281250000
62513596.3996318877 5750977.7343750000
63549122.3761036843 5971328.4062500000
62518542.9609910026 5752713.5859375000
62632664.3911256716 5789489.5468750000
62523897.9117036462 5754252.9921875000
62677592.0403436273 5801895.7578125000
62530436.9562542364 5756347.8125000000
63759101.2953702882 5991240.1328125000
62947191.1957660839 5865454.0390625000
63846454.8303044066 5998977.9453125000
62987669.9005732387 5874441.2187500000
63001676.9839811176 5880071.6171875000
63046693.6955461279 5888061.0156250000
63772216.7106065378 5992012.2343750000
63685524.0847948343 5983957.3750000000
63040051.2141511515 5886294.2265625000
62901622.3736182749 5851472.6875000000
63023759.9664993137 5881924.2578125000
63024589.6507835910 5883767.7578125000
63848275.0490653366 5999822.4140625000
63105047.9580123127 5901570.1640625000
62993783.5010954142 5877199.6250000000
62937383.5359778330 5852926.4687500000
63762692.5036211163 5991957.7734375000
62894522.6167417765 5841653.7187500000
63058428.5177032128 5889093.5234375000
63053128.3752169535 5889082.1328125000
63013693.3225955963 5881192.2812500000
63021825.5025298297 5881532.9921875000
62957093.1623104513 5869044.9609375000
73866876.4229167402 6092003.0312500000
62958652.8244987875 5869234.6953125000
62980454.2090892196 5873372.7890625000
62991693.1525663882 5876926.1484375000
62971518.6993927509 5871981.9843750000
62867554.9177998081 5835755.6250000000
62865464.5692707822 5835482.1484375000
73806530.5825402141 6091962.0234375000
