366218894.0640878081 3184727.1777343750
366964036.5435006618 3205350.3505859375
381453708.2301350236 3424363.2695312500
353972185.8857262135 2578979.7412109375
353758717.0733085871 2568176.1479492188
345562845.7179446816 1655934.1721191406
349282843.7891834378 2126285.1193847656
354127605.1180889010 2582801.5922851562
354059419.8657733798 2579753.7333984375
365269596.6654302478 3153136.4423828125
369039584.4545186758 3253530.2099609375
376222907.4998728037 3394644.1220703125
377557315.1817804575 3404841.1660156250
386022982.7559496760 3434983.7958984375
388395188.0188388228 3439463.2333984375
345537498.1243769526 1655417.7387695312
345458749.1570802331 1650520.4753417969
346135899.8867758512 1775629.7792968750
348273574.1597661376 2074389.1616210938
353361827.9207880497 2537451.1083984375
353496930.9419049621 2549216.3286132812
361868357.1383355856 3004970.1445312500
361572054.0983288288 2999376.3769531250
365385278.7208215594 3158102.3671875000
367004549.6251400709 3206868.1025390625
372343023.9281474352 3335738.0751953125
377341545.2358549833 3403447.7128906250
353678706.0553164482 2562191.0795898438
353498053.8902828693 2552010.5600585938
360248503.4079669118 2934668.1132812500
361701704.4899134040 3003615.1953125000
368543916.3484708071 3246607.7236328125
387435433.7160586715 3438286.6982421875
388167829.7154269218 3439325.9072265625
388404980.2367049456 3439887.5693359375
372360680.9602863193 3336644.1894531250
345537314.6978419423 1651352.5034179688
348146072.3795164824 2046401.7993164062
348811224.2848315239 2123934.1186523438
353595939.7262370586 2555485.9868164062
365623080.0738828778 3164854.6132812500
387565728.0252092481 3438890.6826171875
377548255.1022685170 3403649.1210937500
348942502.2486247420 2125299.9194335938
365411680.5645033121 3158772.9296875000
353649716.7285058498 2559790.2421875000
345385810.4593009353 1633687.8884277344
345960330.4343577027 1755675.4169921875
348087955.0294525623 2043063.7216796875
349080871.2281104326 2126217.8088378906
353401594.0182054639 2545518.9536132812
353302829.5473964214 2535432.5375976562
398693499.8990796804 3447740.6445312500
347894657.2196748257 2022240.7910156250
347903019.7896493077 2028290.2373046875
347995614.1350355744 2038140.8813476562
347863281.5780402422 2020200.1333007812
360447835.6241060495 2947669.8828125000
365614036.2565245628 3163337.8320312500
376133454.3491871953 3391929.7060546875
381315925.6805726290 3423608.8359375000
353565316.8954207301 2553416.5820312500
360495334.8726180792 2950390.4833984375
360121853.8436019421 2928473.6572265625
360274101.1832098365 2937898.3583984375
360353828.3033452034 2944354.0185546875
381042562.1217026711 3421898.0136718750
377836315.1861004829 3405510.0273437500
381182305.2342072725 3422964.5839843750
345951091.8947277069 1738563.4272460938
360251813.3605604172 2936079.8339843750
377939833.0569342971 3406138.4316406250
376418037.6536452174 3396284.5859375000
353197011.2966113091 2525545.2880859375
347821174.3760647774 2017077.2050781250
353290720.0543504357 2535404.3735351562
360464727.0576806664 2949123.5087890625
372453368.9431164861 3336667.3847656250
378074693.3511313200 3406715.8027343750
348563341.9997024536 2102983.8344726562
351277400.3370279670 2353553.9182128906
361540312.5640511513 2998275.7685546875
399454041.4317299724 3448090.0878906250
378371279.4860572219 3408854.8183593750
348661851.7202869058 2110663.5671386719
372820115.8608323932 3346994.5078125000
377612702.6702736020 3405018.5449218750
385057248.8508151770 3433824.0869140625
347721199.2798336148 1994520.3000488281
361313323.9649646282 2989982.6865234375
372466000.6592639089 3338904.2998046875
360699705.8889883161 2958637.6455078125
360312521.1578018069 2940533.2548828125
361043381.4945773482 2973817.2851562500
372693042.9316028953 3343506.6464843750
351387729.8513137102 2359578.6696777344
360738728.7517539263 2959205.4960937500
360673335.0483106375 2958610.5126953125
360509042.7962160707 2951974.1083984375
361143865.3522288799 2979943.4121093750
361553802.5852290988 2998462.8232421875
361672095.4857382774 3002049.6425781250
373241128.4793235064 3352101.6982421875
348618591.5254806876 2107029.4453125000
365786253.6394954920 3170451.8886718750
367262078.5465816855 3213279.8720703125
375923611.6557069421 3390057.3613281250
348447922.3058644533 2091725.6513671875
348530354.3148056865 2096515.7287597656
361644383.4298309088 3001255.0917968750
345656153.6647524834 1678403.0263671875
345886975.6904954314 1734802.8916015625
345563131.9217529893 1665938.6635742188
348434578.7547140718 2090921.4262695312
351507838.0269956589 2367822.6623535156
387905004.7305737734 3439223.9755859375
385240716.3857140541 3434301.4853515625
347969295.0541370511 2030510.9958496094
360637590.3967302442 2954483.6533203125
353139115.1503639817 2513696.8320312500
345833025.6405113935 1723307.6887207031
365172647.6728297472 3145437.6767578125
365526759.8973613977 3160111.7167968750
351227133.4452676773 2352661.4670410156
398528104.8065202236 3447242.4375000000
365623883.7373843789 3166034.6640625000
353094041.1064068079 2507708.5800781250
353053225.3176370263 2499745.3354492188
345783315.0605477095 1696072.4782714844
348659740.9917100668 2109912.0109863281
345841467.0163698792 1725263.5244140625
345749953.3878922462 1693698.6301269531
373527795.4115726352 3354249.3623046875
345788860.8220613003 1698352.7470703125
345789716.2406064272 1699572.7614746094
365259349.1640291214 3147565.0546875000
376850044.9521332383 3398944.4394531250
365854808.7463876009 3173215.4833984375
375756795.4152838588 3386130.2099609375
376638205.6704673171 3397691.7500000000
376027744.3852843642 3391178.0771484375
373652324.0778935552 3354287.3222656250
347884308.7422907352 2021457.4443359375
376162229.8960773349 3392640.8066406250
366068552.6199869514 3180213.9736328125
366118020.1926319599 3182702.7392578125
360972069.3597270250 2968823.9687500000
365862019.6221078038 3174297.3417968750
387149326.8201589584 3437929.8632812500
386835418.2024534941 3437517.2617187500
386364915.4279555082 3436396.7382812500
398402042.7565544844 3446935.8320312500
397557052.3144196868 3442183.1279296875
397926873.1691793799 3446286.8789062500
348184860.8544221520 2051504.1330566406
346319545.6206353307 1789134.1921386719
346285727.1675118804 1787851.2209472656
346270209.9971036315 1778196.9133300781
380923352.0271131992 3419914.1757812500
352624358.4692032337 2467693.7915039062
348240311.5226948857 2056503.9223632812
397624748.8506469131 3444655.2744140625
398043992.3120713234 3446643.6992187500
398030327.4698064923 3446424.9667968750
352615960.3948360682 2466447.4750976562
346282079.4216743708 1779630.1623535156
352567439.1228774786 2459500.7016601562
352584291.7841905355 2461419.2663574219
352752413.8271047473 2472984.5810546875
352636067.5859186053 2467811.8500976562
380619975.7028167844 3416206.5429687500
375300126.5299244523 3377596.6074218750
386220076.9174937010 3435553.7402343750
352278725.5771189332 2438382.4482421875
369168484.7271086574 3256513.7373046875
374800325.5228104591 3369522.8603515625
380401501.4789515138 3415472.0117187500
369487112.4283500910 3256845.9765625000
380712399.1471676826 3416864.3671875000
374911340.9384530783 3371914.8720703125
352359538.1523677707 2442490.4873046875
374231649.5506905317 3359331.2021484375
352239970.9842370152 2427311.0068359375
374243579.9302172661 3362722.6630859375
352107990.5766726732 2421475.7536621094
373962360.4687033296 3356873.3300781250
374619492.8697116971 3365714.3779296875
374241004.2543287873 3362163.3642578125
352101795.4598636031 2417424.7219238281
351916460.0902044773 2407464.1506347656
351865097.5035733581 2400582.5378417969
360102074.9948468804 2913408.4580078125
351800914.0310107470 2388584.5227050781
359967212.9043683410 2905181.7104492188
351694157.3766883612 2387293.3801269531
368038197.2080954313 3228230.6015625000
351548884.7057876587 2375435.2951660156
351623401.5705681443 2377782.7150878906
368066003.4719778299 3230590.5390625000
367744580.1068575978 3216505.9785156250
346264649.9999299645 1777377.8876953125
346532400.6291105747 1817610.3559570312
350851697.4703387618 2311585.6940917969
367899011.4552452564 3224599.4687500000
380890017.4981634617 3419301.4257812500
350925167.0209500194 2317791.7268066406
351021199.8218073249 2328228.0075683594
367997979.0877493620 3228095.8945312500
368133053.5549419522 3232279.1933593750
380231456.9761344194 3414969.1796875000
347505398.6032876372 1953344.0876464844
367827326.0776017904 3222667.2568359375
350956621.6471708417 2322149.3659667969
384439616.7377864718 3430894.7441406250
350802447.5616847277 2300434.9821777344
384300117.3630521297 3430531.8183593750
382429961.6119863987 3424688.3828125000
384527627.8326462507 3431201.5429687500
384330535.3751091361 3430576.4824218750
384356529.2724061012 3430813.5000000000
384045464.4569821954 3430300.7636718750
382469944.7206491232 3424925.6757812500
383891249.8014367819 3429852.2070312500
369622323.4150392413 3257866.1132812500
383303785.5844613910 3427188.1875000000
383383552.3468686938 3427930.5371093750
347497231.6533891559 1946165.5402832031
347322879.8409233689 1923717.8764648438
347281103.0001962781 1920629.6921386719
347598962.7991731167 1965124.3156738281
346964881.4416636825 1856219.5588378906
346925692.7678929567 1853008.9377441406
346828464.9300463796 1839040.3208007812
346756354.8872054219 1824324.6289062500
347598748.3068135977 1959887.3090820312
347554594.6564593315 1957497.3730468750
346912401.1712925434 1844211.9645996094
347435100.0829801559 1943417.7312011719
349488622.3437103629 2143690.7312011719
349580705.1155093312 2164948.5175781250
349950975.2626125216 2186903.2795410156
347161716.6300799251 1871113.0451660156
347228690.8250770569 1876853.8166503906
347171403.2622718811 1872593.6721191406
356865134.9438492656 2679488.1352539062
356993941.6818365455 2684490.2451171875
371798321.8640190363 3298968.6376953125
371850189.7901710868 3299870.4658203125
371722167.5853954554 3295245.0869140625
350799369.7398608327 2263930.2941894531
350738150.0491693020 2263866.1047363281
371768471.9940337539 3297655.3730468750
371769548.0638765693 3298042.8339843750
350713523.1353306174 2253056.1516113281
350654779.0923295617 2252350.2541503906
350504075.5214114785 2235325.1594238281
371748567.9057534337 3296700.4160156250
371746568.0539699793 3295767.9150390625
350652241.5376294255 2242862.5192871094
350284334.9149006605 2214545.6188964844
349502422.0184928775 2150872.6398925781
350223755.9364760518 2204747.0280761719
350261378.0098918676 2208308.5017089844
350180783.1930647492 2199614.8757324219
350105673.7402240038 2198440.5373535156
350008050.5836502314 2191359.2512207031
349459043.4320106506 2140617.7275390625
349445924.7168902755 2137630.5388183594
356634599.3565467596 2662744.8598632812
356647303.3868517876 2663058.8598632812
356592185.1491397023 2662345.3500976562
356464587.2536856532 2651980.7558593750
356441846.0101469159 2650938.0107421875
356382915.4499657154 2648687.8623046875
355966169.1006274819 2616813.6020507812
355998369.1146131754 2619032.7915039062
370090124.1615491509 3260560.4619140625
355877928.2525578737 2605046.8022460938
370302425.6559597850 3264845.9824218750
364799127.6336473227 3085122.8544921875
364575721.2229399681 3079003.2753906250
364812385.0355364680 3085158.3750000000
364242630.0475440025 3059839.4599609375
364278267.6370007396 3060916.6279296875
364221453.7352170348 3059817.4541015625
364201989.8077542186 3056011.5068359375
364145287.1688287854 3035413.0317382812
359827025.8662727475 2765689.5644531250
359873226.9102092981 2774610.2358398438
359828759.1796280146 2774146.6787109375
359643268.6587589979 2764099.9121093750
359057304.1583529115 2730975.4360351562
359474397.9101936221 2754858.4404296875
359345093.4454111457 2745611.9472656250
359055027.0122550726 2722973.5810546875
359024627.2470211983 2721887.7519531250
358948019.6531110406 2720773.4140625000
358817465.7524576187 2707816.7500000000
358842087.4563727379 2708239.3447265625
358778413.8415945172 2691358.0986328125
