382991626.4823349118 3430578.6523437500
383525118.1876453161 3433010.1640625000
345273893.3051549196 1607051.6640625000
346878893.3334898949 1852157.4816894531
346981384.7071909904 1854034.2197265625
348588081.4745804667 2121559.1132812500
354444814.4400180578 2618794.9624023438
368111810.4285808206 3243391.1572265625
372420437.8521906734 3341851.9335937500
378366871.8871810436 3413471.2041015625
377892594.6697856188 3411836.8789062500
383284279.5185694098 3432323.8652343750
383056572.5608005524 3432287.6308593750
348748130.4419023991 2130194.5332031250
367804210.4137688875 3240781.8427734375
367646576.1522324085 3235402.4980468750
372650521.9963700771 3343427.8320312500
375232417.4584935904 3385792.4482421875
383031970.2834877968 3431043.6679687500
345197993.4451707602 1597222.3264160156
346401046.9624153972 1823731.1335449219
348525704.9504886270 2116283.8940429688
367789088.2620911598 3239842.5556640625
372136513.6746243238 3334998.1738281250
348564161.4483083487 2119128.9028320312
368068761.9683642983 3242731.7890625000
348616702.2308754325 2124906.5136718750
365768992.8095679283 3177146.0595703125
372188590.1565849185 3337805.2343750000
387213912.0249243975 3440152.4375000000
346323093.9793627858 1818346.4143066406
346529030.3544571996 1843932.8234863281
348434944.2261824012 2111260.4570312500
354746609.2997359633 2644249.2998046875
346579324.1758986712 1851811.5656738281
361287280.8636692166 2999567.4316406250
361239364.5881412625 2999180.8789062500
366857760.0453681946 3210620.8652343750
374961028.1606934667 3380785.1591796875
375838576.4690748453 3392559.6289062500
375513280.4693167210 3390998.3730468750
375885355.1363881826 3393419.7685546875
367573337.8860610127 3234824.1289062500
375771730.3695658445 3392503.7402343750
346555054.9332957864 1848734.1301269531
346500767.4826252460 1838407.6877441406
375417446.9698957801 3388679.6152343750
377564170.1274699569 3410167.5175781250
377974433.9029222727 3412334.6728515625
361576874.9076433182 3013013.7724609375
345967116.1043943763 1763083.0490722656
361370771.9620351195 3006541.5332031250
382242261.0913295150 3426953.2373046875
365796231.2352532148 3178709.4199218750
367376304.6164672971 3228242.5820312500
346522133.1480598450 1842974.8056640625
382312713.3527558446 3428289.6552734375
346404078.3549152613 1835995.5783691406
353109904.5010470152 2521355.8081054688
360705363.6225494742 2973757.0776367188
365717581.0801166892 3177097.7089843750
366720241.0928146839 3209201.5048828125
400172203.2409033775 3450422.3554687500
348354523.6809907556 2095829.4741210938
360934625.4476240277 2985756.7104492188
365666794.2003316283 3170416.2080078125
375508015.9327169657 3389485.8847656250
377923873.3383561969 3411967.0566406250
386560359.9610335231 3439138.9121093750
367214047.0919696093 3224408.7333984375
360912416.8220274448 2982917.4111328125
360988931.6797187328 2988928.0439453125
367042755.4984624386 3219646.7197265625
367207814.7967627645 3222898.7783203125
367294423.0711593032 3227584.4628906250
371813308.7147406936 3328916.0537109375
372079949.7177574039 3333410.3427734375
376061757.2865086198 3395008.5009765625
377305798.5715325475 3407598.2500000000
386940623.9225598574 3439963.1796875000
365705269.9158450961 3174206.8037109375
377886330.9719970822 3411085.8476562500
375149282.7934057713 3385123.4277343750
348494461.3045562506 2111404.0805664062
348342641.2533237338 2095110.2875976562
366880976.9318641424 3213949.7216796875
345220588.5142440200 1598849.3073730469
375869515.3731810451 3393039.0078125000
378119575.1797153950 3413441.2900390625
387476777.6305360794 3440791.4492187500
372097273.3531044722 3334595.8730468750
371904516.1260383129 3330822.0683593750
367204577.2389563918 3222464.6621093750
371615183.6865695715 3324530.5996093750
371729152.3698223829 3326487.3134765625
371953504.1145858765 3332441.6542968750
399563915.0152639151 3449802.2773437500
377405061.5116648078 3408213.1582031250
399847368.1359104514 3450114.8007812500
387146011.8143920898 3440140.3593750000
367287445.2105471492 3225170.8388671875
387237716.3985870481 3440652.7285156250
386362512.9005633593 3437557.3388671875
399257102.3169143796 3448959.2187500000
345997313.7687631249 1764367.2253417969
349141126.5853673816 2164325.2473144531
360925997.2072675824 2983411.5991210938
345938806.0224496126 1757562.0175781250
366715058.1272488832 3207377.5791015625
361310616.0616067052 3002332.9472656250
351060363.3250064850 2340300.0034179688
361105345.0188589692 2993845.0068359375
345291866.7668883204 1618605.6188964844
353061436.6835442185 2518853.8481445312
386658135.6266037226 3439385.8339843750
348309078.1818919778 2087353.9648437500
353036048.8138902187 2513978.6235351562
360878604.8204536438 2978458.3359375000
372175535.8646160960 3335909.5019531250
378461505.7116132379 3414295.7119140625
399680544.2636951804 3449900.8027343750
354969507.1775465608 2658665.2612304688
355489296.5188435316 2677830.8071289062
372181467.5653009415 3336979.5507812500
355452938.5474631190 2677063.1127929688
348216842.6328238845 2077338.0888671875
351129735.9122767448 2345699.3369140625
348910081.9765650034 2137293.1628417969
349113785.2572067976 2160990.9289550781
355538509.6801344752 2678133.5346679688
359900027.5543372035 2918426.8300781250
345258610.8053374290 1606917.2314453125
355553040.4570188522 2680120.4707031250
355297169.8879296184 2676346.0986328125
346165235.6747102141 1798395.7153320312
355030418.7662652731 2661259.0791015625
366537788.9643335938 3203883.4931640625
346176309.7502284050 1801005.2802734375
355560849.8517493606 2680973.6713867188
346221970.3105036020 1808555.6704101562
346114001.0375319719 1790726.1486816406
355070656.1455047131 2664217.1391601562
381973762.1938956976 3426328.5322265625
351093070.1312773228 2344999.1313476562
386068025.6564987898 3435314.4189453125
385645610.2604487538 3435252.8232421875
377754822.8306397200 3410754.5722656250
360272002.6222224236 2943013.7612304688
360462879.4490076900 2951286.4731445312
353880429.6893745065 2562927.4667968750
360111242.2166107297 2931686.6655273438
365579799.8940510750 3167022.8535156250
345417616.0358425379 1644506.4179687500
360637413.2706936598 2960952.9140625000
346098007.5720014572 1784498.8532714844
381886130.5065301657 3425962.7626953125
398361247.7163975239 3446956.3632812500
368786764.5676884651 3254549.2197265625
366097110.7741607428 3189444.8085937500
354337329.8719246984 2615733.3120117188
345356866.2165509462 1629487.3288574219
346001389.3585544229 1769101.9548339844
350923098.9116494656 2329828.3422851562
373208309.6578997970 3352205.3134765625
354201365.3082288504 2603648.3803710938
376407134.6106768847 3396648.8310546875
354029957.3439130783 2590179.0849609375
360071226.9890626669 2926468.9916992188
360125921.7456480265 2933656.3081054688
360159570.5280442834 2934061.8413085938
359999783.9438263774 2923337.4477539062
348777573.6613073349 2131244.4045410156
348798604.8868446946 2132234.3889160156
385359364.1387346983 3434348.1884765625
365168252.1317523122 3145548.5166015625
353580630.5755274296 2555712.3544921875
381650120.3525464535 3424429.3769531250
348982220.4037316442 2151286.5910644531
354071777.0143373013 2591922.8046875000
354004807.4351028800 2586242.6870117188
385416574.0878087878 3434855.3017578125
354007410.6484309435 2587105.8964843750
345494596.6480205655 1657105.8210449219
353920926.0556079149 2578631.8652343750
381453708.2301350236 3424363.2695312500
353972185.8857262135 2578979.7412109375
365269596.6654302478 3153136.4423828125
353496930.9419049621 2549216.3286132812
365385278.7208215594 3158102.3671875000
353678706.0553164482 2562191.0795898438
353498053.8902828693 2552010.5600585938
365411680.5645033121 3158772.9296875000
353401594.0182054639 2545518.9536132812
353302829.5473964214 2535432.5375976562
398693499.8990796804 3447740.6445312500
347894657.2196748257 2022240.7910156250
347903019.7896493077 2028290.2373046875
347995614.1350355744 2038140.8813476562
347863281.5780402422 2020200.1333007812
381315925.6805726290 3423608.8359375000
381182305.2342072725 3422964.5839843750
347821174.3760647774 2017077.2050781250
353290720.0543504357 2535404.3735351562
385057248.8508151770 3433824.0869140625
347721199.2798336148 1994520.3000488281
360509042.7962160707 2951974.1083984375
345656153.6647524834 1678403.0263671875
345563131.9217529893 1665938.6635742188
351507838.0269956589 2367822.6623535156
385240716.3857140541 3434301.4853515625
347969295.0541370511 2030510.9958496094
345833025.6405113935 1723307.6887207031
398528104.8065202236 3447242.4375000000
345783315.0605477095 1696072.4782714844
345841467.0163698792 1725263.5244140625
345749953.3878922462 1693698.6301269531
373527795.4115726352 3354249.3623046875
345788860.8220613003 1698352.7470703125
345789716.2406064272 1699572.7614746094
365259349.1640291214 3147565.0546875000
376850044.9521332383 3398944.4394531250
376638205.6704673171 3397691.7500000000
373652324.0778935552 3354287.3222656250
347884308.7422907352 2021457.4443359375
397557052.3144196868 3442183.1279296875
397926873.1691793799 3446286.8789062500
380923352.0271131992 3419914.1757812500
397624748.8506469131 3444655.2744140625
398043992.3120713234 3446643.6992187500
398030327.4698064923 3446424.9667968750
352567439.1228774786 2459500.7016601562
352584291.7841905355 2461419.2663574219
352752413.8271047473 2472984.5810546875
352636067.5859186053 2467811.8500976562
380619975.7028167844 3416206.5429687500
352278725.5771189332 2438382.4482421875
380401501.4789515138 3415472.0117187500
380712399.1471676826 3416864.3671875000
352359538.1523677707 2442490.4873046875
374231649.5506905317 3359331.2021484375
352239970.9842370152 2427311.0068359375
374243579.9302172661 3362722.6630859375
373962360.4687033296 3356873.3300781250
374241004.2543287873 3362163.3642578125
352101795.4598636031 2417424.7219238281
351916460.0902044773 2407464.1506347656
351865097.5035733581 2400582.5378417969
351800914.0310107470 2388584.5227050781
351694157.3766883612 2387293.3801269531
351548884.7057876587 2375435.2951660156
351623401.5705681443 2377782.7150878906
350851697.4703387618 2311585.6940917969
380890017.4981634617 3419301.4257812500
350802447.5616847277 2300434.9821777344
347497231.6533891559 1946165.5402832031
347322879.8409233689 1923717.8764648438
347281103.0001962781 1920629.6921386719
347598962.7991731167 1965124.3156738281
347598748.3068135977 1959887.3090820312
347554594.6564593315 1957497.3730468750
347435100.0829801559 1943417.7312011719
349950975.2626125216 2186903.2795410156
347161716.6300799251 1871113.0451660156
347228690.8250770569 1876853.8166503906
347171403.2622718811 1872593.6721191406
356993941.6818365455 2684490.2451171875
350799369.7398608327 2263930.2941894531
350738150.0491693020 2263866.1047363281
350713523.1353306174 2253056.1516113281
350654779.0923295617 2252350.2541503906
350504075.5214114785 2235325.1594238281
350652241.5376294255 2242862.5192871094
350284334.9149006605 2214545.6188964844
350223755.9364760518 2204747.0280761719
350261378.0098918676 2208308.5017089844
350180783.1930647492 2199614.8757324219
350105673.7402240038 2198440.5373535156
350008050.5836502314 2191359.2512207031
370302425.6559597850 3264845.9824218750
364799127.6336473227 3085122.8544921875
364575721.2229399681 3079003.2753906250
364812385.0355364680 3085158.3750000000
364242630.0475440025 3059839.4599609375
364278267.6370007396 3060916.6279296875
364221453.7352170348 3059817.4541015625
364201989.8077542186 3056011.5068359375
364145287.1688287854 3035413.0317382812
359827025.8662727475 2765689.5644531250
359873226.9102092981 2774610.2358398438
359828759.1796280146 2774146.6787109375
359643268.6587589979 2764099.9121093750
359057304.1583529115 2730975.4360351562
359474397.9101936221 2754858.4404296875
359345093.4454111457 2745611.9472656250
359055027.0122550726 2722973.5810546875
359024627.2470211983 2721887.7519531250
358948019.6531110406 2720773.4140625000
358817465.7524576187 2707816.7500000000
358842087.4563727379 2708239.3447265625
358778413.8415945172 2691358.0986328125
