179814383.8771979511 12462.4151574280
180845130.9549238086 19467.9409334324
183028333.3317949772 24822.8315694928
183963934.2011812329 26347.5873628557
184856343.0282112658 27111.7416159362
179777169.7973871231 12202.2718125489
180901799.1787184775 19737.4000977427
184511643.1476961076 26846.5451556891
184620383.8816004097 26927.1162497252
199228753.4577998817 31372.6945037842
182553357.4178512096 24320.7343473285
182809411.2069484591 24705.9263723493
185039220.7383311093 27239.9961020201
189111100.0824571550 30192.1314859390
189329838.9953395426 30399.4094848633
189250282.8403783441 30308.0294570923
199236386.4933428466 31445.7266693115
184443996.5984109342 26774.2872821540
184971430.9660191834 27126.0363699645
189393856.3946062326 30422.4841766357
180565813.6854703128 18064.4105646834
181018283.5516787767 20107.4975405075
182662225.4467040300 24409.6955010146
189917630.1493788660 30577.7305145264
184681597.4614617527 27015.5905267447
179905482.8168084919 12937.2062245999
181009012.6799165010 20058.2031052522
182778519.5429733992 24614.3232844323
184440358.5163255632 26732.8451129645
184288716.6337719262 26698.6814777106
184276809.9889185727 26599.5596820563
189871896.1110033989 30553.8202667236
190372159.1262928843 30620.2922821045
190827794.3102789521 30660.6417541504
194234676.9984400272 31242.5486602783
185006299.3485218585 27126.4065176696
180482417.9701253176 17649.9979303246
181095128.9004940391 20388.1787002087
184755995.4090971053 27070.2994467467
184701063.0635723174 27036.1358114928
184786054.3085389435 27071.5205160826
180931652.3153235912 19767.1665336341
189302330.2259598970 30345.9492797852
180935025.3918488324 19814.5058356971
184085249.9985890090 26427.5575466007
183870894.9225692153 26142.9232566804
184677127.0500936210 27003.9612814635
183894234.7548463047 26197.1290531009
182418322.0674744844 24087.7608947456
184145903.4450707734 26523.9538776129
189879369.8022014499 30558.0498504639
189414190.8957523108 30465.9164123535
189492019.9545871019 30483.1558380127
199235472.9571097195 31381.9169769287
179990508.5290660858 13361.4515304659
180487710.8829925954 17714.0811565286
180951265.3770931661 20041.4037086219
184186619.4298767745 26558.1175128669
179906968.7289696038 13057.9418993089
181327032.2657409906 20712.1694824994
184048133.7619647086 26422.1890163273
189776116.6630170047 30549.0493316650
189966117.3853987455 30606.6718902588
195121240.1891894341 31318.6218719482
182202037.7933647037 23584.8747451007
183756945.4105598032 26024.5351553708
199521084.7164027393 31488.8796691895
199349909.2377202213 31460.3472290039
182257869.1071979702 23602.7623174042
183827444.7219550908 26140.9218997806
194987861.0263467729 31299.4477233887
181081467.9578876197 20197.2380552776
181165201.2201929092 20404.4593992718
181091365.3155045211 20371.8365049846
182337137.9619774222 23937.0007245392
189611185.9113197029 30541.1484069824
182669556.9198997617 24432.1823674291
183541749.4252656400 25708.2616762966
183783441.0758036077 26072.9001211971
182451078.8003420234 24094.8586149067
182714314.6499523520 24593.1311758161
189294821.8069522083 30342.6569061279
189916168.5858950913 30561.9982452393
179877718.4561817646 12702.3552515488
181308839.3223807812 20694.8883570544
189555071.3863891661 30496.3099822998
182599030.8376123905 24383.7784752995
189159227.2686566412 30213.8914031982
189061058.0385471880 30095.1587257385
189085816.3785656989 30129.8492317200
189322738.7328203022 30390.9066467285
194781551.1372331083 31285.0154113770
182312701.2087218761 23669.5872741491
182485748.7635080218 24197.2219163775
199453119.1511895955 31469.8932952881
181239248.0876489580 20679.9827477969
180579217.8170349896 18174.0590079790
183944180.6541418731 26212.4569730610
188573742.8391070366 29655.5266723633
189206552.5615418553 30273.5043792725
193851697.5044900179 31065.3338775635
194520607.1258694828 31268.0800781250
180611133.8705168366 18279.9163668519
180610147.8995457888 18262.5281260377
194098089.3441273570 31220.6721649170
179932932.3423185050 13083.7524054144
180542917.1024051309 17977.4776218301
183706670.1353202760 25940.6068472713
183704214.5719306171 25801.0135416836
189284833.7221426368 30315.3008422852
189178662.4603340626 30220.9491462708
180680625.8421669006 18482.7194569474
180556934.7080305219 17990.9860270387
182485266.5700609088 24132.0480069965
189164543.4359804392 30214.2981872559
194484158.6392572820 31261.2568664551
188858441.1511625946 29962.4478950500
182797382.5406121612 24633.2693345994
179859699.1082991958 12697.5901651476
180475181.6018909812 17381.2385036368
182508312.5950746536 24276.9940214008
181219983.1811687946 20670.2865731753
183718871.5147524774 25997.2943167537
183514626.0815030634 25493.1403981298
183584494.4464789927 25780.8498135656
204226139.7277225554 31498.2229309082
203632824.4961552322 31492.1773223877
183094390.8036620617 25068.5574709922
183346212.1709176600 25329.1950673610
183404134.3494766653 25336.4024110585
179856048.3253341913 12536.5629570074
180484624.5971947610 17659.4844394689
188599979.8563166261 29742.4850883484
194168354.0969035327 31225.5920715332
188861704.0748617053 29970.3563575745
188741496.8534976244 29892.9599761963
193763721.7691772878 31060.0728302002
182453735.1362950206 24123.6535062641
182515639.3972656131 24285.6274137348
182692724.1658049226 24464.7532477230
183428218.6087610126 25385.8079508394
180559480.3036750853 18007.9621832659
182390170.0130648613 24019.2528104633
183237740.2957475781 25202.0388299972
188904375.1748020053 30005.0493507385
188917565.8036663234 30089.0496559143
193855754.0232250094 31071.0229644775
179903959.5515329540 12773.4844829403
188816606.3271090984 29942.3994255066
194371298.2798851430 31256.1693115234
194754975.8453379869 31271.5098114014
183177664.9671260118 25119.3076540977
179973363.6387764513 13086.3779531680
193934550.5792208314 31135.8259735107
183406771.7268203795 25343.7170252353
183230480.2399062216 25198.6220976859
186061958.8173233569 27627.9328718781
186073878.0593495667 27689.2514188737
182409648.7904167771 24038.6896219105
183080184.6629582644 25000.3266665488
188712272.8803993165 29837.1147398949
180487319.7113390565 17709.8445522208
183189056.5242642164 25129.2012567073
185898012.0876303613 27460.1279440522
186516962.5609768927 27940.1939688325
180842992.7947648764 19243.7968356274
183292696.8855022788 25222.9670011848
183169393.7891367674 25105.7468630821
185905646.2199629247 27546.9889631867
183036208.3566284776 24992.9516665488
183035712.9984452724 24860.2060180753
194085471.9345238805 31149.2702484131
194235427.2640864551 31242.6092987061
182931738.1454833150 24818.5942529291
186227807.2523354590 27786.5703268647
181351371.4506466687 20843.2602059878
180523915.8402283192 17961.5929506188
180613798.8182474673 18355.5221712952
180780837.1289139390 18778.5656224862
180794588.5707485378 18857.9875272773
186618782.6523489654 27964.5701766610
180814147.8653016984 18919.0103372596
182699050.9886976480 24467.8238348812
182603685.3440997005 24392.2180304378
181386105.6250218749 20912.9829232730
186351827.0824014246 27794.4765711278
194219271.3393156230 31226.0330352783
180044122.3761712313 13402.1121418141
179984023.4215482473 13264.9473720752
179895738.7698438466 12705.2989126407
186108437.6244352758 27719.7754660249
180733844.6791872382 18748.0317396931
185851994.7555929124 27356.2437846810
181502556.4411717057 21022.0923165195
185771295.1234410703 27339.9791400582
181380088.4186313748 20882.5444649495
181444724.5336388350 20952.9813110866
180832914.6146049798 19236.4683145545
181230783.0453678966 20675.3773324527
186061304.6579585373 27589.3204753548
186204522.9235729277 27728.2024374604
182115624.2475129068 22941.2071651220
182194515.9616968036 23127.2118884325
186443456.7074941099 27891.9191253185
186432855.4060512483 27854.9733038545
180145175.3340139687 13640.2676467001
186394261.9275390208 27836.9002218843
180201878.6965660155 13945.0421233773
180163863.1684252024 13852.7327865616
188433369.8246667385 29206.1601471901
188409000.0157915950 29089.8084727526
180088853.9391715229 13562.5421132103
188058324.6884270906 28979.6157809496
188477770.2499243617 29265.5984959602
181590416.6440164447 21027.4520943910
187986793.2992876172 28834.7023249865
188030262.3516840339 28859.0078155398
198476239.7804732025 31365.7857208252
188415691.1884509921 29091.8193064928
187825798.2491830885 28776.5789681673
180295855.3055917323 14243.5052012725
180216465.0762971938 14057.6306742132
187921988.7742971182 28815.9383150339
198033998.5034708083 31349.5426330566
185748583.6128359139 27284.6602351815
197787893.2432275712 31335.2696990967
180196049.1649218500 13872.0513952971
188109047.0092428923 29007.3623057604
188154355.5411587954 29075.8287669420
193590983.3428143263 31007.7045745850
181610434.1917218268 21105.1913284585
180294146.2782867551 14179.7406290770
180263990.2694831789 14178.7540414035
180304889.4773709178 14466.7857587337
180255408.7064607143 14076.5365427732
181818580.2689285278 21593.0799542889
181958152.4463582635 21688.6787947938
181666501.0591624677 21128.5474898145
188424990.3628434539 29158.1244511604
199152578.6849659383 31368.7712249756
180457901.5612217188 14605.0023388967
193922689.8204721212 31075.8390808105
181692101.1512452662 21160.3512013778
180416161.9353146553 14588.0988607630
181692359.8328022659 21252.3892284408
181728349.1305596530 21441.4919520840
180452825.2449232936 14588.7456967458
181636990.9001960754 21121.4008206353
181927796.2973291576 21636.5374618396
181751742.5133964717 21470.2293540463
182101534.0066018403 22105.4665910825
181718389.9652607441 21342.6077891141
181596352.4630936384 21099.4205373153
181818058.9963335395 21497.1075654849
193082700.3197522461 30777.2879180908
182045297.6926706731 21920.6782734320
181990949.6053062379 21856.4067825302
192873167.0103693306 30764.1352996826
193188811.8466341794 30865.2045593262
197899690.3808273375 31336.0639190674
192949391.5451100767 30770.2291870117
193332230.2389959395 30890.0848083496
193437350.4905748665 30902.5111389160
193364074.7946676910 30900.3967590332
193186975.4897841811 30783.0142364502
193581057.6119312644 30917.8289489746
