185509916.0226673782 5524718.1425781250
187897120.3365338147 5636383.6015625000
179877496.4914433360 5034289.8457031250
185668177.9113078415 5535659.1074218750
185387259.7729176283 5519372.0917968750
186805918.0743894279 5571550.5683593750
188952984.6176920533 5679196.5039062500
195081506.5131444633 5804808.3593750000
177865530.7827860415 4391354.3574218750
187777841.7825280726 5634392.6210937500
192358055.6439430416 5762054.3906250000
192167558.7688777447 5760093.9062500000
194149034.5884420574 5795370.3691406250
185708420.7220516503 5536102.3886718750
185708959.4167215526 5537458.5097656250
186230717.4821526110 5562020.7167968750
186373578.0912496746 5567193.8183593750
190818827.3473852873 5729674.2167968750
198855840.2008833587 5814153.1250000000
179944147.5812285542 5045164.2910156250
180533184.7573385537 5139288.8574218750
189660744.8942902386 5696450.7617187500
192294294.4175712466 5761781.1640625000
183060395.4193465114 5373427.4824218750
187673886.4362789094 5620832.6445312500
190345699.2164468765 5719777.8730468750
189410734.9530713260 5694438.6054687500
189395918.0289314091 5688878.7265625000
195303347.5378499627 5805196.3632812500
198609242.9596667588 5813496.0507812500
193853700.4672519565 5789683.3476562500
194804107.7913925052 5801421.7402343750
195054237.1692919433 5804493.3320312500
179908205.9208963513 5045010.6464843750
181972545.8398521543 5289908.0996093750
179806417.7481269538 5030170.5683593750
183043315.6203731000 5371167.5214843750
185888400.4679246247 5548206.1210937500
186391933.9302072227 5567990.9218750000
189224490.9497834742 5685579.0527343750
190570151.0479863584 5725832.7050781250
191732382.0425124764 5751886.4960937500
192098269.8709939122 5759194.5039062500
194901930.3111988604 5803003.8027343750
195597505.5894667804 5807159.0566406250
186050851.8943056762 5553153.8359375000
187760921.6077531874 5633383.4296875000
190160827.3804979026 5714854.9160156250
194103790.1068609655 5793199.9921875000
195406784.3174873292 5806215.7031250000
178564852.1415197253 4707764.3339843750
185440691.4776133001 5524158.6347656250
188666316.7129951715 5669581.1289062500
191625365.2940070629 5750285.9765625000
181315662.2853137255 5227027.1738281250
181750594.1036731005 5271783.8886718750
181833274.2615846694 5278982.1972656250
182858621.5350155234 5361099.6699218750
185997114.2031896412 5549062.7617187500
188979025.7355249226 5680154.1406250000
199280897.9135944247 5814167.5156250000
178879428.2808060050 4791848.3105468750
178756260.3022462130 4766479.9394531250
181805487.5892039835 5276917.8222656250
183108487.3407139778 5378142.5136718750
195584273.2758015692 5806978.0917968750
188740265.2584477365 5671351.6132812500
195300500.7500002980 5805029.1757812500
178654860.8322066367 4724436.6464843750
182095848.5841817558 5295634.9042968750
182527786.5285197198 5334641.6230468750
181827082.5197152495 5278953.6738281250
187812915.7855280340 5634862.3046875000
189015260.8912292421 5680463.5742187500
183274236.4612039626 5387418.3378906250
198651815.8545695841 5813798.6406250000
181612793.1941548586 5261019.7597656250
185155843.8820211589 5507077.0292968750
182029411.0399858952 5295228.4394531250
182801478.7603447735 5354236.8847656250
185104221.8122526705 5505507.9550781250
194743394.5367243588 5798558.1816406250
189245922.3657906055 5686964.8066406250
179659426.7464344501 4989026.5722656250
182805525.3721313179 5355111.9277343750
188867770.9256004393 5677615.4375000000
193656946.0966036022 5785306.6171875000
181641389.3107501566 5264468.3496093750
181238349.3347988427 5220161.9316406250
188948068.3480585217 5677630.3320312500
177864044.2717597485 4380026.1425781250
178150157.6920876205 4558326.8886718750
185036624.1772861183 5501277.2792968750
178386621.4147574306 4640677.7753906250
183440741.4381389618 5392033.0429687500
183344232.6124532521 5390452.3261718750
178317860.1083032787 4624230.2089843750
189054702.3181767464 5681960.8847656250
198415389.3667800128 5813354.2421875000
178111030.5448243916 4542761.3378906250
179887372.7995173633 5040345.0136718750
181702054.6855837703 5267633.3964843750
182958298.6659525931 5365877.7558593750
180891864.7315650582 5179932.5136718750
179825757.0296100378 5033025.6074218750
180686483.2106548548 5158940.6230468750
191796387.8921757042 5754350.5332031250
178362924.8247144520 4632590.4042968750
179690636.1359310448 5000970.5957031250
178017292.8267479539 4500284.3261718750
179671363.1553708613 4992965.7753906250
178345508.8758742809 4630054.2636718750
179706714.7440195978 5003337.5800781250
180124715.2368136942 5084191.8964843750
194384051.9319146872 5796682.5937500000
181448633.1352083385 5241830.1113281250
194382360.9485183358 5796680.0253906250
177880924.1630056500 4396678.6660156250
179763474.6987683475 5014819.7988281250
179747627.5234723091 5014478.1113281250
193974550.9092286825 5790809.3750000000
178287324.0686079860 4615924.6308593750
179777810.6197931468 5023267.2832031250
181769706.6400434375 5275937.4980468750
187767053.2811491489 5634306.9179687500
181884547.2064149380 5285084.7988281250
193702251.9014836550 5785570.0117187500
183032821.2849072218 5369649.1308593750
181315169.6176064312 5224488.5761718750
182890936.9065691233 5361940.1582031250
177984865.7269195616 4470944.4628906250
181768421.0258567333 5274729.6386718750
177859077.4836086929 4373220.8886718750
179013792.8853603899 4796131.7128906250
181252943.1952213943 5220655.8066406250
182742811.9770103991 5351009.6972656250
179743047.2015177608 5012413.8886718750
193759925.1156532168 5787484.1875000000
198137295.7561822832 5811949.8457031250
178094350.8858789504 4539684.4316406250
180400260.3637779653 5125428.5292968750
181153819.8837260902 5212899.1230468750
181275345.2847448885 5222872.3925781250
181037782.2597566545 5198974.6933593750
192769472.6717090905 5769001.7460937500
197904065.5358728468 5810994.0351562500
198194966.5407224596 5812367.9003906250
177892239.9053368568 4406652.4433593750
188026915.1124229133 5645824.1132812500
190278751.5115366578 5717226.3964843750
193120966.5441667438 5775016.0195312500
178738149.8965342045 4758999.3574218750
187819188.6298871934 5636016.1816406250
185151686.1755713522 5506798.5839843750
185083427.5529029667 5503615.6269531250
185265520.6734854877 5515366.7636718750
188757973.7511693239 5673037.0273437500
188955868.7254059613 5679290.4511718750
180552419.5673560202 5142767.1152343750
187935987.6743358672 5642207.2539062500
190382643.2724175751 5720772.5332031250
189992023.5114707351 5707577.5507812500
188823095.4302480817 5674147.7539062500
180464681.7940865159 5133246.2480468750
180500174.9405151606 5137554.7167968750
185035476.6903750598 5497737.9863281250
179895729.5824649334 5044023.1191406250
181147208.6696500778 5211978.0800781250
194658453.0855911076 5798293.4980468750
180267704.4975661933 5108200.0292968750
178913713.8649944663 4796102.6503906250
178801623.2397435308 4772979.1308593750
190524179.2740515172 5725337.4003906250
178535961.7537269890 4697218.6074218750
180469498.9254326522 5134578.2441406250
181010209.0156108737 5197802.3652343750
180357048.0156076252 5120309.8652343750
180964318.3171932399 5193255.9550781250
180931321.6221526563 5185041.2128906250
192680630.7269588709 5768418.7070312500
193067443.1253647208 5774790.5000000000
179976325.5558958650 5055859.6816406250
191176942.4939602613 5737642.8164062500
192851119.6920064092 5770774.5195312500
191254210.3003348112 5739800.4531250000
178699485.9457471371 4748519.0214843750
192895163.3438762724 5771773.8085937500
192459473.4139225483 5765270.5097656250
190918618.6011736095 5733625.8300781250
196966074.1965622902 5809311.0332031250
178153464.9806261361 4561074.5253906250
178505807.7165807188 4682404.2753906250
178123335.3106683195 4552180.7519531250
197006694.2553446889 5809316.7343750000
190440054.2842094004 5721795.2714843750
191379141.2666075826 5744801.4062500000
192909750.5661923885 5773401.7578125000
193539887.8493261635 5782966.5605468750
192579174.5540432334 5767081.9277343750
179974241.8453269005 5054796.6894531250
182982816.0899591446 5366642.0722656250
190639894.3314519525 5726813.8613281250
193260868.2972339392 5778059.8222656250
190669889.9015840292 5728232.4746093750
197770968.0435846448 5810918.4550781250
189376474.0021886230 5688717.2714843750
178575031.7915672064 4708912.2988281250
198000306.2756841779 5810994.3261718750
182368425.2593236268 5321308.0175781250
197574735.5046913028 5810845.7089843750
197396700.7378334403 5810583.0605468750
197221515.7846229076 5809926.7714843750
185955038.1577396691 5548795.8945312500
191040581.6594171822 5735012.9492187500
182669899.5212725401 5345409.1582031250
182469823.2779937983 5327768.0527343750
182366586.9125243425 5319552.7363281250
180589559.3131437302 5146725.4472656250
180074854.1499728560 5071187.2089843750
188180038.6396715343 5650626.8554687500
188277005.7758378088 5653824.8945312500
188492405.4891997576 5662504.2031250000
178064930.4139796197 4527723.4902343750
178011627.2188578248 4498026.3730468750
179993166.4039276838 5058774.2714843750
180583437.6757431030 5146206.1621093750
180572117.0104914904 5145203.4785156250
188450725.0073673427 5661458.4960937500
196785824.7550607324 5808244.3027343750
182423731.2749368846 5326184.5683593750
187476249.7197793722 5612458.5253906250
196849898.4277537465 5808358.7636718750
181880848.8685301840 5284086.9003906250
182289207.4155566692 5315339.4589843750
178675795.8475202918 4737344.3339843750
178682191.8616122603 4743208.9082031250
184474668.5948405862 5458762.2753906250
182501895.2419737577 5329994.3847656250
177912362.0620602667 4424061.0761718750
178045884.8051324189 4513803.7597656250
184517051.2617984414 5461608.1660156250
178019216.2122648656 4502668.0917968750
187704331.9028620720 5624692.3105468750
178030922.8169838786 4508163.9863281250
177923879.4477071762 4430360.6191406250
180187366.5637329817 5089447.0996093750
178525317.7215692401 4693544.3964843750
178654934.3536021709 4731824.7675781250
178616504.9912432134 4722316.7753906250
177904414.1255726814 4415460.2011718750
178392321.1707348526 4648807.1464843750
179270657.4652636051 4869928.4667968750
179249479.4148418903 4863874.1425781250
186913802.7835406661 5577061.4277343750
187246901.1113235652 5595777.0683593750
184660256.4487036169 5468597.4316406250
179289293.7506731451 4880810.1269531250
178428780.4355660975 4657504.1386718750
187172690.7888074815 5590823.1035156250
178330175.4883357584 4626545.1308593750
186983867.6208331585 5581578.9121093750
187293672.2046323419 5597282.9687500000
178245742.0185156167 4596860.4042968750
184810206.5491074324 5477818.5214843750
186984676.6464662254 5584315.2207031250
178175069.5057085752 4566473.1933593750
187095281.0611508191 5588786.5136718750
187215952.8704081476 5592304.6972656250
187001934.8709398806 5585419.1347656250
181409448.1654436886 5231251.1542968750
184590284.3936731815 5464257.5332031250
177956112.0019137561 4454186.7832031250
178205326.1724566817 4581920.1503906250
184042560.0106607080 5429205.2128906250
183941064.3324539661 5422821.2675781250
184038893.7675381899 5426503.2597656250
183979702.4226690531 5425394.6582031250
184004556.4628109336 5425837.7128906250
177955184.0628650784 4448308.2050781250
183824551.5690842271 5410933.4433593750
183745914.9679411650 5404123.7207031250
183766992.8668030500 5406960.2167968750
179431237.8160463572 4908037.3496093750
179424808.8726728261 4906972.8378906250
178450992.0152602494 4665247.3496093750
179446871.8482125401 4911490.0410156250
179260277.5038359761 4864996.4238281250
177963626.8916052878 4457027.3769531250
179490081.9546441436 4918478.6660156250
177997176.5001957119 4479454.5292968750
178471170.7137905061 4669751.6269531250
178497311.1207640767 4676787.1269531250
179477899.1217632890 4914789.0566406250
179595166.7944730520 4933801.6074218750
179110395.0117341876 4808296.9824218750
178182096.7095153332 4568264.1269531250
179168762.1614079475 4815998.8730468750
179230341.6043506861 4824474.0136718750
179176322.4520052373 4816632.2050781250
179207065.4534070790 4823386.3496093750
