549828983.5349972248 2024436.1669921875
524847757.9136158824 1759299.4408157915
540040034.7425425053 1973362.4328613281
540007188.4714593887 1972748.2106933594
514220240.0773370862 1522009.8165848507
524769594.2363390923 1756924.6124466509
525802853.0033688545 1776317.9147537798
528328036.5625075698 1816771.7185074538
499764538.7454743981 1104432.9881650587
493390576.1000473499 788539.7418663995
502874349.1536417007 1218501.6665578214
513676336.8174343705 1507339.9179604305
513659043.7436649203 1506551.6640541805
514770564.9066931605 1533700.5422575725
524875868.7081640363 1761864.1600540727
528988027.2947555184 1826010.6625382155
548288803.1383521557 2022346.1962890625
556577143.6662704945 2030832.8896484375
493475160.4878460765 788989.2639725851
493439797.1949266791 788563.3099800842
499066417.4916249514 1084737.5189441224
500802707.1943340898 1165517.1224983791
502740808.0295249820 1218435.3172753667
537689897.5007137060 1952181.2542724609
550035562.8950517178 2025522.5849609375
500787617.1121840477 1162537.3237938890
502982152.3947274685 1218522.0901377527
491511842.9993903041 673948.3279317021
502996618.9303070903 1218894.7460522307
539058399.4371097088 1965142.1560058594
537605538.6139706373 1950157.7363281250
537703933.7758728266 1952382.7709960938
493088845.1872623563 780570.7724974947
500955507.1051639318 1169145.3267594138
525201583.7329193950 1768149.7705277056
514974224.3887537122 1538404.7973168148
525611672.6192445159 1774393.8687332720
491425170.8242181540 642452.2235314178
502682942.3581999540 1217460.6439349232
499767065.8436534405 1104839.5634204675
502688688.1098136902 1217780.8043864025
493957230.7210258842 789102.0784891145
500755166.8404129744 1162340.1621707166
493494703.2273067236 789092.5251679914
491330225.3606668115 583627.1707669906
515052251.6099563837 1539175.0829174770
549848202.1995506287 2025217.0693359375
515108928.9077144265 1539276.8221752895
547236266.6681596041 2019034.2856445312
547467980.7912057638 2019563.2167968750
493237586.3272418976 788326.8319542902
501197875.1881310344 1177826.2730467785
538351586.7453124523 1960186.3167724609
546081080.4068220854 2011155.1328125000
493154970.4527605772 782908.7541206377
499380063.1841028929 1101772.0129626771
514952973.9799503684 1537688.1882937206
525551329.3499038219 1773333.7627152056
525101053.9229548573 1766337.0016068071
546850685.2631651163 2016806.8666992188
491591702.4243844151 674640.2137797591
493088259.1908433437 780569.2811730402
492929930.6789066792 770330.2685324363
501412375.8902970552 1182471.6428140504
502243445.4476696253 1205157.8989585442
502501448.4937523007 1213805.1139671160
491354464.8649208546 627913.2576124000
491362814.2537955046 634601.2079297828
501307905.4044448733 1181145.3583716257
491352972.3168828487 589565.2827068754
499360724.3484890461 1099692.5985146617
514158345.3076871037 1521164.3972428096
514695784.7818731666 1532592.8780692117
493048393.0212890506 778039.3277861290
547330557.9384304285 2019286.0273437500
547638844.0151244402 2019624.2089843750
502247962.8379943967 1205941.8359702630
514818157.6892663836 1534118.5570336981
540328937.4765003920 1974437.9880371094
537584666.6524308920 1948176.2982788086
491468262.1620931625 642482.8542081641
540017946.3031227589 1972956.2863769531
500585754.1630508900 1155985.6672997484
526084608.4288772345 1779482.1541031450
537914370.1481722593 1954860.4115600586
491498338.3127385378 668250.5912497756
548892909.9684087038 2023724.1855468750
499350919.7992259860 1099127.0420154114
501085814.2963162065 1173947.9873776445
537296755.3792737722 1944616.5792236328
499130337.1826269627 1091386.7555376147
499017585.0305745602 1083120.4938622569
501126296.5548309684 1175073.0812420854
514827133.2269093394 1536530.7858708156
501298011.4545917511 1180549.9480764950
546728956.1117354631 2015860.2783203125
549114245.0439475775 2024078.0629882812
539672942.9558893442 1970682.2199707031
499166182.9800618291 1093368.1272204896
539509386.9261935949 1967783.0363769531
491697114.8917157054 686889.3472776082
491814037.5731105208 695661.0980320987
500925100.1639826894 1167938.2363228276
514574305.3262018561 1529258.6917984737
525437322.3460475802 1771687.1845902056
526381355.2187737226 1782644.2084854692
549378138.7902915478 2024402.5644531250
493023154.9418053627 772071.1833872311
526188885.5389430523 1782206.5335281938
491493498.9951682687 643475.4931847828
527778196.2526178360 1808164.3331467360
549150038.8711749315 2024110.4477539062
549003798.5025398731 2023900.9843750000
491950768.9645220637 702646.1034738687
549145731.0504519939 2024100.6669921875
525023703.8608041406 1762890.1633194536
536947140.1960680485 1939191.3402099609
540353130.7849111557 1975254.5261230469
491801047.0441268086 694840.8926958707
514487321.9625254273 1528938.2619889034
538832340.0049531460 1963767.2550048828
528038675.7097896338 1813128.5531174392
536914146.0571175814 1938520.7611694336
536983888.8757128716 1940962.0831909180
491474865.4474040270 642739.5739198461
527596303.9320021868 1805639.3587204665
501467294.7896066308 1184581.5296018282
514280558.7821063399 1523769.4356243305
537193682.2345877886 1944456.5685424805
502023017.1007786393 1200182.1930762781
501755668.2884383202 1193933.9613927314
514086986.1354134679 1516460.1393596821
555894853.0733309984 2029539.1040039062
502014762.1674966812 1198762.2991372170
501858037.5299676061 1196881.4080703063
528358729.5214574933 1820176.7946945876
529206000.2530910969 1829341.0113783926
492833316.1653815508 757507.5162139796
529213447.5712202191 1829751.0884657949
492873935.6017398834 763592.1216806881
492852869.5878147483 758699.5726430528
492837032.4727601409 757693.9142968170
492758404.8487846851 754570.9604393952
545858635.2340965271 2008869.4182128906
514324208.0214233994 1523875.6482708149
555366081.0952622890 2028509.8798828125
555539159.1941554546 2029274.3193359375
492651591.0459896326 738949.3629622190
492449537.7393722534 724582.2875049226
492297604.2487387061 717763.9937372617
492342774.6726236343 718494.7017340474
548077860.7211180925 2020276.8217773438
500439233.8720937371 1146361.7985573420
492187396.0929527879 710737.1509527974
527949706.9472683668 1812982.8123947829
528332324.2616055012 1818602.4699965566
527846002.7474211454 1809004.5045119375
527447666.8167792559 1801731.8318129629
499854392.9455497265 1115827.0853159570
555129858.5726745129 2028403.2573242188
499850626.8478490114 1115816.0094826850
513617825.4397252202 1500837.3710305393
513453331.9630175233 1499572.7324968278
513491174.8497645259 1500533.9859357602
513422921.2553249002 1497714.0690037906
554977062.2313482761 2028162.4877929688
555049924.2548581362 2028251.7509765625
499783027.2098537087 1113798.5315644138
527289523.7118915915 1798200.8924208730
513337818.0308367610 1493252.8996795416
554549893.0281811953 2026930.8896484375
513294821.6401227117 1492523.3430041075
527081771.2062841654 1792376.6440993398
500000008.1187884808 1119405.3990299099
512281476.0742092133 1465081.6960220188
526806876.9131429195 1790228.3771315664
526617284.7928297520 1785582.5770674795
500072363.5751543045 1121771.2223297947
545746423.0978119373 2005882.4521484375
512213611.9158909321 1464212.1691857800
545470071.7750633955 2001272.4299316406
496879803.9002411962 952358.2360662448
512577252.8584484458 1473355.5448953137
553455925.5614069700 2026275.2338867188
553419012.7993474007 2026215.5883789062
554405873.3343282938 2026423.5971679688
496884042.2828992605 957374.7482525038
498056450.5806033611 1017071.4858748363
536697541.2977559566 1923148.1956787109
496984159.4583886266 965132.2990337538
536803702.7003387213 1924206.0620117188
497983294.2908074856 1013013.6654679226
496954581.6748416424 960220.4529064822
498760973.0938841701 1052955.9447775027
497016118.9332507253 966189.4175060915
498924556.0747472048 1061074.3481664797
498415822.6020795703 1032413.9551956418
542420305.4485856295 1979989.1440429688
512920817.4519988894 1479742.2971801981
498327964.4355742931 1031494.5180322872
498553993.8268658519 1042146.2784954952
498648038.5563395619 1045601.6044914266
512386997.2242043614 1467402.2430902943
542889780.4485249519 1982473.0500488281
543096021.0623075962 1983610.8520507812
496919485.9234162569 958925.1017287897
498740177.1405047774 1046996.0326830791
542812367.6086283922 1982124.8854980469
543094175.5626015663 1983100.4660644531
542798819.1903433800 1982072.0559082031
498443817.7827581167 1038797.3694979595
512938227.7891695499 1482490.6091335267
543507049.3094880581 1984549.6325683594
513113425.3103373051 1485840.1666849107
497759171.8722633123 992999.3717163894
497792747.3039011359 997322.3744019363
497652069.4143880010 989537.3169638608
497659703.2741571665 990783.6821982358
497577411.0258604884 981398.4743124936
507458053.2948741317 1305842.2188654472
507501350.3740832210 1307055.9640512993
507561392.7671194673 1310783.4065561821
544195183.5228308439 1985153.7014160156
507643849.7756777406 1314605.0008664508
544576550.4750664234 1989594.0883789062
544865587.9889417887 1991022.4426269531
545161028.0711240768 1991528.2780761719
507353401.3984908462 1302018.8036618610
507172343.9738760591 1294867.3548808475
533892080.2234362364 1869051.4143970013
533230864.5582095385 1860360.9357591905
534417232.7220919728 1878309.7814607657
524686454.5226607323 1717864.0935134813
508957745.5855157375 1338756.8302709828
524678727.1884981394 1712512.6659469530
533414683.9064223170 1861175.7170320787
511915013.5608799458 1437342.4545066450
508520180.7282121181 1330379.8203064571
533459455.7211100459 1861391.2363191880
533498732.1112685800 1862723.8710848130
533621458.5740398765 1866137.0634676255
533787069.3619762659 1866580.9942603111
496847237.9559628963 904683.2542679217
496782510.8911003470 903666.5479156878
495477578.7408774495 816035.8207803931
495512698.6459943056 822781.6600509848
495384710.2450016141 814834.5890873637
496768162.6045936346 887180.8249134943
511744078.6489798427 1430120.5006936183
495489125.0959955454 821601.8783127036
511429612.6942224503 1420055.0414495040
536256553.1926028132 1893211.8409614563
536162896.5157698989 1890352.3744087219
535932771.7795304656 1889630.5990180969
496692877.1575378180 881069.7381068394
535836349.6491282582 1887621.5973415375
511216019.3953415155 1410572.2439622837
536182432.5498571992 1890478.0661525726
535750781.1650347114 1887019.0240993500
510819507.3204526305 1394727.0250813197
536221644.1593068242 1890997.4318752289
496261608.6661027074 856156.3141126651
510454996.2571666837 1384894.7701232862
510968447.4881443381 1400174.3892028760
510572549.4070203900 1386078.1596420240
496133474.1119163036 848845.9840345401
496143274.4121368527 849653.8966321964
496423047.3917630315 859198.5296785254
496193132.2349587083 851855.8463392276
510440118.0721145272 1384345.0315858554
510583553.5935619473 1389655.3890077304
532874310.5141507387 1845098.2446278008
510162609.1384268999 1377026.6564335059
509508415.1945171356 1354381.2594586145
509084714.9402136803 1339911.0663458637
509172961.9120157957 1340481.8396268799
509795357.9633021355 1360970.8600049927
509268229.7382360101 1343653.3998642145
519785779.4468013644 1558150.3051777971
519877567.5808704495 1566925.3050881517
519919113.3235443234 1568022.5311299455
506685007.9276366830 1219611.6805686690
506657431.7212923765 1219252.9998373725
520608185.1856278777 1581610.7172795427
520160410.7207335830 1573649.3178959978
524541369.8427065015 1663773.8173930538
524305277.5744240880 1662167.3879496944
524236189.6773954034 1657673.6607336588
524464505.1719717383 1663746.9597270382
523977242.9789977670 1651190.3779727449
523679526.8126658797 1646611.6606996362
523456633.0398095846 1641446.9007203882
522377148.9749346375 1614330.7579720099
522021293.3236998916 1604529.8114426215
521984716.7560417056 1600725.0936539401
521655830.1301404238 1594010.5364029636
521914173.6640768647 1599984.7867691745
521773921.2081262469 1599582.7721207370
521570340.6542275548 1593887.6756650959
519640872.9026581049 1544912.8461175379
