305436375.1759423018 493622.2298862827
317819191.2609828115 630638.7677307129
317732726.9947720766 628541.6760559082
327671805.2109094262 681702.9506835938
327332498.9003660083 680389.4814453125
330214467.6691790819 683491.7487792969
327430957.4209420085 680911.9582519531
305534346.8948748112 496701.6435786956
327670755.1085231900 681701.9135742188
296007926.6104449034 356949.6778573394
299869501.2748836875 415878.7397803876
306050368.6475943923 501751.2825532313
317574397.6043515801 628429.3047180176
322066234.6317890882 659281.4168701172
299583226.3852208257 413491.8861622426
304817402.7215434313 488038.7430393589
322230708.5114467144 660194.1275634766
304392214.6744838953 481820.3050228820
316485116.7824721932 618458.7342834473
295775625.5756992102 353330.0627984405
305904557.7395394444 500432.3280317208
294364407.3291563392 324401.2389909512
305840395.8649689555 499603.2846065185
291208370.3671073914 216605.6867760569
294552267.5408517718 327480.7045668158
305614750.8391813636 497450.7006831786
293335574.4728543758 291449.5273560565
292977910.0897026658 288646.2086815182
299411227.9049608111 411808.7912940595
321723287.0260421634 656370.1610717773
322328614.3325904012 660544.0345458984
321702924.3147349358 655910.6717529297
297975306.8203563094 390375.9419199228
305516108.5181414485 495480.2065316048
321712956.1730080247 656220.3563537598
293033395.0166638494 288661.2500633541
296001020.2583552599 356934.3930596709
305738664.0017026663 498663.4602795416
304493692.7212107778 483393.5133611427
329520653.7965067625 682485.7680664062
321697356.6217169166 655336.9523315430
291187489.8113379478 215372.7097764879
291259709.7367275953 221508.7835519880
291947901.7472730875 254826.3781387564
298983938.5889738202 404359.0383643720
317352027.0076739192 626149.9955139160
321855642.3511049747 657652.4826507568
306033272.3462673426 500531.9244145365
305520088.4400742650 496276.5214119758
295608841.2785718441 349058.5403985381
305253274.6451594234 493249.3433316879
321725993.6981029510 656831.5004882812
326581898.5038180351 679485.7128906250
326940972.6269546151 680135.8356933594
304812921.5452908874 487554.4794520304
321789028.4534882903 657176.8142089844
322604557.6607252955 662659.6802978516
325422292.1230763793 675819.1367187500
326633301.6032653451 679817.1003417969
305171219.5913479924 492161.7262079646
313932724.9885184765 589567.3848724365
322106401.9128821492 659927.7276611328
304916320.3006805778 489148.1755151469
322457648.5461021066 661953.3624267578
326324572.5127984881 678841.3339843750
330701889.7893602848 683502.9997558594
298379959.2797409892 395959.9373468161
326475297.8525236249 679389.4033203125
330115799.9333444834 683305.9028320312
317741817.9408961535 628795.2001037598
304294887.9748036265 480551.6404492126
304780511.7645593286 486739.9904617127
299425489.0219718814 411852.6825380984
316692432.5964895487 620640.7533264160
299126921.6558885574 406220.3806495282
304532123.7841729522 484249.9970165954
304412270.9665839076 482457.7219778725
304358469.8232946992 480917.3602368102
316971738.4157463908 623119.9588928223
291230502.0405450463 221171.1219747632
304698866.6342696548 485697.7711865173
299097875.3956821561 405469.6338233564
299215646.5726913810 408871.0510596845
294584994.9889839292 329558.3501419388
303847155.4156717658 474705.7325269300
317033551.6557016373 623452.4237365723
326191987.9764615893 678098.1572265625
313988271.5374218225 590770.0752868652
299338003.3331900239 409931.8564037893
304044569.8519853950 476140.6995984633
334012430.0742067099 684105.5749511719
304255608.9469593167 479451.9254743177
318157310.8352620006 630863.8002929688
304130877.1119015813 478695.7099744398
291424818.8983895183 230578.6723723977
293130730.6369010210 291326.4691031627
298094930.3954326510 392071.6040261984
313895514.6181867123 589353.8510589600
299128752.2611622214 407686.4802589032
318195152.4159222841 631128.3824768066
304088517.3010696769 477390.2548963148
294185301.5605882406 319668.2699109782
295516558.3298581839 346620.5488145947
308448282.7641137838 527399.8384442329
330095424.6272237301 683221.3486328125
330140686.5382415056 683354.4919433594
292079776.6527987123 258682.8757012804
296064803.8490848541 357413.9588983655
317390954.5970327258 626500.8584289551
325796014.6067935824 677109.5578613281
326001555.4573743939 678028.6687011719
317126918.1456506848 624267.2491760254
293111639.0821202993 291112.8891522903
313787153.6252313256 588627.7837371826
317441668.4009425044 626791.1033020020
316853052.4878127575 621610.6089782715
295865375.3762303591 354786.7615157962
329903634.5966542959 682868.5034179688
303348373.7196461558 464558.0341847558
303340540.5351054072 463769.1885731835
308437145.0855898857 527208.9084398798
325377078.5969305634 675712.5126953125
329788518.8674715757 682760.0971679688
333731125.4232418537 683998.1008300781
293199358.8005480766 291392.4021151839
292909864.9554625154 287145.9059471432
294063447.3255537748 313755.5189123414
299315179.5781752467 409672.6988805920
294171664.6746424437 318025.1446496509
298165833.4507402778 393138.3359597921
299286017.1130463481 409241.0883603335
297937926.3129358888 389360.8281072527
294123442.7999024391 317573.5145248771
291444969.8316888213 231484.1417823404
313641339.7193868160 586984.6882781982
331397595.3966252804 683744.7375488281
313706764.5642827153 587991.1392669678
308869609.6691381931 531906.6506450176
314406322.2405623794 595644.0279235840
294071794.2834441662 314148.0337214135
317207771.0506329536 625291.0946350098
331395136.9089764357 683691.6701660156
291588421.3143743277 238248.5192037035
308950141.6002699137 533068.7582580149
325783685.8330859542 677043.4653320312
295367121.9369947910 344786.1238649487
292788630.3184478283 283152.4848814849
325602712.8600407243 676640.2846679688
330090335.2672367096 683158.2844238281
314102128.4900227189 592133.5092468262
313756698.3589614034 588087.0700073242
292702617.0061291456 280454.3069129568
333422783.4680863619 683887.3610839844
317028727.0943181515 623183.8019104004
294089235.3940004110 316405.1260644458
308736997.3623338938 531429.5133663081
314030256.5006774664 591768.4657897949
291907502.9290412664 252218.9357811082
303352913.2438008189 466147.2898533959
325096702.2320622206 674386.2293701172
291894599.0586308837 251920.3262069538
291846213.2294427156 250068.1272323445
303540180.1443549991 468478.5375416894
308411486.0171766281 526107.3566466868
309028752.9757603407 534014.6812440455
329843052.5281543732 682837.7849121094
298613443.5916631818 399335.1527161837
291380674.5833209157 229631.9428077310
314521149.2182255983 596597.5980224609
314251926.5674108863 593935.2638854980
308681526.9787238836 529359.3903065026
333369133.6578886509 683774.6511230469
291663377.7334426641 242812.2577251900
292852179.2607420087 284264.1950560603
294108656.7775661945 317116.0179847329
298789175.0832559466 400843.7293763399
291346895.7323056459 226553.4244363874
291293448.1828195453 223543.8968771070
295413283.2878280282 346289.4168571830
295407086.7206720710 346040.7808696032
292678163.2746194601 280141.2605925445
292310449.1132871509 266922.4433009308
295286249.9307869077 343380.9213742800
292612977.0625187159 276992.9715700988
316166724.7553581595 613963.4289855957
324536704.4313441515 671587.4304199219
316187760.5526292920 614205.1983337402
316102046.0132623315 613413.9563293457
324226827.3506007195 670213.3923339844
291777117.8093624711 247798.0151717976
292367187.1374327540 267469.8217155782
292189311.5970997810 262749.7950832527
292564198.5478664041 275732.7664519195
316086627.5905089974 612764.4100646973
297799833.1659951806 386369.2069925070
308875896.8014670610 532782.2838317454
314333754.2649211287 594070.3263244629
291813710.6897582412 248489.6123649139
314905526.7840881944 599234.5448913574
315939809.6954480410 611779.9465026855
316229030.0559677482 615009.0226745605
302056748.9141175151 446250.8463233691
292295313.6968716979 266200.2291345224
292400480.1222800612 270369.1529290471
297258614.2078313231 376930.4706055671
297198038.3734201789 376531.5630878210
294721738.1819444299 330945.3986281044
314915044.9331963658 599709.7341003418
291603313.4064934254 238989.5858813114
301945383.5346058011 443665.3934543182
297096102.6116186976 374551.8708537817
297509851.7318442464 380919.4702314138
314672310.1457667351 598185.2019653320
297429682.0511063933 379371.7818319295
314506084.2867888212 596084.7372741699
302181391.2643349767 448234.6478678696
314789603.7034113407 598840.3168487549
297225493.1293235421 376797.1591962576
291727777.0740353465 244466.0220328827
297372140.6625600457 378192.8807618171
302151734.0767781138 447178.1453587562
315280660.4670197964 603831.0859069824
292504658.4014462233 273043.4817969743
315059172.8791545033 602418.8732604980
329305732.4821280241 682118.3493652344
329202294.2683987617 681981.2214355469
315730556.7399765849 608365.3007812500
324017854.9524930716 668585.5373535156
296949513.7396368384 372488.6013778448
291703840.9255973697 244367.3013297577
308520344.4519828558 527622.6786071360
315403690.7777205110 605607.7140197754
315407786.2309830189 605718.5393066406
315735913.9675824642 609232.7537841797
323257579.0191311836 664371.4603271484
323892823.0142430067 667886.3701171875
302198010.2663118243 448903.0739784613
292392893.3808589578 269166.4164334368
329134848.2409763336 681821.8369140625
324827859.3157416582 672833.3110351562
315720638.2806096077 608168.7878417969
323988023.0986613035 668040.9020996094
303068801.5647916794 461169.7773088282
295129016.5472161770 335446.8843181543
302989391.5508592129 459588.5854539210
295044566.0918469429 335420.1078207903
324172722.3572170734 669106.4765625000
296622923.9630354643 364728.4613174263
296624209.6034183502 364823.6681077543
302634444.1960659623 454437.3593366600
294884308.0898813009 333414.9191690455
294948065.1031452417 334173.2957833181
296480739.6152096987 362395.0699294868
302654779.5771493316 455061.3752544380
302435839.3136441112 452090.6305479265
296467008.9188867807 362297.6622304979
302361514.6625353694 450852.1601063467
308235903.8272750378 524664.0922047198
296432207.4007050991 361230.7407476306
307546144.6011780500 515510.9172737524
307282909.4258251190 511623.0209953710
307799636.4196250439 517590.9713804647
323629575.7276703119 665402.8692626953
307569378.4611170292 515607.3153644726
307566883.4622033834 515586.5622932836
308160295.4368236065 523190.7431337759
302676320.6501026750 455206.5170685041
294857671.6893737316 332025.3579043746
294918517.3172599077 333736.4270877242
323655814.3500099778 666416.0218505859
295212467.2857887745 339163.0264679790
307191703.5229274035 510733.0660774633
295179583.7125726938 338057.1290213466
301791868.0469134450 441108.0684010535
301461880.3618687987 436722.2621233016
301387686.8932786584 435620.9066001922
301471071.2558501363 436984.6573869735
300690001.4322939515 424447.0600125864
300757629.1745280623 425868.9935870841
300744222.9562161565 425755.2400662974
300653331.1766237617 424258.5176785067
300569776.1634196639 423077.9096997380
300528000.0396226048 422167.0457404694
306874779.4625471234 504721.8504177759
306641111.6192213893 502430.5598904322
306820071.4683367014 504265.3173574507
306994698.6403356194 506925.4626516402
320927135.2401640415 632067.9396972656
321350954.1180684566 634206.5860595703
321267315.2905083895 633893.8795166016
321396792.6454666257 634528.0095214844
321217266.3022758365 633567.1442871094
321170353.4436685443 632998.1480712891
313049102.1904898882 546534.3750219345
313079175.7937805057 547264.4322729111
313114319.8166765571 548732.4354467392
313363677.8936461210 550292.3663854599
313108911.4135071039 548298.4713659286
312901563.6115261316 543698.1092329025
313332705.5106256008 550059.3530721664
