458696830.9905098081 71227.3559265137
393807235.3085393310 23812.8617656762
393894722.2810068727 24801.3658473427
395018820.3305646777 29490.8839772282
395121452.7423279881 29658.2793553410
397254400.7460054159 35513.3579605380
398255805.9856315255 37545.6984283247
398375711.1224388480 37594.1407749512
401332128.2644945979 41939.6894763671
420513815.4755126238 60410.3991448879
432073391.1043904424 66944.2913551331
436554852.9253291488 68598.7145233154
440502482.6312464476 69467.8046417236
440776289.2006814480 69492.9837493896
441269796.8037655354 69570.7661590576
393945089.6189928651 24846.1938444907
394052975.0016489625 25192.2739722664
393853435.9566215277 23857.1616066033
393864274.1153193712 23861.6962630684
393891214.6807516813 24789.6689727241
420815480.6932174563 60491.4857881069
401459659.9806156754 42171.3349754470
420226830.9251340628 60289.7649285793
441077049.1784802675 69567.7179718018
440787562.0812076330 69533.8901062012
419883229.8290029764 60140.5130441189
402012505.9948586822 42512.1269765752
410846892.9170007706 52008.8595078473
419469757.3550035954 59925.0729806423
419384413.1015520096 59740.9923639297
419140212.8925911188 59709.8597466946
418508769.7840341330 59206.6210572720
418550865.6092137098 59239.4571397305
418895414.3250211477 59459.4617936611
433658993.5627136827 67705.3178939819
436820201.2010991573 68635.1466064453
418576700.5758569837 59246.6425950527
419356326.3171085119 59739.9480988979
397868085.6084949970 36829.0156697449
401371635.1967708468 42003.2471458572
401275292.3260112405 41926.3739880616
401430065.5665302873 42152.1274953740
401615056.1702843308 42226.0670145149
410561448.0512891412 51787.7873496746
416765009.9185065627 57775.6743150727
418933493.7748222351 59527.3166139126
432822219.7794693112 67405.1281471252
436404925.4849779606 68556.1859588623
455582462.1105918288 71030.6788940430
439719033.8869277239 69290.2803344727
394712019.3342986107 28594.7246660677
401230330.3345145583 41887.3990630716
401002587.4578605294 41550.3576690810
410265264.1849299073 51474.1386594062
416870672.8993673325 57839.1086183564
416481545.7534309030 57583.2904573457
418777976.4382803440 59369.5156282187
436241728.6889349222 68464.9788970947
439498517.5992231369 69281.5328521729
438886612.0039279461 69104.9570770264
457345599.8630362153 71165.3485107422
393888788.6594702601 24085.7719802368
394825911.7259014249 28957.4325081793
397916508.2973926663 37128.3417870880
394889713.5016497374 29106.7875322787
394834852.6056825519 29047.6176127801
394790980.5533177257 28952.5223345248
432569804.0739668012 67256.4844322205
394743213.8990628123 28602.1887931315
394626124.7455608845 27874.4209846494
394651101.5205726027 28280.2207064418
416765700.5320369601 57832.2572113053
432396409.1871142983 67182.1157951355
436905390.5534029007 68657.0525512695
394595512.4290550947 27586.7451118728
455628283.4496247172 71056.3673706055
394563142.4264603257 27417.5134021643
418746230.1712417603 59288.6908577681
432333234.7034400105 67084.5164413452
456965062.4701458812 71148.5606689453
433409879.4628794789 67602.8535842896
434016989.7043129802 67754.6217536926
394568305.6819155216 27422.7989649078
418315789.3964124918 59043.0369673967
433490203.5564671159 67641.3606605530
433087833.4106362462 67509.1567268372
436303902.7042851448 68468.4400482178
418722562.5697599649 59263.9024840593
431746591.1630058885 66709.9181861877
397973235.8002184033 37177.0150568032
410864837.7986395955 52025.6075792794
410187325.3537115455 51421.9985150580
418407468.2440829277 59135.2239180803
428527215.4180259705 64844.9817733765
432072030.7797068954 66921.2739906311
431929785.2212514281 66808.1359901428
432093536.0492927432 66945.0886192322
432050236.4525470138 66888.6955680847
432187820.5562005639 67035.1084480286
439065603.1173424721 69173.8007354736
397957285.8728796840 37138.7618804581
397989964.2449205518 37229.8504766406
397887118.1886282563 37101.2411691763
417879062.8265810013 58693.5404599905
428541186.4103219509 64927.7764968872
438843212.7060576677 69059.5312805176
458353180.8515306711 71212.8457031250
458162210.8534971476 71191.9543457031
398171702.9536318183 37482.3406123810
410257184.3015436530 51444.8487233405
410669731.0616932511 51860.1528125187
410653620.6796288490 51852.3546141753
410413708.7908312678 51702.7062329535
439450731.2806725502 69256.6907043457
418055363.9704987407 58854.7499408126
416509461.4130203724 57658.2924972550
417609459.0324514508 58568.2792300582
439135190.7786089182 69198.1662597656
457838398.4689923525 71166.3565979004
394475412.0461533070 27125.2102379169
394429626.3538672924 26998.7902045663
394289489.9202644825 26336.7037888285
417126590.1358316541 58196.5589729325
394155284.4872118235 25618.5548117996
397168310.3618680835 35424.3660477558
409779435.1945323944 50887.8910088094
416334496.2611215711 57487.8708019384
416236878.7813599706 57384.9276634233
435984134.0867086649 68381.5842437744
417526627.9384875894 58481.4632664919
417375845.7443843484 58383.2995320559
400048656.8920769095 40160.4294604247
399894447.6521297097 39979.2818488067
399977079.6582730412 40133.9042834227
416612959.1126000285 57759.8519989030
409835549.6558028460 50971.4980930837
394334745.9819090962 26344.9819490678
397389647.0547444820 35844.8819527188
397460348.8433135152 36108.4952209452
410006037.5094748735 51198.0000862630
416883819.9442649484 57957.1516796128
435118080.3597056866 67957.1125526428
435583843.8055572510 68235.7335128784
394152483.2510375381 25596.2140801117
394086678.3796568513 25258.9979195536
400167433.6282474399 40362.6112240129
436206434.7842895985 68439.1381759644
397166801.8083750606 35412.7196957627
400134369.7423784137 40285.1108534061
400298321.2108390927 40479.6385378563
409893442.9592696428 51008.8284466650
435922818.4461641312 68360.7839279175
438705932.7605278492 69028.7872009277
400138234.1694101691 40349.8447184288
397339207.0042897463 35807.1921325484
397271438.6727260351 35770.9451375762
400220520.3069122434 40459.0897230827
397347145.1616924405 35842.0346179763
400058029.0113114715 40162.5310028155
399907223.4747835994 39979.4656572999
394285115.6451739073 26052.0261708639
409954117.4101915956 51119.4875204946
394264384.2856673002 25994.1771794699
399517495.9686374068 39319.1807639510
429075991.4457062483 65237.4067840576
436048781.4989877939 68385.3262710571
435884529.4117290974 68309.6712112427
399355446.7170496583 39016.6933830553
456632479.2907884121 71131.3355102539
438169237.3886715770 68860.4685516357
415924502.2916011214 56931.6554242164
429386624.5592177510 65309.9981918335
438419762.1794431806 68947.5562591553
454939586.7403985858 70903.5666351318
454730370.2516042590 70797.7841033936
429008436.7228067517 65175.6335754395
438179042.9887093902 68881.6255493164
458026821.2048218846 71191.2329101562
399225285.6448491812 38841.1722251484
415595762.2909330726 56643.0390029937
415937094.3267171979 56992.1212669402
456657876.5955232978 71134.8661193848
415870898.4555236101 56806.5873099357
416034269.5260987282 57082.3232430011
429695403.7521545291 65518.8718872070
455384730.4094077945 71020.6037445068
415871001.3172794580 56892.3413303882
415730691.6572355032 56702.6651848346
428251657.4882130027 64716.1228561401
409892228.9103347659 50986.2943480398
428793834.6514968276 65090.4977645874
429409376.5794007182 65416.4569091797
437638333.2810533643 68756.2456054688
437901211.4309411645 68815.6767272949
429546090.3080266118 65441.5744171143
399426825.4484085441 39034.6273228000
398671640.6257762313 38075.3988653299
435283314.7412127852 68012.2943420410
456826071.2121714950 71141.9729309082
414864490.0442530513 55577.0850349069
414864995.3096053004 55580.1871581674
429418756.1934931874 65424.7304229736
456340736.8093720078 71106.2097473145
398938134.5057905912 38382.2923887421
415205265.4949880242 55964.2118707299
415380435.5965108871 56058.0290417075
415497823.9673613906 56148.6956841350
398831517.1160212755 38228.6208189179
435124409.5187572837 67975.9592742920
434783574.6455687284 67845.3710937500
409667835.6467169523 50382.3241691038
434877602.5848386288 67851.6918106079
450076634.6629867554 70352.8718109131
449962302.2025613785 70274.0967712402
429669796.1590051055 65510.1961517334
449987796.8919334412 70344.6318969727
450569182.6425056458 70445.4302215576
450838444.6363714933 70471.9453887939
414227897.0967882276 54737.0523522352
414213684.7234985232 54706.5018946384
413961026.0974399447 54455.4142950033
414080164.3644994497 54602.9803030943
413964022.0722822547 54504.3404489015
414191197.9988275170 54646.3391454025
413843509.4088640213 54362.1026063417
413840770.5516768694 54298.4338914608
409567633.6473400593 50043.9078123438
409591538.6921043992 50160.8173158186
412705412.1789047718 53027.6068837155
412540552.0404441953 52911.1061904492
409661047.2091294527 50321.1428773421
412543871.6341016889 52966.4055163922
412682135.1176749468 53007.6773915898
412494261.0811244249 52877.6200854840
452446051.2736781240 70532.0293884277
430403195.9804389477 65783.1633682251
431526366.2609144449 66134.6011428833
430127336.6659293175 65636.5069274902
431539384.8682209253 66208.8976821899
431140606.9062815905 66052.9609375000
412775102.8029543161 53044.2964141037
412425352.1773821115 52824.3768279221
430686108.7102915049 65816.8824844360
452323754.4394554496 70479.5496978760
411961864.8515920043 52345.3741413516
452439480.5025914311 70488.7925415039
452697379.3168966174 70598.5615844727
452627375.6165433526 70551.2313232422
452741615.5675191283 70606.8043518066
454393463.5430545211 70669.6790618896
427544469.9989699721 63779.6021118164
449774678.8392213583 70128.0892791748
427979512.7955839634 64078.8744430542
427552624.9431723356 63849.3995513916
427810706.8895335197 64053.1639862061
454282828.4754750133 70652.0260467529
427034632.2924847007 63516.4173431396
454201283.6270253062 70637.4645690918
427025573.6179712415 63491.8800697327
428156986.0827100277 64222.7932205200
426353531.9474474192 62677.6488723755
426576613.2638735175 62761.5802707672
426666267.2146936655 62859.6974964142
409096693.2765184641 49281.3030952150
449731498.3870812058 70027.0582733154
396854471.5715433359 30082.4759047645
396789866.6255974770 29811.7432350285
449635857.0855649114 69970.8049926758
408821384.5765464902 48748.1184571651
408895516.3526679873 48752.5116321323
408752526.1574696898 48512.1180678275
408501333.5174000263 47752.3045510094
408588381.8177291751 47910.3534297574
408361445.3098493218 47694.6716003049
408222770.2516456842 47543.3126390214
408122000.9940682054 47384.2128069332
407971034.5297821164 47080.4104429958
425324712.3630625606 61569.8264522552
425505888.9205499291 61769.3465824127
407821836.1517830491 46833.0398548534
407735539.4334365726 46791.7938009975
425578014.4913941622 61831.4843387604
425818296.8980808258 61990.8426036835
425698076.8121624589 61961.5817775726
425710464.6937723160 61976.8100414276
406433372.9516215324 45201.2793636887
407052537.5615155697 45711.4186107682
425220323.3051806092 61447.1983766556
406324212.0918102264 45126.8235872356
406159494.4117578864 44964.3777485458
406400619.9259138703 45170.4255853264
406475035.9778016806 45312.5381146042
406610531.3345612884 45377.8625975220
406073731.2035260201 44747.0999060242
405709588.3484681249 44091.6639963320
405704135.1006299853 44050.9067166975
405264604.6356916428 43573.3835703000
405380224.0199857950 43735.0039011171
405094724.4200748801 43399.8430457427
404733255.0698070526 42665.3066622499
