293496539.6995792985 62487.8684984386
294259376.3744534850 68068.8455005884
294308740.4828628302 68152.6509052515
294829741.9427175522 70243.7308241644
294723580.7808673978 69986.3231501524
294475309.6133970618 69331.7990975324
294568939.6821532845 69575.2294819095
294259185.1248989701 68008.9045125284
298422984.7222994566 85916.2037057299
300416737.3006908894 92766.9432571900
300331583.2450920343 92589.2367390168
300285235.2796831131 92307.0418079865
316948318.1069935560 136723.0521965027
317207594.6589648128 137489.3616294861
319010924.6684296727 140346.4628143311
319183120.1179823279 141023.0297927856
319146711.9599348307 140955.9848480225
319230944.8567740321 141263.2818145752
319210626.4990589023 141116.4882354736
322152128.9089275002 145888.9993591309
321508937.0271484852 145325.8077850342
321101200.9034967422 144832.6392669678
321523751.4356380105 145621.6282806396
322059854.8824378848 145848.8702087402
330491208.2254135609 152917.3634338379
330372636.9983320236 152763.4151916504
331306712.8904011846 153194.6545410156
331807357.9491397142 153300.1246948242
292121520.8669922352 49063.8901889153
292192325.4078712463 49075.2756072769
292095261.1283600330 49035.4298965164
307879426.2357483506 113887.6191341020
317605950.5578581691 137928.7885856628
317075534.6059267521 137186.6862907410
317407363.7605983615 137639.6867179871
321846173.9647789001 145761.3904876709
322013977.9599851966 145848.5785369873
325344425.2155708671 149871.1804809570
331308658.1209967136 153244.0941162109
294162817.5321024656 67579.1986131668
292036834.2688495517 47387.9923199192
294382542.5988521576 68837.1043903567
294625288.3902183771 69592.8943593167
296987469.3867237568 79827.4821209383
298623792.7999120355 86894.2092538292
300570901.1307740211 93211.9478691590
307453754.2686610818 112764.6445857622
307950156.7481347919 114282.8460799791
315864597.8061541915 134182.4151916504
316388456.5771985054 135127.9390678406
316266732.4428115487 134900.1651878357
330693019.7416197658 153042.8022155762
300494806.5441778898 93005.0682972443
300484747.6237595081 92938.6724537385
293560553.8180837035 62994.3317235835
293579167.4691086411 63029.3989854992
294131446.0452930331 67219.1077358425
294226652.0265462995 67987.3026736602
297036701.6809818149 80074.6333507967
298550016.2815363407 86426.5882452039
300220744.4674158096 92290.8569935334
299704576.8433278799 90113.6496876252
308090522.3195075989 114311.7275578119
307724484.1794708371 113547.2216731645
307638278.3502214551 113412.7708651163
293549940.7833349109 62566.6227276776
294397794.3339127898 68873.2805416249
307481461.3850490451 113105.1463557817
316086735.3318505883 134624.1013603210
325179036.7401976585 149757.2172851562
307565759.8761078715 113327.3475276567
316038757.1625437140 134405.0036735535
325005857.5017500520 149683.6425170898
324882206.5748394132 149593.6572265625
331051981.7180637121 153070.9012756348
298015865.2178953886 84686.8793244210
317105828.8974718451 137315.8249626160
317039290.6741502285 137033.1008415222
316952887.9121275544 136929.1997184753
316751735.0951777697 136205.7801628113
292364763.0077168345 53316.8241914751
292769220.5857505798 55369.8195263238
294682020.7448208332 69864.8271187060
298113004.2794895768 84800.2583699075
316565215.2596158981 135901.1721305847
319284126.4030830264 141607.6404571533
330392606.3921042681 152809.1382751465
299817204.2414958477 90757.5631968749
299774574.0580012798 90599.6024362237
316612242.2705960274 135987.0162620544
292589998.8621698022 55321.7467806430
296909881.3489583135 79745.7583183718
299238558.4696484804 88372.6324130685
299567650.4110124111 89949.3990365655
316868265.3698920608 136667.4316825867
316941272.5898488760 136710.2187004089
324898629.3001007438 149600.5628051758
292583165.6277804971 54581.4359089227
299068056.5463711619 88278.1751781923
292469811.0729616880 54353.0945698114
294065830.9775374532 66963.7281279834
294699997.1091601253 69871.0997958966
298312580.9821098447 85452.4331593362
298483667.0647222996 86289.2916546983
299010838.4453631639 88096.8060010893
307023148.7977266312 111730.0359951742
306601351.8991393447 110347.9527011402
321862666.8695318699 145827.6369628906
299010076.4380633831 87692.2817396146
298867524.6254511476 87245.9564149666
298743151.5643452406 87184.8764356596
298458429.6203764081 86271.1477689591
292499376.7564276457 54370.8999403955
293357016.4746701121 61695.0338216732
294644545.7653687596 69814.6209867708
298139885.1837924719 84981.6370930520
306746270.4298038483 110378.3355438001
316904212.5573309660 136678.3061943054
325581755.4910387993 149889.9224853516
325143719.7521471381 149730.9223632812
323632707.4623013735 148185.2696228027
306766971.5852938294 110937.0834686048
321346177.8197252154 145297.2393341064
298074827.2314655185 84763.8733296243
298160110.2093714476 85144.3108347393
297944705.4391092658 84481.2202839700
321206535.6779164076 145044.0133819580
292406377.6895812750 53593.6552934048
297878706.4251373410 84182.3663853628
308169900.6189137697 114572.7114437111
321041370.4493518472 144489.7382049561
323343257.8988918662 147443.1262817383
325096811.3077491522 149690.2109985352
307937597.1397857070 114026.9912803657
308415279.2680168152 115112.3070490845
323566514.6694372296 148089.1390991211
324706414.2756645083 149329.2903137207
324589091.5860847235 149295.1723327637
307185505.0923507810 112063.2221849449
294344109.7542506456 68420.9643479697
297043467.2382832170 80361.1949334813
307010903.2819336057 111632.5511644371
297077631.6613171101 80546.8837609959
331093069.4821889997 153119.5812072754
292288728.8150362372 50476.1127776485
292228663.5800428391 49564.1832122189
292283325.6430609822 50322.6607512814
292285351.0790584087 50336.4662609436
296791785.1822525263 79451.4178294611
321295961.1808515787 145077.3188476562
308124903.7267204523 114502.4898822792
308370159.4324818254 114877.5731075294
296574989.1350362301 77778.8878246695
297164656.8760793805 80783.7574600519
319674819.7758113742 142210.3317260742
320248677.0658171773 143170.6598052979
323518703.2109507918 147941.5112304688
324261265.0008929968 148963.4082031250
323741882.4023433924 148340.4538269043
330576722.9236766696 153032.1475524902
296747635.5181109309 79406.1742901278
319818299.0556824207 142454.6290740967
319695958.1499221325 142389.8489837646
320155322.0556342602 143154.2155303955
292355424.2524418235 51240.1898070909
293280929.5919342637 60653.4010547458
293222978.2016247511 60507.1080693897
299546878.5729786158 89284.8162924309
318145863.5523266196 138976.9137420654
292343523.2722419500 51151.1481346227
293283769.3936038613 60953.6047667323
318283443.3328934312 139135.3789520264
318355725.9574188590 139421.1791229248
307351008.0993264914 112530.5633228309
323945726.3982133865 148510.5652465820
306938461.9908938408 111234.5514385588
329407476.0880336165 152031.6893615723
307144725.0755156279 111910.0768597014
293589623.7011030316 63315.1039545868
320310188.9597798586 143342.7754669189
320059120.4238971472 143041.6307525635
330088891.6847748756 152709.6173400879
293801236.2653269768 64219.6361134334
297615552.4251552224 82627.2272114602
320245142.8320633173 143158.8316802979
317931636.7045989633 138399.4474639893
293838976.6620965600 64222.6571338170
293582571.6792135239 63307.7065480037
318264189.9903395176 139062.8555145264
293862780.7803509831 64599.9679359716
293731470.0439680219 64188.5554659922
317809570.4994944930 138200.1277313232
318731546.9233585596 139868.3806152344
293944474.9903987050 65567.4090298824
318522379.4817457795 139555.0579986572
293924151.0342841744 65549.5030116253
293788153.0434677601 64217.5555348974
293639573.8701562881 63685.6132357676
318793907.3983080983 140099.4566955566
318547674.5849754214 139784.2585601807
318869305.8124551177 140187.9954681396
293328652.0365478992 61409.8822258769
329938735.1990805268 152621.3534851074
318858239.0306324959 140139.0812377930
330124353.2336215377 152714.8843688965
297529858.4428289533 82160.1115019170
329434618.4059408903 152219.7774353027
296803611.6831217408 79634.9541955662
297351427.0570999980 81641.9436478463
323438200.7140381932 147517.8706283569
323470408.1095285416 147707.4299621582
320367379.2904157043 143509.1264495850
320602982.9395023584 143906.7059783936
297484995.4627889395 82123.0574173776
293179147.6047629714 58967.2404662702
293169970.8173432946 58822.4755562875
320097560.8449658155 143042.7688751221
297292191.4254254699 81290.4149313259
320250195.9496811628 143298.5497589111
293214295.7965421081 59256.2311306343
297251749.3348575234 81179.3427648830
329813156.5133103132 152499.6654357910
297230747.7015170455 81104.4728290203
293081657.1626278758 58463.7210885618
320478261.3956398964 143623.0947113037
293065550.9174387455 57780.7034932872
329920562.8407652974 152560.6319274902
292963995.7274401784 56814.3335820933
306442504.3388292193 109354.1250898037
320333742.0238792896 143393.6774902344
306503477.3300598860 109586.5217706356
292986813.3534667492 56830.9479281571
293024596.3177104592 57708.8036519786
292953147.9070898890 56775.3698806067
306199105.0103844404 108116.2086645178
306214984.7709734440 108216.6674409918
305918506.8875173926 107561.1017404634
306150044.0768725276 107996.6583963446
305585861.9504164457 106177.6315236152
296433786.3735754490 76445.2932535780
296356067.5727887750 76213.7886443955
296324953.5833675861 76156.9633890760
296324920.4998624921 75933.6702133936
296451610.1337057352 76491.5137802881
305880054.3868101239 107153.4449291290
296150902.8839977384 74775.2741147128
305245491.7225587368 104796.8431042859
296193690.0617337823 75088.9814053622
305195017.3971508145 104416.3199679253
310256786.2902657986 118589.8311370313
310237735.8947641253 118575.0953451097
305470287.5138267875 105418.6923128960
310072122.4926971197 118176.6686202586
305486878.4461181760 105461.1047116455
310320787.6701145172 118831.4983207285
305387723.1738913655 105216.8630825875
305323036.5787690878 105057.8231112359
310774298.3111506104 119795.7983619273
311074604.4063773751 120491.4272483885
311289319.1258509755 120878.4476436675
329230500.1579595208 151407.2924499512
311163949.6580775976 120523.0088582039
311152146.6515107751 120499.8665180206
310864572.0117473006 120060.3827632964
296072819.5042269826 73910.4583087933
296132592.4202896953 74256.2156460283
295905990.1341451406 73327.1101032269
329075828.0147771835 151252.0795593262
329120122.8504756689 151332.3507385254
295824370.5330351591 72519.2199750764
295805674.2585909367 72515.8972000256
295639919.8183729649 71936.9448362812
295689933.0153223276 72064.6075761281
295754071.2777364850 72141.1662309133
295437114.2877714634 70892.0057751592
328630255.6851158738 150811.3597717285
309689409.5373252630 116278.4997570589
309715498.9045267701 116444.6326668337
309660240.3585562706 116064.6357305124
309730867.1572127938 116575.7083318308
328493518.7167831063 150392.5025634766
328325157.9839277864 149907.8040161133
305014103.9900140166 101350.7463811974
305041545.5634325743 101654.9007391075
304892021.4043454528 101197.4882539848
304101785.9517436028 98857.7770390511
304310229.9978087544 99510.9215569536
304015962.2302018404 98529.1682601015
303984652.5781648755 98346.8808589021
304074035.0311023593 98535.1992294565
303987712.4771182537 98483.5707392732
303864493.4772155285 97867.0212721864
303934708.3796926737 97898.7333677749
303574197.3466069102 96424.4721875356
303411737.3513900042 96318.3481163400
303247863.5326106548 95416.1494134980
302968568.6175855398 94597.1516231614
303032146.6772768497 94817.7176937181
303090293.5496565700 95147.2761348802
303374061.1807047725 95630.1938098985
