107519487.2928915918 5804.1114692688
104547348.0734803826 5615.0003871918
104804900.5456431061 5685.9857063293
105496258.5309752077 5767.5290107727
106403634.3439759314 5791.3665733337
98204811.7867291123 1569.9489874281
102972219.3999414593 5046.6975767969
104828005.8244418651 5708.7600822449
104031940.5991495997 5416.4962995052
101852945.8410970420 4522.9233083938
101558815.8877106160 4380.5394406531
104270602.5102950484 5528.3444042206
101988290.0624890774 4595.9041851673
101746923.7459983975 4486.7113867019
104087906.7489111871 5442.0269126892
104262979.4435386062 5494.0894298553
104828219.7279005200 5710.3931999207
107548100.8033775389 5804.5686683655
103185703.7895292789 5104.4170230387
102031689.1931361109 4613.7507162450
98409467.3523938656 2070.3662492684
98853885.5493257791 2583.9831198056
100072008.5916659236 3477.0786523830
104048500.1206618398 5438.9312944412
104609181.5951271206 5617.3012418747
106814409.4721179307 5799.1362037659
104536184.9933571070 5592.3713951111
102719632.3542414159 4929.6472772120
113911405.0570961237 5806.6167411804
98857257.1130222529 2586.3998956480
98789831.6704449803 2485.6581419010
104104019.2031432837 5444.7416839600
103298210.8534286469 5175.3056507111
104265524.2764995694 5511.8459987640
101847717.7729839534 4504.7223315595
98213511.6197218001 1588.2982228547
104360966.5472766608 5539.5734081268
113663301.7574643493 5806.2298469543
99064016.9391196519 2793.3533199230
101707092.8259835392 4409.3650086282
103219513.1108928472 5104.5600512980
101736434.0256850272 4410.5441527723
102054866.5163476914 4616.8865805028
102511928.4090812653 4845.8787227869
103282841.2411138713 5160.6192687510
101630278.9153004140 4396.4345692156
103112963.2183462530 5087.2220668793
98611680.4743290842 2280.4361745766
104135753.0378225595 5454.6380252838
101894155.9870706350 4541.9002795576
104147653.7191842347 5471.2591843605
104833353.4809699804 5710.4620018005
104275334.4023580104 5534.2070903778
98601921.7308666408 2277.7138494805
106596693.1033128500 5795.5248603821
99161231.5964770019 2831.6228512526
104927516.6304873973 5715.3674201965
98925875.1293682456 2638.9224386769
101798867.4770642966 4502.5765109418
108171143.1220518947 5805.5828056335
100100041.5189903826 3506.6869947027
104821185.0278117210 5699.6495018005
102065077.2156120092 4637.4186385034
98830900.4374659210 2582.4841987987
99956403.5435812473 3441.8716861967
100167131.3484939933 3555.3735106955
101938523.7451694757 4547.1672265215
104718860.5574287921 5674.8986320496
99858132.8472728282 3356.1006781114
103271724.5243138820 5154.3688033579
104375120.9848589152 5542.6075630188
98455504.0585564524 2170.9760305337
104008286.5100190192 5412.5270218849
98232334.4181064069 1746.2339584418
100136284.7017529309 3545.7496845488
102009216.9101199359 4610.2120283006
104929406.1902294457 5718.5272865295
113700873.4050112069 5806.4941215515
98979196.8085137606 2701.4788988531
99620506.0432160050 3215.9342869324
100116822.2523994148 3541.0930391561
100146590.7871134281 3549.0092361037
99673045.7484231740 3242.5563287798
104425832.5324993581 5573.3693256378
105531053.7258080989 5770.7528953552
98498990.0473549962 2178.0033281608
98372854.1721946597 2068.5438253335
98922701.8658754081 2615.4976906080
107852186.7683515549 5804.8444404602
102947638.7786603719 5031.0689166544
99032788.9620879740 2744.8042250234
102164057.0680943578 4660.9153988718
106699369.1106486619 5797.9599494934
105558852.4696445018 5771.6474723816
106685544.8693657219 5797.8115806580
105059921.2038614899 5741.9210777283
108106207.2608950734 5805.4167060852
108136121.4762187898 5805.5061683655
98287521.7975120842 1872.4252452292
102875446.9598550051 4999.1982767938
106312751.9255374968 5787.2609291077
98633276.4625605196 2283.7164906511
99693501.8665257394 3245.5182253133
99035617.3275930882 2751.8858257830
99912740.0108153373 3424.3578001272
102099169.4675716609 4646.8036225198
102108487.0304035693 4658.1591112970
102855854.5192730278 4996.4630625604
98804157.9105005413 2522.6544746657
100019055.7618943304 3473.9193960439
102687327.2002527863 4920.2767246962
102783835.8381145447 4972.8145722747
99451974.7399023473 3031.6645616798
99979394.1416763067 3445.9613849882
98572121.9604351968 2273.7297660597
98169326.1495198905 1478.8380788118
98466782.0474314988 2174.1959387274
107946847.4279105961 5805.0369377136
100309961.5906494260 3567.5238097677
102440994.0537245423 4798.2003929375
103158954.1859228462 5098.8279956339
102746750.9058235437 4943.7218346952
102395048.2180653363 4772.8983538507
98517281.2703741044 2221.0609123321
105301351.1465582103 5764.1858787537
105384771.8131158799 5767.5016288757
107487832.1904597580 5803.6934776306
102304751.0288017839 4737.6554072259
102170055.3700802773 4675.4232085107
98212963.7850793302 1575.4756696969
99967747.9797187746 3445.1585465877
102228091.2602413744 4697.9214280008
105229258.8509002626 5762.1594810486
112107911.3578371108 5806.0409278870
102317095.3916275054 4764.7275622247
102561301.3080812246 4865.9948456644
99937268.2870464623 3439.1523119222
105329701.5390310138 5764.9137229919
102518946.1573180705 4863.3246186136
98279890.9101350605 1863.8238347513
102747273.7929487377 4961.9432032465
98477803.7056428939 2175.0730546663
106136004.2562824488 5784.5619010925
98262749.5999768525 1852.1056604274
106470613.2685591280 5791.4696846008
103006904.4179715067 5067.1325458048
98160783.4577491283 1381.1533743143
102265517.3770822138 4722.2175761817
104312049.4061429799 5536.5243968964
105972843.6614472866 5778.6475486755
99290548.8878297955 2955.5516602099
98207684.9435123503 1573.6135829240
104627475.0394056886 5630.9618644714
104652269.8550188690 5635.2528419495
104687032.0878596455 5665.8335914612
99856889.2143166959 3351.6252809774
106189465.5304085016 5786.2074775696
108110116.7306967378 5805.4470481873
111940017.0531395674 5805.8844566345
108105826.0489428937 5805.3981590271
106570949.1719592512 5794.6850624084
102263467.5941550583 4712.0219416767
103165780.8013646156 5104.3386233805
102212933.7915908843 4696.0120629519
111348215.5327315927 5805.6417121887
102586522.4676016122 4873.9738947509
105244930.6356310099 5762.1688346863
102933526.4455473274 5016.3580420969
99208105.8779966682 2840.1310039759
106494061.1647339761 5793.0768318176
104816051.2559148818 5693.3132667542
98566762.4496288449 2270.6879052619
99242522.3708161265 2925.0313066989
99766767.6479234099 3335.0217882406
99369484.2476459891 3023.8574177325
99305206.0179020613 2965.1707908709
102446404.3997759968 4814.7625003606
107821891.4332636893 5804.6634788513
99096464.7569933832 2804.1167316640
105283552.7823970169 5763.1471290588
102237717.7469788939 4711.8014864475
106530506.8612146676 5793.2133979797
99116196.8696612269 2806.4393798411
103091076.2566062659 5081.2202854156
107232116.2953506708 5801.8949699402
107160518.9229455590 5801.5377235413
99004334.5266542137 2735.1113329281
104701984.4927407652 5667.5385551453
107366333.2791427672 5802.2928123474
104681143.4028837234 5665.7902793884
107255544.3609382212 5801.9424324036
100005340.6639154702 3456.7418816755
99220357.4742251635 2914.1981312335
98178858.8039101213 1482.7201759964
99720721.4363785833 3264.9178712826
98770219.7744774967 2483.1769931812
106388508.7963469326 5790.7159461975
98563409.5406272113 2251.9320077399
98454437.2576810122 2161.2277612189
102647550.7580692917 4889.7814391612
107397513.4857426882 5802.7501029968
98318364.1830143631 1961.3663949855
98269480.2771748304 1854.3091821559
102805353.2786410600 4978.0223029612
103617463.9107694626 5242.6212825775
107186377.6433441639 5801.6107902527
98170062.9401037544 1480.5984708518
99208932.5076350123 2852.9166386028
98312875.3648472428 1958.6355013140
99461038.6188670397 3046.2372255720
102666409.1399161667 4897.9161268473
98173204.6571823955 1482.0279076248
98747132.1558345556 2473.7628564984
105901793.9457976222 5777.2539863586
98757288.9306453317 2483.1239685316
98313089.2683059126 1959.3778864630
98418658.7752304822 2074.1130818080
98970477.7057344764 2698.0761667788
99756726.0815159827 3269.7313867813
98942527.8512137979 2686.6429283519
98244595.7670729607 1763.1541350223
98964087.5122181028 2696.9202953577
98370662.9862596989 2011.5105498433
99545339.4683014899 3145.0616732038
99757025.2042099684 3274.4931514865
105854918.5330106318 5775.7851829529
99522399.4657431096 3139.8078737654
103703515.4670427293 5275.6948795319
99627306.9451933950 3217.6795852786
103801156.1473250240 5321.6542758942
98302841.8523512483 1882.0382745154
99494583.2783667147 3097.1817598738
103956728.7335843146 5339.5278568268
98352209.3952424079 1978.8813413878
103658958.5636411160 5258.2191352844
103822311.5044388026 5321.7517032623
106033877.7940319777 5779.8254432678
99497720.0700172782 3097.5615991801
103730174.5994126201 5309.6921253204
103486453.4301864356 5226.4728775024
103464073.6052015573 5208.6073458195
103690597.8761035651 5261.8000526428
103469192.0820808560 5222.2905082703
99469758.6387198865 3097.1704073347
98180260.2196129858 1565.8992695250
99505309.4802020788 3108.9702118296
99329952.4019992203 2987.9903246611
105856438.9483693540 5776.5093193054
99272181.2691417933 2927.0168162403
103689302.5261978358 5260.0908393860
106075168.5138544738 5781.9314613342
99123587.6269466877 2825.3079310469
99175259.7532309145 2834.8411528191
105961026.8646545112 5778.3330039978
105800232.3327486813 5775.3665199280
98219763.4560645074 1675.3594135679
100529075.4950559288 3630.7355065033
100488436.2258022428 3569.8249543059
98420453.8755541295 2080.8865763433
100683213.7593722045 3631.6407125044
100508226.7397801429 3596.6664651282
98325852.7196860760 1971.4264323004
98289396.0585395694 1880.4240731634
98874057.4902929664 2604.0705058873
98260172.7071422338 1770.9639291205
98897092.0183480680 2612.0707374662
107349141.9679893255 5802.2401008606
101522207.0059634149 4170.7226969325
101446249.1307938397 4101.2213713252
101450770.1090940237 4105.4659563624
101396199.7028610408 4083.7354532802
101303785.6041531563 4076.7956873500
101021225.2180057019 3871.5912753507
101123084.3349742740 3960.0601536932
101140206.6691913158 3967.7625540367
101187746.9225638658 3972.6285025696
101007165.0557553619 3864.1342936917
98727571.1885733455 2370.9397341534
101235712.3761727363 3977.5792399808
101087838.3968812674 3947.4502943290
101298307.2306907326 4056.9104383719
101056460.4831266254 3907.9279325736
101238018.9018505365 3985.8937586081
101116251.4833552390 3958.2615447263
98741690.2454776466 2377.5815458372
100752122.4899686426 3717.2365056501
98713354.6824065149 2303.4556029141
100967569.1319620609 3847.9507864938
100986483.6593850106 3854.4348155882
100928863.8651320189 3840.9132904523
98695436.8803948015 2286.0021727537
100855616.1472403258 3751.1471117959
100932348.0666966587 3843.8276404367
101489304.5472449511 4123.4965108802
101518785.4849966764 4124.5438461858
101256482.8383976370 4014.0363668372
100729801.3480842113 3632.7140943539
100779392.4678142816 3717.8953020108
100831980.0311836749 3723.9042731128
100751387.4064609557 3637.1454036404
