500380632.1963511705 7427716.8183593750
501591795.6390868425 7834265.6855468750
501704543.9436569214 7844338.9921875000
501989842.0742726326 7877776.4121093750
501978476.4169977307 7876772.5214843750
501811166.9107381701 7870207.5019531250
504597572.9988178611 8563725.5937500000
510011442.8007015586 9353771.6328125000
510109024.9277406335 9366307.5917968750
510065542.4552594423 9361808.8671875000
510170212.0652974844 9381916.7714843750
510317396.0599223971 9388826.3457031250
510275881.0612674952 9385383.4707031250
510430918.9658672810 9400381.7792968750
513876325.9822832346 9749259.1699218750
514088515.3304525018 9758718.1933593750
514156065.6972626448 9765382.7304687500
519258521.9806008935 10138148.9589843750
519530907.9500190616 10157198.4179687500
519412266.7756115794 10153299.5371093750
519414348.0087047219 10153813.1855468750
521374834.1040944457 10264882.9277343750
521375640.4960028529 10265618.8535156250
521571530.0309870839 10278439.2128906250
521418446.2491659522 10270066.5644531250
521313365.4564251900 10264878.1035156250
521400201.8186671734 10267258.1738281250
535426485.1581832767 10879548.0000000000
500442542.6019770503 7447516.2871093750
503617527.4230752587 8402312.8378906250
510330710.8528172970 9397675.7226562500
510465978.7246679664 9408974.2109375000
519436834.2041413188 10153998.8574218750
519208594.8728851676 10137084.6464843750
521389328.4709312916 10266277.7246093750
500358952.9294919372 7420635.8945312500
500355274.5806822181 7419426.4980468750
503709262.0042867064 8420266.1113281250
503586659.6670340896 8400732.4843750000
503862992.6036781669 8449487.5722656250
504506744.3510755301 8551247.2011718750
510197069.9571182728 9383937.0683593750
510141812.5569914579 9376175.5957031250
510434637.1978612542 9406948.2441406250
520885224.2298579812 10236055.0937500000
533932186.6405261159 10829908.6621093750
533704557.5066486001 10822950.7597656250
538101632.9465942383 10966923.9843750000
538518431.6385341883 10981305.9140625000
538580209.9727526903 10984494.5859375000
538452563.7524843216 10977829.9609375000
500420199.0841397047 7441065.0136718750
538682311.1689015627 10984724.8554687500
500372523.7674297690 7427344.7460937500
500400175.5970220566 7437426.4375000000
538504721.6573292017 10978943.0468750000
538340271.0867409706 10976840.3398437500
545347690.4906791449 11116213.3125000000
500937605.9387768507 7591187.7460937500
505066165.3850321770 8605782.7031250000
504799346.5887508988 8598997.1269531250
504716537.4120558500 8582393.6308593750
513847004.2710550427 9746230.1152343750
519062827.9593086839 10125870.9511718750
521038934.0514988303 10248126.8066406250
520961732.6256052256 10241937.2070312500
554580261.8517870903 11205552.0429687500
500335369.5148623586 7329849.0195312500
504001325.4710810184 8455311.6171875000
503882073.4278542995 8452611.1523437500
520916307.1577722430 10241680.5546875000
503756029.3319971561 8432815.7421875000
510626956.4081507921 9410928.7207031250
514397623.3157694936 9788606.9257812500
519156864.1162992716 10133509.1933593750
520706593.2965641022 10227318.6875000000
520827448.6933775544 10233755.6132812500
527145091.2737502456 10530883.9101562500
534191811.8558769226 10843500.7128906250
534726864.2137364745 10858071.4570312500
534647838.5257019997 10857822.1484375000
534784615.1067754626 10865096.0625000000
545050203.1987204552 11108973.9335937500
500452357.6471953392 7456978.7832031250
500746408.0915170908 7562953.8964843750
500720394.0307156444 7557195.7578125000
504415516.7986574769 8541124.4277343750
514475152.6586641073 9801400.9140625000
526733604.3486859798 10506173.7109375000
534897674.1933164597 10868568.4179687500
534739209.9031296968 10860069.0976562500
504644180.6768251657 8577579.4707031250
504455711.9666864872 8547909.4023437500
545514584.4809058905 11117303.0429687500
500762095.0317699313 7569553.9531250000
503556781.3500929475 8393238.8828125000
504323577.6961557269 8522996.7187500000
526790626.9310077429 10514107.8945312500
535221725.8740189075 10876325.3164062500
535050322.2700117826 10873817.3867187500
563245957.2626658678 11241306.5742187500
500713276.8972910643 7554678.8867187500
517186637.7535303831 9996044.0410156250
535672998.7189091444 10888020.8437500000
526866667.8114175200 10514783.4179687500
526887636.2593472004 10515020.8789062500
503702388.7995042205 8416670.0625000000
514417118.6496202350 9799042.9687500000
514337193.5551958680 9787758.0253906250
514158625.8277972341 9766953.8828125000
527286381.6395894289 10536255.0000000000
545294658.8864297867 11114983.3593750000
545107997.7351897955 11109011.4062500000
513883078.2738203406 9750132.0136718750
513918333.0183767676 9752351.3085937500
514264416.8140103221 9780190.0566406250
519922963.1724572778 10176309.9824218750
526901657.5858740211 10517356.8203125000
563177899.7498801947 11240685.4335937500
520051599.7331040502 10187479.9121093750
519642827.0395871401 10166137.5019531250
519937237.2202283144 10183056.4531250000
520163430.9589848518 10196399.4316406250
527105338.7733305693 10527197.3789062500
527060101.7911361456 10525502.2773437500
535751522.3110760450 10892905.0351562500
535951571.9010891318 10899901.6054687500
519333348.0719977617 10146582.9414062500
554884376.8844310045 11206374.0078125000
504374158.8047497272 8528601.2343750000
500808854.9354143143 7571910.0449218750
517293333.0399178267 10006057.0937500000
503506499.4397092462 8381207.4648437500
503491060.2800648808 8377231.2304687500
517363528.9417531490 10006085.7421875000
545189027.4089733362 11112203.7578125000
509751023.2676836252 9313002.9199218750
509612767.9613865018 9291865.4140625000
526471302.0801616311 10495421.9902343750
526614514.1131295562 10504384.7128906250
500671422.4360832572 7531740.7910156250
509667302.3346097469 9305184.3847656250
537815969.9882065058 10954759.5507812500
504412456.8551844954 8535341.9316406250
554963042.6702734232 11207717.3867187500
554672356.0378329754 11205608.1367187500
504362663.6096804142 8527833.1992187500
542697051.8464463949 11055349.8203125000
563326996.8876874447 11241582.2617187500
504030487.7604141235 8468474.0371093750
504197897.2455254197 8495562.8632812500
504253019.6854084730 8502988.9257812500
537727608.2099287510 10954476.5898437500
536763281.6942079067 10916595.1367187500
536880788.8634353876 10924185.5390625000
536440898.4780178666 10915869.6250000000
536348475.0579225421 10911574.5820312500
513954355.1508209705 9753852.3574218750
501491382.9638625383 7802884.5058593750
501462429.1411514282 7793733.6562500000
546792123.8720737696 11132370.2773437500
546486946.0939259529 11129175.2773437500
535789048.8475124240 10894011.2812500000
546735424.4587100744 11130584.4296875000
546513468.1547372341 11129372.4296875000
546324454.9629073143 11126547.7265625000
546242675.6523506641 11125492.4414062500
546045436.0595817566 11122884.3867187500
545955312.8770068884 11121748.9296875000
518696475.5354020000 10081279.7187500000
505913650.3019694686 8741218.7480468750
518541755.9666130543 10068891.8964843750
516497272.4045767784 9938898.4335937500
501408104.1109420061 7767059.2539062500
505842621.7198255062 8723523.8945312500
500863133.8041315079 7590730.0390625000
516514628.0049498081 9945664.1718750000
518626263.8550158143 10080691.1972656250
518260401.2493760586 10049967.6035156250
524241873.9292332530 10372008.3222656250
510730266.8422056437 9420166.3437500000
510665992.6986203790 9413442.6523437500
524117625.3446405530 10363803.3222656250
524450516.8079707623 10382911.0527343750
510751601.7734108567 9427756.8945312500
524242181.3893519640 10374720.3183593750
500960243.9376748204 7616699.0175781250
541463356.5728579760 11033153.0585937500
517806582.7961735129 10018299.1269531250
517643855.6237461567 10013915.2949218750
541894182.1191185713 11040428.8671875000
553904659.8979403973 11192903.6328125000
553790311.0203306675 11189937.2460937500
553773720.8927800655 11189121.7148437500
501023210.3422542214 7636521.0371093750
515533045.9544559717 9862269.8085937500
515312511.5000940561 9842129.2031250000
515353402.2334702611 9846271.1718750000
553455642.9148173332 11183353.8203125000
501162612.5205858946 7669981.4277343750
501067697.4512327313 7647702.5058593750
524518697.1310251355 10386151.1796875000
536775882.1468613744 10918133.4960937500
513096971.5980314016 9645939.0000000000
513192368.2815982699 9654902.2285156250
513335631.1519921422 9666895.8964843750
513103475.4457746148 9648136.2207031250
513043444.8528535366 9635408.0644531250
513161788.0811697245 9648787.1582031250
513054997.0605044365 9638972.7441406250
502957075.9599636793 8194440.5566406250
503251826.8655425310 8270806.3847656250
512041349.9019866586 9538296.6835937500
511797781.9638482332 9517914.8164062500
511966344.7318021655 9525840.3183593750
512050519.4948933721 9539973.5722656250
506603466.9826617837 8803238.5058593750
512103036.0149264932 9542770.3808593750
512018970.6234276295 9534488.7968750000
501255270.0825120807 7703719.3457031250
501291164.5571572781 7714754.2890625000
512163861.8020546436 9553223.8281250000
501324403.4980025291 7718029.5117187500
503286470.0599947572 8280621.7363281250
541446890.5243734121 11029813.7656250000
543699607.8386358023 11073021.4804687500
506368617.2984585762 8791733.8867187500
553358036.9441801310 11182874.0078125000
543477591.1194657087 11065860.0234375000
503205607.6720358729 8253297.3945312500
543356655.5534914732 11065509.2539062500
543483406.4158316851 11068055.0507812500
501399042.2670974135 7744558.3984375000
506318539.0413503051 8787850.2128906250
543211907.6579594612 11062672.9570312500
553655464.7980748415 11185096.7109375000
542906481.0804437399 11055609.8320312500
506206289.5845413208 8772917.8535156250
503022344.7399938107 8220004.3886718750
506394398.6666290164 8798857.6972656250
506250695.8576349616 8779425.5117187500
553095135.6461287737 11178848.6289062500
503092064.1518987417 8232205.1640625000
502646620.0051171780 8097414.5234375000
502545388.4000167251 8081166.7480468750
541064210.1393752098 11015657.7578125000
541011914.8982367516 11011005.2070312500
550211652.1899051666 11151274.2617187500
525437175.4470663667 10422332.0976562500
502522314.1970344782 8074859.1250000000
502978938.1977990270 8207891.4062500000
502475826.2791811824 8072275.4531250000
502878334.5398531556 8181723.7441406250
525582110.5349802375 10426918.5214843750
525599162.2809136510 10429425.3574218750
525161899.3733598590 10405623.3925781250
525206548.8933145404 10408928.6972656250
525384759.0396056771 10420135.1660156250
551540314.5138372183 11161166.2109375000
551892870.4088751078 11164611.4570312500
525474159.9284436107 10422862.7402343750
540764439.6361175776 10999301.4023437500
541008254.7720811367 11010028.8164062500
541009785.4632786512 11010035.2382812500
551313322.9550844431 11158294.0429687500
551584401.4390361309 11161542.9531250000
551348294.7098935843 11158583.2578125000
551386578.2032310963 11160895.8281250000
551085645.9052321911 11158160.1210937500
562311778.3683524132 11216021.6875000000
562358898.9770723581 11217667.1757812500
562334307.5776885748 11216632.2734375000
502430449.3834379911 8030177.9042968750
502731124.1738578081 8111431.5488281250
502706939.6578911543 8106508.0839843750
505579792.9793964028 8628616.7675781250
562418489.1439952850 11219488.5156250000
502318365.5466482639 7911149.9140625000
502245889.5438603163 7889056.6484375000
502230085.0398068428 7885799.7773437500
502314917.2932126522 7901971.7343750000
505538642.1328958869 8612320.9746093750
505535154.7508072853 8606729.2382812500
508897174.2060841322 9066818.4160156250
509173673.2357789874 9092702.0000000000
508944818.6057107449 9074680.4550781250
509242665.8423104882 9101548.2285156250
508880472.2155717611 9066785.9394531250
508942585.4833077192 9074666.5175781250
508875709.2401868701 9065236.8300781250
508292715.7946457863 8944897.3261718750
508331963.7263953090 8946578.1972656250
508355822.0727077127 8950851.9726562500
508230245.4454815388 8943905.2519531250
531285486.8662016988 10552043.5351562500
531202925.0236372352 10551103.6425781250
508134613.5368986130 8921678.2500000000
508191734.0982916951 8928169.6953125000
507967417.7404284477 8897466.6132812500
507312563.8208211660 8806827.0039062500
