84667699.5519422144 52.3638058846
84852175.1591733545 64.5816484588
84874006.6497624665 64.8695456090
86067203.8271279186 113.6594034657
84961656.3895961791 64.9629650971
87289079.2428827584 139.4681099653
84831885.8270113021 62.1547263685
85131599.9510681182 65.1594434205
86554960.0255407691 126.3745703194
86540255.1450795680 126.3620198350
87226767.1457899660 138.8413828611
84616469.5887290984 45.7303163282
85355416.8853467256 86.4492814122
84699487.2720345408 55.0837491808
84740318.0407011062 58.1810865040
87276104.8156414032 138.8535555601
86095480.1705718488 114.1488049831
86578537.2576113492 129.0934368651
87211755.7608136982 138.8149901628
84787962.4056953937 61.7684819299
87099321.3999527544 138.3524798155
87093028.7638303339 138.3125351667
84649423.9020769745 51.6290813794
84724799.2821474224 57.2399957976
87007743.8458566070 137.5573383570
85505934.5928571373 92.4018589074
86799741.5749436766 134.2606933415
86565679.5742773116 126.7589893416
87014296.8479995281 137.8613933325
87082733.6116874218 138.0117305517
85924033.6044056416 109.2270221915
84728160.6679267734 58.1272792044
86110857.9888226837 115.8315115198
86908985.5793541074 135.8453348875
87196229.5195413977 138.8036216497
87288966.0293925852 139.1573137045
86187850.2546105683 116.9191514284
87180223.1649167687 138.6360346079
86022160.7828381956 111.4347003605
86795481.2180047631 134.1971388161
86636746.5443648547 129.1753409952
84706293.4292420596 55.2971381163
86035000.2258406430 113.5247348770
85376936.5485840440 86.8989601312
86898143.6035060883 135.1660137475
87070217.9616097808 137.8918522596
86912587.7576436251 135.8509577513
84670524.7028984576 54.7031255598
84662744.0644677430 51.6551222225
84617463.3679211885 46.1882296322
84784778.6370483488 58.3233811422
87186486.2605234534 138.8029760122
84848261.7822881788 64.0258147088
86956596.1608463973 136.5544520617
84635337.4873412400 49.4042248057
86677542.4105821103 130.0436393917
87097599.9076623470 138.3157855272
84636370.3952744752 51.6057882366
85892642.1121775508 107.8786122333
85362437.9601705968 86.4983639894
85952497.2350864708 110.9264708962
85488374.4202264547 92.2898226050
86960592.5406527221 137.0234402418
86992843.3566726148 137.3926938772
85917090.7785269916 108.4478401151
86828131.7431946248 135.1308973134
85972626.1500408053 111.3885020223
86760930.1745953709 132.4822763503
86875799.9219082147 135.1498408616
86640362.1757440716 130.0091741383
86638422.6643007994 129.2501339018
85489270.4542629421 92.3469181556
85836510.5544034094 105.6527525987
86680409.3641728461 131.3048517108
85857276.1809746623 106.0600805786
85892857.0174381733 108.3668572214
86691100.2496787310 132.1619469225
85327607.3101145029 83.5519347070
85778027.1370531172 102.8540706467
86750979.5598904490 132.2585410178
86920175.6807638705 136.4668217897
86968076.4444977939 137.1063085794
86993796.2776941657 137.4046617746
86795473.6814874411 133.9252518117
86951842.9198769927 136.5235940218
84690264.4499822706 54.7334177530
86682585.4201499671 131.6919068173
85415475.9241221249 89.4786803792
84769082.4835477322 58.2494935048
86766052.9995123446 132.9674269259
86735305.3714622706 132.1805878580
86770569.2245305330 133.8226659596
86800217.6720598936 134.6788232625
86796221.2922535688 134.2098350823
85805805.8452215344 105.1608472895
85750516.3657336831 102.2828779053
85477650.1760083884 92.2828406272
85783405.0744850934 103.0113355592
85342865.2868983448 86.1655594511
85801779.7785286903 104.8531168532
85789826.9087738544 104.3828707766
86392643.9315631837 120.0842928712
86236931.2632145286 117.5371301442
86238379.5674248040 117.6762821942
85442031.8841443062 89.7271917341
86362821.9528968930 119.7603888635
85430306.9580541402 89.5890846270
86305293.4537659585 118.1465282708
85769880.3001345396 102.6315895151
85649870.6779013723 98.0827244509
86236864.8173399568 116.9224349528
86285683.5273305923 117.9291852980
85428067.1831521243 89.5118638833
85663804.9808446318 98.9161863695
86534503.8169729114 124.6707586125
85719543.7312722206 101.1598109077
85660383.0491324365 98.3527086413
85343929.0665657520 86.4387730565
85325522.9073560238 83.3819822231
85324410.5890936404 83.3799392320
86413743.6800624281 120.7001435957
85634311.5833040923 98.0449782050
85674579.5285702646 99.4085296462
85585976.0374091268 96.2936969436
85486142.4405971766 92.2857870900
85332458.8940415084 83.8022514464
86373328.4850903898 119.9904148779
85466880.3700807691 90.5956368941
85298164.8197479397 82.9901920864
85339593.5730568171 86.0952588776
85403208.1622351408 89.2057367740
85559653.7162657827 95.2756047881
86406815.3339366317 120.4457331945
86510347.0242696702 124.0237416029
86448806.3784642965 122.6887794808
85566328.0596503764 95.2756051689
86425715.5960318148 121.6542841047
85475795.9992121309 92.1984999286
86519600.7867770046 124.6530789211
85521461.2245653421 92.4988033594
85391514.1572546214 86.9223906886
85529611.4680619091 93.1395619604
86437195.7625986040 122.2599869589
85447147.9757399708 90.0169424872
85522412.1213239580 92.6253982425
85528258.7873973697 92.9748013747
85395226.7657739669 87.0096811187
86399150.2247312218 120.2624963890
85462758.0485172421 90.3799417179
86497829.7950099409 122.7062257840
86290125.7890951484 117.9896965295
86369576.1211845428 119.9539959698
86320662.5726424605 119.6405816346
85278429.2551079392 72.5511192664
85286343.7685847729 72.6579294532
85203735.1793235391 69.4740154132
85273794.5807595700 72.4551777660
85249672.6848927587 69.8218844866
85175929.2934372872 66.7243706702
85197759.9753423184 66.8583153676
86316248.6124660373 118.9705806046
86311656.9317746311 118.5210490099
86305906.9871687740 118.3249225218
86369382.2346431017 119.8451672916
