392966544.3469755054 3648177.5361328125
393455946.0771122575 3656735.7119140625
380941715.1787537932 3343149.1123046875
389681815.5677915215 3592855.7392578125
392928849.6583496928 3647443.9794921875
392834762.5002324581 3646291.6220703125
409835648.2181687355 3701509.0722656250
371797562.8783820868 2751163.5805664062
366499586.0468346477 1957168.7912597656
366540292.6012452245 1978915.0205078125
366568090.7444904447 1981063.9140625000
366854102.7699144483 2047479.2861328125
372261814.1972835064 2790496.1997070312
373257372.4160228372 2868390.8886718750
380770465.2105536461 3338381.9609375000
386009004.0967357159 3516148.8730468750
389688683.6713117361 3593451.5048828125
392851792.7687002420 3647390.1201171875
392744305.4127600789 3645579.3837890625
366865546.9707173109 2053762.6220703125
369484665.1908528209 2447314.6455078125
386120828.1919628978 3516244.0146484375
386184325.4707736373 3517389.6074218750
389185832.0541694760 3582080.9062500000
392809078.5146570206 3646064.8408203125
392644894.0628280640 3644643.7148437500
393085126.3460628390 3652059.9873046875
393721297.7108535171 3658205.1201171875
371812347.5918146372 2755147.2797851562
386207602.5288497806 3518057.7236328125
386212888.5906810760 3519206.2099609375
389781899.2417857051 3593992.7119140625
398913351.8772190213 3694938.3447265625
398511999.0884503126 3693943.5029296875
398445855.2922291160 3693046.8193359375
399543892.7150868773 3695893.1210937500
371901565.6451090574 2765073.7978515625
371823666.6965042949 2757811.2788085938
380260391.5418761373 3317989.0625000000
389260345.3729062676 3585218.7099609375
389577340.1772471666 3592597.7304687500
389841576.7367774844 3596420.2402343750
395793543.2022977471 3677336.2851562500
400305946.4207198024 3696717.8486328125
385566334.0906311274 3500735.3173828125
385754638.4692274928 3510618.9824218750
371737057.2849535346 2748451.9028320312
389517244.2384883761 3592184.2695312500
389219037.2758437991 3585001.4355468750
372024043.1978533864 2777498.4116210938
373248771.8638558984 2866236.7509765625
385422137.6810572147 3500366.7958984375
389800173.5686012506 3594076.2968750000
389436179.9780120850 3590225.6093750000
400150803.4479197264 3696695.1298828125
409349760.1252290010 3701168.4511718750
369627969.9804933071 2464231.1591796875
380196955.9605276585 3315079.5214843750
389299789.6909682155 3588834.2441406250
393902794.0018258691 3660768.2060546875
394201714.1055351496 3663664.8154296875
400495520.9949804544 3696852.3974609375
384693718.2591551542 3475257.8837890625
393888928.4098914266 3659758.7333984375
369683876.9762274623 2470338.8979492188
379986825.7956431508 3307247.1376953125
384701918.1957652569 3476597.2207031250
385356054.0111499429 3495766.1904296875
366586256.9077848196 1987077.2089843750
366617539.7932770252 2001655.2490234375
393756957.0006667376 3659629.4072265625
385381533.7703631520 3498945.8564453125
366659610.5018634200 2004635.4316406250
366892151.1014072895 2055051.0454101562
366756193.2515145540 2030688.7822265625
370340234.7489923835 2513830.6694335938
396011353.7564481497 3679764.6582031250
370035675.4839235544 2509625.8715820312
366815207.8356887102 2038781.9375000000
369782298.2467767596 2496252.5107421875
371975121.8268546462 2768861.5258789062
373007757.9381716251 2854256.3193359375
380170922.1970962882 3314962.9238281250
400164254.5143313408 3696698.9560546875
366770725.2569009662 2036443.7363281250
366671825.5228510499 2017901.7500000000
371980203.3976380825 2768933.4453125000
373172400.0199885368 2862949.0449218750
380247503.0926700830 3317822.7626953125
380427921.6160437465 3327372.2792968750
414880701.9495934248 3701772.1972656250
371937908.4540843964 2768235.2592773438
379736212.2800017595 3297496.3857421875
380576914.9842368364 3330564.0009765625
380211370.1061142087 3317338.3271484375
384859927.3611211777 3481234.9726562500
397140239.4319681525 3685423.6308593750
380275684.3054599166 3321617.3251953125
393426171.4194459915 3655865.9892578125
395646588.9530376196 3673318.2226562500
399187512.6668793559 3695528.2636718750
399878950.9652177095 3696061.8095703125
410182709.9521313906 3701716.1621093750
396565409.9171065092 3684086.2421875000
393636723.5427241325 3657876.3476562500
396137970.5994777083 3680899.1347656250
396274635.3621872067 3682227.1875000000
380265969.0986085534 3318844.6689453125
384676064.8599198461 3473702.6259765625
409885126.6003580093 3701640.1289062500
372350550.1322832704 2803670.0966796875
379580676.8283210993 3290436.2363281250
379609679.7133973837 3293108.6318359375
384783000.1495621204 3480743.6835937500
399942807.0958656073 3696218.5029296875
372625095.2840123773 2819119.7968750000
372943739.9534088969 2848580.3183593750
369488573.2851432562 2447708.3271484375
380064774.2179692984 3309132.9345703125
384900156.6948516369 3482943.4003906250
396516164.5969086885 3683237.8222656250
401379775.5396875739 3697069.5664062500
372342695.0274827480 2802058.9897460938
380031771.0178478360 3308997.5654296875
379951673.4696575403 3307139.3623046875
414301423.2334159613 3701735.4394531250
366607704.3259162307 1994869.5952148438
372536302.6714311838 2818451.3906250000
372371378.9603121281 2804270.8671875000
393271310.4795562625 3653419.8251953125
396339056.0864592195 3682804.2226562500
366586520.0057604313 1991175.5043945312
379900728.9494707584 3303823.7109375000
369777860.5183970928 2488013.7871093750
398348643.3405610919 3692941.2333984375
388241560.9436067343 3562654.6718750000
392847514.0029509068 3646906.8056640625
400095855.0483506918 3696324.8876953125
367253059.3660520911 2092098.8657226562
367464413.8203037381 2114921.2924804688
375367743.4965689182 3008147.6982421875
375546543.4297353029 3019558.9580078125
367490889.0779880881 2118509.0249023438
369530957.8004897833 2456358.5400390625
372516595.9887816906 2816866.1601562500
372554462.9172471762 2818637.0576171875
383355950.7672603726 3419640.6396484375
398697313.5778146386 3694176.9638671875
398510313.3143349886 3693737.1279296875
402459540.9069774747 3697802.3730468750
367390971.5820686817 2114712.6743164062
369492524.2483205199 2453934.4062500000
369708185.6035954952 2480655.9995117188
372314768.4444146156 2801183.7963867188
367797482.6230552793 2118573.5473632812
369781905.9202351570 2494318.3554687500
375676481.0947065949 3026187.4809570312
388512932.5032571554 3571107.5058593750
393311527.8310912848 3654556.8955078125
375417107.7481614947 3013221.8310546875
372890827.0080722570 2845678.1186523438
367288821.3725505471 2099641.1572265625
372644791.6395652294 2821650.7231445312
375586865.6265432239 3020129.2314453125
372835667.5489301682 2839273.6069335938
372672098.3303855062 2828379.7631835938
373819498.4015721679 2894061.7519531250
381674510.3380014300 3365452.5146484375
398215272.5835783482 3691938.6103515625
373670207.4364066124 2889642.3896484375
381764061.6339969039 3370438.5712890625
373597248.1966978908 2888879.8295898438
381674994.8822960258 3367326.3701171875
381631384.7742730975 3362705.9843750000
373683063.3874108791 2890529.2666015625
388320925.0150313973 3564387.2646484375
383213804.5522862077 3419353.4638671875
383393284.2200617194 3419674.0009765625
381396304.2556895018 3350124.6220703125
381246204.8934419155 3349113.6220703125
410316116.0274934769 3701728.1777343750
381869053.3088240623 3371026.3642578125
410147412.6891661882 3701712.7949218750
369750013.7155174613 2485349.9731445312
375344009.2362273932 3003554.7568359375
367200239.2795075774 2082307.5302734375
367175912.0955423713 2073531.1210937500
402308001.8896761537 3697508.7421875000
382918588.9511869550 3413732.6269531250
397942897.7105569243 3690359.7958984375
381900009.5213835835 3375600.2851562500
392616099.5349829197 3642107.3105468750
398090916.8492328525 3691395.2001953125
382243648.8627457619 3389390.6826171875
382373816.5983880758 3395478.4580078125
382102096.0879409909 3382200.6308593750
382265570.3864744902 3390231.7558593750
382116177.0139271021 3385746.4257812500
381969288.0208602548 3379544.2695312500
401730979.7407829762 3697207.1425781250
401768544.7010088563 3697472.6640625000
379187326.0358895063 3239991.8964843750
392424340.6275064945 3635322.1777343750
401387163.9439615607 3697197.6171875000
401405134.6690887809 3697200.1738281250
375264564.9127792120 2995545.5585937500
375031809.8228545785 2982631.9189453125
384283883.0078986287 3453061.2929687500
374879558.0968512893 2971919.4711914062
375014943.3865162134 2972516.4160156250
374866953.1213170886 2965248.0917968750
384198686.1389828324 3451847.6220703125
374697560.5159788728 2958415.0615234375
374626577.9613960981 2953110.3115234375
374598789.3209652305 2948542.3100585938
371347116.1415496469 2660581.6865234375
371479014.2206251025 2676358.7226562500
371508387.1043740511 2678993.1142578125
397674983.9114794731 3688577.5566406250
397345337.1393315792 3687039.4160156250
371679279.0579955578 2683835.8193359375
374414638.6845541000 2935987.8100585938
374407407.6433854103 2931748.5883789062
371412005.5260272026 2668127.8134765625
374328957.7220650315 2927478.8559570312
374095943.8948004246 2911185.4365234375
387952481.5705939531 3550003.4658203125
384115067.3756820560 3445455.6025390625
384175748.9412433505 3448967.6435546875
401326305.7420439124 3696922.6201171875
397465042.7683864832 3687346.7744140625
397472477.0186013579 3687639.9804687500
371457210.0849749446 2671668.0019531250
384041950.0462129712 3442600.2500000000
384137662.5656890273 3446655.7851562500
383813751.5754193664 3435685.4160156250
387867140.3394361734 3544192.5000000000
392334612.2803050876 3634109.5595703125
371588514.5408470035 2683290.3154296875
392181838.7001051307 3631898.9365234375
377021320.8719804883 3086885.7221679688
377146961.1661717296 3097772.7036132812
387694646.3181816339 3539778.5058593750
387852845.7331579924 3543959.1152343750
387652296.5646782517 3538288.0058593750
377415106.8223392963 3111059.3676757812
377333797.2658810019 3105919.5795898438
408722408.2346802950 3699873.6152343750
368096698.6955248713 2123203.0805664062
391766652.2475982904 3622333.8330078125
383561945.6469714642 3422113.0322265625
391404736.6618536115 3616110.1972656250
390729604.8062035441 3604277.3623046875
368316841.2955755591 2142370.0722656250
368260483.7797768712 2134707.9448242188
371129566.8947854638 2607794.8657226562
391100757.4426622987 3610539.0058593750
390997872.9928719997 3607475.0234375000
368445112.5868564248 2165004.7192382812
368366578.7993082404 2150095.7563476562
390758386.6692291498 3604853.6767578125
368378728.1853634119 2151296.0429687500
390574916.5414497852 3599441.8232421875
407854912.7900190353 3698220.2197265625
368628636.3694455624 2197498.5170898438
371123896.2473858595 2602673.0590820312
368547919.2751791477 2177035.8803710938
408005804.4843670130 3699023.5791015625
371319734.5291366577 2630247.9775390625
408379883.7308440208 3699423.2783203125
368611142.2260457873 2185552.0083007812
371292159.8535068631 2624046.7500000000
378198064.5403009057 3141357.3364257812
408707844.8573195934 3699606.6025390625
408604087.2476971149 3699464.8251953125
368983487.2414754033 2219972.4296875000
368876455.2798457742 2219600.3662109375
371025841.8934594393 2567195.1376953125
370858067.6736478806 2546000.3579101562
370939138.4480732679 2557907.4824218750
370833359.8814910650 2543369.2070312500
370887158.9712131619 2552084.7441406250
370747589.3950705528 2537926.1342773438
370658542.1227675080 2524007.5639648438
378425005.8507096767 3144495.4243164062
378638518.8693631291 3151530.0356445312
378636683.5187062025 3149999.8090820312
378523343.3607864380 3148010.4340820312
378471040.2337561250 3145704.2973632812
378492116.3775191307 3147529.2563476562
369172749.8151289821 2233556.7001953125
369446130.2804004550 2290381.8540039062
369438698.3578937650 2286497.3647460938
369326352.7053939700 2240728.7578125000
369343632.2531278133 2247869.4272460938
369335119.6076312661 2245860.2729492188
369355997.8262754083 2257245.7856445312
369360581.8628464937 2260912.8198242188
387646251.4948346019 3521864.5263671875
387627822.6712013483 3520827.6552734375
