814518830.3518919945 585550.4361572266
712593110.8195542097 125322.6553193589
714397066.1816655397 178759.0291749819
715003175.1616922617 186169.0801374787
721283048.1837956905 254778.0765351938
721647152.2265723944 257540.0558332555
721741529.0135188103 259181.6867041118
732899871.0015642643 351466.4453767746
733204348.5860993862 351527.8995089739
732711736.5024447441 350204.3605722397
739278132.3739404678 385242.9343938698
740854924.0941996574 392961.3032484779
740521261.0794925690 392094.7494779696
770294798.1311931610 515599.4148623496
770306889.7854661942 516075.6267916709
770632141.7030098438 516329.5484683067
771107292.5642160177 518792.7204527408
775633888.6571853161 531482.3883865625
775732006.7837389708 531557.5671024182
775054539.6307824850 530316.1326034814
775043941.3815977573 530256.8167465478
804364344.0161796808 581874.6109008789
803925054.6892708540 581855.1061401367
813819499.3009119034 585265.1640625000
712735623.8499846458 127107.1416366116
713089947.0753867626 132786.8566143666
714577607.4275524616 179377.4543165290
720929015.0081963539 251539.4735493116
763586508.0581313372 489597.8085029963
813386178.2324417830 584770.1621093750
813249055.0250273943 584453.8234558105
839560720.2552695274 588763.3541259766
775964384.5159058571 531726.9690113813
775253138.0393028259 530854.8785141259
775613228.7058439255 531472.9732414037
714924443.5578531027 185986.7117292755
721185010.5385012627 254711.3522492662
721041331.3016542196 253438.0688914708
732869298.0992567539 350256.9424203842
732571547.7305231094 349286.4250863998
732560769.8579682112 348198.4049753158
740484812.1204237938 391721.9698148837
774789253.0157839060 529452.9735611230
813871813.5419286489 585330.2259521484
813926370.8800679445 585451.5247802734
715115811.3484337330 188019.8535749787
715301732.4941004515 190009.7309791916
732557130.1303232908 348129.0893873184
774840412.6111115217 529631.2319839746
839652594.7729780674 588823.8690185547
715132043.6673316956 188208.8197724693
713222821.7136579752 134101.0071982205
714517956.9498326778 179032.1718458259
715099321.6732842922 187956.8193952912
721169039.3409582376 254212.3855993203
739741786.1285953522 388332.7922386696
740185307.9832229614 390526.5633207430
763381456.0372748375 489228.6333768521
763827538.4147979021 490845.6428476218
774141904.2351518869 527378.3053940088
715080690.4182986021 187589.3083298539
712872757.6090608835 132778.3952730954
714858108.3277597427 184396.2008650177
714703529.5512187481 182189.8155836188
732115609.4049893618 346039.7567514389
732217730.5170186758 346889.0794137924
739618260.6424801350 387394.4406761696
740007633.4375336170 389471.8868121570
770183854.1315112114 514974.5417544395
740086203.9008564949 389527.5304131081
739955289.3949425220 389031.3988714089
739816361.9768157005 388744.6678490211
774010281.0719853640 527235.7055042535
714607920.7699861526 180776.5725416266
739407972.5944771767 385555.9193671924
721312871.7432090044 255575.0504896715
732335690.9277094603 347505.0631479233
731913237.1869739294 344696.7338708847
732028081.6318818331 345622.2731088608
731825162.5368736982 344157.9008859604
731525914.6064510345 341102.3882472872
731596224.0327906609 341664.6691692232
802078270.4264091253 580331.5244750977
731470878.4994844198 339704.0118073582
731606194.9785362482 342169.1267116427
731083870.7295311689 336952.6474447011
712739217.6595671177 129084.3387525123
770913398.1618047953 518381.0511307269
771322185.6381181479 519727.7546772510
802605828.1998052597 580850.1928100586
731369846.1135467291 339325.9013929128
763278519.8430190086 488266.2359169368
712745554.1851625443 129130.3418099922
763686354.5628584623 490562.9205025081
802212799.9347302914 580463.3760375977
802083165.3063496351 580335.8193969727
712752680.6566449404 129224.6828506966
714374041.9372704029 172494.1560021475
838835252.4921001196 588392.5019531250
801793029.5752550364 579893.9249267578
801534206.7967147827 579692.5568847656
801951257.9017074108 580177.8882446289
801698523.3509072065 579872.0126342773
771766302.9312137365 520737.8461536914
720981558.3209090233 251854.4551418051
771769990.4525536299 521108.5411785394
777050734.6239880323 531744.6528619342
838678421.8174033165 588320.8967285156
721102614.4369812012 253678.8646571859
772748161.9227082729 523661.2276724130
721829744.2449830770 259478.5695974007
714321662.7825963497 172322.4881417616
736470533.1143074036 369365.7469076162
736648297.9433113337 370046.9050484543
714110270.8893312216 165054.0784599273
714207930.1391900778 165378.8984169452
772182143.4334908724 522175.7660145313
763208763.7059484720 486109.2858589534
771275669.0866910219 519712.3562397510
714083360.7086565495 163892.3878199547
771834942.2712377310 521156.2273945361
771671923.8381247520 520713.7087177783
812517852.4129396677 584152.1805419922
714235998.8758534193 167756.1544877305
714060545.1647965908 162959.3388456716
812198147.8058320284 583963.9746093750
811762025.3748289347 583616.4025268555
811869273.1080089808 583817.2039794922
810834286.0388153791 582791.6614074707
714172744.2630434036 165317.9377093180
768959042.1637402773 508908.6812471617
810724942.5354539156 582418.4566040039
811636890.6048246622 583610.8961181641
811594238.1022963524 583608.0010986328
811410320.2544072866 583597.5786132812
763215686.6933254004 487851.6002205256
811234374.7963274717 583530.2991943359
811390756.5577176809 583535.4288330078
768459908.8369530439 507712.2550997008
736538140.2199282646 369709.8813246032
768309153.6687443256 507393.8495734204
763452359.8609368801 489331.7333687190
737418234.3658810854 375275.7722492461
737125567.1882892847 373041.2067585235
737186392.6656836271 374126.0621433501
737317691.3210638762 374958.9100666289
737561238.2048686743 375752.3705772926
737139348.5892564058 374034.0096149688
736792452.6315709352 371325.1235848312
763660849.3848314285 489959.9689491633
736887181.2560085058 372115.7136422043
736161175.4073905945 367774.7321878319
736066320.7055054903 367261.9190774803
799458765.6260974407 572669.4146728516
735215729.5251449347 361554.0528442805
799480213.4022482634 573942.4247131348
735748391.1011947393 364224.8650086728
735940329.1629146338 364920.6474564878
735464012.6337829828 362785.8442643491
735068396.0470565557 360465.2733337824
713879253.1310913563 147352.7197074441
713948795.3719460964 149385.8615531472
734765794.8493232727 357846.3348102741
837166020.1747022867 587906.0784912109
734322141.1792562008 354997.9761676959
734044905.8603494167 352795.6988253765
837655523.6329101324 588074.9298095703
836723388.6061841249 587321.5633544922
837010977.2748807669 587660.5793457031
747655040.1122517586 415509.4969003717
713837346.1478793621 135059.0058053689
746841669.9469033480 411463.9097365168
746978850.3063011169 412557.9176100519
747051938.9166206121 412934.6594313410
747491119.9010819197 414669.1656186607
747185610.7558782101 413377.0358726177
746889626.1923197508 411855.8784865168
767769370.9778749943 502821.4141980559
767937319.8655498028 504004.9074999649
768181319.5707200766 504638.5320329614
767893996.7738401890 503783.6124064285
767367892.3988357782 502243.5799144655
793197623.5239537954 558877.7997589111
793161304.8327335119 558513.4476165771
794008227.9221400023 560853.2965240479
767153882.2776976824 501516.2701853663
766695962.0511989594 499724.4944813554
794224047.5085638762 561258.5553741455
795246713.5151187181 562521.7347259521
765804643.4010632038 496787.9573158026
730339420.2674796581 319866.9595687401
794991051.9594973326 562393.8511810303
766453957.7170095444 498660.0071977042
765970944.4903146029 497343.9363044500
766126876.2206474543 497836.2885078192
730373341.9960949421 320966.4176375878
794883454.2646402121 562229.8257904053
795197086.1329711676 562424.3553924561
835437290.3459432125 586915.0521240234
795290106.0512858629 562729.0467376709
795557421.5056563616 563025.9852752686
730013806.2448155880 317220.5159385216
835675471.6013016701 587093.3264160156
730193221.3014035225 319018.1768329155
730091416.7437329292 317618.0577991020
729894167.0951737165 316077.3087225270
730009594.4847533703 316973.3658514332
729948509.6454663277 316310.3470297169
834609573.5190260410 586737.7003173828
729107950.2501258850 308459.6130256813
728949307.0623898506 306862.6413889092
728866523.4166920185 306051.7477784769
726946807.5108424425 289167.9765868191
728449926.4001656771 300362.4015138762
728691840.0243529081 302262.8843477385
728643247.0030359030 301789.6376131193
727661703.5825095177 294065.3649957333
727424641.2401521206 292186.5258844052
727519529.6166208982 292421.9205437307
727178919.3422085047 290494.5974770192
782957861.0879712105 535930.6192290448
726672091.1293861866 286189.3236320395
782883094.5652000904 535434.6006438397
726303084.8548284769 282554.5071827624
725844902.5965418816 278276.9837538400
725798583.2572064400 276502.7676894465
725584236.1228629351 275364.2299239435
725885257.5463949442 278370.2624143758
725641081.4897360802 276422.9176680841
725456281.1503839493 274486.4873891682
745296723.1349093914 399055.2122065083
782249783.8958684206 534141.1764676236
745057523.3018045425 397648.2688108042
782468418.2326742411 534639.6537625454
724491640.5942949057 265875.1394416713
724376434.9090970755 264877.9901496791
724248025.9065246582 264078.1359016323
724246581.8911294937 262509.7190468982
724080005.1325416565 262337.2513184026
745329446.3491853476 399301.5744748667
744910201.7209321260 394824.7484250620
798414514.1774622202 563414.3746490479
798322323.5803167820 563206.1987457275
744869627.4923138618 394517.3328439251
744572759.6409152746 393107.7108073786
744988382.5214630365 395710.2137643353
793138276.0154926777 555535.6950206757
781730692.8537322283 532087.6710889004
790953025.2997081280 550506.3236861229
791123027.0210919380 551492.4228072166
791113669.6979777813 551482.1428999901
791071610.7970556021 551298.9207930565
791462543.7074207067 551781.5728316307
789892637.4008191824 549331.4762587547
788736026.9345937967 546345.5578093529
788347347.4882293940 545305.5104613304
788066929.7298744917 544572.2968077660
787327424.1194595098 542971.3219458833
786935987.4776550531 542023.7343146577
786616186.6592314243 540246.4049994722
786402544.5702395439 539556.1225516573
786392743.9944956303 539379.2642752901
786073643.1339077950 538781.2108428255
785912836.1886763573 538756.8430068269
785646799.9364621639 538526.0888869539
755193702.1196293831 439299.2609861079
755162501.3708622456 438676.3691404047
754927187.4440071583 437623.6524346564
755173533.2943977118 439261.3234861079
720875827.1860966682 212393.0432269745
720923608.0287709236 212645.4444911652
719986251.4486742020 195014.0043584002
720267020.3219498396 197285.2050186560
720256142.5275077820 197244.3712530226
720032434.1398801804 195209.3513666481
719885312.9126538038 193379.1994501442
719729921.5885963440 191504.5541941017
755117830.3851109743 437907.8515329543
763098285.9920359850 476116.6862232573
755543488.2313576937 439963.5760126295
762008839.3064082861 468174.9189296477
762119462.9633502960 468593.6616817228
762306791.4408801794 469861.2418056242
762184462.7062427998 469370.4122768156
761847457.1237100363 465366.9111171477
761904536.9693121910 466759.9548178427
761877049.2270127535 466713.9915004484
761757033.6464273930 463716.4209132902
759919480.1205089092 452230.3358601946
759770307.1721860170 451306.7514333148
759561508.7667306662 451198.3379811663
758256501.1930209398 445342.1229107499
758290245.7007250786 445936.0187847733
757974494.0758140087 444252.2678179431
757710216.7528870106 442603.7403521228
757713168.5111541748 443235.4828447986
758254012.0808334351 444690.4004549670
757878551.0688394308 443280.6499323535
757565971.2523645163 442453.6984553027
754302136.4796434641 422499.5173568903
