1221952082.5851457119 10251672.2246093750
1226188198.1649584770 10290926.0410156250
1241393495.3133480549 10405455.1689453125
1242105370.9844222069 10407080.0761718750
1242595683.0097675323 10410642.0019531250
1242807771.3474833965 10412664.6035156250
1259886305.7408699989 10465260.3574218750
1261118638.7727713585 10468141.3105468750
1162049497.3773860931 8999101.5820312500
1161221691.1920049191 8973764.7172851562
1126038248.7878262997 7743555.9694824219
1081246283.1731786728 5355951.4144287109
1105632580.7654681206 6782036.7597656250
1124273985.5186393261 7670363.0424804688
1124623583.8860640526 7683806.5502929688
1124369624.6863381863 7675344.8081054688
1124438360.7167522907 7677771.5541992188
1201411752.2532906532 9907295.5019531250
1077725171.8987708092 5095519.4624023438
1105997341.5748031139 6795887.3530273438
1105942743.7617666721 6793945.1596679688
1083953421.0450556278 5524912.1712646484
1084296011.9396002293 5525204.5216064453
1106550054.4298481941 6809132.3999023438
1106157616.8677663803 6808881.8684082031
1200848376.5894997120 9899035.2255859375
1242191980.0760827065 10409022.4755859375
1083937163.4929881096 5524800.5170898438
1126411227.5305738449 7760150.8183593750
1226909425.1671779156 10298091.2607421875
1083750030.1103413105 5523977.4925537109
1083843156.7623500824 5523999.2006835938
1083362782.6667575836 5504604.5504150391
1083141330.5139615536 5487622.6529541016
1106109377.3879277706 6800377.9982910156
1124476229.2109503746 7682756.3745117188
1242271351.9294548035 10409678.8867187500
1083086408.5654411316 5484816.3453369141
1125514307.4301302433 7727027.1284179688
1161231910.8662371635 8977233.4653320312
1071859271.2714215517 4586351.0147705078
1082937826.3885622025 5473534.6978759766
1125203771.3553833961 7717127.9128417969
1126501430.7271649837 7760758.3464355469
1222605018.8020584583 10256982.5351562500
1068943786.3466494083 4139701.9790039062
1160887451.8581476212 8965938.9028320312
1240953568.1855444908 10402958.9042968750
1241390782.2920305729 10404256.8320312500
1072025537.2292877436 4597337.2540283203
1082727356.6751830578 5458545.0450439453
1105625931.5588257313 6769771.7246093750
1200399029.5324621201 9890695.0605468750
1260347721.6235220432 10467121.1035156250
1082304863.2257537842 5431103.1773681641
1160029584.6660261154 8935065.7412109375
1071488405.1886554956 4532997.5512695312
1124908634.9624214172 7702970.6042480469
1199828774.4118759632 9880547.6748046875
1200430215.0635011196 9892847.3007812500
1124891389.2947711945 7700782.3244628906
1124855633.2734501362 7700415.2546386719
1082255917.3886437416 5424815.5999755859
1082347362.2309584618 5432048.1839599609
1226677818.4200265408 10296287.5908203125
1081281466.4187462330 5357984.2947998047
1071355150.1325827837 4530499.6611328125
1241636018.9745645523 10406825.3750000000
1069163989.1006994247 4154004.3773193359
1069031277.3520835638 4142703.7230224609
1105224023.2338542938 6752028.2001953125
1222957988.5464441776 10259373.2333984375
1177766598.9438874722 9408580.4755859375
1072404972.7408202887 4630068.3288574219
1259067029.2883660793 10463781.0429687500
1223135168.0130646229 10261014.1552734375
1157426623.4529490471 8837357.9067382812
1223677509.7047650814 10266425.1386718750
1081467350.4681038857 5366224.9013671875
1123591671.2214894295 7638190.7019042969
1123445734.6206212044 7631325.4978027344
1223302361.9765474796 10262667.3173828125
1223835851.9931347370 10266768.0380859375
1072266822.9215825796 4617775.4475097656
1159570197.6344041824 8911618.7934570312
1223397985.5716743469 10262907.1708984375
1224071709.4265429974 10268482.7275390625
1223499871.9499850273 10264624.0419921875
1157487441.8116676807 8840684.5502929688
1157548840.0186700821 8846878.6958007812
1157245485.2059695721 8834676.2319335938
1069358493.3746122122 4165002.9583740234
1105400066.5702996254 6761514.5019531250
1105256709.2292833328 6752885.9062500000
1158765152.0757350922 8890001.1518554688
1159086018.3431873322 8894824.6479492188
1072537201.2653822899 4636122.8255615234
1072493602.4938051701 4633930.5274658203
1199451408.0621221066 9872509.1289062500
1069631373.3319660425 4194610.9132080078
1081384582.7564520836 5360737.6713867188
1081353896.8379793167 5358097.7790527344
1175796693.2100183964 9351297.9736328125
1072130257.0108598471 4604021.7932128906
1196223821.5016098022 9799229.5039062500
1225885550.0707197189 10288165.7685546875
1196081868.0115199089 9795175.8837890625
1158560806.8177263737 8882232.4506835938
1081192624.0456480980 5344987.6848144531
1159956401.3428254128 8927453.6528320312
1157314825.2784879208 8837348.6074218750
1225619269.7071325779 10285211.2900390625
1258784644.0335631371 10461478.6660156250
1197723443.7088572979 9828006.0097656250
1224720422.8470180035 10273604.6533203125
1224979533.4060854912 10279298.0029296875
1077228172.9807941914 5054860.9611816406
1081015316.9148995876 5331051.6369628906
1080718278.6676754951 5303878.6007080078
1159584180.9969918728 8916078.1401367188
1224957300.4208431244 10278294.3330078125
1224534244.4326481819 10272631.3046875000
1224308168.8446996212 10271109.5000000000
1069799683.2173013687 4205995.9661865234
1070124566.8302084208 4211432.8221435547
1080940134.5082132816 5319645.0920410156
1070147425.3873357773 4236669.3474121094
1157836828.2976908684 8853926.1108398438
1175443209.8214812279 9337652.3828125000
1197007020.5289433002 9815181.5332031250
1197394230.3829934597 9826644.7412109375
1197342232.4212779999 9824956.9951171875
1080804572.6301660538 5310716.2004394531
1080637320.3927128315 5300173.9033203125
1070645145.0791852474 4256703.1411132812
1105163868.1348347664 6739885.9755859375
1123075399.1237730980 7605550.4724121094
1197300272.0030450821 9823653.5751953125
1077126467.5783739090 5034083.3933105469
1158409314.8908693790 8872621.1459960938
1157862491.5763452053 8854973.9951171875
1174940290.8499205112 9318633.6513671875
1197082016.1644167900 9817525.3955078125
1122079093.4728543758 7560686.0654296875
1122155162.4853599072 7561529.8735351562
1122471552.6768515110 7575283.3032226562
1122314156.2450687885 7566219.7548828125
1122376860.5738041401 7570100.5375976562
1070777086.9193006754 4274701.4797363281
1122060728.4005191326 7548555.2641601562
1079982874.7364017963 5245626.1767578125
1079333490.3107428551 5198524.2703857422
1078969786.7207176685 5167588.3486328125
1174678700.5235419273 9315330.9257812500
1174517710.1760683060 9309945.9072265625
1174444911.9638516903 9304084.9179687500
1174191163.6431975365 9296915.8710937500
1174362121.0137302876 9303862.0869140625
1121589390.6661036015 7533215.0000000000
1121553562.5639548302 7527145.2993164062
1174359489.0601315498 9301069.6523437500
1158095783.0894615650 8863560.7529296875
1078564519.5925686359 5133350.4934082031
1121439463.9630455971 7521704.0273437500
1120582401.2926642895 7474686.1235351562
1120317338.1412658691 7471082.3842773438
1076310315.8785231113 4952231.2338867188
1076349067.9961314201 4953306.5366210938
1076572587.7242395878 4969917.6921386719
1076465877.2187509537 4961804.5251464844
1076218560.3307416439 4945144.0734863281
1076749051.9186081886 4981083.2167968750
1075759549.3926725388 4906405.4792480469
1075699478.5979363918 4904961.4235839844
1075868738.5944843292 4914165.7567138672
1118190472.6363046169 7369600.5339355469
1110111860.4843981266 7003531.6738281250
1117887493.3870303631 7354477.6091308594
1100784134.3097155094 6487708.5153808594
1101304349.0294528008 6512186.1940917969
1116087387.8769469261 7272506.3908691406
1115898109.5588085651 7259313.9982910156
1115626779.3023653030 7244840.2048339844
1115442312.8497440815 7239718.6872558594
1114916387.4099254608 7211285.7922363281
1115125016.3636689186 7223690.6276855469
1109775783.8017635345 6988025.7573242188
1238247460.8402345181 10366312.3496093750
1115077401.6202211380 7218020.9885253906
1115003117.9298772812 7213491.5021972656
1104841872.5618400574 6723204.2766113281
1074329194.0153803825 4769369.2325439453
1074197608.0546731949 4763332.2646484375
1073911004.3142087460 4735802.1555175781
1073071468.9637225866 4650403.1044921875
1172577497.9311778545 9241249.4013671875
1073832686.5963106155 4729420.5007324219
1109146110.6807394028 6940794.4270019531
1254307859.0232181549 10437021.7714843750
1253494871.0126581192 10430960.2968750000
1074114178.0041103363 4748606.4648437500
1108820658.6328999996 6925397.3381347656
1108796942.3315172195 6923037.7355957031
1108882933.6569755077 6930793.7297363281
1108961151.1172554493 6933038.5693359375
1101253380.0835154057 6509539.4050292969
1202468839.4050686359 9908349.1279296875
1108736242.4309682846 6916360.8742675781
1202516186.5811977386 9910732.9052734375
1108861912.4251012802 6927073.6516113281
1108865317.0962584019 6928995.9064941406
1131453989.0518426895 7833828.6052246094
1253954550.7250859737 10434495.3593750000
1253386212.8851716518 10430667.3476562500
1072988980.3598366976 4643120.5349121094
1130865857.4859268665 7812131.7775878906
1202779239.6834518909 9913814.8417968750
1130883165.2631897926 7815871.5656738281
1202608165.5149490833 9911248.3994140625
1130494967.7719490528 7797262.8435058594
1130676042.6356973648 7806031.5681152344
1253261253.3875036240 10427099.5800781250
1071248837.4573314190 4343576.7628173828
1171133490.9639742374 9179837.9443359375
1071285427.9780261517 4344330.3616943359
1103643720.3643436432 6637283.8613281250
1103736073.3810930252 6637656.6069335938
1103182749.6343317032 6595274.7998046875
1102973016.6418337822 6594464.3359375000
1103240363.7444250584 6610888.5410156250
1102956965.0397248268 6587868.3613281250
1252922374.7092735767 10424187.3632812500
1102318642.0507931709 6561829.4072265625
1252621170.3889451027 10420275.9931640625
1170210209.0711507797 9150921.2050781250
1169189302.0692882538 9120840.0195312500
1169964380.4807353020 9142938.5283203125
1169693041.2530825138 9127460.1298828125
1102604086.8686373234 6574779.2053222656
1169584193.2371261120 9121759.9370117188
1169078473.9667959213 9106942.2895507812
1236500859.3327984810 10340223.0742187500
1235349003.8954386711 10324422.7109375000
1235369035.0355451107 10325188.2207031250
1235425404.5891766548 10326099.5976562500
1235023696.2177999020 10323381.7089843750
1167303646.9988594055 9051286.6982421875
1167591825.4900636673 9051986.0981445312
1166440228.4173090458 9019668.7211914062
1165877402.4602994919 9006706.9179687500
1165973878.6393606663 9012439.8862304688
1207351024.3065433502 9943716.0683593750
1099687137.8686826229 6356941.4038085938
1099851425.2730345726 6358935.2971191406
1098037561.4566709995 6258724.4421386719
1099497171.0594861507 6346806.6313476562
1099474513.2534592152 6339238.0388183594
1099251359.6377334595 6332819.8618164062
1099056658.6817979813 6320106.2058105469
1099573013.3953747749 6347373.4042968750
1096716819.9594473839 6155950.3601074219
1096696205.8007693291 6153909.6257324219
1096701013.8080947399 6155454.2634277344
1095342261.3529298306 6055825.8386230469
1095415628.4477729797 6057653.8076171875
1095484006.4315385818 6061265.6206054688
1095168360.2516064644 6028412.9697265625
1094071331.7331500053 5904290.9929199219
1092710412.2085125446 5816250.7902832031
1092396412.6633677483 5790539.7741699219
1092127397.8800349236 5768364.4787597656
1091405507.0295088291 5716301.8515625000
1091552955.1012561321 5726157.4973144531
1091614809.4290227890 5730179.7814941406
1091651862.8494420052 5737797.5466308594
1091840034.9386508465 5747048.0537109375
1090630530.9393482208 5643249.2021484375
1089967380.4210903645 5579688.5073242188
1089678540.8315324783 5552714.2185058594
1153081489.1562168598 8424520.0332031250
1155879013.5602691174 8481264.5898437500
1156682920.0329370499 8502894.9550781250
1156924870.6899983883 8508882.6289062500
1156848094.8882696629 8506820.4365234375
1156273606.4687566757 8488876.8964843750
1156602974.7713792324 8500504.5400390625
1152671012.1539256573 8284286.8095703125
1151021313.7614431381 8229745.1762695312
1151274793.7770690918 8236209.2416992188
1149600801.9592182636 8173248.8427734375
1149284677.5948665142 8166913.8325195312
1149378657.9352948666 8169690.1357421875
1148933347.4645547867 8147334.3183593750
1148729331.5438156128 8144763.7412109375
1146349647.7333545685 8022267.0683593750
1146707184.9466304779 8029133.0493164062
1146029550.5717473030 8003641.6474609375
1145912612.2140314579 7997645.3291015625
1146006103.3412592411 8000483.0781250000
1145951394.4803390503 7998361.6103515625
