323232131.8522073627 617911.1909179688
326180363.1299714446 620964.3542480469
333950372.3628275990 624083.2131347656
314700406.5009026527 561963.8630676270
314713587.2372534275 563647.0291442871
314481564.5790640116 560519.6135559082
314884671.5735598207 565286.3914489746
314496349.0138866901 561874.1064758301
314331328.6081755757 559174.3258361816
314135492.5816223621 555127.7795257568
314179843.0079780817 557117.8110809326
304252118.4175360203 343143.3080639541
304162561.0807406902 343055.2563671768
304325223.0668447614 347680.8852429092
305436775.0647864342 373277.3232880533
314203160.5779793859 558078.7575531006
317929910.9607436657 589847.8101806641
317924734.8456094861 589251.6003417969
318030223.0278013349 591355.4665527344
322468602.3594880700 615628.1875000000
322688885.8156934381 616625.4445800781
325777574.2527665496 620898.7124023438
333817894.2145771980 623683.2592773438
333962703.3902593255 624278.5573730469
324159880.8456089497 619265.2172851562
304135535.9944340587 342606.1640820205
323893311.5594389439 619109.2817382812
302480275.3298642039 243645.5066224686
302407247.4016495943 239485.5245239434
302532365.3153313994 244089.5597717462
313917212.7014145255 552291.6567230225
313916616.2726091743 550985.3449554443
323603185.1935065389 618772.4204101562
302457681.1929200888 240086.5603820977
302578874.0937761664 245237.5231861226
302698832.2523621321 249383.2798086219
304279331.3448901772 346332.0109448135
315431013.4409608841 566645.7740173340
317978739.3663320541 590699.8609619141
323319056.0029744506 618326.4094238281
325351428.8866344690 620411.9692382812
326064612.2534654737 620934.4377441406
323208541.0435793400 617557.4709472656
323365098.8364063501 618338.0810546875
302656729.8688047528 248660.2293621525
302743330.8379473686 249478.1681677862
302584298.8183765411 245355.8571326300
302764532.3878657818 249505.6575033870
305582068.2020546198 374597.2761166990
314071373.5821942687 554675.5042572021
315287908.8876324892 566029.7338562012
317908200.4427638054 588830.7222824097
304432945.4690609574 351143.3176268265
305604141.9183635712 374694.2954577208
305346067.4723322988 370856.6316481531
314073900.6932032704 554795.3851165771
318058387.6354128718 591890.3209228516
318005097.0741873980 590749.2551269531
318114215.6472566724 593168.5944824219
333480496.4785302877 622623.4477539062
317948211.7992883325 590144.1085205078
304637144.4809148908 354920.0213265345
314153494.4561312795 555913.1387786865
326291348.3579902649 620974.9970703125
304335964.9002631903 347851.1124584526
304400476.6594114304 350698.1021879837
318111017.8162860870 592351.1469726562
314004093.4318145514 554527.5469818115
313747807.4334928989 550284.4320220947
304429348.2426062822 351018.8385326713
304556743.6179555058 354011.8660277054
305230938.1656358838 370363.3648007810
313282097.6478171349 542018.3788642883
315433563.9323519468 568431.7342834473
322311859.8653757572 615053.7250976562
322394653.7396211624 615624.3439941406
322634062.1348896623 616475.0573730469
323473892.5521959662 618428.9511718750
325934049.4447262883 620909.3552246094
333847727.0859563947 623896.1040039062
304538122.5539962649 353032.5793717951
315070151.7076309919 565511.6453552246
322513093.7054685950 615799.8828125000
322591807.9073666334 616361.2294921875
322853674.9322093725 616638.7834472656
325344561.0984991789 620205.3959960938
333744882.0259583592 623595.8493652344
313304640.3677242994 542045.1553573608
313736816.3899771571 549230.1712493896
313363468.9871535301 543392.0742492676
304479847.4885227680 352479.9641112015
313593598.9788752794 547103.5497741699
313459989.9597783089 545932.7186584473
315200958.5556846261 565876.5162048340
304405122.3298383951 350960.9206541702
304367962.1994799972 349519.1730053276
305122486.3637244701 367460.5432675779
322895055.5416627526 617125.4729003906
313270662.0592612028 539755.0893554688
305280841.3506182432 370778.0368803740
305025580.2863515019 364401.1578076780
305113677.8128306270 367113.1556853056
313186484.3676908016 537417.7652587891
318224052.2856742740 593813.2890625000
322047909.5900657177 613369.9208984375
321851291.7255667448 612373.4926757812
325727213.5945702791 620751.6074218750
325692866.4276291728 620613.4909667969
302872129.6741325259 252254.9327085223
302853911.2897782326 251940.9751107781
304936009.3219490051 362007.7734540403
313134465.8988010287 536343.9099121094
321750103.1518363357 611004.9185791016
323149509.2015863657 617484.5378417969
333617642.7764031887 623582.1018066406
313171001.1531310678 537301.6464843750
313205547.0774729848 539720.8791503906
322127560.2820082903 614023.9433593750
322102516.9107528329 613927.7070312500
302802733.3106147647 251016.0769701093
318275961.7233203053 594043.1533203125
333633482.5069317222 623585.0473632812
333481320.9186168909 623329.6501464844
326362275.2733321190 620991.9008789062
318484580.4576798081 594798.9299316406
318674260.5429518819 595157.9787597656
318682633.3228846192 595162.0141601562
302986559.1762058139 258207.0128986663
302940789.6272987723 255542.3825056381
323002017.6745957136 617317.6867675781
305041036.9346890450 364751.2898598611
304874789.7624772787 357619.3309517801
305005571.8864263296 363369.5252724588
318860579.0679501891 596063.8984375000
322054307.7561712861 613645.0488281250
318731575.6588793397 596062.0229492188
319103350.9631353021 596098.7534179688
304778462.5610192418 356148.8839913309
304881816.2800970674 360246.2632485330
304879099.2903712988 360239.0841713846
313708485.5964258313 547984.7291412354
303116911.4123353362 261169.2239175439
304748901.4856551886 355098.9583507627
325624964.5400233865 620475.7412109375
318522361.7862538099 594826.4238281250
318397645.7509115338 594194.8894042969
303363321.8536490202 265629.6218153983
322009483.1266011596 613108.8186035156
303262547.6530311704 264187.9902503043
324769254.8888293505 619372.4250488281
303310821.4639280438 265629.2989151101
321948979.2602508068 612892.4291992188
324997590.6083992124 619619.1862792969
303168449.2051796913 261515.5648276359
303497836.7965222001 267746.2053061016
317757154.1375625134 581864.0216369629
317664500.9376254082 581273.9496154785
317776851.8584200144 582838.9205322266
321478622.2512243390 610021.3798828125
321911093.5082867742 612382.3405761719
324830914.3013696671 619529.1872558594
325225282.8274850845 619962.7062988281
321795466.5615835786 611654.5659179688
321157473.0994569063 607400.6945800781
322089680.0210492015 613741.2851562500
325145479.6550055742 619658.7204589844
321335781.1759364605 609203.1679687500
321420676.7724689841 609871.5639648438
305825872.4200749993 375429.0351321059
321556197.3789856434 610296.8339843750
321502120.9097392559 610178.6647949219
321662617.3300406933 610907.9963378906
321758835.0095611215 611262.3862304688
324942297.1307918429 619593.3222656250
324802302.3594565988 619492.2116699219
303605662.1553463936 270916.4723600224
303571802.4170325994 268177.5775029846
303582067.2368343472 270811.9174551554
303757090.4228407145 275673.6199459620
303635101.1078675389 272804.2144626118
303952175.3233234882 276441.6267024912
303608370.0719213486 272120.6075290181
303551107.7991035581 268150.5507777669
332312306.8925180435 622365.8220214844
312774114.3257233500 521997.5582580566
333308712.3335435987 622623.3996582031
332678958.2097235322 622466.9062500000
332810518.3313416839 622499.4047851562
332999320.8441237211 622577.1818847656
313064030.8723030686 527410.0750427246
312795861.5112324357 523665.1064758301
317260015.7253230214 576100.2050781250
332695231.6371971369 622496.6896972656
312718332.8474204540 521259.6411437988
317225487.7623922229 572889.8197631836
317383010.0949233174 578474.9632568359
312910626.7774613500 524792.6856689453
312894423.8999040127 523735.3478088379
312987598.2177029252 527256.7413024902
312941036.4031915069 525688.4692192078
317561762.9234020114 580082.6264648438
313120807.3272168040 528739.5474548340
306421860.0822526217 378950.7702535838
306099211.6460137963 378182.7499995381
306008038.3295955658 376388.0150065571
306451476.3792402148 379284.0944228321
306145929.1050664783 378945.1302041700
306060338.3980748057 376668.7906642109
306046351.4452453256 376571.4873652607
306142767.0740173459 378316.3832479864
331716697.3133091331 622067.0302734375
332085116.4543513060 622286.1362304688
332008561.0408577919 622247.9267578125
331288202.5156053305 621268.0629882812
320982373.4091673493 603994.0706787109
331618729.4391340017 621810.0485839844
331668204.3798927665 621976.4018554688
331711149.2197135091 622000.6845703125
331360835.0173663497 621393.1306152344
312456292.4406504035 511549.3533515930
331373083.8768653870 621541.2221679688
312282770.5811197758 507108.6925840378
312395426.1388352513 510110.2421216965
312551768.7492899895 514080.2443428040
312528089.7522018552 513558.5134534836
331101982.8327523470 621065.9133300781
312172090.7669239640 502989.4355192184
312439999.7038620710 510781.0221509933
312477205.2371762395 512307.9764661789
312352904.0715960860 510004.1353330612
312519568.9504927993 512643.3281507492
312612281.6466033459 514524.5707960129
312186401.5703827143 503811.2860670090
312129714.6052410007 498928.0680017471
311973894.9990700483 498880.0848474503
312132715.9198116064 499327.2493982315
310695661.5913851261 467499.5754718781
310410990.2193689346 461823.4226436615
310535686.6479803920 462366.8963947296
310551695.0936712027 465959.5047931671
310645115.6828421354 466982.5350666046
311802718.5092023015 493132.8309259415
310693481.7105836868 467348.0795116425
310539450.4110043645 462564.2132892609
311568235.2337356806 487022.6711616516
311727068.3509436250 491291.6014137268
310626068.4859989882 466677.9723758698
311490919.5271897316 486150.0671062469
311629346.9952009916 489142.7530250549
311749154.3157124519 491502.5843238831
310715089.1715147495 468975.9722003937
311663252.7452534437 490069.7052612305
311224284.0894020200 480679.3753337860
311440825.3289600611 485584.0711936951
311589389.4554499984 488951.9412574768
311273183.5169832706 482502.8499622345
311257194.3657860756 480740.4217205048
311396714.4556471109 484833.5122661591
310925741.0220733285 472074.2656040192
311295545.6975739598 483023.0069255829
310844122.9015803337 471403.5727863312
311092564.7712424994 476273.8264598846
311014526.5135263801 475131.1739482880
311139837.4952209592 478425.5625286102
310276374.5199114680 432243.4311957955
310388579.5975639224 436156.5190559030
310341243.7595123053 432450.5654082894
310132341.9972640872 428810.1020293832
310238255.1813209653 429160.4198623300
310246911.8021823764 430269.8388000131
310022284.7037287951 424922.1658340096
309830246.4489936829 421571.6541762948
309971486.1298587918 422212.1717239022
309680179.4861606359 416693.3609939218
309978227.9261713624 422579.3189483285
309709228.6667666435 418571.7083449960
309572107.9252977967 412976.1455398202
309576457.4207587838 413560.2619338632
309673868.8136872053 416575.6340041757
309629903.1807591915 414197.5684066415
309535371.4187393188 409282.2756414413
309520550.6497928500 406980.9352483749
309460519.7135691047 405866.5994100571
309319155.9194927216 399821.9811124802
309281600.1519952416 397750.8444662094
309199425.5039994717 393749.6446905136
309115597.6144419909 391068.0856534243
309133502.0363155603 392653.5736455917
308992948.6954208612 388582.7231014967
308969702.9975677133 388531.9018505812
309014182.7372390628 388887.5205334425
308854872.0567051768 385207.7629421949
308856889.3670870066 385368.9947155714
308837912.1787921786 384778.5259350538
308904685.6207191944 385484.6672924757
308808466.6655101776 382709.8376110792
308723045.2136307359 381900.5981425047
308681735.4356065989 381324.2887524366
