535447632.7115325928 13185244.7890625000
535236847.6063988209 13174957.9843750000
535257409.3528705835 13182109.7382812500
540721632.6088396311 13281111.3984375000
540456981.1581138372 13276985.2773437500
540501503.5083456039 13278043.0976562500
545491110.0329253674 13317470.6250000000
556745697.0134644508 13357165.8554687500
558349565.4945452213 13364258.0546875000
558219949.5812648535 13363245.2968750000
557938409.4235434532 13362246.9414062500
558051667.5973256826 13362353.7109375000
558657800.0354583263 13364730.4414062500
506784691.8499585390 11867845.5781250000
506849930.9106330872 11877332.5039062500
506672548.5732344985 11862533.3437500000
507230000.9796288610 11897557.5390625000
506970706.7959317565 11880283.5976562500
507198802.9759178162 11897305.8320312500
507412578.5089172125 11909027.1093750000
506602045.6607330441 11852822.5468750000
507016669.0600401759 11889656.8125000000
507336106.9033489227 11905247.6445312500
507485150.0217394829 11911244.3281250000
507486898.8399842381 11914301.3867187500
507059862.4914137721 11893323.8789062500
506899056.6017423272 11879433.5742187500
516466132.7225732207 12566450.3671875000
516068921.6291790009 12550294.2500000000
516001768.3953073621 12542995.7968750000
516137951.5771288276 12555948.9882812500
501569577.2195615768 11143044.5937500000
506760461.5499934554 11865895.5390625000
506591148.3395830393 11845713.5585937500
506533792.2387043238 11840273.6171875000
506556926.6902554631 11840298.7187500000
501479256.5482430458 11132073.8867187500
501411498.1702884436 11113450.4257812500
501540857.6835615635 11133838.3320312500
501891655.0087934732 11170651.5351562500
501714803.2969546318 11165099.7265625000
506380232.7565653920 11825430.4531250000
519166300.6215687990 12695181.4101562500
519354583.9604389668 12701861.7890625000
519023117.8443416357 12692552.2695312500
519148576.3601709604 12694811.2968750000
519004810.6522014141 12689980.3593750000
519237078.2833433151 12698414.3281250000
518889280.6436202526 12688228.9687500000
518647610.6541212797 12674044.6992187500
541950967.5917443037 13291797.6914062500
545383710.2005059719 13317399.8281250000
545038400.8360860348 13316338.4921875000
544917092.6190503836 13315013.5078125000
544823365.2292319536 13313142.1093750000
502257974.6428208947 11273053.5312500000
502460239.3881684542 11291015.5859375000
502224660.3649595380 11264714.4179687500
502328858.7826464176 11275099.8671875000
502576196.8133063912 11294378.4726562500
506435552.6484827995 11829757.8476562500
514695000.2541192174 12464414.3867187500
518670334.7083828449 12674845.1406250000
518826183.1740940809 12681534.6562500000
536576502.7368830442 13207689.8671875000
541756654.2343008518 13290312.5898437500
545309448.9993116856 13317037.7382812500
515909687.7330098152 12536854.6015625000
556978205.6715108156 13361250.5000000000
556913757.3726474047 13361098.8632812500
501900703.0373031497 11183446.1054687500
501698670.7378856540 11159663.7187500000
501969473.9830099940 11190267.8007812500
505510761.7479307055 11733518.7187500000
514606217.4078164697 12455226.7304687500
530724096.0776334405 13079919.9531250000
536642410.0606862307 13209860.6875000000
540986941.6515226364 13282438.1289062500
541330903.0559517145 13285098.7695312500
545129182.9976148605 13316718.8867187500
556880356.0774939060 13360083.5000000000
544740193.0571633577 13311817.9960937500
506295926.0969140530 11816101.8632812500
506110856.0338606834 11797687.6484375000
515418754.9358161688 12513519.1171875000
530817920.6777731180 13082312.5039062500
530943256.9317320585 13085560.1992187500
531125405.7473733425 13089041.0820312500
530684304.7149777412 13077505.8164062500
506103113.7666225433 11795978.3203125000
505931287.1679199934 11775925.2109375000
506005653.9289817214 11786622.6835937500
515377533.4036191106 12512053.0390625000
515684137.7916335464 12526459.3164062500
530867643.6398040056 13084073.5625000000
536430754.0132088661 13207148.9687500000
536244652.8709466457 13200705.7187500000
543798905.9672132730 13303979.0976562500
543570478.5737605095 13302966.3164062500
543372344.6863924265 13300994.3906250000
505774880.8243958354 11759625.5000000000
505740761.8312171698 11756500.2343750000
505704845.0553500056 11749357.3046875000
505883167.1082301140 11760117.7343750000
505648861.2968806028 11743121.7109375000
502017389.7551985383 11196901.1640625000
505420576.2170381546 11716439.9609375000
505270220.8564815521 11695274.3359375000
505314148.6625838280 11698899.4609375000
501927085.8683793545 11186067.1523437500
514542009.1090835929 12452087.2695312500
542512812.6322110891 13295193.9492187500
542327876.5349708796 13293309.4140625000
502082684.1449909210 11199599.9765625000
505231480.2220234871 11686308.3046875000
505303772.3490338922 11696174.5117187500
542366099.4680150747 13294614.0390625000
543868237.4303034544 13303987.1601562500
517604755.8887308836 12619200.1250000000
517633994.1684330702 12620463.8164062500
517728319.2626769543 12626097.6210937500
517591148.3111398220 12612865.8515625000
517580755.7779424191 12612789.2812500000
517556003.3373740911 12610004.7226562500
517598413.6611838341 12613571.1640625000
517521165.6036254168 12609709.5117187500
517216923.7391512990 12593244.4257812500
543445544.8724151850 13301654.2343750000
543243046.5298432112 13300827.4453125000
543073474.7785476446 13299039.7031250000
542916713.9392807484 13298489.1250000000
531815497.5755457282 13107652.9492187500
531478083.0680758953 13095851.3945312500
535669709.3837660551 13188757.5937500000
535464114.8277943134 13187928.1132812500
542627857.4865584373 13295695.6093750000
541547949.2601801157 13286943.0312500000
515904492.7280691266 12535489.8750000000
514822415.4561634660 12469676.1601562500
514905624.2389588952 12478082.4375000000
515149258.7997480035 12493646.6054687500
503739728.9324146509 11457602.1484375000
514999581.2866263986 12483225.1718750000
541432039.4845294952 13286917.9023437500
541022437.1532204151 13283393.8984375000
504195964.4377857447 11533642.2031250000
503690044.2718511224 11455178.4140625000
504162578.1424861550 11529587.0234375000
531486349.0984831452 13098537.3320312500
503744647.3572896719 11464963.7109375000
505060388.9524102211 11646736.9960937500
505035052.2765620947 11642066.3125000000
504953651.0252790451 11624650.7304687500
504969256.7361629009 11638094.1796875000
531517753.6455053091 13099226.8554687500
535949658.3030295372 13196267.8632812500
556284348.2980564833 13355666.4687500000
504851400.6461778283 11616965.0390625000
503838995.5288046002 11469333.2656250000
504869025.1561801434 11618771.5781250000
504709910.4554061890 11594139.0585937500
503595074.9903843403 11446942.1210937500
504534415.2849489450 11563122.2695312500
504529000.7104614973 11560830.4492187500
504589633.2859756947 11577296.6015625000
504344670.1125836968 11550600.7539062500
531585965.0286851525 13100556.8828125000
503487046.1582126617 11428984.9843750000
504107812.5355744958 11516376.6484375000
504303025.1432953477 11538490.0351562500
533195329.1162570715 13135568.3476562500
503954222.1348149776 11496177.5585937500
533477173.7746258974 13141742.1210937500
554575421.0458927155 13348200.6601562500
555903351.0504496098 13353746.3671875000
540098901.2873127460 13254420.9531250000
539996124.3960490227 13251168.2734375000
539840890.8746626377 13248832.7539062500
539904474.0081261396 13250260.4296875000
539954610.7826142311 13250693.3125000000
554300311.2257187366 13342422.9570312500
556070893.7837976217 13354381.6445312500
554342972.0588190556 13344948.9023437500
503921258.9504219294 11480332.4453125000
503070259.4791305065 11337082.2148437500
508806617.7039474845 11932299.2812500000
538805008.2097716331 13233547.0585937500
538670026.4410196543 13229307.6406250000
538508730.2028702497 13229213.4414062500
538768172.4272094965 13230956.8281250000
538339719.7661561966 13226907.5898437500
538215909.1915764809 13223744.0703125000
537947254.0703612566 13218504.3984375000
538174498.5864202976 13223301.3437500000
537963036.5444514751 13221506.7890625000
537457508.1716572046 13213757.4843750000
537377249.7317122221 13212105.7578125000
536382332.7269138098 13202637.8867187500
503592144.9129781723 11439380.7304687500
503366042.3251829147 11407431.2187500000
502945099.9970884919 11320573.3242187500
503033069.2671927810 11333836.1367187500
502921003.4445206523 11315565.0546875000
508806017.0271815062 11928984.3984375000
533816642.0752429962 13148804.5820312500
503341204.6680579782 11392003.1562500000
503067833.0079951286 11335359.7460937500
503151274.2716885805 11351658.1523437500
502924438.4310896993 11315834.4531250000
534787544.4179879427 13168673.8632812500
534722179.4666305780 13165958.5898437500
534454328.0066857338 13159884.4335937500
534397082.8488843441 13158756.7773437500
534239479.8830685616 13157923.4843750000
534165052.6709238291 13155404.4375000000
534159609.2304841280 13153105.8867187500
555792762.3697913885 13352718.8593750000
555725927.7675141096 13352473.5156250000
555365754.6497538090 13351224.1445312500
508708905.0313769579 11919236.4218750000
554414158.7973875999 13345685.8945312500
533088786.2347177267 13132200.5234375000
553454597.6949111223 13338287.2148437500
553688077.2557569742 13338956.2968750000
532392301.0605943799 13118060.0859375000
532365914.8192304969 13116899.9687500000
513945341.5267052650 12304832.4375000000
513713067.0487228632 12280422.3867187500
513773510.8430693150 12287904.8437500000
513813130.7695765495 12288348.8828125000
553193287.6918249130 13330100.7656250000
513766954.0819588900 12287198.2304687500
513520347.2475537658 12250903.3398437500
552654681.1789021492 13321751.7421875000
513367639.7011805177 12233146.6562500000
513285516.2589139342 12227228.6679687500
512772348.8165328503 12189914.6835937500
513139478.2284435630 12209762.4257812500
513000780.3676708341 12207348.6835937500
512971221.6149405241 12199690.6250000000
512853823.7998347282 12195103.9218750000
512438496.9410576820 12162106.7500000000
512517897.3800798655 12173927.2695312500
512336906.5271722674 12154674.8515625000
512191059.6714767814 12146051.2148437500
530621958.2710754871 13028771.9843750000
530554272.1351619959 13027948.9179687500
512104256.6519871354 12127661.6132812500
528955653.8895999193 12979120.4375000000
528907749.6471673250 12978377.6484375000
529317861.7289110422 12986646.9218750000
528864407.7358549833 12978121.9804687500
529980895.3399073482 12996450.9101562500
529729905.6039246917 12993112.9296875000
529291708.1968636513 12982156.1054687500
511768987.7147247195 12096421.5039062500
511802950.1011306643 12098578.0078125000
511888292.9645676613 12099969.8906250000
511536693.2419620156 12072691.2460937500
511584458.0642883182 12078352.2656250000
511441908.7953484654 12066184.6640625000
511386405.5947670341 12058973.1484375000
528310157.6694883108 12935457.6171875000
528070283.0983537436 12930494.4726562500
527942956.6773588657 12924047.0351562500
528364010.9165775776 12935465.1875000000
528255773.3806412220 12934011.1132812500
511332224.4646589756 12043944.7617187500
528198519.3882749081 12932207.9179687500
527889827.2173397541 12921647.6914062500
510844701.6606574059 12009348.6875000000
510771163.0967730880 11993515.2500000000
511253223.9940732121 12037582.1289062500
510769542.6127641797 11988665.2929687500
510622524.6683247685 11983338.1406250000
510630531.6502944827 11983864.4023437500
510468610.8440776467 11960980.3359375000
510447966.6468974948 11959261.3554687500
510438046.6002631783 11952894.8046875000
526684703.7254177332 12869863.1171875000
526451783.7350525856 12863729.9140625000
526233949.9923192859 12855675.7343750000
526250710.6794127822 12856450.4726562500
526229809.5951409936 12848951.0078125000
526448855.3902580142 12860581.0429687500
526345373.0899748206 12859067.2656250000
526417576.8770344853 12859414.3750000000
525291273.3268511891 12802578.5351562500
525039260.4104121327 12798031.0273437500
524390306.5921779275 12774596.8945312500
524338009.9281346202 12773897.3085937500
523907861.7668333650 12757908.6015625000
523983704.8809238076 12759029.6015625000
523511403.6789404750 12740672.6601562500
524180294.6508684754 12764260.6484375000
523897496.6962983012 12756277.6875000000
523747146.7068969607 12752087.7148437500
523263507.6579181552 12728996.5156250000
523105566.0397714972 12721546.2460937500
522860239.3475356698 12706376.9843750000
