264210775.1013545096 2909.8342556953
243810432.3023007810 1953.5989649303
256319691.9023186266 2770.0063989162
247399730.6860229075 2252.6571481260
255800299.0731637478 2754.2405374050
256184068.1392809451 2769.4420115948
254491917.7365567982 2692.4833468497
257302327.9067741036 2807.4739470482
264893730.3767310977 2910.4613785744
243706973.0096953809 1942.4815717047
254646805.5265768468 2699.8212318718
257169077.1303988099 2799.7234435081
247100887.7508255839 2243.1691075161
243995649.1473707259 1973.2323428771
245551221.2684822679 2122.1823073626
254071983.7305372953 2672.3682440817
257162441.5910859108 2799.7228064537
263504227.5723349452 2904.5091557503
250905217.4520554245 2489.5665715502
260691632.7886392176 2869.8912501335
239887017.0046543777 1264.3328173715
240001412.1758644879 1299.1948915083
255270005.8652833402 2728.3990306854
255511023.0528978109 2740.4294345379
240198501.5949603617 1356.6207915651
247348070.4945928454 2250.5594344859
255882606.3178290129 2755.3229005337
270990291.6986626387 2919.7586903572
247409170.0904086530 2259.7037091975
261307168.2118024230 2884.4415497780
271568978.6710265875 2923.1333279610
239995852.7920299768 1298.6688275892
254229758.7123940289 2682.1163817942
257565000.1272039115 2815.0358538628
240157185.1695876420 1340.9368513706
240041538.2940172255 1320.2136727678
240485785.9761562049 1415.5378221972
243121422.9596277177 1877.0782559175
239103638.5398524404 888.3933126762
240133367.5701218545 1338.0331813204
246465899.3777263463 2193.0083872991
247248198.5384041965 2245.3267381315
243862667.1946347654 1958.3699674910
257556818.0184893608 2814.7057728767
257634810.6820446551 2818.4898457527
257376282.2574304938 2812.4832758904
243047727.6765027940 1872.2992198352
240119766.8775028288 1335.1903353791
243005200.4407359064 1859.6767527942
243083761.5385995209 1875.4538590793
256667517.0683609545 2781.3280920982
254200462.6189389229 2678.6033453047
240422188.3708234727 1400.7827728493
247275138.5706620216 2250.2798414188
254296105.1929823160 2688.3168534338
239958522.6080517471 1278.4883819181
242811968.8508794010 1832.4569772367
239093743.2188430429 865.6618941886
246502657.3391225338 2200.9790038039
263700869.3508227766 2904.5988440514
239965612.9259872139 1278.5204523164
257029869.3490844965 2798.9506468773
245702217.4816541672 2129.0384504338
247363030.1121488214 2251.5685214235
254563795.1254563332 2698.5736021101
239908622.2402267158 1275.3337426740
257710393.7790438831 2820.7104916573
256713764.2222312987 2788.1706995964
261031497.3265796900 2877.5324788094
246164497.0800171793 2172.0941093107
257215632.0708567202 2806.1262078285
239129647.7116062045 907.6186423165
240088447.7515685856 1333.2857066500
260111770.3141725063 2862.0163826942
247230624.7103678882 2245.0815246825
254187762.0005664229 2675.5494014323
240122713.8450460136 1335.8664741942
246984488.6884928346 2236.3686242823
254048161.8054892421 2671.5220113099
254867730.0486849546 2708.2762303650
243539860.5327382386 1918.4913195799
254135168.6537615955 2674.9022435248
240446950.3716385663 1408.3384435875
254323741.4270096123 2688.5566538870
257956632.0858610272 2824.9829335213
257205494.0687499642 2804.6595320702
246080895.4291146100 2160.1562954952
257658683.9781056643 2819.6065411568
241543240.3434298038 1614.2816522348
260372988.7900076807 2868.9741053581
261848092.9609228373 2888.5037579536
240021899.8169157803 1312.5306573903
244037614.2962125838 1975.4095695933
256645979.9712807536 2777.1999828815
261637856.9976933002 2887.8955864906
256656260.0035905838 2778.7615816593
246587354.7648751736 2206.9508632590
262984953.5440725088 2900.9536938667
239097909.7350063622 882.3455543637
246928674.8997313976 2229.1965834252
239069491.7906364202 865.5663076652
255219593.8886547983 2722.1034037471
255336495.5970629752 2729.6101366878
246480838.8540059626 2195.9691161086
256878288.3346099854 2792.7569267750
239064222.5622163415 825.7876508609
240372172.3003167212 1397.7898687822
246677277.0216811597 2213.3856378143
240166916.5249157846 1350.7354208028
246652399.8156572878 2213.3014668395
271459936.6670929193 2921.3137116432
241788593.5739218593 1630.0444205034
239179510.9670473039 928.4653221760
264822568.6808035970 2910.3116440773
243756229.3266486824 1951.9546861952
246566202.2015019953 2206.3033345481
262629004.8380775750 2896.1878190041
240276648.9711159766 1375.0614209491
241605124.9206219316 1629.7886069047
250783595.7689439356 2475.6255330171
246389554.5878964663 2186.4054730674
240068046.9764641225 1326.0408617055
243674142.0120653808 1940.3006347845
250537974.2178746760 2466.5902546968
251016335.7372149527 2493.4691886669
245904824.6326653957 2151.5665595075
260152011.4085652530 2862.9379305840
239213084.7389092743 932.3693185509
245808997.0800375044 2141.1123163243
263979332.3690047562 2907.2873902321
243568614.9750144184 1933.0465892981
243430096.3760283291 1916.8253097897
253916114.5814806223 2655.5590244830
243934275.4086239636 1965.7349556452
239305273.8336547911 947.6373874068
263756403.6809392273 2906.0076146126
242894780.3571758568 1852.1187741641
241555799.2979965210 1624.0064001310
262852349.1944508851 2900.4635891914
263290054.6972022057 2903.9806180000
242882092.0440032780 1838.9013706405
240084301.5996270776 1327.8797316104
255343465.4624425173 2731.6275360584
244211379.5059007108 1976.9000514885
259731616.9722929895 2850.3836092949
239068135.6967185140 844.1359103838
239123214.1873214543 895.5645583939
261822582.4377705753 2888.2387013435
250793232.7610557377 2476.3093002576
262841545.3088262081 2898.0181155205
242838221.6167986691 1837.3760549907
263757860.5381477177 2906.1052041054
245967757.4349416792 2155.1161154889
239171009.5412243903 913.9760236263
256506554.1005385220 2772.4664373398
260462242.8876908422 2869.7342410088
250503959.6676356494 2458.7795839700
240164696.6336949170 1349.4059947959
243427181.9375211298 1914.2495182520
245955596.8665942252 2153.0161790987
245857447.4851370156 2148.7745315572
260300316.2578185499 2866.7676196098
239107522.0488663614 890.0798647672
243232322.2891279757 1882.9362247024
250702959.0260734260 2475.1934263798
251469297.9198150337 2511.7585031074
259384968.6165915430 2836.2590929866
240013551.0315468013 1305.4973740971
259457765.4515664577 2840.3628559113
241184375.7119133174 1541.2832817047
261554745.2844821811 2887.6439938545
243189888.2970920503 1882.7992732410
256540589.7623840570 2774.5330228806
259610687.3263684511 2845.5480437279
241536746.9974811673 1611.2362001215
243021143.4410094321 1863.7343261127
263130108.1363915801 2903.1387944221
246359454.0677355826 2182.2741649389
241879750.7580329776 1631.4495463812
246415914.9091588557 2186.8295663070
251498666.5214394629 2520.7397500144
243185892.1875275671 1879.4504121309
259906051.0660029054 2858.8302388191
241270655.4947358966 1569.4745103785
241453107.3158668280 1607.5412551987
259843692.3658754528 2852.5654995441
259903359.3658803701 2855.6860852242
241440367.8692203760 1605.4546606767
241450992.0316626430 1605.9585334098
261504526.1761139333 2885.8378949165
251052453.0311973393 2496.2419156160
241435760.4248656631 1598.3702820700
251350057.6266901195 2510.2639134096
260070751.3509303927 2861.6317229271
259821856.7417890429 2851.2866802216
241153526.3976117671 1538.8474381113
241307457.3513017893 1582.4805576273
259705736.1257869601 2847.6277465820
241193748.8681545854 1543.2529423007
239852662.8280637562 1235.9716536093
260747649.8217169940 2874.9328293800
254978746.8745920062 2711.5572634041
239977573.9761890471 1283.8000942755
241119892.7236078978 1538.5629614734
241159102.6695968807 1540.1064239890
270731024.3412975073 2913.7134518623
270700796.2648819685 2913.2141642570
239880305.5279154480 1239.3833809707
251904241.3432547748 2534.7221135388
241099570.5171387494 1538.2182757401
241005784.7495438159 1517.6644928598
239400353.3691831529 987.9447536511
240942570.1193408072 1497.6956793212
270907657.9546571374 2915.5825314522
270785598.5403650403 2915.2545418739
241049261.4983850420 1526.7486821556
239440576.3489844501 997.0793949208
262322997.2397885621 2892.4617638588
239444523.5533407927 997.5721717915
251840829.1443773210 2529.4235089070
242219506.9471449852 1706.6864951665
261188388.7992307246 2881.2710518837
242281906.8319118917 1726.7720217831
251776701.5396100581 2528.3181836104
260838952.2666815817 2875.7586369514
252024733.1150746644 2534.7792068645
251755990.4665300846 2525.2364530417
239365130.6286054850 955.2958820802
251930858.5047260821 2534.7725999004
242745231.7466872036 1801.6329001866
240982100.1511522830 1514.7374783897
251661299.2163287103 2523.2876336223
239807442.9984195530 1189.5461858436
242374659.1835488379 1751.0436008412
240761508.6844337583 1449.4088616514
242287362.5642684996 1728.8242123562
239383840.4291798174 973.7443100056
239440511.8659397960 994.7916645697
245428906.5890988111 2095.4215064177
245376866.0700471699 2091.4492799991
244965002.1037535369 2054.8192966451
245243572.4412307441 2077.5420992330
262479951.2365408540 2893.4638142586
245285862.4771000743 2077.9812814177
245190726.2302520275 2073.8705727041
262235306.8710859716 2891.8787026405
239466771.7538843155 998.7354016305
249928160.7690968215 2390.0129668169
242445494.5743972957 1756.1297381285
240819547.5517750978 1473.4405900308
240662055.3559871614 1429.3925714859
240703904.8206322491 1446.6853001260
240792224.2682752609 1470.0203850412
244744243.6819985509 2031.5835189261
240768196.5257716775 1450.5743901872
250274898.1352447569 2421.9221277290
250263224.7786842883 2421.6541023307
244835833.1152724326 2042.1067944944
239560407.2067925334 1040.9144765050
239475110.4618984461 1016.8462331591
241188694.7620694041 1541.4374238004
242257340.5104355216 1725.7842170286
244701567.6584254801 2024.5104096388
250348212.3968541920 2427.5451521779
250358596.1351431310 2434.8632159286
244564972.0019252002 2009.8381522154
244483448.6955206394 1998.7450516676
244542374.0874459445 1999.9032672672
250482489.5101182163 2441.6758985512
240791876.5856159329 1466.8716225669
250413650.4143959582 2435.9765505488
244348051.4286460876 1988.8303568815
244317030.5817170441 1979.7756779646
242330411.3846499026 1733.9591944579
242237675.1771815717 1723.8139728234
242690638.7175057828 1776.1469907454
242563022.1187832057 1772.4829232761
242692152.5143059194 1777.1811354100
244692910.5533956587 2014.4305914068
270396141.4114082456 2911.1163048744
242548702.1180841029 1771.6916740502
239803912.5121378899 1069.3275815969
239765207.8171139956 1067.4554618567
239745648.4000403285 1056.5182401570
239711420.5967184305 1046.6985299115
252505250.4881710708 2536.2603317744
253558742.0044763684 2575.7856893282
253325693.4745654762 2571.4048289026
253504343.5912730098 2575.1915696340
253634202.5660336614 2586.7502435411
253205852.7401649356 2564.9720371927
253480936.0845953822 2573.3135684694
252729580.5485039055 2541.0750302042
249553588.8142994046 2323.4413778516
249582582.5093447566 2325.9116632114
252949044.0458304286 2554.5520061220
249755354.3136726022 2339.8602959098
249628841.1811781526 2326.9053336614
249491099.0791729093 2298.6973053398
