971986432.1326286793 10606389.2109375000
972230108.6778736115 10615061.1552734375
972821398.8870120049 10675919.0087890625
992906523.8144000769 12060057.8916015625
993774794.5391474962 12096585.1074218750
993329384.4800039530 12081048.9775390625
993451243.6693830490 12087901.3896484375
993226276.4789665937 12079667.1142578125
972283903.6124780178 10620481.8261718750
972600480.4410805702 10661521.6611328125
993020644.1547305584 12068796.7783203125
972537502.1344573498 10650582.5292968750
972444459.8607163429 10638351.4560546875
972466515.7924170494 10638870.3330078125
992799344.3250533342 12054644.2919921875
992553792.0644682646 12042764.4267578125
973186017.3380200863 10708420.2148437500
992717276.3769284487 12050171.8798828125
972938769.8537029028 10686671.6015625000
1058372025.5212227106 13853520.3125000000
973472762.6481640339 10721540.3662109375
973663012.8271089792 10730388.4785156250
1022149556.6883093119 13049690.6621093750
1058443826.7375389338 13853952.1152343750
1058514913.9509898424 13854851.2851562500
1058614408.3657232523 13856009.4218750000
975011526.8509773016 10895850.4853515625
975077758.8106487989 10897673.1279296875
1022105834.8500828743 13047333.6347656250
1022821446.8039207458 13062633.6992187500
1023021629.5679149628 13071825.2460937500
1022891593.7518606186 13068239.8261718750
1022606404.0539369583 13062239.2812500000
1022367294.4988734722 13052649.7187500000
1022416609.4279073477 13056218.4316406250
1058944126.7308586836 13861285.7304687500
974024297.5402058363 10736181.4824218750
974638362.1680399179 10852200.3759765625
974727963.9846584797 10861299.2314453125
974938900.1404198408 10889677.5673828125
992170392.0596538782 11998340.5898437500
991992182.9759547710 11990559.1533203125
992333044.2315559387 11999476.5478515625
992085966.2496913671 11994459.8291015625
1022003852.8958886862 13044696.5898437500
1021709451.2425398827 13036918.8945312500
1059280334.6425896883 13866163.5156250000
1060366209.8631335497 13877150.8339843750
1060015018.9282729626 13871535.7226562500
1087335562.6648156643 14035474.6855468750
1087148237.2743287086 14034840.4785156250
1086917160.4204661846 14034517.1152343750
1086696775.4881386757 14032521.7636718750
1086803916.0697517395 14033267.6718750000
991784171.0126241446 11968993.0009765625
1059835340.2596575022 13871440.9941406250
1060310470.0759344101 13876777.7578125000
1060149933.6511496305 13874237.1054687500
1060016915.4462462664 13873405.2832031250
1060181806.6212838888 13875975.7246093750
1060160078.3049422503 13874611.2226562500
1086616924.7432599068 14032475.5332031250
974879183.5452976227 10874459.1796875000
986365362.2613917589 11658219.1728515625
1020939656.1383098364 13007379.7597656250
1020704061.4569443464 12998337.0429687500
974344096.4351313114 10768914.9677734375
974257057.4239386320 10763779.7685546875
974280794.5572885275 10766721.1835937500
986119018.2104245424 11647599.5810546875
986322534.6344127655 11654345.6445312500
991686795.7885149717 11948691.0683593750
991599612.7923519611 11943462.6689453125
991469843.5768564939 11941808.7646484375
1020558071.8470170498 12984321.2812500000
974570343.2710509300 10804337.1650390625
974566221.5711823702 10799900.4472656250
974546862.4158395529 10793320.0566406250
974512461.0014008284 10790617.8203125000
1083984131.0659534931 14018503.5273437500
1083338833.6472787857 14012227.9746093750
1083412549.9533233643 14014049.8847656250
991163121.4210317135 11922547.0888671875
991377213.3550415039 11936481.4208984375
1020586600.6365332603 12984485.5644531250
1083437388.7342135906 14014660.4726562500
1083204398.9619922638 14011980.8652343750
1020254062.0416523218 12974248.4121093750
1020107593.9511094093 12968638.8144531250
1019987075.6686949730 12967139.9316406250
1019960438.3563545942 12961536.8007812500
1082719379.3463060856 14004961.1718750000
1082946638.3094351292 14010655.6250000000
1082688695.6151900291 14003872.8730468750
1082738822.8278186321 14006839.0722656250
977616762.1117678881 11024223.7861328125
978035526.6428881884 11045586.1093750000
1046174584.2052805424 13608505.4570312500
988979577.8949903250 11805354.2021484375
988750148.4393485785 11799070.4052734375
988691284.2474123240 11793243.8828125000
988329293.8258848190 11771671.6386718750
988500199.6250998974 11785607.3320312500
988396590.4210189581 11774450.7910156250
988182356.5752396584 11762600.2607421875
1046267773.5910100937 13612377.4531250000
977330170.9964901209 10974370.3369140625
977468303.9744641781 10983976.7138671875
1045870167.3594450951 13598728.1835937500
1046090833.9695181847 13604650.4218750000
1080317750.0024425983 13977338.5898437500
1080528303.8276908398 13984809.3945312500
1080714301.9949488640 13985757.5546875000
977056265.8479739428 10919776.1865234375
977349507.8981890678 10979865.4521484375
977207540.7815021276 10963168.5712890625
987825516.3046222925 11738335.9326171875
987586124.5449525118 11729371.8125000000
987286660.6019217968 11713923.3837890625
1017378774.1334300041 12859783.9960937500
1017229428.3098871708 12852849.0390625000
1018011495.6053882837 12879727.0400390625
1018113546.3160017729 12884239.4501953125
1047151674.0139079094 13627879.4531250000
1047215478.7885775566 13628087.5585937500
1048563193.6387422085 13656826.8457031250
1048220629.4559196234 13649390.1796875000
1048358457.7323400974 13650982.5136718750
1049287431.2742695808 13657754.1269531250
977083115.1886775494 10930853.8173828125
977193614.5462951660 10943296.0156250000
978973765.6927089691 11070933.8164062500
978669061.4806274176 11054054.4824218750
1056341813.8573100567 13796985.8632812500
1056164423.1985447407 13790812.5546875000
1056277797.3612809181 13793705.6015625000
978787355.3908888102 11064856.6015625000
978861184.6081961393 11066051.2421875000
1056076110.8990459442 13790497.5839843750
1055711692.3307018280 13782444.0078125000
979350657.8187866211 11094700.6679687500
1055562295.2429862022 13782420.4062500000
1055812994.5844850540 13786121.2441406250
1056016890.2633203268 13786588.1250000000
1055371428.3232549429 13781180.5625000000
979564978.3076162338 11127077.0634765625
979172386.5493196249 11076551.1562500000
979186029.1099423170 11081043.4687500000
1017994226.7224496603 12878565.2978515625
1017672520.5181713104 12866958.0380859375
1017929572.1518020630 12878160.8212890625
1017555552.1748155355 12863072.8554687500
1017878454.5464153290 12873740.8925781250
980893061.6846833229 11175426.8310546875
980510178.5459003448 11172002.9951171875
980320905.5578955412 11158247.6064453125
980497000.7089263201 11162531.2675781250
1080102028.9253540039 13964798.7265625000
1080255486.3926596642 13965818.2871093750
1079545748.1938145161 13961701.4472656250
1079989636.2049996853 13964570.5683593750
1079819523.9841284752 13964284.8808593750
1079560195.5032856464 13961981.9824218750
987076129.6302953959 11701853.4697265625
986897641.8572661877 11691645.1767578125
986762363.1501193047 11675073.7265625000
986594682.3139072657 11669211.4921875000
986529800.6778556108 11668298.9492187500
986458766.5144836903 11659759.1777343750
986491388.9249715805 11661528.7695312500
1047804011.1590154171 13637311.4589843750
1047525682.1049242020 13633360.2792968750
1048216535.6080603600 13643388.0625000000
1048163215.2087986469 13642913.2890625000
1048156570.5551643372 13642879.1914062500
1077555304.5072572231 13945115.3945312500
981444923.4519265890 11208905.9521484375
1014984058.4388024807 12755159.9687500000
1014675630.7384032011 12741716.1396484375
1014774360.7977739573 12742321.4052734375
1014642332.3770744801 12736160.5205078125
1077544020.1798338890 13943799.1601562500
1077634546.6512737274 13946128.2890625000
981930241.5059643984 11247092.5605468750
1014331244.9509327412 12720733.7255859375
1051293467.1602821350 13682002.6152343750
1051625348.8411996365 13693471.8925781250
1052374058.4065349102 13703120.4785156250
1052537960.7561893463 13704346.0468750000
1051998137.1662857533 13698192.5585937500
1076828827.0252652168 13937823.9160156250
985278186.1132938862 11548147.2871093750
985333867.7606761456 11551984.7597656250
985149803.1019369364 11537155.3593750000
984523189.9142035246 11485967.0244140625
984457132.5016301870 11476376.0429687500
982055731.1029691696 11253523.8310546875
982679356.4804737568 11278501.3886718750
982336376.2171162367 11272456.5722656250
984631644.1774299145 11486459.7041015625
984385138.4464255571 11475587.4677734375
984418876.4010008574 11475651.1630859375
984201209.6855914593 11457594.0478515625
983992299.4827654362 11436248.3857421875
984153982.7006813288 11444482.0517578125
984115785.8534662724 11441174.6201171875
983639291.7832866907 11381610.7333984375
983398711.9246231318 11360861.9238281250
983006179.4607719183 11337230.1708984375
983345199.2273511887 11358545.6093750000
983052276.8605729342 11339931.8505859375
983436991.5986446142 11367207.5771484375
983407791.9004287720 11366112.8134765625
983180551.9241225719 11346534.1181640625
983391889.8533165455 11359488.1582031250
1051493016.5715330839 13687807.4160156250
1051969167.2693226337 13695572.8437500000
1051983831.0650355816 13696662.1093750000
1051541863.4730255604 13689248.4785156250
998442144.5415482521 12132477.5117187500
998289087.0179994106 12124537.3906250000
998214017.7908350229 12122423.2890625000
997981493.2176158428 12113308.6855468750
998059810.9302222729 12115198.8222656250
998007787.5793192387 12113329.3339843750
997736619.0396460295 12099997.0195312500
997970957.8991348743 12105289.9941406250
997717539.5838043690 12097599.4296875000
1076074513.7190785408 13926889.9199218750
1076491952.1859803200 13932143.1035156250
1076212135.2822616100 13928839.1503906250
1076345105.6657681465 13930761.1796875000
1075992450.1868994236 13918350.2304687500
1014417777.1889319420 12723552.2841796875
1014238013.3236844540 12719088.7802734375
1011977276.1977268457 12626827.4248046875
1013021389.3455880880 12667870.6181640625
1012877900.6874281168 12662901.9814453125
1012067095.2300678492 12629644.4599609375
1011918760.3743489981 12613377.7304687500
1012056698.9038573503 12627237.5595703125
1011849430.4214407206 12595578.1513671875
1011712672.0682133436 12588668.1591796875
1011831034.0379564762 12591925.8291015625
1117951098.6679980755 14060456.4101562500
1045333656.1919305325 13416753.5917968750
1045426989.4823696613 13425277.5449218750
1009962442.4255431890 12506952.1269531250
1009763866.5911561251 12497279.1777343750
1009641603.7553764582 12489495.4355468750
1009543224.7265981436 12484379.6386718750
1009500175.5087746382 12475548.0742187500
1009406138.0729125738 12465056.4101562500
1007972585.5497469902 12410246.8886718750
1008302974.4970719814 12424330.4082031250
1008118181.6564148664 12415346.1152343750
1007793039.3044587374 12402293.7558593750
1045075924.5647983551 13397903.4785156250
1007520184.1630698442 12377797.5488281250
1007361282.7693684101 12373828.5468750000
1044961447.5131816864 13394900.6796875000
1045122600.5357991457 13398106.6562500000
1006622384.4335715771 12320984.2324218750
1006330325.1237232685 12304870.9199218750
1006515742.7528191805 12315232.8984375000
1006412552.8314826488 12310116.6347656250
1006177357.1671627760 12298370.3984375000
1006278221.3117275238 12302435.9746093750
1117496876.7927050591 14054289.9687500000
1117126026.1017436981 14049508.6914062500
1117139178.7700316906 14053046.8515625000
1117040693.4500801563 14042457.3281250000
1117391370.4392712116 14054193.5410156250
1117380648.2862236500 14053408.9062500000
1005630955.3969490528 12265980.3378906250
1005755215.5388339758 12272096.4843750000
1006019430.6310178041 12288831.1093750000
1117074314.7840940952 14048617.0937500000
1117284413.1127243042 14053382.2109375000
1005166071.1043255329 12174563.6738281250
1044622381.5669888258 13362041.0898437500
1044671559.4422055483 13363049.6933593750
1044286920.5804073811 13351759.5859375000
1044547702.3815562725 13357055.7773437500
1043836149.2675013542 13281295.0585937500
1043504735.0132241249 13267962.4375000000
1043574406.4101831913 13270311.7500000000
1043008860.7969059944 13239054.8437500000
1043487373.1934930086 13247625.3417968750
1043226510.9450694323 13242258.3613281250
1043391044.9023176432 13246208.6699218750
1043193588.5851606131 13239427.3828125000
1042937884.3390109539 13221027.2949218750
1041911765.7254455090 13177037.2128906250
1040606291.8328890800 13102815.0000000000
1040377115.9648264647 13092932.3515625000
1040421044.4516186714 13095554.9785156250
1040365529.4149465561 13084334.5195312500
1040127320.1255083084 13076746.2753906250
1040122895.9781639576 13075286.7109375000
