1282587598.4603269100 1711393.1298217773
1282299897.7626721859 1710731.8130493164
1156386139.2955594063 1179418.1530268523
1155318279.6167767048 1174297.7213865402
1155623034.0930252075 1176511.1416740003
1155488609.6329889297 1176386.2625242355
1282047958.8779721260 1710154.2561035156
1281966493.4097549915 1709511.9916992188
1155150648.9388878345 1170901.0625816877
1155320005.2544405460 1174513.0266991663
1154879699.3619472980 1168802.6326958234
1280866512.8748607635 1708274.4212646484
1108689552.0576186180 650172.6535311479
1154630729.7447125912 1168714.4635879095
1154147868.4013202190 1165415.7278954084
1280868510.8578584194 1708778.5415039062
1280754875.6877062321 1708153.5502929688
1117352341.0175426006 794074.3270351231
1117353017.2425920963 794940.0735184212
1117433845.6206679344 795092.2154923935
1154527773.0452387333 1168056.7307030256
1153892572.9811902046 1163658.6339317854
1153704376.1834506989 1157477.8452730356
1153400004.4129779339 1157220.0724229990
1222488079.5200347900 1551587.5807236582
1275747883.4620583057 1701464.4539794922
1276499814.5739333630 1704068.4907226562
1280527082.3893892765 1708025.7963867188
1280451171.6715459824 1708011.3959960938
1108751411.3995590210 653142.9820991990
1109722225.7546968460 663582.2092170443
1109324998.2242481709 662167.6578006472
1113412786.2208805084 736098.1954933415
1113381361.2424979210 735721.6891941886
1112900754.5396206379 732884.7124357085
1112797357.3311023712 731932.5898318152
1112778618.6868715286 731509.9153189521
1112660488.9415936470 727570.0286764811
1116952979.5139002800 791538.2866531868
1117047716.4922568798 791598.3094101265
1117275809.0023190975 793714.0148849428
1116786927.5005843639 789544.6061400712
1117124458.5394709110 792591.1198661864
1116812614.0269417763 789994.6887599766
1116671062.5002391338 786009.5576564610
1116535310.2917413712 782747.3822382035
1116431008.0683565140 782699.6814667525
1152876863.7499380112 1152718.4739750801
1153157226.5348215103 1154726.7904250668
1152792164.0617074966 1150305.9178804336
1152993721.8220055103 1153928.8585542617
1220557598.7320101261 1541787.8396681733
1220523086.7657744884 1541620.8499220796
1220145193.6391901970 1540754.3812941499
1223075695.1584053040 1554481.4888047129
1223207957.7772624493 1554527.6958435923
1267507997.3534531593 1683230.7592773438
1276796508.8344891071 1704624.2397460938
1280083547.5810573101 1707670.2637939453
1278727139.9303574562 1705605.1291503906
1279055819.7901699543 1706423.6257324219
1278351178.9891648293 1705536.7700195312
1278741358.3682882786 1706098.3569335938
1152753055.8964848518 1147856.1875538891
1152611339.3016753197 1146663.7272877758
1152425405.0141484737 1146421.3594288891
1109698156.3952245712 662482.5149307071
1109118704.8562917709 657990.5195216860
1152196274.8575150967 1138473.8461327022
1152016591.8619086742 1136057.3665064014
1152228027.7208013535 1141696.0537743038
1152047214.9740316868 1136090.4214799916
1151319494.1160242558 1132490.8333208477
1151298321.9328873158 1132198.2824626481
1151693934.4554109573 1134880.5477922475
1151180693.6750941277 1129399.5477617299
1151609419.4603414536 1134699.6685197866
1151894707.3455686569 1135149.1699606394
1222084460.1569788456 1549476.5700024515
1219962878.5613479614 1540194.3071974702
1219673302.5604872704 1537647.4939040132
1109919145.0943655968 666652.6693650713
1220310256.2764141560 1541505.9647425599
1221631050.1751580238 1546098.9354698807
1221116444.7837312222 1544730.7706749588
1221666063.8443717957 1546671.4460899979
1110282652.3571388721 671621.4206227962
1112608888.2591426373 723284.6227531295
1116198461.0872535706 777666.0944382247
1116062910.0482652187 776183.4862894120
1220751389.8853187561 1543068.8177756257
1221642955.3015384674 1546569.8032452017
1221382732.5503256321 1545240.6415554434
1221452638.9015343189 1545730.0287624747
1112407755.1074624062 718197.4778191439
1115684780.9854838848 770854.1028154191
1115335618.7136020660 766797.0783061312
1115495929.7781639099 767184.3039916084
1115570738.9831039906 768302.0144370125
1115282736.8437824249 762166.4887698222
1115254263.6290419102 759166.8022907305
1267070831.8801937103 1680506.1926269531
1267425823.6599380970 1682879.7095336914
1267191395.1521542072 1680727.3981933594
1112522417.1943840981 722068.4013573519
1112358993.5399808884 716633.6900231234
1115223688.0410292149 757406.3114281544
1115270528.3863179684 761572.8157184649
1115022957.4431822300 757378.6478161161
1274251556.6376237869 1694861.9598388672
1113928882.1549758911 739509.2811610589
1114207869.1531350613 742384.1365460453
1113814024.6873068810 736612.7401172898
1111519293.5306777954 689848.1350310349
1111715307.6861252785 693702.5185854936
1111602952.1973257065 692178.9680020285
1111581060.5397884846 691355.0139629764
1111390830.8557748795 688426.4516062213
1110780844.6442031860 675994.2089849084
1110926820.6025316715 679034.4596588913
1110973931.4054675102 679609.9084588027
1111091600.6121611595 679617.2670643440
1111135473.0848045349 679655.2745525948
1110753589.0821020603 675578.9114124886
1127182606.4922924042 854682.1909744137
1127665863.1159281731 862571.3472063926
1127223058.3342311382 857577.7281039145
1127471378.1174912453 860581.6834872153
1151067168.8441073895 1124302.4977561268
1148413163.4470665455 1098828.5723968702
1148855311.9134955406 1102373.9156681257
1148263657.5516195297 1098615.2259613234
1148694937.2241547108 1101655.7179508540
1149421362.5829796791 1107306.2091694209
1149281168.9120347500 1105617.7461644225
1149061138.5485482216 1104819.2476139399
1148882622.4166917801 1102884.6766865281
1149031895.0730957985 1104010.6494337278
1148599228.4143984318 1100756.2968145567
1147914146.1769506931 1091732.7789922911
1144880048.1132094860 1058354.3092370313
1145084080.9181139469 1061564.1677115243
1144894001.3129551411 1058882.5492272656
1144447682.8039429188 1055622.8985934388
1144229844.6865279675 1052635.3415953349
1143858245.6254332066 1050155.9691588115
1142578469.9770946503 1037577.4096403999
1142499352.7743957043 1035455.4068315757
1141857721.1873030663 1029465.3447778953
1142034943.4899523258 1032674.4232691062
1141741992.1763577461 1029044.2826523689
1141528632.6318569183 1026131.3688335327
1141139125.5079004765 1021245.2248237443
1141512788.8394734859 1025174.0604138282
1141408635.8224971294 1023851.6272776437
1141335864.1778216362 1021434.5665547464
1139822367.1243815422 1002874.0836455103
1139824993.0346598625 1003018.4049345728
1139654286.0751771927 1000854.2607406552
1139607476.6660256386 998411.9178788241
1139402858.2797176838 996997.2961105283
1139328620.2090833187 996183.1691116269
1139333439.3756980896 996329.4728225644
1138977102.1920695305 992084.3034500058
1138955037.2816083431 990793.6141113068
1138063969.2031998634 981066.2767571926
1137769955.8548514843 977901.2043484270
1137572887.9107398987 974746.3615422870
1137446389.0457303524 974294.5964055683
1135632416.4021205902 950017.0242489188
1135018500.9096508026 938315.3213397699
1135304726.4483735561 941212.4670442106
1134999510.6500096321 937311.1960818010
1134948419.9367418289 936497.8549243646
1135175476.6188948154 940432.2270404535
1134738353.4539735317 935785.6892062860
1134580846.1534469128 930543.4937835196
1134583195.0670850277 931466.5012650162
1134590029.8724792004 931850.7655578116
1132876100.2249875069 913814.4778002468
1133097133.9723269939 914231.5543230739
1128277058.7737107277 866584.0669314053
1131925694.5015177727 900555.9134846893
1128153550.2249760628 866038.6047732022
1130861976.8128936291 888314.3022914864
1130698288.5501809120 887769.1397267319
1130161376.9464805126 881348.3006729073
1130436369.3241474628 885123.4132287242
1130021073.7185688019 881277.6608413643
1130242380.8336846828 882103.4085237542
1130431814.1835613251 882996.4490493721
1129977711.0508570671 879361.3481124825
1129739639.6886687279 878053.0428770966
1129829305.3521623611 879345.5122665352
1129361467.6170289516 875223.2012313789
1218634140.9169225693 1529754.4922251226
1217294551.4080405235 1522055.4385051685
1216863503.0175499916 1519570.5482773250
1217783234.4683818817 1523713.2214519402
1217261623.7465114594 1520950.2537676713
1217452417.6272563934 1522763.2702800652
1216910700.7890899181 1519797.3623976028
1217208891.0470292568 1520880.1455215877
1217013499.4712710381 1520691.6590798586
1216935374.2437226772 1520495.3331894344
1216641389.2896413803 1518706.3182968562
1208242383.5139057636 1460683.9877492413
1208377401.0874309540 1463213.3061849102
1208840446.8035807610 1465410.1053487286
1208284435.5824637413 1462957.4243947491
1208275837.0838220119 1461775.9046040997
1208572324.7828090191 1463492.2890492901
1208254600.7834253311 1461142.7725750729
1207570620.8412077427 1458571.9784572348
1207766830.8479259014 1459975.9481837973
1207656813.4900090694 1459512.4745509848
1207280206.2762846947 1457366.2558825687
1204793277.0928456783 1430962.3149324656
1205060439.3773908615 1431114.8515730202
1205201318.6748340130 1432653.6614373624
1206168167.4435653687 1438448.9182053506
1205311611.8523209095 1433218.7868452370
1205207852.2379128933 1433160.9578657448
1205404086.6569240093 1434505.8948774636
1205811303.9848556519 1434716.5279703438
1203660497.1970961094 1418972.7658748180
1203737249.1934595108 1421088.7969035655
1203938462.5148191452 1423003.9167766124
1200789212.8435618877 1392997.1778987488
1200245570.9920651913 1386107.6824585190
1200229605.1437253952 1385102.0935913315
1200273356.2965874672 1387015.8765503159
1199632239.9132857323 1380664.8286893209
1200076948.5996577740 1384400.1039786329
1199870334.9372775555 1382671.6363883009
1200070023.0578901768 1383513.4362390032
1199810321.9945695400 1381860.3003056040
1199980950.9636461735 1383118.1459097853
1200020416.8201248646 1383139.0331273070
1269389973.6996064186 1685627.2551269531
1270557714.4619472027 1686693.2062377930
1269530291.0227489471 1685977.2889404297
1270028480.4836125374 1686613.1070556641
1269878649.2717149258 1686462.4503173828
1270771561.2582831383 1686877.7203979492
1270085819.0228998661 1686619.5867919922
1265490643.0642814636 1669523.9626922607
1265947331.0786747932 1671544.8203582764
1266557293.1554656029 1672153.2696990967
1198085350.6041245461 1342763.3295971295
1198267986.7193436623 1346314.9993816754
1198191040.1523871422 1345380.6509395977
1198103005.9221596718 1344901.0301586529
1197571735.0031309128 1338919.3941780617
1197965743.4705729485 1342454.1118694684
1197395191.3661582470 1338133.0841376511
1266002746.2070801258 1671764.7744598389
1266039649.6175010204 1671910.9947357178
1197759909.3267271519 1340273.3183828359
1197035149.0290408134 1332271.6460591676
1197000897.7149841785 1330719.0288258912
1197230235.8492989540 1334401.0609914185
1196773653.6580064297 1328548.7690455979
1195868135.4866383076 1298937.0499242293
1195777157.7742004395 1298652.2887367355
1195553923.2928633690 1295950.3426980125
1195918588.4503476620 1300153.7150158035
1195628703.1885759830 1296255.6337780105
1195735199.6011676788 1297163.8146862136
1195858127.1891334057 1298916.6552013503
1195421994.1461954117 1294046.0068504312
1194890525.7875173092 1277069.2254097871
1194756934.2481229305 1276956.9048531465
1193925442.0974299908 1267876.6049254541
1194404773.9295647144 1269835.0046757292
1194165138.3230323792 1268664.0297001433
1193757054.0464289188 1262087.4501169752
1193474284.3795599937 1259087.8529490065
1193285432.0451056957 1256603.9291873407
1193554162.4141397476 1260398.8035105299
1193506040.9397110939 1260132.9443796705
1193269226.8979856968 1256600.2876032423
1192750182.1566653252 1248418.0817799401
1192686005.3185074329 1244433.3888586592
1191834901.9806566238 1236905.6372124385
1191392797.5480854511 1230811.5577665679
1190471878.4696681499 1217381.4633791558
1190800357.8056704998 1219290.8076784723
1190846978.6499810219 1220832.2832033746
1190426420.6530117989 1217369.2963259332
1190809515.9645202160 1220022.9625551812
1190089023.1423530579 1211712.2726230230
1190651032.3941292763 1218648.5498354547
1190055221.6332054138 1210124.7036717050
1189857763.2358233929 1201576.4655711167
1190006398.6567933559 1208098.0869853012
1190001510.2977004051 1204793.5525593273
1189711292.6453444958 1186323.4654486813
1189258836.5680675507 1182953.0357996263
1189581905.0740258694 1184032.4092963375
