697669464.6003811359 895.5177736878
711132575.0221083164 911.0944514871
678972175.6418011189 781.2959140403
642779773.6139249802 345.4557242716
651138879.4972656965 485.8797197296
650923934.6996560097 485.5985171044
690665468.9316177368 864.1876804233
696437998.7424545288 889.2457122207
701577561.7004203796 903.0199164748
709539499.6584132910 908.8539893031
669875116.0826145411 710.9714392584
691032640.5229064226 865.7569497228
701676852.1905556917 903.0822586417
642484650.5331782103 342.3552187754
650914041.5863951445 484.5378730142
650681622.2637230158 482.9188422406
697752711.8931965828 895.8627822995
690199893.6149748564 861.6235018969
650437549.9997071028 479.2568124960
691095610.7164554596 865.9263736606
698402131.3289334774 897.4056362510
650614584.5363328457 480.7021261633
698624137.9015209675 897.7434789538
650514110.2003407478 480.1980150507
650432571.0671445131 479.2244111911
650643286.3733812571 481.5323996716
650389115.1566359997 478.4431337134
650243025.4049910307 473.7663109914
709967149.9428935051 910.7584568262
650337600.4824262857 476.8530193018
650296493.3107459545 474.4823996287
650317563.3883275986 476.8262517468
639437133.1520478725 225.3177710699
650309996.7300959826 476.6339463454
651229569.2292650938 486.0862204800
691115641.4182623625 866.5007417202
696412021.3244524002 888.6353253722
643166777.6341650486 353.8302230031
643223768.4660428762 354.4457147349
643013060.5983196497 350.9733240490
691103242.4314894676 866.1896100044
698556358.0150563717 897.6842355132
643228715.4247891903 355.7825489272
642612671.8726755381 345.0875372885
643023849.4827080965 352.7057038431
642926782.9962580204 350.3964969997
696418276.8286833763 888.6818166226
702216082.6170713902 903.7542718053
702267107.2953811884 903.8121637106
642315834.5693944693 335.9607596573
690997005.4335310459 865.3518289328
639226846.7123614550 217.1833420204
639317209.2156506777 222.7101403038
642873248.5761289597 348.3402238970
678420799.2311108112 778.4488673521
671913576.4445697069 730.2241587195
691195243.9939854145 866.9072583914
690848712.6197562218 865.0138032436
690758324.5306788683 864.7190048695
672276998.3551644087 733.8769021410
678088374.0735769272 775.7083577229
650556619.3862155676 480.4110092979
678287990.1984337568 778.2306635095
697781216.9610402584 896.1339438558
698326692.3159701824 897.1260327697
672944264.9163696766 737.5988998559
678791010.9446693659 780.6571206724
696629512.8343479633 890.8718399405
664992059.8354696035 654.9463249116
690697081.1590040922 864.5176064968
696613975.7374371290 890.7833217978
669571232.9744790792 707.9906343724
670346084.3252780437 715.0804261733
710368493.4151537418 910.9817969799
665160209.2065247297 657.0340419455
670097618.1620353460 713.5301323693
678700925.7284618616 780.5977064682
678245539.2661867142 777.1506223990
710249902.9445004463 910.8445706367
678405753.2365058661 778.4156948639
697853150.6153423786 896.2763883471
702510057.5486927032 904.0397246480
702488017.3557852507 903.9749282002
648667968.8420221806 449.4563950393
669631303.6491494179 708.3473193954
669922291.9446017742 712.2144709985
669678322.2577866316 709.8197698902
702295945.2795231342 903.9079661965
665001863.9299976826 655.5036697282
643081900.4168103933 353.0989781727
648894920.2677254677 450.8403932135
648472360.6815495491 446.4615963790
642952901.7461804152 350.8178131969
690441300.8373467922 862.7691388130
671878645.8241963387 729.8555676357
690197935.9501736164 860.5518662930
698349711.6237347126 897.3300381303
696645425.9849992990 891.1056341529
697488920.1168290377 894.2919135690
702185830.8414647579 903.7492006421
709741684.9393270016 910.5580900908
642931151.8277914524 350.4198564507
690312740.0957899094 862.2091270685
689938457.1282726526 859.8263766766
710083038.5123865604 910.7848209143
711183079.3506108522 911.0951229930
697511982.7297008038 894.9315655828
642190072.0744655132 332.6445005711
696740058.2259850502 891.5324962735
671981949.5055655241 731.0248687283
665549080.4072986841 661.0459758534
665194946.9002007246 657.9457072510
710790366.4913328886 910.9966596365
697103989.0216865540 892.9817078710
642477699.0927431583 340.3866161482
697659733.0195744038 895.4724563956
642356428.0434851646 338.3731909173
691686201.4735776186 867.6932163835
691735507.8573627472 867.7797281742
673236524.0387154818 738.8255525061
691575711.4346237183 867.5789318085
691605203.9487975836 867.5995078087
691791282.4931195974 868.3041160107
664957626.8773202896 654.0638433366
673232978.4200893641 738.4262415782
691742549.5433112383 867.8596931696
642143297.1277828217 326.9480594176
673405479.2886694670 739.5641180292
691994216.6033225060 869.4413740635
677975659.1761301756 772.8245136015
670540805.8892515898 715.4662890147
677816385.8964728117 770.9345545344
678001797.3494689465 774.5037076943
702060383.5978437662 903.6185123324
639798495.4579885006 230.2413975711
665318650.2624719143 658.1854456632
642128306.4045245647 326.7628170120
650034403.9799531698 467.9884798539
650135068.9791634083 470.5075905037
648433507.7682234049 444.0094357360
650111948.1366606951 469.0282182957
649932309.3146996498 467.3990283872
670974213.0192790031 719.3211895988
648378211.4901944399 443.7400084365
639833212.7124186754 230.5542214048
639975709.2866055965 232.6085757848
648458424.5855991840 444.4222578689
639761973.1340172291 229.4780794725
665834474.8357352018 662.0534117461
665703379.2897742987 661.6787850500
665871067.1593716145 663.4515048592
640301866.0069596767 235.3336184043
700123072.6806964874 899.9202695489
700263327.6122667789 900.4318403602
649308802.9222296476 455.6016763982
649398202.8859372139 458.2912512184
649160622.5691405535 455.2579208252
671496856.4790295362 725.0955967472
671289060.8749592304 723.1060091720
648941732.7771720886 452.3523705241
670699508.3795580864 717.0810950265
670759363.9937789440 717.5001736392
670796700.5321729183 718.3572195337
700271007.8847874403 900.4453243613
697103670.9986594915 892.6755412221
708788206.4061732292 908.4490826726
648195381.3615502119 435.9757068028
697306445.0076735020 893.3153485060
648090145.7356493473 434.7430073490
648222424.7138106823 437.3526802285
640832857.4845526218 236.0825045351
676874816.0873519182 763.5005967385
676648462.2289124727 761.1733302223
700275584.5004050732 900.6856147647
699886549.9992148876 899.6654672027
676846419.8550285101 762.8855920537
647849458.7133812904 425.7238013157
647889329.8818056583 426.8127907290
676482407.5101646185 760.6541734087
647667875.6365039349 422.0283503764
700131942.6110885143 900.2322396636
647675760.1296228170 422.9116331235
676573747.0037686825 760.9480247247
676640487.9669314623 760.9695519554
701052436.3003922701 901.8673008680
647345467.6379224062 416.8222043578
669394922.4265987873 701.6203768714
647486700.6943091154 419.5362439518
676262080.0532069206 758.3770310575
676169697.7758328915 757.8629823023
666343666.5826288462 664.9402527968
675968573.2912518978 755.5851910714
675847555.4019091129 755.0177686814
675605070.8446244001 752.5219908447
647112456.6833498478 406.6995763815
646978001.3821828365 404.8585266576
646965619.0864135027 404.4457796681
646860602.2684725523 401.9937466969
646816639.6317118406 399.1765228018
695969174.8888155222 883.2215078473
646794043.3062529564 396.3158124540
646734929.8973032236 395.9231125567
674697736.6954121590 744.2520768050
674292772.7019501925 741.8192969976
674138479.6655577421 740.5217449485
674100671.4565535784 740.3418500839
708052453.9212739468 907.6907454729
708218064.3108263016 907.7021747828
641317760.7118813992 242.2899719695
641220452.9319534302 240.0093363779
641313805.6090259552 241.8001406819
707897738.7632532120 907.2147382498
707965349.6438094378 907.3454595804
707877209.6161566973 906.8383705616
707612496.4604505301 906.5143580437
641267250.8985210657 241.1052147625
641431607.0192986727 246.0072891424
646563147.9623881578 390.8088632580
707945112.5030615330 907.3398743868
645835610.8432762623 375.1948390068
645958106.6888952255 377.7591364612
646068839.2724503279 378.8550937237
645925938.9905986786 377.4649985494
641852561.0481438637 257.9278773220
645418964.0239987373 367.5273445667
645573342.3086744547 370.6453403518
642019261.8019679785 261.4639215762
645405863.1290181875 367.4794056162
645057072.6196402311 361.5726359643
645330132.7443485260 365.1923639060
641977900.7326728106 258.7378858404
657068601.5614861250 531.3317864417
656764181.2151231766 526.2617869555
657015933.4478144646 530.6865875303
656823892.2563982010 528.3180600583
656803124.6871641874 526.4454198658
656817645.0158513784 527.9710547506
668533499.2526495457 688.2486770742
668240907.7693849802 683.4338776760
668260069.8653441668 683.6620917760
667991060.0020608902 680.6913598582
667899403.0842375755 679.6013936207
668096977.4303773642 682.1899203465
667934011.3104009628 679.6101259396
656641225.4781076908 523.6286690151
667788526.8874028921 679.3693713352
656573335.0681366920 523.1297666326
689018426.5510389805 838.2765610405
688563521.8681794405 830.8397115134
688783228.1750758886 832.9888488613
656310470.0151697397 516.0399448148
688732496.6165308952 831.6062332597
688712558.9487603903 831.3892360236
664609924.0020301342 625.4220054998
688768745.4551922083 831.8864278104
688710601.9725717306 831.3233296778
688664241.6699470282 831.3217211869
688824313.2402693033 833.9728969838
664391551.0235072374 620.2666246693
664107974.0753839016 616.7329721474
663840777.6569617987 614.4479257339
663626401.4456623793 609.7388156430
663671651.7838964462 609.8515300496
663379809.7304656506 607.4031221752
663250857.9329464436 607.0534868614
663369009.6952489614 607.2893189772
662375039.8303996325 596.8448705310
662454736.3080847263 597.8381658279
662265612.5674304962 595.4619178371
662334200.3945360184 596.6836634855
662287817.1098001003 595.8815233092
660964531.3131548166 574.6307980904
661174929.6515914202 577.7161390745
660975356.8227053881 576.3359214031
661345626.9314252138 579.8411739433
660972965.3669602871 575.9523411506
660964221.9336067438 574.4114600399
661158665.0495812893 576.9097831880
660888315.9286990166 574.1822865965
659429356.7321754694 553.7998580744
659066988.7742424011 547.6046554471
658965174.9114159346 546.9040140247
658763227.1661292315 543.7668127192
658620819.3830298185 540.8283803238
658813850.2232786417 543.7908985985
658441773.4803714752 538.4512865537
658553287.7874863148 539.1107047759
655853018.9352846146 493.9467097227
655908955.0110262632 496.5162433688
655700361.1463177204 492.3022539664
655769541.8721803427 493.6460766654
655540267.3260046244 487.6061072584
655517299.7402005196 487.1126739319
655647362.6752922535 490.6691921737
655573916.3844124079 490.0132298108
655559287.8879067898 489.5523245754
695786576.7583773136 869.9010869265
695728876.9193211794 869.7652277946
695805622.9398198128 870.4753878117
695626329.7771682739 869.5823562145
