367371404.8353186250 3229804.9375000000
367622473.0207203627 3239693.3925781250
367993005.5315249562 3245407.7998046875
371518939.5605153441 3324335.3847656250
372940195.6821134090 3352610.0078125000
373169251.0647039413 3357534.8173828125
346208840.4576672912 1807701.7583007812
346262910.8141235709 1809882.2309570312
349998280.3762530684 2263980.7014160156
358911069.9480409622 2885021.9995117188
366815972.2770189047 3217166.0791015625
371270553.2672473788 3321721.1025390625
373075456.2837889791 3353603.3417968750
386899623.3589741588 3450240.4267578125
345367934.2790831327 1641540.6228027344
350311533.4326711297 2277390.8620605469
350157935.0886263847 2275849.3762207031
359116928.2115831375 2887824.9995117188
358619604.8298221231 2872715.8525390625
361093903.6382132173 2992835.0009765625
366547855.1497792006 3204158.8320312500
367131248.3419920802 3223134.2744140625
367722799.7355371714 3240489.2685546875
367611270.8464869857 3237309.0507812500
367805403.4016059637 3244663.0996093750
377896989.4692799449 3417875.1591796875
377969627.4275290966 3418572.9873046875
378355600.1664171219 3420377.2255859375
378062815.8389834166 3419057.9130859375
381559636.2486093044 3436888.0830078125
387150405.0512297153 3450866.9287109375
367733465.1146025062 3241875.5625000000
381582082.8088667989 3438452.9228515625
345450863.3841987848 1646274.8696289062
345398833.1961467266 1646049.9560546875
382151104.8708506227 3439644.1513671875
381798904.0958481431 3439104.6650390625
381132364.6053341031 3436257.5205078125
346335327.6418803334 1823724.8737792969
346437798.2219902277 1830291.2841796875
346609423.5118276477 1831030.0737304688
358717644.1666513085 2880470.5834960938
386117379.9102669358 3449311.5244140625
345535016.1639518142 1688078.7365722656
346647514.5203377604 1831337.8452148438
367418282.3416833878 3234856.7363281250
386749376.2322111130 3450177.9189453125
346285516.3635398149 1819921.1569824219
367183085.9636989236 3228726.7246093750
381023639.2416687012 3434146.9208984375
377439891.8996689916 3411593.9404296875
358232087.2229881287 2849487.0761718750
358325485.8842394352 2855810.5507812500
366983317.5973253250 3221759.9101562500
372754696.2267235518 3351722.0703125000
386558018.3835062385 3449930.8623046875
372398809.8189805150 3342647.1083984375
386176998.6986922026 3449793.0048828125
385858984.4030927420 3448426.6669921875
367180425.0975021720 3227160.0312500000
346437678.2793821692 1828720.1535644531
346418299.1967694163 1827311.1169433594
361720581.3870260715 3020346.0161132812
349912712.1908159852 2255707.4802246094
385424497.8010645509 3447713.9667968750
358661257.8953922391 2876811.3090820312
372631873.6608087420 3348950.1494140625
372522264.0115734339 3347540.0859375000
372199863.8238830566 3341284.6708984375
367391668.1508625746 3233181.6015625000
372256379.8536476493 3342213.0146484375
353896497.9647542834 2558834.8706054688
366218779.2748677135 3190146.1181640625
366097107.4900844693 3182792.5966796875
367143750.0967295766 3226350.2988281250
382128863.9913734794 3439285.0537109375
358830199.9631599188 2884004.2138671875
362017878.3710812330 3027894.8325195312
361905256.1670353413 3024785.2241210938
361891567.8197207451 3023029.4628906250
350135437.5962740183 2272217.2478027344
361597987.9977291822 3017887.0297851562
367223302.5834221244 3228828.7470703125
377600130.2574346662 3414974.6103515625
361323265.2091792226 3006223.2231445312
366528464.3971430659 3200668.5205078125
374236791.4960058331 3364018.5195312500
385951641.3234144449 3448522.1972656250
349589268.4566845298 2227332.5314941406
354247865.2560288906 2584030.3374023438
358264056.2435837388 2851597.3129882812
361169059.5873473883 3000392.2124023438
361443502.1817558408 3011717.4604492188
385339820.0775701404 3446781.5322265625
350505901.6147655845 2291111.0217285156
350447373.1609590054 2289407.7546386719
350164105.9599618912 2277212.9616699219
377413513.3692075014 3411164.6933593750
358396119.0836245418 2860910.2939453125
358254197.2591128349 2850233.3173828125
358365288.1763312817 2860412.7236328125
358455557.9512482882 2865109.3081054688
368225604.6529375911 3251606.9853515625
385056571.9228336215 3445969.8994140625
384763699.9510735273 3445273.9814453125
354238838.8098272681 2582789.7895507812
373507157.4371003509 3357623.0166015625
377541177.0936351418 3413819.6357421875
349773914.9719366431 2244411.6252441406
354108162.6281422973 2573439.3281250000
372012006.8358080387 3335656.3623046875
358858172.9844028950 2884627.2143554688
371808336.1043405533 3333179.0683593750
345854356.4098576307 1743912.0986328125
346102771.3520224690 1797006.7905273438
354521259.0747882724 2586524.4316406250
354210112.4663156867 2579456.8408203125
371916351.0331636071 3335362.4794921875
345452033.8452787399 1657125.5957031250
349606698.6587692499 2227618.2829589844
354155400.4645785689 2578471.4736328125
349574837.2107732296 2220247.0676269531
353998684.6789726615 2568123.5400390625
372027921.9970793724 3336980.9511718750
378240600.4444203973 3419883.0107421875
349661814.0920057297 2234670.6574707031
372023888.0569601655 3335841.9267578125
378377926.1503847241 3420397.8251953125
378586048.1098533273 3421848.7626953125
378397733.8324532509 3421656.2412109375
381039278.4649054408 3434999.4306640625
373847438.5352452397 3362987.1826171875
353682076.2669140697 2541100.5961914062
380785744.6148905158 3432949.9814453125
346098709.5059549809 1790288.3107910156
349479172.4778621197 2214853.6599121094
366528583.7196522355 3202273.2255859375
348323160.0887333751 2084302.7885742188
366313142.8092757463 3195034.1464843750
371895584.2008587122 3335191.6298828125
373616193.0424559712 3361529.7539062500
345813328.9291210175 1742233.0100097656
348291775.2199265361 2075110.0544433594
367266128.1585863233 3229384.0556640625
371892219.2333700061 3334881.1982421875
353473055.2787977457 2525434.9790039062
367570055.7119011879 3237131.5058593750
346034226.6649122834 1774857.2412109375
348380051.5642314553 2090317.1035156250
349445424.8164263964 2207429.2438964844
378619517.1442742944 3422177.1337890625
345838251.8704059720 1743358.2243652344
346041441.9583142400 1777345.9157714844
378983254.5250748396 3423363.4697265625
384722660.2879857421 3444805.0166015625
345711292.4593435526 1708790.6962890625
345932305.7341021895 1763418.5390625000
384713535.0746573210 3444783.8076171875
384516778.4107440114 3444661.2041015625
360704258.8377803564 2975750.7055664062
383472512.0531275272 3441822.3759765625
383697121.9037268162 3442701.9873046875
383673283.7636482120 3441879.2880859375
360494704.1265633702 2961934.3432617188
377194348.1714498997 3405143.3408203125
353426901.7610839009 2516471.2089843750
360278730.2134860158 2949364.5830078125
349264262.3394637704 2182757.0129394531
360179464.4524118304 2944857.0190429688
345623175.1063890457 1693396.4970703125
345655638.7211592793 1696888.3945312500
348694374.5781223178 2123414.4965820312
345639891.4626755714 1696021.2573242188
360277977.3805087209 2949196.2202148438
360159021.2037366033 2942218.2231445312
360488717.9051479697 2961921.6245117188
360323068.7481783628 2954400.4086914062
349215282.0306249261 2179150.0012207031
348573670.6000495553 2110341.5043945312
353401044.1937641501 2515193.4565429688
348645857.0819736123 2117802.5410156250
348507442.0966730118 2105910.4096679688
348614832.0621362925 2116729.0712890625
360134621.9428614974 2936687.3041992188
359850938.5123059154 2922387.1469726562
382846813.4267252684 3440281.8037109375
383031195.4997416735 3440840.1923828125
348479187.4635567069 2101313.2382812500
353206128.9553403854 2499261.0405273438
359727335.1331768632 2919107.3168945312
359303761.9251527190 2902546.6147460938
359396461.4306108952 2908381.8813476562
359515098.6561265588 2912118.8906250000
348503208.9550895095 2105407.3266601562
349180831.9129996896 2169063.8811035156
382663520.8494425416 3439777.3466796875
359530047.0388449430 2914731.7885742188
359444055.0632078052 2910092.4047851562
348441311.8549299836 2095662.5092773438
382830194.3258327842 3440057.6630859375
345795099.8986068368 1735387.9545898438
349121160.8732054234 2163252.1813964844
345796609.0128017068 1737494.9631347656
348381796.3853678107 2091177.7158203125
349063318.0166717768 2160500.7487792969
345768706.4834080338 1715166.5278320312
360146247.5145965219 2938756.8564453125
349036794.6091906428 2154075.4060058594
353157200.6696810126 2493239.8291015625
352899198.9122206569 2470428.5209960938
352877467.4121811986 2469412.3647460938
352968723.7958850861 2477661.6738281250
352723267.7102537155 2462095.7553710938
352938623.3169158101 2473521.7700195312
374731518.9164002538 3369836.1337890625
352204599.2660647631 2420541.7006835938
348009557.4271396995 2030136.7697753906
348133506.8898908496 2045193.0300292969
374523939.4286303520 3369010.6376953125
357524787.9470362663 2772807.9072265625
374810199.6077625751 3371247.2880859375
352531772.0406346321 2445320.3168945312
352408588.5280004144 2437027.5766601562
348142245.8836290836 2047039.8610839844
374260603.5785523057 3367192.3486328125
379872549.9685047269 3425472.2392578125
379883320.2046589851 3425579.4521484375
347978233.5690594912 2017990.0024414062
352679013.3373844028 2455829.0917968750
380113966.1055828333 3426485.5732421875
357657589.3830561638 2784414.5205078125
357651004.5280392170 2783999.8535156250
347920984.6166964173 2012942.4768066406
357904671.0060129166 2798315.4741210938
348083108.6056185961 2037023.3520507812
357857764.6554963589 2795432.1171875000
348079039.2043851018 2033416.7736816406
352136037.4579835534 2412009.9262695312
351992771.4743525982 2392582.8808593750
352091582.7749820352 2405943.7216796875
357841888.1946971416 2794050.0556640625
358028611.4612214565 2805062.2246093750
380639118.8765223622 3428301.9814453125
352069739.2754791975 2404525.5288085938
357888587.0372664928 2796042.7075195312
370892459.4065312147 3297898.6865234375
369265143.5517532229 3260798.6894531250
351691474.3982858062 2364325.6879882812
351608960.3192280531 2362352.6860351562
351429431.4249995351 2346000.9467773438
351369007.9247421622 2338627.8647460938
351509453.1417841911 2347922.1118164062
346911652.5000981092 1837515.3076171875
369200513.9054057002 3257840.7402343750
347040830.9824036360 1855568.9531250000
369046300.6950092316 3254961.1142578125
351242654.2428231239 2314520.2575683594
351041828.6664177179 2299803.1594238281
347211346.3613256216 1874983.5871582031
347797054.0212302208 1974811.6242675781
347062627.1671799421 1857749.2458496094
350987928.3547502756 2292275.7556152344
356994163.2678016424 2711746.2968750000
357117267.2196244597 2723572.5288085938
347707259.1053867340 1966023.6250000000
347831748.2713199854 1980899.2978515625
347797372.4913223982 1979868.3466796875
357143713.4350605607 2727258.9672851562
347839023.8006434441 1984957.8203125000
357276664.5562447309 2732822.4541015625
347339982.9154179692 1895974.4077148438
347323442.4828127027 1891578.6135253906
347605822.4953134656 1940096.0463867188
347644184.5047006011 1948009.6870117188
347539289.8332132697 1932289.5996093750
365973595.4417142868 3115575.2333984375
347318453.0715321898 1890847.8833007812
347413625.9617010951 1912395.5278320312
347358009.8082354665 1902519.5039062500
370180882.2838297486 3271636.3437500000
347277057.6910608411 1889096.4462890625
370278740.5599949956 3274561.1523437500
370313966.4910832047 3278287.6406250000
370801143.6127766371 3289178.8916015625
370648135.5416201353 3286334.4482421875
370559297.2695716619 3281854.5263671875
370710625.2913071513 3288648.8369140625
370848582.3003505468 3291515.3183593750
355591175.4182288051 2596774.5849609375
355715208.8035969138 2602297.2290039062
355491446.9689615369 2590005.1279296875
356827654.3341411352 2681727.0029296875
356641646.2029255629 2670060.7104492188
356611028.8183578253 2667977.8203125000
355815075.9312470555 2613749.4902343750
356324098.7848616242 2646051.7871093750
356397398.3991561532 2650810.7167968750
356215997.2951553464 2639344.4785156250
356026767.3675035834 2626700.5527343750
356107525.5395736098 2628733.8906250000
