1249010732.0134508610 3543511.9439697266
1090585501.0806090832 1208517.8064651552
1245129266.9691617489 3521513.9594726562
1278971554.9996170998 3611422.9169921875
1091048065.6026051044 1209170.0975047264
1090655546.9651648998 1209167.0068631235
1090509908.7784895897 1205693.1997342173
1090576099.3035137653 1206834.9839139048
1074644457.1044678688 614146.8635852782
1090232388.0125179291 1201409.4560818735
1090080893.4481344223 1196257.5765992412
1118047778.3357052803 1868836.5364135206
1245067890.8278982639 3519916.9965820312
1245212660.3278830051 3521966.5258789062
1073831473.0882289410 527170.1743655658
1087337900.2882211208 1112539.5244999165
1143528006.8783149719 2333195.8591515478
1245250113.2903478146 3522043.9782714844
1245541624.3658678532 3525874.0270996094
1251155326.9418501854 3552362.7817382812
1087007051.1348903179 1098835.2826786274
1087314187.3517324924 1112159.8842401737
1178326094.4712862968 2840718.7425743905
1177509195.2164852619 2832997.4895867077
1249648762.5220236778 3546774.3082275391
1143330026.3559987545 2332341.8259484228
1089955994.9491722584 1192089.2249075184
1178500526.9440441132 2841030.2080925670
1280334204.7897131443 3616039.0446777344
1074653474.9408712387 617206.0722183136
1250255006.5977292061 3549590.0351562500
1250492626.2441561222 3550454.8195800781
1249529746.7163765430 3546036.0809326172
1249359812.2574388981 3544848.7313232422
1249856572.2834365368 3548353.2301025391
1074616081.5912408829 614136.5523534946
1087417924.9516594410 1113710.2476961846
1248111410.5649724007 3540838.5833740234
1087078793.3429768085 1105952.6969149346
1244967410.1193482876 3518284.4859619141
1088763573.8579885960 1157764.2254620800
1088579105.2956523895 1150006.6746808300
1178048065.0753552914 2840056.2574089733
1244913021.3787868023 3516809.2329101562
1084724489.7720785141 1023028.9528858812
1088494327.4881825447 1145811.8597394237
1085733653.0956263542 1057407.1373426500
1085568793.1629166603 1054557.9910608940
1088651731.5777759552 1151742.6249982128
1180033834.1399097443 2866187.6850220826
1085813218.0072443485 1062064.7985315965
1088224912.7079606056 1141634.8249923447
1111030393.1092567444 1720664.7102863747
1279423906.3398704529 3614816.4577636719
1109973979.2388467789 1695408.8429304459
1178012241.2719092369 2838061.8008743227
1110883353.9993109703 1716775.4757289845
1111326700.3235001564 1723466.3241550880
1074034326.2859299183 542614.6016283676
1087359057.2541732788 1113442.5519986786
1110380294.4142200947 1704635.1773534217
1075520377.6272943020 642672.0949303496
1075057678.2308955193 634763.4461591390
1073904432.6977341175 529909.4901115343
1248542542.6970152855 3543109.2088623047
1085837693.1697285175 1062315.5418421440
1181075406.1892850399 2874845.3995816922
1279185941.0722973347 3614358.0134277344
1087338059.6402184963 1113442.5489657158
1074188912.8706471920 543714.1720443412
1085076292.9018025398 1032501.2328236253
1087383721.3777136803 1113578.1688244576
1178905832.2863628864 2850438.0553897619
1084921341.5244925022 1025479.8933766038
1109522050.1915376186 1680726.3487706580
1087577151.7936077118 1117294.6375672990
1087506366.5637495518 1117073.0976734394
1088097066.5897822380 1135345.6068526963
1179560811.0212378502 2859310.9607720939
1109562326.8569734097 1681000.7161412635
1180306490.6625671387 2867792.1483347630
1141884384.0283296108 2306606.4499191670
1179263898.5436701775 2855025.7085197237
1239670691.7335193157 3453114.0704650879
1179471004.5532157421 2857509.7338057128
1116723140.9675500393 1843104.8385361731
1074320089.6282024384 560109.1861631789
1087524532.5714039803 1117265.8061952824
1179152591.2568092346 2853334.3375291792
1114056260.2815928459 1784132.2670394150
1074225464.7391002178 552351.6353819289
1115655972.0894362926 1817965.9948479710
1080079232.9387080669 837256.0424623010
1080491622.8608152866 849127.0707249162
1178784412.4008660316 2849149.2390984264
1113980637.8486006260 1781229.3918361589
1080434866.5296742916 848678.9669651506
1085319232.7060754299 1036697.4522687645
1109874386.3432924747 1691507.6475377479
1115432792.6827781200 1812681.4889885960
1115052824.0398461819 1800130.3765123468
1115197447.9572567940 1804507.4935442223
1276010732.7987365723 3604158.3154296875
1114724707.6073303223 1796385.1564198304
1080065208.1544125080 830829.5244620857
1226204828.0788300037 3324918.3726727436
1140614483.6269724369 2275623.2696641916
1140937452.1224768162 2281409.0235890383
1080609850.2518298626 852924.7615417956
1080317965.6323726177 845000.2504124162
1238430366.5473549366 3448605.6398925781
1140549713.5000653267 2270346.8399259765
1079747032.0379633904 816451.5950064589
1109811160.4592349529 1689409.0030675330
1109415447.6753237247 1676969.0284581580
1173942133.2574334145 2771099.2834242610
1238589276.3435482979 3449805.0170440674
1140556692.1848096848 2270985.0672454555
1140531912.2645239830 2270187.4744720180
1140367930.9405941963 2268920.8860931117
1109243939.9601511955 1671525.6267677718
1173782804.2589128017 2767569.3992899917
1174386756.3699996471 2774859.9207514785
1174034972.1425232887 2771919.8821772598
1226811748.4681732655 3332519.5563885639
1275402745.3102102280 3602781.7265625000
1114663085.9071040154 1794072.7310019236
1173148989.3772368431 2756017.6054133438
1173354291.1060545444 2760143.0093974136
1226476011.6981928349 3328899.3327557514
1226704364.7531962395 3331323.9500653218
1173574801.0483720303 2764649.7053278945
1226390585.7126061916 3328559.3581463764
1112445297.0251820087 1745789.5293613283
1083590347.5232491493 961305.1028692047
1083706826.8621225357 968187.5278024975
1083238780.7548928261 943222.6734945397
1083471956.7097327709 958404.3053910057
1083050953.9203300476 936313.6400009911
1139913056.3058907986 2255693.2654052679
1226380288.7416214943 3326658.1913299561
1082753018.7154357433 928573.2556053917
1111792345.7353675365 1729025.9818441479
1082541054.4634435177 921452.2967392723
1082804433.7340919971 930722.7099549065
1082287635.0747914314 907298.5691294570
1226916233.4029777050 3333372.1859051655
1244424365.5431156158 3488081.6241455078
1081364330.0363595486 874223.0647639789
1226084151.0684719086 3318528.6960980366
1177100800.3978033066 2806057.3303984255
1108719185.0350673199 1642123.6073467461
1243228444.5663356781 3479084.0947265625
1175541932.6730108261 2782142.4387410395
1176973404.6296045780 2804157.1193002909
1175089436.1319618225 2780054.6395010613
1104384762.1091182232 1530187.0088246830
1104271871.2423722744 1525757.7065731131
1243611639.5180799961 3482050.1674804688
1243680174.8649053574 3482310.3104248047
1104344388.2910845280 1526856.9183814966
1176595336.5153841972 2798681.2437602133
1278556542.6885743141 3606649.6018066406
1274573428.8359212875 3595957.5570678711
1138367162.0134696960 2224278.1723997034
1079469629.6402533054 780937.3948899643
1079593419.0522058010 795073.5128062966
1137965822.5941636562 2216842.9533033376
1137328531.3652887344 2205486.4654518501
1137723131.4248917103 2213211.0628004079
1137592487.5662078857 2210337.8052900997
1137413922.5944955349 2207674.7607908254
1079423842.6101024151 775269.6541739670
1079302695.1607592106 774181.2342536632
1079235438.8313868046 769556.3634095523
1079144868.4949452877 763920.6659538324
1170881575.7219181061 2715245.6255633272
1171151342.6242504120 2717905.9850141294
1170997697.8716232777 2715566.1917520575
1078820638.5858597755 738853.7809481774
1078399892.1976063251 716507.1828679030
1078396770.0844781399 716405.0745447462
1078471241.0272033215 718078.3781216328
1078418358.3808765411 717004.2291524594
1078164857.8186638355 708393.2566574996
1078074270.9423770905 703266.6028490516
1077880721.6251535416 692490.9025413578
1105480668.4378168583 1554869.0928535855
1105462126.9569923878 1548231.5198560741
1105196422.2152600288 1547187.4868970898
1104878630.0284485817 1537033.6609693554
1105180816.8547432423 1544791.2117506054
1105118975.4548888206 1538823.4021802929
1105161992.5731260777 1542073.1116529491
1105367054.9473254681 1547953.0898095157
1268297365.9729301929 3563744.8315429688
1267605327.9349455833 3562105.9240722656
1268240248.7938821316 3563683.6640625000
1172805443.1582250595 2737036.9191580531
1267228805.4902155399 3557489.4746093750
1268367408.7520036697 3564724.3215332031
1267854479.0606539249 3563437.0590820312
1268088698.6370060444 3563666.2531738281
1134040397.2954053879 2110623.3632248119
1134180127.7208790779 2114781.8417404369
1131196817.3707654476 2059302.2544972885
1134414483.3570940495 2117774.9636886790
1134589259.0009417534 2119339.3588733496
1134333338.6153154373 2115968.9378097728
1134593173.3176107407 2120328.8917892650
1102765346.2039437294 1464080.8194411846
1102636996.9802596569 1458368.4150832745
1134132429.3757107258 2113188.0455625728
1102577592.2814557552 1457017.7103779854
1134037371.2462329865 2110293.1342803463
1102306725.2588570118 1445497.2278742569
1130636293.3380413055 2046502.4936797186
1162008012.0808968544 2557886.9195265677
1101779131.8592846394 1429303.2430619209
1101819835.6494054794 1434389.3136982101
1101283448.5194768906 1419283.1418921577
1101377281.6312401295 1419844.5488745796
1100095062.5114343166 1376024.2632700880
1130538873.4856443405 2042500.2990959089
1130159688.0818021297 2033305.0758293073
1130337480.6191129684 2039232.4812248151
1130301190.7549221516 2036525.7575920026
1099955903.4050681591 1370637.4928922167
1099377960.8546946049 1355925.1263707145
1234913540.7538211346 3372334.3623657227
1235249703.1399233341 3375495.2599127293
1235010951.2502551079 3372980.7557623386
1232702956.6459476948 3357646.4336776733
1130488746.4398818016 2041606.2408267411
1233359435.7800674438 3359697.7702636719
1233568869.6685965061 3360758.0076904297
1233685841.9114425182 3363339.7022705078
1233804746.3348851204 3365069.3602294922
1097997340.1399562359 1305914.6215120014
1168459820.0403997898 2651747.3559033051
1097274555.7803401947 1276148.3915638523
1097242563.2257091999 1275880.6268279152
1097565320.8900823593 1283949.8773790831
1127997243.0645480156 1973635.7982730616
1096961541.0626852512 1268311.0983924465
1096783960.7617363930 1260449.8553022253
1096775222.2843914032 1260126.4996995437
1168236805.6129508018 2650606.4590698853
1168600532.1504459381 2655606.2314690948
1096136082.3390111923 1241737.1962452130
1127900432.0420608521 1969223.2605909419
1095702157.5911500454 1222431.5237546037
1095515229.2144072056 1217061.6751449266
1167835596.0956101418 2645473.4537313357
1127440812.8653583527 1962052.4114300471
1127427452.4020338058 1962006.9124066096
1127354737.5187971592 1960465.6426073771
1127065729.2342295647 1954824.3018109065
1126722369.1561157703 1947651.6782757503
1126774995.3296153545 1948595.9073101741
1169437627.3553223610 2662825.0533934310
1169661812.7490332127 2666756.0055418685
1167598932.4253697395 2640937.9394957847
1167331633.5634076595 2633393.6834227866
1164210018.3369231224 2585809.7955328748
1164571683.5033733845 2592778.7016913220
1164301842.3895292282 2588589.2420050427
1165060983.8512961864 2598711.7581335828
1165145516.9176526070 2600290.9724446163
1164763910.1477642059 2595498.5018469617
1164679804.9180037975 2593108.0070349500
1164723881.1090185642 2595044.9197546765
1274098266.5031259060 3572087.3769531250
1224363651.9276459217 3180507.0463752523
1223610651.6288301945 3172360.5754198804
1224705839.5248882771 3182691.3029071167
1224134387.5285203457 3178626.7148322836
1157354838.9435403347 2396167.1131537007
1156475328.3382012844 2382561.8604219304
1156842894.7021720409 2389310.4476411687
1157278996.3451061249 2394007.4546645866
1157159153.7695691586 2391771.1177598704
1157098577.6041665077 2391239.2248987304
1157568728.9043700695 2397508.7297169240
1156985515.7739713192 2390545.6475358354
1154205044.8673954010 2344113.7125141192
1154208435.2021751404 2344675.1443070434
1216460424.9724597931 3079997.1759018004
1216922643.9357743263 3088368.7319427188
1217219306.2418332100 3089764.7855819762
1216872119.6524412632 3087198.3377670348
1214963490.9590940475 3060785.5341607183
1214304873.9559111595 3047672.2535075545
1214902796.5316519737 3059868.3813286871
1214562982.5267667770 3056043.4646073431
1210874679.9771492481 3013070.7727439674
1210825908.8836066723 3010461.1220786842
1210843924.4774231911 3011897.6938865455
1209228785.0193417072 2995162.8274497595
1206128523.3977205753 2951395.0645012930
