542465283.6699706316 3198771.6616210938
542665986.4736071825 3200606.4575195312
542708542.5103454590 3200908.0541992188
542861835.6578085423 3201063.4975585938
549785780.5146081448 3240269.1596679688
509507563.6673364639 2368521.9832600355
554107242.3361532688 3245056.5844726562
490924243.5107389688 1021782.2438323896
496762786.8195374012 1657575.4030996268
508485521.6185685992 2322623.8189572105
522341195.9338686466 2843759.1287841797
522252919.8920248747 2837732.0882568359
522535484.9347610474 2844914.0618896484
522965055.7197328806 2860945.3089599609
531013450.9428929687 3033954.2219238281
531836498.9208073616 3045082.9548339844
542917344.5785766840 3201204.1147460938
525259778.5477875471 2912256.4798583984
525257981.8561036587 2910529.6683349609
540375672.1976974010 3181925.3300781250
540053964.1359051466 3177096.6840820312
540341236.5153218508 3181700.8701171875
496472777.1786798239 1633202.7911606207
496703522.0162397623 1654649.9599843924
508016974.4095843434 2310832.4285458336
508395516.8454775214 2321073.1436729431
522016112.2326703072 2832944.7000732422
524905760.5932925940 2905811.5902099609
530616410.3797538877 3026872.0983886719
530517612.0076074004 3019723.3425292969
531338482.9942421913 3038420.4938964844
531717846.5854110122 3044997.1804199219
531118006.0716883540 3037307.0480957031
540164811.8780691624 3178921.5229492188
540279294.6147065163 3181624.4394531250
542274392.3878498077 3197942.0883789062
542759655.6150234938 3201029.7231445312
553557038.4363150597 3244145.1733398438
542873932.6802947521 3201079.0346679688
542536949.9816954136 3200569.4125976562
541906181.0086489916 3193707.4057617188
542225810.4377384186 3195255.1015625000
491295489.5147852302 1063806.3007745666
507332700.5405398011 2265082.5991146863
522421722.0318855047 2843909.8612060547
524777219.1492040157 2901036.1077880859
525008804.1985263824 2907012.5648193359
539827332.9709897041 3173746.8041992188
543065972.6168603897 3202121.4882812500
497341891.2568179369 1695728.7937294333
530769440.7764933705 3028139.7775878906
491269830.8475969434 1062906.8790664596
491440684.9659268260 1070934.8942086545
530997525.2813702226 3033234.8913574219
531429020.7512290478 3040035.4577636719
553842755.3107106686 3244787.7963867188
553890084.4179415703 3244796.9506835938
509250808.4325968623 2361717.0253914595
521822631.1021708250 2825348.3531494141
531483798.4735878706 3040438.8601074219
539732759.7796287537 3170044.4916992188
509266377.3174770474 2363324.4169625044
521766302.3887034655 2820204.5086669922
496469870.0795795918 1622432.7746741478
504021976.3833624125 2106294.3081117612
553733755.2745788097 3244743.1938476562
504215234.0038774014 2113957.8723152876
522200287.1092370749 2836909.5531005859
522278839.2616508603 2839357.8465576172
531387615.6143932939 3039636.1770019531
531413213.2824189663 3040006.7595214844
504313144.6471295357 2115364.0888045249
521758421.2496172786 2812367.1937255859
530915865.1646028161 3032757.9318847656
503844265.7873381376 2095257.9435792905
504703880.3246632218 2121466.4927489501
496561094.5391736031 1639480.4449897711
521892823.1571758986 2825831.3548583984
552622259.1626943350 3243964.2592773438
522061230.0350579023 2834408.5882568359
552350054.3970305920 3243927.6235351562
496581367.9875515699 1643219.2304677670
508884636.4622312188 2345893.1254585981
509299654.1705964208 2364992.0589379072
522137102.4773076773 2836374.0847167969
549189525.1379877329 3237164.7719726562
553507086.3937816620 3244085.2104492188
552017700.8515577316 3243733.9555664062
496629245.1869364381 1647103.0154348318
535374833.0846339464 3099805.8068847656
519013620.4544689059 2721096.0054626465
524876170.7407879829 2904087.7371826172
541787438.8936624527 3191177.7631835938
553496845.6619334221 3244023.5776367188
519232401.8988394141 2731849.0679626465
508960934.5754899383 2351715.2057808638
541678740.0938628912 3190937.2670898438
541531318.5690852404 3189452.9824218750
541459811.2103567123 3189305.0292968750
497599086.1123356819 1705049.3689187216
497711822.6869912148 1713046.7425684510
518855065.3662318587 2717695.4393005371
496662953.0094929934 1651058.1226430838
496761869.9196271896 1655826.8127049799
497808309.6245806217 1713334.8612740682
524969980.0220165253 2906405.5570068359
497854532.0284419060 1714075.7555844234
519175813.1754316688 2729238.6172790527
497618661.9865520000 1711665.5919430899
524625647.3316456079 2899551.9539794922
497420307.0545268059 1697011.8047555136
550557379.4754657745 3241461.8393554688
524306595.1586213708 2887870.0675048828
524112711.2534511685 2884654.6998291016
550318818.1394026279 3241073.9418945312
508766703.0489233136 2341943.8243111372
551378778.8712072372 3242435.2622070312
508773903.5257853866 2342597.5230416059
551412202.4463834763 3242582.1762695312
551103825.4025523663 3242176.4887695312
551232510.0163276196 3242254.3706054688
551253325.9532808065 3242375.4848632812
491135434.4624792933 1048889.6302581949
524390606.8020582199 2890653.1407470703
550487880.1089271307 3241300.4291992188
491038010.4954827428 1023961.0615345917
538307739.6592987776 3147751.5280761719
538494995.4320923090 3150728.0837402344
491109924.7711206079 1043558.6370139045
492285913.0158726573 1189056.9065160076
492402115.8734200597 1203637.9240121166
524406971.3726969361 2892198.3594970703
524555695.3710580468 2896222.4493408203
538978901.3320029974 3154438.6218261719
523397056.4092651010 2868954.1256103516
523658163.0015550256 2874640.7696533203
523941680.7247300744 2878792.7886962891
491113905.6522092223 1047076.1512298507
538674738.9896132946 3152947.4760742188
508148819.3165723681 2311846.3223179579
508010537.1954856515 2303688.2427673340
507915810.0007546544 2301196.5076599121
492574208.4883890748 1219433.6647539830
492517357.1738123894 1209153.7165632604
507425926.3082268834 2275650.9089291394
507633017.8891734481 2288914.9616279602
538805615.9808707237 3153188.5632324219
496960801.4693006277 1667030.1475158385
492454696.0446085334 1208793.2957248150
538410776.2365237474 3149465.4812011719
548790575.0725501776 3233350.0043945312
548284638.7339489460 3228979.0727539062
548394629.9893498421 3230222.3061523438
548824848.1448259354 3233387.3413085938
548664691.3434060812 3233102.1157226562
492344544.1971910596 1195325.2869577764
496974357.4123542309 1667313.3569391421
548278418.2238885164 3224838.6567382812
548667555.1281573772 3233181.1625976562
518909323.3160037398 2719282.0404968262
518910858.3385581374 2719808.6575622559
539054349.8795194626 3155215.7795410156
504498733.6478861570 2119139.7590849814
491633867.8350175619 1076875.9808936401
496431109.4357664585 1608923.1076318468
491698737.2691701651 1095714.9260728844
491842551.2202321887 1110355.8746736534
491870572.8567605019 1110820.2931273915
492252840.1546366811 1177594.2351101937
492156624.4063449502 1163113.4898362528
492021704.0118908286 1145143.9444260965
533112900.7818049788 3057428.7968750000
519454277.3597972989 2738591.7620544434
503635409.6328780651 2075307.4430565005
503401344.0116775036 2054743.1076190714
503518982.7661008835 2066593.7623737101
535631514.0557464957 3103148.0759277344
535513447.2016263604 3102367.0505371094
491827390.1923431158 1107840.5345113412
503379850.8054293394 2049136.0125691169
503321896.5587118268 2045038.0521372058
535549491.8239094615 3102898.2409667969
533106279.6640806198 3055379.9050292969
491812138.4607818723 1106790.5465810057
491974968.7680538297 1120506.4337714710
503219987.1747687459 2033651.4989235736
507212911.4149681330 2256441.8549551964
507066546.5248298645 2244816.2682852745
506943927.3047776222 2243567.3154044151
507189795.6722218990 2253750.6606192589
507145956.7356946468 2253517.5269198418
506843555.1483917832 2235163.7037768364
518706853.1976129413 2701301.2509155273
506941558.3708974123 2237275.2111916542
533154369.9171878099 3060423.0270996094
534952652.5537027121 3092827.7575683594
534651828.2337226868 3086546.7170410156
533260924.7188866138 3062468.6589355469
530164148.2525860667 3004253.4575195312
530216366.9646278024 3004853.9575195312
537360028.2279133797 3126793.5852050781
536982195.2636721134 3122201.9431152344
537251320.0854017735 3126638.7229003906
534977544.0878754258 3093435.3361816406
496296088.3615836501 1547957.1925667701
530034220.0204101801 3001151.0229492188
536735742.8640784025 3118382.4572753906
520852856.8818649650 2774396.1319274902
536366086.3096879721 3112718.2346191406
536188976.8232370615 3109986.5959472656
536096050.3574868441 3109258.9377441406
536088508.7534512281 3109240.7600097656
506648711.0448600054 2217170.2688270085
521012298.5224129558 2781279.0452575684
521072490.5527010560 2783702.5054626465
535818305.8198935986 3103948.4968261719
506112696.2039409876 2186882.7655730718
529267754.5033347011 2977087.0655517578
506014855.9275236130 2178594.8948607915
529352162.3996462226 2980976.3251953125
529031870.4783099294 2969021.5737304688
529194956.2583509088 2974326.6254882812
533065095.2179859281 3045137.2770996094
505905299.7627887726 2172654.1551146978
496193750.8517905474 1524217.4833930195
505732926.4403723478 2162203.6958728307
505625830.7202841043 2159696.3228259557
505578088.1896023154 2155195.5232654088
505349640.7687096000 2145244.7042804235
505347204.3225170970 2144874.8254457572
520765485.3900704384 2765861.6574096680
496165556.5976994038 1514346.6913130940
496049436.1190016270 1501966.1124509037
495982104.2002826929 1486143.8765773238
495310484.0135477185 1414737.4069094979
528959437.3425006270 2961774.9973144531
495353118.5500424504 1417709.9266840448
495581639.2689031959 1440265.2471604575
495548566.8173999190 1436700.7929368247
495633635.3748148084 1440966.7474694480
495460085.2064835429 1428678.9413743247
526930707.2669619918 2917105.7504882812
495348553.8067001700 1416912.8283800115
527780396.0481791496 2937421.2475585938
527683097.5787423253 2934969.4155273438
527364662.0701134801 2926018.0380859375
527534346.4415584207 2929151.3613281250
527088076.1740422249 2919460.7939453125
493781255.5901878476 1224807.3442440056
494144629.3814510107 1276544.1865246734
494167365.7960951328 1278354.1660016021
494008159.6990882158 1265498.0960820159
493802486.5336263776 1232317.0541677875
493810742.8637474179 1236918.6616506977
495144423.2381190062 1383889.3656374030
493886845.4232912660 1251081.0194218596
494949090.5683422685 1363732.4236565344
495031583.4759055376 1371197.9798953163
495019307.9283455610 1370299.0103741996
494848077.9319121242 1349173.4602776282
494788902.5024674535 1346856.5608635657
494777596.0350746512 1345733.7825432532
494433347.0020437241 1296772.7146727042
494590917.4253521562 1302984.3249861198
494445915.1265787482 1302660.4831892448
494709647.8111482263 1332543.2815509802
500846391.4597059488 1802473.8441076698
500852722.0650423765 1806072.8256154712
500772440.1421022415 1798883.2850881275
500675030.8937207460 1782916.7063529303
516638107.1454936266 2526363.7294616699
518491174.3106552362 2586285.7727813721
517638748.4255483747 2551976.4272003174
517553659.7684547901 2549307.8524932861
503125878.3665240407 1925396.2996720597
502352475.8481695056 1878951.8863593191
502348079.3221304417 1872757.4920362383
502151513.4154386520 1866211.2745528072
502114897.4561660290 1863155.3664414361
502011307.2982527018 1860529.8054976314
501883897.4031754732 1850389.5307356566
501780740.1139322519 1848524.2911116332
501656060.9931703806 1837480.4147593230
518251245.6515632272 2579197.7567901611
517671437.0641647577 2556423.2045745850
517321917.2569087148 2545333.3025665283
517516155.5606392026 2548941.0390167236
500653265.6392400265 1747547.6778137323
500551715.2688008547 1745216.7312528882
515684031.1586840749 2465924.1539916992
515626745.8425247073 2460352.1390991211
515209306.2080710530 2440501.2236328125
514948938.8410374522 2429302.3618164062
515108300.1698024869 2433827.1722412109
514533822.1001960635 2401364.6218566895
514529650.2382537723 2398597.7055969238
514511790.6900206208 2395862.8981018066
514170222.8854569793 2370796.7602844238
514329204.9274964929 2388322.7422180176
514206313.2828803658 2379787.8349914551
