388489007.2522233129 18.2759125757
396016553.1818066239 24.7211326272
396546926.3106938601 25.1095425768
403735786.2781229019 28.6551026765
403912834.2933554053 28.6839815931
419514478.0425902605 34.4826582558
388637811.8106579185 18.4633548779
396803928.3819415569 25.2240173725
403241575.9051997066 28.5304828392
419322940.3072527647 34.4682252891
384365216.6956707835 10.7067355860
384866499.6283057928 12.7390342123
394984280.2395354509 23.8342410895
395054340.4534423947 24.0135698866
416201909.3205715418 33.7791408226
416246809.2923103571 33.8131181449
395009681.0511681437 23.9227215040
385727102.7235891223 13.8691145538
384230612.7323076725 10.5351271975
396717329.3122516870 25.2221573355
396246474.0310349464 24.9293543410
403108116.4639835358 28.4232868973
415866865.5263349414 33.6509223972
421950639.5194447637 34.8779193349
384187509.7094983459 10.0475096494
384978168.5196388364 13.1434410494
385399080.8460343480 13.8489633453
416090932.2239603996 33.7278723549
418071994.9180210829 34.2989872433
418233845.1778788567 34.3416794948
422093737.2530271411 34.8915585093
384139332.8030862808 9.9065633282
396579254.8481100798 25.1536708383
423725112.0974514484 35.0069965087
384962820.3021635413 13.0170084951
418137261.5208510160 34.3192184754
424064684.5000308752 35.0185331069
429161809.1004850864 35.1780695431
384973220.5777992010 13.0254882537
384265304.4905332923 10.5530318216
384912230.3730595112 13.0168705592
422435574.4766890407 34.9381905980
396634586.1734156609 25.1770130516
418666974.7373114228 34.4133646674
422848187.0154665112 34.9585416205
396569843.2321975827 25.1124336107
396576044.7610743642 25.1429193227
396361734.9567119479 25.0455777628
396112535.7288599610 24.8739390509
384780921.6158910990 12.5559298313
395597257.5063151121 24.3592896549
424044238.7903952599 35.0122363605
389011047.9774655104 18.7663682290
384884454.5891119242 12.8808082395
385672042.6746376753 13.8621376973
388876925.8180214167 18.6585503808
396932048.6346143484 25.2542738640
423539032.2297236919 34.9994035028
417819039.4027324915 34.2385564931
428713762.1486265659 35.1703243591
384821734.0314965844 12.7285094178
385674621.9496627450 13.8651806235
395195406.5958040357 24.0898379380
395201229.6110416055 24.1294679357
396097203.7303162813 24.7636361246
396940266.0913339853 25.2625308235
416393518.9716863632 33.8482137481
417875795.0843797922 34.2880275212
385365892.8450554609 13.8018515264
388764322.9802084565 18.5297473329
389233470.4763956070 18.9478638649
402585309.9611363411 28.1644383062
385429631.4415081143 13.8537337711
389296737.0735960603 18.9567968065
416784522.2199143171 33.9849410523
384590866.1893134117 11.7208045439
385264428.8712635040 13.6770194029
418828980.0237867832 34.4428784437
428750824.7427798510 35.1717636995
389335525.9197409153 18.9590564295
418693641.2538614273 34.4205461703
385252361.8313159943 13.6285831816
387254302.7237017155 16.5722073671
421815117.6243645549 34.8378734626
419074559.0038423538 34.4662308954
423305566.9567126036 34.9745812155
384208467.9109854698 10.3612723697
385170017.3574648499 13.5054110145
385159480.5345675945 13.4740831261
428814144.6638360023 35.1728975885
417129893.8207412958 34.0517707113
418612985.5720385313 34.4121650495
418226821.1897135973 34.3293865882
422015099.0991151929 34.8910666890
385117482.1167436838 13.3375478731
415987702.5375162363 33.6776686758
389524877.8316289186 18.9595171748
389178634.8658469915 18.8424437797
423228916.2917077541 34.9706254117
403073938.4734525084 28.4171351295
402836954.7684975863 28.3274599191
389034754.1237319112 18.7836077914
388959629.5827000141 18.6648394083
402589895.9298374653 28.1989666867
423712934.4141358137 35.0061307512
395272243.9128282666 24.1916110901
402908858.8654563427 28.3445472640
395353512.4430211782 24.2318987375
402399798.8877988458 28.0650946768
402503559.9989542365 28.1587204310
401984537.6642202735 27.8058960126
402270300.6883878708 28.0417160923
418322776.0181725025 34.3560965545
418508253.9377106428 34.3892998137
423463696.6619799137 34.9965355359
418401726.0654163361 34.3590460978
423522675.4957673550 34.9976101331
421592029.9089874029 34.7917746641
415277144.4732630253 33.3729230636
418564836.9280748367 34.3959629647
395446960.9292611480 24.3346707536
395745390.6173863411 24.4973151097
401297568.6671540141 27.5076736921
402005179.2369471788 27.8667739467
395111341.8592883348 24.0455686191
395315269.3104140759 24.1987839472
395857024.5326722860 24.6001874226
415477956.1982396245 33.4389494290
421727960.8258783817 34.8342799209
387248457.1283912063 16.5405151757
416500847.5715698004 33.8734217230
384680767.1681106091 12.0617981173
384667224.0655188560 11.8971174819
395023335.5395257473 24.0111131769
395298378.8993084431 24.1938214542
418280737.7604284286 34.3473041840
418484672.1212810278 34.3859544732
401905570.2034996152 27.7624588070
428163993.4033745527 35.1342443340
415063571.0355684757 33.3014541087
401563423.8850141764 27.6208307430
395236438.5889617801 24.1813551722
423325425.5753433704 34.9810213707
387215141.1705951691 16.4566206030
395815537.2364443541 24.5509308464
401086236.2017863989 27.3756229112
401098216.8159465194 27.4075856598
415258323.0426111221 33.3185541732
418682401.8676685095 34.4141265117
387119290.8725444674 16.3261843512
428314913.1497132778 35.1401797198
418526449.7864187956 34.3930506669
393345208.0400431752 22.3651393407
387081865.8379889131 16.2968800022
393580011.6470470428 22.6959889856
393483554.7198911905 22.6543083739
398319926.3538133502 25.6935548144
398265618.5757785439 25.6828515413
387063490.9510096312 16.2909782866
423209027.5014351606 34.9609066211
393912660.8810650110 22.8108840560
393651769.4461791515 22.8030742955
393414452.5239138603 22.4983353996
393636121.8629876375 22.7463324767
384585733.7641645074 10.7567554587
384490700.9551416636 10.7549889913
384552679.6033936143 10.7561506992
415482788.1571819782 33.4732427602
395601914.7169463038 24.3822425286
386933397.5774651766 15.9488232656
421338536.5219299197 34.7517385595
384586163.5571914911 10.7652515110
384617612.9802527428 11.7462324811
388265208.3927893639 17.6786123527
415655722.3367011547 33.5151711348
415827047.6577895880 33.6108895224
427931670.4088109732 35.1188428365
384626863.8423804045 11.8847003657
416086265.4699188471 33.7023299187
393779179.5590376854 22.8045250111
393430858.3114972115 22.6270869103
388200993.3198016882 17.5081489851
417650300.8014783859 34.2023169212
408178101.5327512622 30.3834813616
408303595.9718098640 30.3947447619
415531177.7031364441 33.4802807383
415645550.7530990839 33.5140784755
415726407.7002652884 33.5308897234
420710703.8909525275 34.6445746906
387037507.5037351251 16.1204316540
387042879.4739617109 16.1333279223
392907056.9796219468 21.9986950673
420776264.5783299804 34.6650056280
417575632.1941688061 34.1720129140
428015141.5498723984 35.1262271814
388466244.0913740993 17.8661421868
387061749.9323647022 16.1337479370
386976114.4035536051 15.9720047541
420799507.8245125413 34.6934980042
386987899.8341505527 16.0482876485
388486499.5591644645 17.8664358859
420318930.3261528611 34.5695590563
420449300.0982782245 34.5762570202
405364188.2534013987 29.0991143794
397371586.3258176446 25.3284221062
417271503.0069382191 34.1063458584
427731654.3376300335 35.1185319386
397567392.5106917024 25.4595296824
388342763.1804062724 17.6825941405
427660373.4552369118 35.1162389927
392818603.8963758349 21.9884001676
400443750.9896608591 26.9239835890
400335689.1950304508 26.8648852409
400219603.7284343243 26.8073767817
399942956.2093301415 26.6515142157
399932343.9182571173 26.6332499973
405307696.3826621771 29.0965770702
405545519.6422337890 29.2476141980
405161315.2399989963 29.0913915993
393088246.7530301213 22.2830629045
405157119.9075316191 29.0118095762
393106386.3604149818 22.3130108289
400140869.9057034850 26.7900228055
426784254.6932467818 35.0678790323
400051400.6560428739 26.7148099459
427097021.7601435781 35.0769894682
400122773.7614190578 26.7695892312
404927102.2954091430 28.9325944647
426074782.6291038990 35.0388164632
404727163.5483490825 28.8205090254
426948857.1015084982 35.0750913285
426148523.7641909719 35.0450770967
408064571.8562754393 30.3144252120
427219037.6360539794 35.0815727077
407790586.6317107081 30.2231363735
407415409.7909712195 29.9281170542
387657114.8885881901 16.7975612624
407604167.5520598292 30.1060951265
398682532.8402348161 25.9766719849
398919020.2848995924 26.1051399694
398779630.2309754491 26.0288749919
398639659.0063639879 25.9393738867
426359328.2974390388 35.0457232557
426376418.0711199641 35.0465467535
399056759.7462879419 26.1517751971
398535805.2108187675 25.8569163244
426047545.9090644717 35.0282911845
406802405.7158647776 29.7132476023
398453291.5835106373 25.8145536766
398565172.8014623523 25.8838435060
388196964.8585384488 17.3639758326
406734974.3133548498 29.6595994136
388157229.6227548718 17.3504990883
387957371.4109536409 17.0359436820
406954007.0478190184 29.7618705682
388028227.8715830445 17.1923674442
406680241.2413476110 29.6181188649
406937387.1398698688 29.7488652072
387976805.2953997254 17.0395519569
387783125.6699209809 16.8491506673
387913236.9787788391 17.0207590557
406768191.0771669745 29.6834612137
406717202.6930553913 29.6426621128
406273363.0373654962 29.4591137359
406209243.0960991383 29.4415579012
406056820.5304228067 29.3734877968
394812470.4279977083 23.3281339247
394878171.4867721200 23.3383347163
394888023.9072148204 23.3456479729
394806084.6610848308 23.2865024981
394720197.6146243811 23.2203192794
394626142.4774023294 23.1898734299
394210273.1593982577 22.8391898032
394344092.6994109750 22.8691654111
415030237.2645090818 32.7771991368
415054315.8869041204 32.7817069371
412769467.5996550918 31.4407056021
412045929.2608168125 31.2928721912
411657984.5579607487 31.1320896330
411632997.5322732329 31.1166701948
411937227.8692584038 31.2382759161
411576354.3981317282 31.0548012087
411730262.8634289503 31.1527806900
392728595.5895107985 19.5643421193
411517936.1334010363 31.0535392656
414411417.8947799802 31.8941414347
413780487.3542835712 31.6938689209
413677843.3266128302 31.6011813383
413996546.1587861776 31.7456652976
413956414.3259006739 31.7374559052
413427289.8753577471 31.5669452833
413678851.9968965054 31.6348126016
413392224.8002613783 31.4865637466
413506679.5740833282 31.5907978050
411207459.0652272701 30.8188215552
410110080.8030130863 30.4031248995
410479267.1768883467 30.4723667389
