542188622.6554195881 3220154.7021484375
542717702.7807604074 3227512.9467773438
542940984.8740118742 3228110.0776367188
542393245.1240111589 3223513.1850585938
498659296.2906915545 1523456.7850715518
498585246.4757729173 1515625.9712378383
512702528.9882454276 2395611.9344787598
512866727.8981893659 2396727.8545532227
512894191.2534247637 2397083.5563964844
539735655.2130219936 3185024.2788085938
540306512.6992197037 3200638.4262695312
540180176.0621953011 3196264.9472656250
499820454.6937277317 1680982.7635622025
504246543.5214075446 1995097.4336133003
504419485.9783321619 2004134.4342389107
512391917.1388096213 2387331.0261840820
512534050.6254960299 2394435.2136230469
512934620.8832264543 2398406.8849487305
512514057.2899809480 2387798.9391555786
512226262.6857516170 2384077.1267395020
512524409.5590153337 2387965.0438385010
530588601.3109951019 3032264.9069824219
530866929.0656428337 3038878.5925292969
504294068.9262344837 1997021.0801162720
503856735.0736401081 1977035.6361126900
503779505.5750071406 1972907.6612896919
504015911.1232287884 1985996.2244915962
504231715.3880872130 1992162.9682374001
522292109.1325151324 2784446.6068725586
531002181.9752774835 3043000.2583007812
540596851.5613330603 3205090.6938476562
540801815.6755032539 3207894.8935546875
541163010.7637004852 3211132.4882812500
543201173.2715443373 3228172.2241210938
504123630.5998662114 1991417.3035454750
512174658.8514541984 2378963.3909378052
541732706.6258080006 3218990.1127929688
499915182.3090881109 1681796.8493432999
500212681.4987865090 1684800.1205320358
499879640.3752160072 1681625.2587690353
512067650.3817991614 2373936.8721389771
532756679.6368123889 3078895.9177246094
533504594.9571547508 3087069.7148437500
541081314.5144460201 3208693.4445800781
541191933.5355486870 3211507.3339843750
541231578.7467373610 3211597.4643554688
499939666.5908722878 1684202.7015676498
499812813.0087832212 1674562.9289350510
499661822.2531052828 1668964.7604093552
503791996.2171978354 1972979.9723248482
543431366.0438337326 3228261.8432617188
543831541.3732277155 3229136.6860351562
511779564.6073281169 2360389.2036819458
521845468.2770014405 2772685.9898071289
521956010.8190049529 2776093.5593872070
530907501.6925306320 3041263.6701660156
530400974.1182647943 3025538.9447021484
541147116.8590848446 3209725.0693359375
541272510.0632410049 3213670.1611328125
543118955.0635952950 3228141.8256835938
533427733.4958402514 3086601.3029785156
533568102.4165484309 3089323.1828613281
533228885.3602162600 3085258.6701660156
533008102.0879548192 3083338.8791503906
533071150.8970087171 3085229.4807128906
553238655.3648982048 3243023.3627929688
552843168.4678038359 3243010.2172851562
521627397.4492549896 2750808.1647949219
532893028.3481177092 3080659.0505371094
532779661.8214953542 3079900.8249511719
522536611.4529905915 2790048.7630004883
552233478.7044810057 3242477.5639648438
511955930.9591357708 2365824.2863540649
522144666.3668947816 2780780.4595336914
530514428.5741785765 3030132.3513183594
530688073.3561151028 3035545.6477050781
532991933.7647657394 3080974.8059082031
541304164.1461579800 3214537.9194335938
552738873.3114750385 3242981.3178710938
551952997.9057830572 3242021.9077148438
552017930.4647486210 3242068.3764648438
552339588.5266031027 3242582.1215820312
542652396.9731172323 3226663.2358398438
542848115.4792957306 3227719.5737304688
498751864.2824151516 1535437.1265022159
503513641.9061042666 1950707.1015496254
522192959.9828708768 2781746.2427368164
530320697.8197842240 3016093.5119628906
530561945.9301369786 3030493.6756591797
541641453.6188951731 3218333.6113281250
551821386.7218101025 3241078.2153320312
503677299.7931261659 1959216.9788498878
530293718.2422357798 3012353.5213623047
532706234.1117066145 3076523.7097167969
532651881.8905766606 3076057.1755371094
498847492.0092219710 1548731.5792610049
522122763.7910656929 2778443.5382690430
523025790.5548878312 2800228.6558227539
523068298.5726616383 2804434.7733764648
542197370.5842134953 3222226.8271484375
498727244.1991164088 1531034.6001350284
499526989.0877124667 1653900.8684644103
503467859.3211339712 1950344.6768670082
522371435.9574427605 2786175.8184204102
522593312.2485805750 2793759.1187133789
522815041.6647704840 2795244.2360229492
537233243.0145784616 3148207.4667968750
499526323.9407182336 1650926.7541913390
499523315.0651399493 1650114.8366355300
499423293.1816154122 1638091.8455924392
499322881.8600462079 1618782.4840888381
499371147.4431833625 1630043.8995475173
499302958.2303957939 1618037.4636725783
503562288.2485849857 1955476.9290733337
503751350.0623050332 1967036.9663023949
511678372.7903978229 2354017.8965530396
511595831.8487435579 2346391.9466018677
530329724.6483275294 3018656.7943115234
530394338.9833617806 3022196.8907470703
542570694.7042552233 3225220.6855468750
503569989.5475701690 1957780.0548882484
503553309.8730197549 1953983.1279625893
499031754.1582622528 1559853.4310542941
511444802.4565197825 2338929.8345413208
503090210.8463072181 1924522.2752957344
503140787.5336047411 1927230.9179730415
531764682.8305626512 3055752.4575195312
532017947.4236604571 3061419.2526855469
532141975.3902748227 3064000.3591308594
532506209.7939057946 3072863.7980957031
532206811.0808922648 3065499.6472167969
499117389.1612668037 1569390.2415997386
499042730.0303293467 1565699.7470929027
499163882.1226016283 1583248.1187833548
499257448.3749707341 1587715.2750333548
523020822.9771798849 2798955.9229125977
499150753.5483437181 1573761.8800023794
537450399.3248325586 3152655.2929687500
538297455.0981373787 3164781.5659179688
537711931.0834511518 3157466.1083984375
499214246.6345778108 1585978.2891935110
499095637.3658780456 1566883.7515958548
503034886.7757448554 1919748.6598839760
499285222.6059885621 1593620.9198850393
502955975.5577560067 1910901.9156537056
503316392.1017456651 1937694.2063088417
511534624.1666424870 2341205.8289260864
531894193.4737553000 3057371.5954589844
503039348.4617342353 1921431.4190716743
511600728.3446691632 2348725.4544143677
538150603.8166965246 3164006.9575195312
538721991.0759880543 3169609.1855468750
538729986.6676611900 3170023.4453125000
538738629.4626082182 3171241.3198242188
538590352.7149995565 3169462.7988281250
548698385.0522149801 3234477.6020507812
501539988.0887311101 1785638.8320789337
501177334.1433501244 1756936.3635730743
539088150.0498079062 3171716.9511718750
501640952.4220682383 1785864.1152362823
501360990.7421934605 1773092.9122791290
550922800.5959849358 3237273.9936523438
539175636.7277563810 3174592.2680664062
548174503.5908614397 3234249.1079101562
550647534.8567682505 3236264.9526367188
502754911.0077310205 1891249.6696248055
502707982.3639465570 1882602.2751545906
548871680.4983950853 3234743.4350585938
502713612.8233229518 1887739.3274006844
550242344.9225043058 3236166.0532226562
539715418.5566315651 3179426.8837890625
547755032.6946756840 3230922.7250976562
501302141.1769505739 1766697.1250319481
548090960.4143215418 3233890.8090820312
500888757.7505539060 1713672.7657279968
500588104.6846091151 1694598.4554100037
500841080.1781643033 1712522.4854612350
500800058.9527124763 1704982.7462701797
548080517.4137921333 3233705.0375976562
500765548.2659603953 1704528.3526105881
500640720.3467162251 1700311.9478178024
539691202.0401687622 3179095.0297851562
548227524.9204012156 3234364.0317382812
547885001.7125079632 3232396.5307617188
550873177.4879279137 3236675.8872070312
510835758.3898127675 2286908.5494766235
510905762.8061773181 2292983.8536758423
510964077.1750565767 2294320.0470352173
501427810.4002838135 1776161.3511023521
511121526.3585969210 2298731.7125625610
511022365.7310467958 2294675.5851211548
501128783.5900574327 1743789.6684126854
547987336.5151162148 3233130.9008789062
550833549.1947728395 3236653.7807617188
550787346.3304769993 3236649.7221679688
550538035.5389306545 3236178.9096679688
510804798.1544803977 2286630.6310806274
502412686.5918416977 1845998.2254991531
502556177.7641401291 1860021.1610727310
502540446.2160214782 1852932.2452135086
502074777.9568011761 1824991.9692683220
502234327.2413967848 1837563.5715212822
502311095.3320503235 1840852.9581179619
502164563.6532275677 1830855.8896365166
501879553.5180771351 1807974.7750811577
501126407.4094838500 1742377.5313844681
501787363.7493169308 1797269.0768494606
501676691.4551514983 1792601.8167099953
501858194.8413366079 1804497.9663844109
528461287.4626808167 2946011.5417480469
528433261.3165795803 2941352.4057617188
528504713.8135111332 2948596.6381835938
529275214.2337205410 2965486.2670898438
550242329.7343285084 3235658.3706054688
510801874.0167689919 2280840.7393798828
528711301.3256760836 2954801.4655761719
529379613.7675940990 2966777.5657958984
528900949.1984127760 2957032.8167724609
529042888.5289381742 2958603.1112060547
529152472.7318439484 2964723.1224365234
529715744.1181505322 2973730.9735107422
529538651.5655009151 2967547.3270263672
529624018.8219059110 2973199.9399414062
510672518.9272845387 2277126.1616744995
510404310.8207433224 2257433.2961959839
510543931.2315384746 2264734.8423995972
501081041.4745047092 1722976.1477015018
510561218.8431935310 2266043.5759811401
501049294.4171770811 1721501.4748499393
510256919.8963152170 2227233.0040092468
510110559.8875254989 2221051.8916435242
510115254.3028444648 2224492.3580131531
509962716.1525900364 2209469.3753471375
510084681.6023517251 2215174.5592765808
510090615.3478646874 2216648.2078666687
509527121.2897176743 2171607.9570693970
509658947.2429253459 2186120.3099136353
509852915.4191919565 2195710.3768577576
509446933.4829135537 2169875.6708145142
508236938.6991975307 2096112.6069412231
508411510.8601797819 2113649.8654861450
508638248.6810116768 2124718.4963455200
508308195.5014032125 2108437.0363235474
508409034.5626538992 2112459.5119705200
509203512.4744586349 2153636.5315628052
509224415.6798470616 2155694.3811111450
509028874.6354611516 2144019.9686355591
509158248.7949932218 2153550.8001174927
508901778.7275194526 2138898.8034095764
508187256.6866280437 2073004.8766403198
508008084.9182698131 2060723.8560409546
507876489.7505626082 2047989.4339370728
507918313.2995727658 2049252.8411636353
507520208.5243080258 2013406.3268966675
507767452.1149434447 2027177.4602737427
507811248.5403470397 2034511.3711624146
507684863.3205573559 2024491.3950309753
507570359.5445979834 2016902.2277603149
507791623.7521471977 2029722.0790786743
526146229.0460309982 2838534.6019287109
526261923.8694607615 2840276.1700439453
525800838.4472838640 2834713.1801757812
525381580.8028739691 2821804.0798339844
526214262.2401227951 2839676.1855468750
526027806.4402803183 2838240.8237304688
525603309.8308840990 2828928.2272949219
525987380.3745922446 2836094.7749023438
525547552.4710340500 2824134.0935058594
518246624.3008006811 2514334.4102096558
521502240.0993214250 2625895.6760559082
521377987.0523567796 2618121.6426086426
521326883.2258542776 2615626.0412902832
521248510.1132476330 2607951.4265441895
521248437.2449759245 2607241.4357910156
521091977.4173842669 2606222.9531555176
520778618.0584719181 2597791.4160461426
520630584.3314436674 2589692.8663024902
519929643.6223175526 2571957.7360534668
520285944.4368724823 2584810.7990417480
520128597.3978110552 2580849.0279235840
519612264.8466560841 2561663.4560089111
519811667.5165398121 2571797.3903503418
519511247.0635244846 2559817.5383605957
519502408.0349019766 2559580.5403137207
518531203.3401795626 2523046.9424667358
518856084.4394096136 2532669.4818878174
518795073.3050098419 2530593.3199081421
518508304.9669371843 2518602.6691436768
518602003.2458137274 2523067.8662948608
518662996.2762210369 2525597.5572128296
518719707.7416033745 2525904.3731307983
517886403.9172968864 2472489.1339950562
516755138.7817442417 2424940.0233688354
517064077.1237812042 2433301.8414840698
517389075.1805142760 2440060.9663009644
517324214.9650648832 2439671.7990036011
517528872.1638524532 2447718.5597763062
517199823.4554790258 2435015.0691452026
517063211.6689498425 2433237.4513473511
517062181.1367326975 2432871.8495407104
