1244190181.1168866158 5546877.3198242188
1282104138.3137390614 5680044.9663085938
1117385760.7212936878 2831154.8584814491
1117004465.3336510658 2813442.1314088893
1089340517.7700724602 1728918.7203265135
1089347466.6099667549 1732396.6923323576
1089517787.2449536324 1733650.0854878007
1089070495.9050505161 1713763.5321761076
1089291321.7528867722 1724486.3410069947
1117007773.8918168545 2817497.5653213975
1133713078.8901450634 3345446.7797567844
1133532426.7375884056 3340952.9245169163
1133886295.6636166573 3349683.5985173564
1133766769.1905174255 3346262.9979116917
1134162651.3296158314 3355787.8716299534
1173924309.2498745918 4387916.4592107181
1181528395.2422642708 4558312.7202821411
1219453657.5485038757 5251793.3905029297
1219184572.1406028271 5250960.5389404297
1277724689.9611728191 5674066.9848632812
1134127394.1572756767 3353592.7656119466
1134107228.5237061977 3353239.5703680515
1134277412.0163593292 3359435.3796865940
1133776563.9376292229 3349649.6943838596
1078819522.6808395386 1049338.9478509803
1182637034.3138341904 4586981.0291411206
1219675746.5988242626 5259510.6190185547
1250706424.3337042332 5583220.9160156250
1281656386.8767578602 5679970.7446289062
1079107437.0557751656 1049396.9849603553
1083269418.6201996803 1404272.4442321854
1083166222.7995285988 1398653.4578769575
1078394369.9469306469 1006968.8899472295
1083153945.6001219749 1397325.9905224717
1172880833.9832692146 4365567.9587249402
1218933921.0278542042 5246705.7542724609
1221211866.2117836475 5281373.0107421875
1221170429.3283412457 5281228.0288085938
1089092860.2388677597 1720882.7582503264
1088835826.7801694870 1708380.5406687935
1221587946.7174882889 5283132.6420898438
1232407263.3687980175 5429327.6118164062
1244767846.4355130196 5550502.5864257812
1133256256.1073913574 3333975.7665326819
1133097277.1377015114 3327068.9843287691
1181689102.4973151684 4565774.3462587036
1182090379.6422088146 4575714.8251405396
1078748410.5771212578 1040589.3046580036
1219125256.0926043987 5249932.4139404297
1219175423.1885564327 5249964.4456787109
1220640164.1750140190 5269710.1289062500
1244338709.1566381454 5548525.5825195312
1250639029.6569287777 5583176.8510742188
1132947197.2865562439 3323222.0376849398
1116732815.0184891224 2807511.7715124716
1245101209.0673978329 5552705.0668945312
1078519684.5846972466 1022060.5011912067
1078535813.5983607769 1023384.8414011677
1116661054.6263835430 2803952.3364538779
1132703895.1686344147 3316240.7066455111
1132500674.4625031948 3307469.0864761248
1132370362.0749680996 3305235.7184558138
1181880724.2854847908 4570583.6577821411
1078580001.0975058079 1025872.0945437232
1078601744.2315557003 1028233.6036081989
1218806540.2666518688 5242722.4440307617
1088272933.2060103416 1676363.1693793612
1218858160.2835288048 5243204.4464111328
1087978274.4487779140 1659112.6911695080
1244477524.6507186890 5548916.5234375000
1250150062.7597775459 5579566.3393554688
1116337256.0392405987 2782774.3010178693
1116388091.2199752331 2791345.3017530330
1249551342.8597688675 5575427.2646484375
1279519195.1355059147 5675920.6972656250
1180700626.9538741112 4544641.0762164891
1243923778.8164758682 5543750.0893554688
1180840103.2466113567 4547170.2753131688
1279885968.5245926380 5676877.4926757812
1116172405.3657400608 2778869.7283887751
1218795859.5069985390 5242327.5897216797
1220744106.2652437687 5273909.1352539062
1244629976.8411791325 5549828.3310546875
1280150922.9198510647 5677197.3657226562
1180926697.3084387779 4548641.8136432469
1083430816.6879773140 1411348.5441738977
1131338453.9289398193 3271134.3760168701
1083473540.8305795193 1412946.7927874303
1279230173.0512268543 5675251.6875000000
1280116785.7008159161 5676959.0869140625
1244798578.0890696049 5551184.3779296875
1180448648.6975989342 4535232.9176471531
1083107481.4356086254 1385792.1358238659
1218624882.2459948063 5235715.1876220703
1248042200.5748949051 5566708.6064453125
1247770415.7345607281 5565200.4609375000
1247310059.3489241600 5562666.0620117188
1087881964.5433337688 1645573.7322670221
1130428562.7394154072 3235581.7947359537
1130450561.3937244415 3235764.8855562662
1218666584.0616786480 5239481.3280029297
1246933671.7403016090 5559504.5234375000
1130713760.4631562233 3240079.2411928629
1087545698.2066826820 1629598.8226951370
1130257090.0106544495 3230283.3017397379
1079246428.6363852024 1059563.9009993621
1087486487.1164245605 1624524.0738281021
1087345688.0692205429 1618827.0582908401
1218745224.3691072464 5241188.8040771484
1082997428.5559914112 1377363.8245321712
1130013346.9013831615 3222286.9818949997
1218792533.1740469933 5241610.1334228516
1246867012.3180675507 5558614.3076171875
1086175915.9585182667 1553966.8551243150
1084419221.3871412277 1457754.8391333693
1130158816.2387123108 3226047.1422094610
1130381213.4010381699 3231353.1305947159
1246308226.8422532082 5556401.3071289062
1086011647.3952360153 1544190.4257696066
1114915345.7683165073 2719370.1672717193
1130612984.0053880215 3237638.2319130753
1218628997.9355490208 5236344.0587158203
1233349228.1810281277 5437989.6948242188
1079663488.9458317757 1083690.2066585496
1085584455.5508689880 1522869.5751596482
1085359035.5246677399 1509085.4114902150
1172378638.9841690063 4351718.9169172766
1079454896.0437769890 1073202.2725934084
1218726456.0433831215 5239500.7098388672
1233282673.0077509880 5437670.7934570312
1114440793.4690585136 2709463.9387706295
1114407628.4355335236 2707761.3117534742
1114380216.2300283909 2707652.0209819898
1114634489.1411895752 2714874.0270549878
1233771975.1447153091 5441362.4755859375
1233098815.2718224525 5435663.3227539062
1079766846.8316414356 1097071.1849901050
1085369604.6085762978 1511524.4266227817
1085223986.4196841717 1503672.3704528695
1082810288.2821295261 1353549.2133505777
1233574145.7018327713 5440353.3007812500
1242526689.6987748146 5519712.0893554688
1242719306.2918248177 5521787.0034179688
1084432225.7726032734 1458424.6411547915
1114650685.1072525978 2715462.7077707485
1242876093.9788033962 5525615.8007812500
1174471361.2591915131 4395506.7371498002
1174588786.8378307819 4397560.2212806595
1242512403.1861116886 5516407.8012695312
1243355516.5659101009 5528352.4438476562
1080427720.1702480316 1124293.3421160502
1233915327.6300535202 5443238.2719726562
1233779398.7298221588 5442688.8110351562
1233457073.9437007904 5439656.7900390625
1174894920.2844357491 4404072.4649330033
1174834355.5091269016 4403114.7857337845
1127493937.8831098080 3135276.7222261019
1127249010.9707777500 3128010.7162751742
1127110122.3448235989 3120403.7025183327
1126801255.6295454502 3110582.3905323222
1127021256.5039696693 3116256.4029577859
1126942666.1481828690 3114122.5101202615
1126554096.2559370995 3103114.8605230935
1126723502.5258846283 3110016.3345984109
1171750065.2721586227 4318756.9618526595
1095097686.1576020718 1904495.0688691656
1081766030.2788939476 1177761.1636821802
1081716829.9045860767 1177489.8271343287
1082074341.8988425732 1203096.0792165319
1242532762.0492167473 5521656.2153320312
1113192168.0352003574 2647011.3779834327
1081996062.7103464603 1190885.2724454904
1081918176.8400382996 1190882.0312345529
1113176502.7636039257 2644440.2654346046
1113330142.1995897293 2653009.9512256202
1093493579.5706462860 1819057.8593959447
1093778989.2432093620 1835233.3041403696
1093646809.5478007793 1830262.4245121882
1113135846.3033838272 2641097.3801129875
1093513178.3086729050 1826186.2694828913
1093282703.7120454311 1815922.1193364069
1082042586.7198543549 1201907.2431486154
1082265694.9756386280 1217299.8581568780
1082410574.5077812672 1237342.8527267459
1113027634.6498184204 2634182.2575543937
1082272722.5472769737 1228778.4929539869
1175916647.2304067612 4421028.7875648392
1175422841.0610210896 4413186.8815894974
1241483395.2382063866 5510557.3623046875
1177252610.4963040352 4453377.4427414984
1176667061.4826748371 4438100.0283790482
1176771605.0430033207 4442015.8486915482
1171639111.5248384476 4315891.1156659024
1171880081.9896762371 4322476.7211346524
1176338341.6840567589 4430820.0715919388
1123167282.3968198299 2984002.6731903818
1123158478.5263452530 2979610.5563242701
1123088351.5706520081 2978424.4487863597
1123001852.9011030197 2974814.8070566920
1175964047.5190396309 4422884.2945533646
1176050728.4219887257 4424600.7078834428
1122003945.6420388222 2941419.7752038133
1121778884.3626029491 2935727.4502354753
1121411171.1424760818 2921892.6784110530
1121079053.3345658779 2912465.0576618193
1121347791.8014116287 2919466.0998428343
1092549621.8915646076 1769743.5124813719
1092385713.9195761681 1759543.1476558205
1092326765.9486460686 1757883.7251840080
1092119395.2707135677 1746694.0827532515
1172095000.5534329414 4325383.6651348965
1170862164.6898190975 4275326.5301076872
1112053579.1033773422 2586288.5800635577
1170151334.3955764771 4256556.0907937987
1170711109.8801925182 4271581.8761941893
1111924291.2383103371 2572237.6892015510
1111568049.3926961422 2559773.5761489444
1111418126.7631442547 2553032.9671930843
1111463405.3413298130 2554039.4221487627
1109683595.1833407879 2478170.5123614473
1109490540.1482200623 2473538.0279005589
1109070178.7850880623 2447278.8012417443
1109078003.6822924614 2454357.5214565881
1108926641.8622651100 2446574.0378140099
1108594025.6981801987 2418569.8010294079
1240708767.3895506859 5475727.0214843750
1108084382.4047849178 2386011.9082528483
1169538546.7741248608 4211106.8300867742
1169659615.4184951782 4214360.5308390325
1107122779.3548431396 2339773.3119584708
1106785086.3528642654 2316328.3131945496
1106809498.2751548290 2324093.2277000537
1106607700.6380605698 2313258.7554100147
1165531597.7130687237 4076421.9759852216
1106511881.9362990856 2303815.6256683609
1273667185.7170150280 5623829.5463867188
1165139728.4187316895 4072756.7078882977
1105834496.7759487629 2275459.1459048493
1103154815.8324868679 2167867.3901713225
1105770430.0366144180 2270281.7546644947
1098704865.3252134323 1964566.5742071345
1104935832.3466091156 2235856.8581268243
1104669086.8861904144 2224632.6929264567
1104185110.9741363525 2209376.4459090061
1228556975.6824214458 5326002.5043945312
1103749726.1756875515 2191493.7875990695
1100624654.9504292011 2058442.1363289587
1227806782.0243318081 5313537.0224609375
1102203848.7738113403 2126058.6741096070
1102483441.3493099213 2134776.9198949998
1227807024.2099425793 5314037.8876953125
1100686588.1153836250 2060293.9021143250
1102092044.8521509171 2121270.1853400758
1230322078.3899192810 5340539.5861816406
1100671337.7627909184 2059251.0395237783
1227105569.5454301834 5302686.1386718750
1100441642.2809047699 2051549.5612940125
1100247595.1066148281 2040474.0367769531
1098144251.8135287762 1939170.7686217693
1098288900.5418815613 1948018.3718932536
1169178757.4703283310 4150608.4685252383
1168878596.2901530266 4141675.2914932966
1168236519.7648413181 4126052.7054245472
1168225745.7611927986 4124203.1200134754
1168519333.9386608601 4129980.2087433338
1168485186.6352531910 4129681.1910583973
1167973317.1764740944 4120600.6927673817
1162551230.9485986233 3968958.4592517689
1162086485.0605199337 3954364.7426112965
1162022560.8060851097 3954335.3368495777
1161841373.9263675213 3951796.6850246266
1162126337.4778716564 3958612.7124904469
1153049975.5193843842 3708112.9762730375
1161512586.3091671467 3942638.5246478468
1161566792.4400153160 3942798.8095294386
1157643813.3279471397 3832504.9317331836
1157302825.3097920418 3824792.6933870837
1157529482.9599530697 3827156.4563038871
1157469850.5477669239 3825971.4999545142
1157466232.2074325085 3825194.6320851371
1157242972.3075985909 3817173.7652638480
1157101860.1347494125 3816036.7470753714
1157034068.3756544590 3813358.8928883597
1154897022.2561028004 3751273.4272994176
1151535524.2738125324 3643818.9082238730
1150645783.4948251247 3611043.8624906000
1150281145.9066925049 3601030.6610288080
1143753509.8022437096 3396082.8584275637
1148306437.4938638210 3536065.0565241221
1148270563.9478282928 3531748.2955129985
1148047008.6253213882 3526720.1815241221
1148097656.1656777859 3527060.6518610362
1147937779.9902200699 3522830.6928766612
1148024591.1480653286 3523005.3412898425
1147528350.3033843040 3511850.1108759288
1147643158.3876893520 3513883.8359735850
1145011684.8348979950 3427964.4094313402
1144832536.0671312809 3423811.0366286058
1143587818.1163370609 3385923.9907741174
1143322792.9968380928 3370263.0675861388
