207739717.7720350921 194010.1607666016
190292653.2783175707 39460.8199228980
190460962.9072269797 41828.2753991820
198744391.1202380061 135054.6503420770
191728776.2206745446 67279.5379344549
205622341.2436276376 185945.3932495117
205803645.4910184741 187021.6958618164
205573617.7058839202 185809.8270263672
207511181.3758407235 193802.8784179688
208018973.0722209811 194528.3006591797
192039180.5680486262 71181.3650313940
198719920.9462647438 134856.6772519052
205855742.7849152088 187329.4275512695
207871505.0069100261 194311.7460937500
191646784.3967549503 67034.2559215154
191629892.8692274392 66827.5893481698
198745604.0481651425 135180.1012358516
206011488.6967710853 187821.6372680664
191581574.1743496358 66753.3762523260
191985999.1613931358 70560.4192210760
191551414.0349726379 64817.7361232366
191682958.3879607022 67183.9624795046
191794781.7953607142 68802.9845889535
191931033.8251186907 70370.4784003820
205760535.3374657631 186981.8512573242
191567164.0891740024 65065.3871776189
198702110.8396318257 134089.6675473154
205543301.0958136618 185381.4975585938
205406888.5906622708 184099.0257568359
198802045.7044152021 135237.5266423225
198563579.9838143587 133600.1165556759
206335894.2228527665 189036.8514404297
198697823.9850667715 133768.9738827646
198876972.2342804074 135352.0661135614
198737521.4240089655 134880.7771025226
198515698.6455640793 133151.4662154602
191499453.5734178722 64705.6314860906
198454028.9558794498 133146.7878476083
208058188.5069718361 194776.3715820312
193529103.5141868591 85586.5308740698
193339818.0225400925 83608.7630670629
198374710.8024073243 131870.9653285071
205180270.3191955686 182646.6226673126
207546555.0496618450 193821.6278076172
208020296.8377662897 194581.0528564453
208028886.8500838280 194712.5954589844
191754989.9400859177 68596.5772773351
198527984.7180227637 133383.6917711186
208197200.2285788059 194953.5468750000
191510187.9173257649 64773.2361232366
198274999.6537771225 131350.6443475187
205192602.8035160601 182766.1979446411
208056063.5958576202 194771.3890380859
208145673.6157188416 194940.3316650391
191664786.6100113094 67125.3532210912
190051783.0806816816 32002.5052970350
198316071.7840617299 131502.0101922452
198341716.5155851841 131503.5914910734
190250100.2832857966 39180.4833069779
198527529.0139735341 133364.8478802145
205465918.9571909904 184930.8421630859
189920617.3350788951 25903.0797599256
190346563.0240013003 39843.0278800055
198071490.0208679438 129385.4167098105
205329377.2571922839 183755.5324096680
207390688.3903958499 193169.0771484375
207618969.4545315504 194003.4379882812
190245222.5258543491 39179.5866160132
190375227.1698495150 41324.1245279722
206918480.8637365699 191722.9987792969
190260519.0705167651 39288.5696909837
191499062.9727949202 62732.6618301000
198098714.2051669955 129514.5087274015
205469671.2918674350 185199.3725585938
207329994.5634200573 192926.0944824219
204539918.6355566382 178073.7892532349
198135297.5621319413 129546.2975915372
198254063.5354669690 131350.6404412687
198166879.6344158649 130093.9964593351
198170399.7612965107 130166.1980584562
208474658.4315212369 194979.5008544922
189977880.5861466527 28185.2665427625
192259270.3096786439 72624.8994098553
190189902.2077172995 37309.8410019092
192338802.3486032784 74186.5547396680
192337142.1472469866 74002.9472161182
204640599.9155836701 178818.5970764160
192271255.0890302956 72672.6265521892
192152942.8373196423 72219.4693866619
207549740.7190318108 193926.1921386719
192779562.8764672875 77303.2346838377
189941774.7850309014 27936.2216056287
190143559.4578005672 35941.4175247364
198216785.5604011416 130231.3095086515
193687955.4058843851 87644.9261342883
193798963.8690114617 87719.6563461423
207475035.3607455492 193611.0385742188
197536465.1794984937 123729.4786731675
197959793.4516368508 127780.0398361161
198047016.7260233760 127890.4013823941
191096437.7371585667 56444.7162967846
192243294.2354790866 72496.1044153273
198015242.7283157110 127795.7623645738
192221292.2695412934 72269.4250913509
193469219.6982398629 85586.0506494604
206582050.9513240159 190267.0736083984
206481555.3143815100 189358.3544921875
207260003.3039049208 192776.4525146484
197876451.0695994496 125779.0784046128
190237086.7645864487 37920.1462138109
197738358.7853487730 125762.6205188707
193573981.2084469795 86474.5137842260
207085460.0954485834 192262.0581054688
206382711.3160577118 189301.2679443359
206498219.6881410480 189793.4776611328
207351705.2656069994 192993.3023681641
206312334.7888754606 189020.5084228516
204679480.4900099337 178962.0893554688
205239495.4811370373 183242.3391265869
191143309.3184536994 58084.2736852765
191167109.1345069110 58492.7769930959
190020495.7866896987 30006.8125779828
208603931.5060780644 194994.0102539062
191382194.3281567395 62301.8417173948
197624554.3783857226 124170.4262180332
204616497.8879958987 178371.6911621094
197299070.7635869384 121490.9383007411
204864066.2772377133 180541.4711914062
197590840.6342378855 123803.3542610530
206262678.4904728532 188953.6916503906
197353285.6522949934 122000.2619701747
197499889.6783888340 123536.4829784755
190029270.7386818528 30250.2431205213
205062222.3326408565 181851.7191772461
197336937.9426249266 121600.3187404994
189980629.7802638412 29969.3634513319
204799539.8435242176 179833.9592895508
204821532.6837987900 180506.9638671875
193609924.2676888108 86737.1567218900
206978366.4013158381 191965.3990478516
207022818.0677305162 192149.6195068359
191360128.8906812370 61948.3641970754
206246950.2691330314 188682.9272460938
205141647.1400691569 182310.8860473633
206484684.5157659352 189401.2723388672
191373537.3233870566 62241.8740188207
190107132.1709474325 33959.8785595112
193407607.1787342429 84642.8105371557
207457621.4532067180 193351.8863525391
190068758.4599957466 32455.2303047180
206464692.0888759494 189310.7574462891
206209029.2022486031 188529.2167968750
206663588.8563255072 190312.3011474609
191317587.5742856562 60690.2067170986
191233782.7074297965 59986.8723300099
206106293.5963712931 188094.9972534180
190006538.7060940862 29996.3004970551
193434600.7151880264 84811.7587705813
192952875.1664586663 80184.4563444220
197318156.9946450591 121503.3411327724
197394237.4712420106 122279.9309154872
205368018.2502380908 183857.6824340820
206777733.4842420518 191127.8262939453
206702553.7730717361 190754.4122924805
193419754.5909276605 84704.0148761868
205106742.6812093556 182254.2860717773
197494934.4817819595 122460.4638134364
193602582.1940450072 86494.5355356298
197897813.8474851847 126526.7475048427
197658559.3837302327 124503.6718212489
197430984.6209097505 122426.7770916347
197653252.4760334492 124493.6056591395
190026966.8149362803 30184.5482521057
197266031.0074308515 119342.1372003825
206966945.5758079588 191922.6671142578
193361253.2774123549 84441.3719385229
192810846.4319575429 78664.8634158932
204902326.7703574002 180656.3142623901
204959466.8201081753 180876.9060058594
204965017.7504461408 180987.8109741211
197288555.3234322071 120099.2139883311
193023699.6360041499 80698.0052615963
192477332.4161900878 74842.2151829563
192858907.5641757846 79190.2887243889
192799505.0158936381 78661.8589817844
192463456.2493135929 74595.5752903782
197210055.7662741244 119333.6745538982
192694695.8011093736 77255.0198066793
192614711.3683109879 76628.7171360813
205170305.8733333051 182385.0792846680
193215008.3215295672 82468.9019505344
197157225.0574405193 119201.4970636638
197137783.5564374924 118937.7433865741
197092628.7613083720 117884.4938862994
196905755.3644844294 116895.9269917682
193077389.1434904337 80719.7770420872
193231984.5813764334 82494.6355896592
196600781.3434040546 113763.6266650930
196816594.3752171993 115558.4209950641
196573929.0089018941 113282.1457690969
191087570.3798820078 54569.1376736760
196433422.1510943770 112454.8075439706
193142955.5307521224 81537.7754706144
190992833.5809381902 52838.3301865757
191056866.0804480016 54327.2265713811
196341076.3783414364 111174.9746673442
196375484.9923203588 111277.0782745220
196421153.2857135534 111662.2105389871
191033954.4523334205 52975.4060201645
196386997.3086364269 111448.3902862407
190933929.8791078627 49438.4055967927
190601451.6245587468 42278.2094122469
190682624.5897703767 44094.6292620003
204311174.3414038718 173722.4700880051
196157971.1301650405 109449.1048858501
204369589.4567331374 173892.0817642212
196109995.5080407262 108495.2997711040
204396922.2716439962 175898.2968444824
204490676.2464378178 176850.2182617188
204465241.9815268219 176695.8145141602
195977013.9107270837 106469.4112212993
190888627.7962666452 49106.7487485409
190803618.1917818785 46565.7771724761
196059702.4011415243 108335.0371978618
204526844.9180164635 176850.9589233398
190600781.4717041552 41863.7792119682
190628058.1260787845 44084.8512329757
195878664.1755647063 105968.4702726390
190970794.7224057615 51306.1077802181
195836642.0779692531 105863.4301115062
190538729.4890753627 41832.8944825828
206568060.9348404109 189823.2933349609
190946216.2563371360 49662.7755582333
195961464.8180841804 106315.9826627757
190954496.9093645513 51241.4833829403
190873258.1151384413 48855.8466598876
190819635.8661135733 47748.2865729028
190785708.4771725535 46191.9636084139
190849068.1715779603 47753.8787512475
195955370.5659824014 106114.0144517731
190703927.0956012607 44310.7087278850
195704936.8075218201 103835.3280963898
195722383.9042352438 104250.9877033234
195647803.4469859004 103667.9317353247
195442301.6987680793 101634.7898896215
195278182.8480287790 99810.0242646215
195373443.7587985992 99980.5696505308
195057436.0195388198 96748.9761112928
195120212.1948195696 97875.8644169569
194994970.6784214377 95981.8511723280
195025296.8578328490 96563.0528935194
194975507.7269117832 94420.1981114149
195335699.3715278506 99866.7158032358
200816961.7514858842 145075.7611126266
194998117.8224579692 96365.0389843881
200528607.5364241004 142985.3937029205
200448012.3287683129 142593.2018694244
200617027.8126726747 143581.6657757126
200697273.3851146400 144327.9286760651
200577104.3740138710 143470.3339495026
195219213.1825857759 98571.5670605600
200763167.0083813369 144846.4355507493
200741704.0076803565 144670.7328752838
195636185.6908199787 102339.6681700945
200062009.0988118947 139350.7108721100
200084224.9897674620 139470.3913935982
200089474.7490169406 139535.1339473091
200172948.8526010811 139731.8983516060
200089459.8181622326 139504.8987178169
200103922.5931426883 139541.8861016594
200009831.6821923554 138529.2940889560
200007970.0431574583 138523.5616670810
199712947.0650290847 135692.6587129794
199676224.4207725525 135639.6668916903
199619337.2300646901 135486.3717256747
201530937.9684605598 147046.0602262580
201620297.8719298244 148589.7182248831
201333128.3658544421 146416.0755125247
201611326.2612286508 148363.5293424689
201571913.9255353212 147523.7433317268
201291520.4190749824 145957.2062223518
201366614.7859869301 146693.0565641486
201287000.3978705406 145351.9506681525
201298912.4242721796 146330.3874967658
194875915.5892839432 88251.4654329696
194790401.9339166284 88037.4376924911
194871141.3044822216 88238.4303767958
194930631.2466605902 88617.3618084956
194842245.9862384796 88068.0313466468
194911750.0790911317 88329.5091311017
194855235.2868752480 88194.0728518048
194911529.6072434187 88275.3922086058
202758106.8015134037 149364.7719177160
203025585.0025570691 150776.3941100988
202911222.5582330525 149668.7249206456
202978628.6222235858 149755.4267028722
203183424.6953651607 151386.0424353778
203303259.6027397811 151458.8129489127
202907855.1156251729 149584.6237243566
202777123.0126660764 149515.1415466222
