454836069.4199343324 34.3896185718
455089443.6861864924 34.4978081472
454893989.3109603524 34.4612785317
455608432.4438052773 34.5235792212
459957759.5464299321 35.5190129876
460813116.3399334550 35.6450599283
468471883.3783482909 36.2920154855
468532430.1730152965 36.3065162525
472623954.3020214438 36.3866428658
441487005.0042987466 29.3690323750
417547271.2344784141 11.0312457515
435317104.8408582211 26.3264766541
441392554.4062537551 29.3211676083
441231485.5455441475 29.2413725904
442459548.2819287777 29.4874104068
459786800.7134980559 35.5052475929
468809500.5098342299 36.3192469254
417644960.9444677234 11.0626504960
417746301.9909981489 11.2035076903
417800247.8850563169 11.2043489864
417553014.0834764838 11.0318993019
417600635.1509574056 11.0482503484
423616916.1384325027 18.0946183255
455572930.1930965185 34.5118252337
459820019.2411745191 35.5064907372
463801133.8460779786 35.9371740595
463420471.0344396234 35.9178071395
463761271.3192068934 35.9346506223
463583670.5599318147 35.9244545326
463471831.2431014180 35.9218749478
468094532.9006969929 36.2834087834
415865377.2872120142 7.4843998617
416030737.1359972358 8.2174094106
419751561.1037080288 13.9848572106
425246567.0614420176 19.4060857628
425462995.1821456552 19.7133225428
454864763.7859534621 34.4252184518
454653292.4521990418 34.3328675218
459730797.5191580653 35.4786818027
415914000.4227108955 7.8431397376
424075834.4212051630 18.5762034954
459386791.0624479651 35.4231155068
460604177.3146278262 35.6236510277
467311317.3807510734 36.2409716100
423526417.0258650780 18.0623868899
415921512.6903594732 8.0272333981
416143722.5040599108 8.4165609255
417410703.6743246317 10.7134717500
452307714.5657226443 33.6524916366
460227563.0401027799 35.5566843674
467776039.2856315374 36.2675694898
416411281.0758082271 8.5711182602
452421679.9158270359 33.6846745387
452629611.7260695100 33.7628167570
416244703.4334576726 8.5711181727
416086515.9917235970 8.2279013958
416201633.7768775821 8.5705874779
416099380.7634021640 8.3995097842
440872289.4807350636 29.0774550201
459261556.9002360702 35.3811073937
459574869.6020619273 35.4656984359
462958901.8669748306 35.8363069817
463129398.9575260878 35.8968666866
417478657.8313236237 10.8891453455
417814240.6439196467 11.2323621224
417607066.1221888065 11.0621887619
460984538.0877513289 35.6669670567
454661459.2161522508 34.3649920933
417706385.3597627878 11.1501860922
417522746.1089565158 10.9113904434
424994294.3214794397 19.3435653189
459762982.3123992085 35.5008116364
472168009.6235172153 36.3864130750
441026699.2738396525 29.1744359499
466819471.2620325685 36.2059333175
440694320.7081264853 29.0579104121
417658328.3971039057 11.0693264709
417510507.5128954649 10.8977180825
440675627.6167434454 28.9992402617
452627894.8653767705 33.7510015815
453878195.4405245185 34.1512870006
459258467.4864901900 35.3438068470
459338408.7394364476 35.3820977509
415840828.3394673467 7.1627813833
452290783.3032107353 33.6266383193
472037052.0849180818 36.3831158951
415905697.7368578315 7.7210104032
415847535.1270889044 7.4825933932
452207204.3609609008 33.6088439077
467246108.6519865394 36.2401775867
453691588.3985577226 34.1056833863
452397225.9025191665 33.6661381125
466554372.4374060035 36.1442000717
466613079.3301686049 36.1768004894
452527840.6714721322 33.7389173508
462748807.1990655661 35.8260744885
467007291.0070952177 36.2200625241
424940281.9233827591 19.2242080414
424842278.7110632658 19.2039348551
441279798.7892148495 29.2932412742
417391849.5217595696 10.5853407877
419247002.8384752870 13.2938835561
441165995.0363698602 29.2251985160
415874232.1967066526 7.6206765594
419863153.0514670610 14.0431296184
419686496.6761246324 13.9152152762
419728441.2017313838 13.9188242638
423861969.2079423666 18.4022283476
435423172.7109866738 26.3359995608
462874470.0625603199 35.8362217471
419042420.5710756779 12.9611445373
452714675.5605467558 33.7923147231
453628390.0960813165 34.0997894108
460428748.5341724753 35.6077200174
436433046.6140744090 26.9186214628
459680939.2419026494 35.4665531516
417377717.7284352779 10.5851399055
436649155.4560257792 27.0145991790
417311270.9578230381 10.4147355900
440896501.9948065281 29.1014645419
419056451.1247311831 13.0455790777
424935806.8235248327 19.2201336987
424791750.4958204031 19.1667594567
453201542.6345437169 33.9409765974
424748897.9097759724 19.1210842093
435439137.6699302197 26.3835296941
440572887.8308745623 28.9886005495
440879252.8384845853 29.1004151206
419090077.3431823850 13.0603846839
471921112.3343372941 36.3804137781
417212584.9636518359 10.1781934661
460307771.9758433700 35.5841678828
417144866.1896236539 10.0118560353
453393536.8856719136 34.0045907274
460075903.0141237378 35.5499004722
467356076.0743239522 36.2411367446
467229743.8103463054 36.2374795228
424545634.8602496386 18.9447394922
417116585.8044678569 10.0089700756
419824835.4962486029 14.0222310046
435561827.0319549441 26.4781132584
419791549.6067802906 14.0085104672
453285774.2037357688 33.9462374076
436890954.4391029477 27.1658878070
462682887.2021027207 35.8096432611
471524233.8086741567 36.3561532125
459140461.6137450337 35.2939975411
453107021.0278303027 33.9065700918
462987801.8706166148 35.8606470451
417033087.2525415421 9.6314282550
423750375.9932439327 18.2449139852
436184307.0848176479 26.8213325667
419823378.1990923882 14.0163647053
417037469.5829170942 9.7283579745
424405911.1980352998 18.7990990228
419529032.8403407335 13.6731479285
436506766.2767122388 26.9929409551
437202321.8689369559 27.2527299898
459050279.5954727530 35.2458140329
437172199.8037418723 27.2420667930
436950298.9247578979 27.1811109703
438998083.0515226126 28.1379548814
424436179.5409932733 18.8542222893
419397632.3609121442 13.5015395400
419309772.2482941151 13.3477366274
423966340.4573228955 18.4648582757
419273189.8200153112 13.3255136241
432389419.1125886440 24.2414792849
419145790.0566971898 13.1539052357
439034027.7294846773 28.1455539818
456295370.3110751510 34.6015289761
452202518.7451864481 33.4262619726
424194899.3871456981 18.6759588571
432899295.3400073051 24.5540729834
416976342.4595329165 9.5555121510
423454995.1815161705 17.7011745210
471398413.6646055579 36.3357121050
416969790.5661575794 9.5053906451
416883885.1187603474 9.2891924285
439051429.8640871644 28.2099721524
439470654.9428547621 28.3772276649
416829905.6512886882 9.1233733079
416826899.7260357738 9.1233354907
416878308.4181708097 9.1235152839
432491768.5402520299 24.3182901366
439283106.0731955767 28.3304772246
439348573.1931599379 28.3404222505
416755927.7794445157 8.9435520100
432787257.0162273645 24.4676086081
439095584.5863971114 28.2225335734
439181299.6432780027 28.2944062966
432371929.5317214131 24.0583434429
439626965.0542254448 28.4976940518
462281149.4870002866 35.7538617253
418753655.6887384057 12.3105021870
461711415.3472748399 35.6946417242
437111458.2065110207 27.2220295102
439790576.2145854235 28.5262440508
466381309.5620659590 36.0340995193
466418672.0151148438 36.0546516888
419037719.0123541355 12.8240421719
466320184.7464220524 36.0253961086
466499830.7812782526 36.1061534584
437776252.2870981693 27.5502649161
438415463.0039001703 27.8018222812
437423438.9655002356 27.3553848329
437618159.0784953237 27.4410462324
437957922.0783722401 27.5860538397
438202342.4182856083 27.7209995720
437735895.6758171916 27.5035333575
437461312.6147997379 27.3895534041
418831080.0121083856 12.4364337206
471323468.2378285527 36.3241718635
433151725.0495097041 24.6369578036
433208927.7518703938 24.7283798511
433190074.6618582606 24.6830098828
471327297.3046167493 36.3298471943
418714012.6431663632 12.0456752208
418709507.6922994256 11.9660882693
434781042.2726768255 25.6223121359
434812036.8902820349 25.6557663800
433597927.1832920909 24.8992195975
434083176.8804880977 25.1832109322
434234503.8021707535 25.3154711988
434150928.6564958096 25.1930217622
433742669.8427821398 25.0021275024
434230224.2669183612 25.2767920726
423113034.4123960733 16.9939605501
433997997.7292541862 25.1737274048
423204459.6506406665 17.1475299921
423076416.0816445947 16.8897690287
423203032.0064155459 17.1468432274
423177481.4783486128 17.0769968712
423101989.2056516409 16.9422259833
423127984.6892020702 17.0623677353
423101558.3843739033 16.8944283278
432348964.9561644793 23.4144425029
428051092.3886160254 20.3262490766
427813616.8095625639 20.1935666166
427912506.9871937633 20.3191563869
432195027.5254721045 23.4117745496
427744806.5586655736 20.1776772343
427924624.1164144874 20.3215062417
423073521.9307704568 16.2673289092
423050143.0697225928 16.2147625692
423006039.3108876944 16.0256998777
422906573.8157650828 15.9520378397
422947209.0700818896 15.9661580355
449921977.1793302298 31.6632060639
449976537.4989845753 31.6881186373
430496867.8230072856 21.9267141853
430113658.9280084372 21.6592018615
450133073.5977918506 31.7421725175
450001259.2551203370 31.7168044943
449895194.3928664327 31.6483960009
449649142.4172309041 31.5716889656
450303306.6100082397 31.8526076513
430234856.2192328572 21.7388403599
430167981.9028694630 21.7184299153
450539480.6461208463 31.8970482337
450720664.9655395150 31.9786261196
431805809.2532761097 22.7999482796
431283535.0353420377 22.4529003491
431649774.7345984578 22.6195021153
451761303.7218774557 32.3260123532
451660751.4557157159 32.2680093169
451239061.0510202050 32.1363546893
451631442.9863084555 32.2525183156
451456775.7186388969 32.2388105660
430843587.0358104110 22.1513515403
431153906.2885066867 22.3078387041
451404868.5619556308 32.1495297522
431172172.9187749624 22.3476103907
431374368.3195429444 22.4750688929
431057941.7738151550 22.3058983525
451421373.4115689397 32.1529156760
429458721.4099521637 20.9925964479
429391595.0550481081 20.9528247383
429101255.0942301154 20.7174365151
429298140.0424871445 20.8790864405
428632254.5451509356 20.3625294124
429046393.7299826145 20.5770591714
428673830.9490982890 20.3711240296
448996589.8175814152 31.0154517723
448885779.9079088569 30.9435722322
448795090.8513872623 30.8460434327
448785953.7167197466 30.8236961184
448636917.4861518741 30.7458154917
448630388.4556639791 30.7213858129
448701706.1661429405 30.7800668687
448704267.4256839752 30.7942078472
447040684.0876395106 29.9405105860
446863125.8669781685 29.8459593431
446652678.2231197953 29.7491209061
446553928.6183070540 29.7224017243
446481004.6844130158 29.7042952236
446935782.9631873965 29.8574907557
446744258.1480899453 29.8056805209
446444378.1256201863 29.6561494395
