694702906.5930689573 111722.7437591553
694953145.0824583769 111790.1134796143
611947638.7750650644 76629.2624044496
612087477.2943099737 76830.5594074655
611725001.4362446070 76593.3213949281
611640522.0326136351 76474.5097816068
631797863.2623420954 90333.0051358248
581966304.7769953012 33103.5700930586
629647470.0096198320 88933.4446493031
637497092.8493808508 93126.1064756123
676328139.6462951899 108780.4348831177
677668966.6499196291 109107.3101806641
678472861.9575831890 109337.0784378052
591351426.3505498171 55280.5858158730
613135771.8677738905 77450.3080810908
593508001.1726685762 58289.0046539022
591278705.6546076536 54948.6419962504
593115309.7947973013 57922.9939160063
604612359.8998020887 69798.2725256123
604172663.0895942450 69486.2072965233
613288385.0688110590 77710.0518026430
639542350.4006720781 94139.5444526674
639583908.2776900530 94167.7134959825
593092610.8383713961 57859.8997351541
593194732.6641446352 57965.0740210428
593422868.2440177202 57972.3874706938
637761445.1881080866 93379.8521268574
582346653.2231552601 35952.7247259337
612333430.2199379206 76986.0070545602
611529813.1002837420 76319.6853857118
629885034.7510701418 89177.0093465687
678213876.8895699978 109307.3470230103
677755238.4060381651 109182.8334274292
688451086.9624645710 111116.6552429199
690201605.7015669346 111561.5312652588
690157060.5482338667 111554.6445007324
581969689.5704963207 34558.3129541407
582112512.3841814995 34925.5358225013
582021674.8318759203 34877.4358770567
591384718.3264843225 55313.8929804423
604673127.8892017603 69941.5767690270
678044964.1158736944 109214.1747512817
690330909.4299259186 111594.3956451416
591570813.8482404947 55528.2069457434
671389104.8640114069 107011.2131881714
582223550.5681974888 35699.3850875595
604293860.8653048277 69664.0123578637
638756235.7156902552 93806.9601692167
582260615.3581264019 35755.2599886376
592648863.7338775396 56912.3086528121
604306650.8172718287 69673.3520544647
638261797.5705648661 93606.1394208876
632171901.3593977690 90508.4435704256
613970213.2117117643 78086.3573608015
631517147.9384549856 90211.6272938753
689817432.5660406351 111520.2497100830
592682766.6845564842 56946.2378418241
613448910.6013573408 77839.9818725203
612615775.1397086382 77144.6746943806
678484373.0102211237 109348.0798416138
690296047.6455907822 111573.6419525146
698186375.0375361443 111998.5468902588
584786450.8914141655 41730.0788774675
591829217.5919319391 55774.0040625594
613368897.0826684237 77721.2939910506
637722322.0058463812 93358.6959372369
638658934.5416926146 93707.1992103999
631123489.0465837717 89917.9342033024
689554519.7634395361 111487.4857025146
603728381.5648025274 68896.4286860107
637161532.1344937086 93057.2127676812
671264262.7005220652 106986.5733566284
584761009.5697095394 41721.8083024209
636529339.9705189466 92746.2598615346
677693445.5205609798 109152.9495315552
591468767.3438628912 55385.0824361704
636134684.6785112619 92490.3299995811
636525590.4639612436 92668.0330940635
700248520.8970668316 112046.2680511475
630938642.3805047274 89738.8042899723
689976791.2872873545 111537.6760711670
630608768.7240649462 89598.7606130482
630589183.3326115608 89584.4487907047
604164226.5754460096 69388.3074688006
630955756.3770350218 89799.9459085838
584704629.0300796032 41655.6674122808
604500194.0068992376 69699.1555321289
698597690.9636138678 112020.7747344971
700555047.8857574463 112059.0366363525
630963084.2125037909 89839.3536140079
584561995.0132319927 41362.5322151643
603914481.9637142420 69059.0007361442
611144185.7905611992 75849.5623455919
633790811.8309704065 91065.5785615765
593715669.5108622313 58553.1544339303
630086874.4599107504 89296.0866933705
633837113.5504482985 91196.9118287885
671582426.7414752245 107131.2304077148
671283994.9896564484 106989.9162216187
671073366.8250377178 106980.1957015991
670914055.9621214867 106922.2204723358
593607671.0709160566 58290.1935773101
670552527.1718701124 106780.2465190887
593467629.6635218859 58184.1550412383
604538738.3888610601 69740.8852274490
634434032.3494135141 91541.1120851361
670281040.6373056173 106659.5413188934
670872914.6286276579 106876.8299617767
604113148.5791062117 69367.3070720721
634343974.9733260870 91521.7073252671
634097709.3694120646 91382.6160219037
634698319.3003534079 91677.1705893339
634089771.8465276957 91358.6562745892
633994690.2759178877 91358.5530336224
699123433.7857743502 112038.9706878662
700566726.0265660286 112060.9492340088
612506516.2832984924 77067.6879125513
699018767.2215441465 112030.9712066650
611326432.6563446522 75988.8630300440
633134370.2419265509 90746.1132733379
633142110.6534420252 90770.8683705469
669883553.9329400063 106431.9512386322
669995702.7406724691 106475.8518352509
611374348.0799175501 75990.7687323956
611471109.6078319550 76216.3086210169
645071254.1237871647 96016.4682291355
611505605.9242954254 76227.8385930933
592441300.4918032885 56723.0082598324
596304591.2091714144 61047.7314294258
596398471.3796163797 61175.7571299949
678138634.6252070665 109278.7667007446
596499416.0989636183 61250.1169528642
595886454.6409596205 60673.4126011708
595885008.5743061304 60673.1819032261
595873890.1532341242 60653.5062211582
591679991.4491590261 55663.2434326163
678741177.9276686907 109391.9256668091
592412537.7939382792 56548.0541000861
670171133.2042390108 106566.6486282349
595117537.8473807573 59734.2195437874
695311390.5995693207 111865.8453674316
625330679.7192627192 85888.9219556724
696696451.9445433617 111902.2462615967
672121180.0647532940 107191.4975204468
643849767.3197804689 95418.4971546121
584314017.7974441051 40535.0852424353
671827442.3679054976 107135.3687362671
672341790.1366175413 107276.1669540405
643553340.2525775433 95282.1484912820
625005920.9947851896 85653.1206375708
679482231.9693366289 109503.0164718628
625993808.5051351786 86185.8654403094
679437625.8235380650 109469.9580917358
625230913.9824229479 85789.9987198462
625357328.1721864939 85920.8380295386
643290165.7537556887 95180.2622963376
643127675.9558970928 95116.4593916094
679109533.0447022915 109439.6828384399
680162182.1896688938 109581.2522506714
611137292.2416708469 75468.2052082794
607409572.5623052120 72181.8623632502
584022650.7263882160 39459.2806912561
584144561.3409664631 39745.8757608433
624169915.4368673563 84858.2243422162
642404124.0176559687 94645.6136402078
583376409.2843784094 37264.8070923580
607152476.4431591034 71773.8378297624
672007519.3287435770 107186.1363677979
694081055.2821067572 111703.2295684814
629228726.4515899420 88223.2122827440
672505619.4969434738 107330.3089523315
583704454.9123582840 38259.6887214090
628497335.7290037870 87497.7852163694
628580677.9132026434 87621.5458810709
583744468.6323485374 38411.0335708557
628885937.6041527987 87969.4350374124
628944364.6261337996 88000.1716368757
583623515.0794510841 38170.3036840028
583538977.3561303616 37794.7587887776
642976213.5740526915 94974.9655803628
628881847.2456773520 87966.8573396585
583493571.1274213791 37539.4421116163
642213869.8708881140 94604.4155361857
602535058.8793178797 67396.3023772222
609671381.3856941462 73889.4241118124
627616321.5245934725 87159.7355990715
627257073.1735495329 86712.0107511551
693922437.8371253014 111699.7871398926
626849938.3923410177 86667.0477336097
626556210.7130686045 86343.8735829931
642149132.9767686129 94557.4457940590
609355757.2909808159 73764.4826968114
608980239.5428135395 73403.0055344503
608454322.3836503029 72940.7452564638
607003742.5166203976 71751.1454318922
608946137.4979538918 73208.9603989522
608753620.5819833279 73195.0125217836
608527398.2258584499 73008.4749100606
606227218.0542113781 70925.2341723971
583122810.7123118639 36167.4193065142
588167325.7584416866 47077.9932824263
673396101.1861141920 107508.1486892700
622492144.1056677103 83539.8659191803
606623669.8949759007 71374.5697632215
622994043.2865098715 83892.9351204113
606361214.2943341732 71096.3351828388
673026387.0630553961 107410.6929244995
622283879.3117786646 83318.6184216217
622492559.8258503675 83562.0939465240
622442815.3476065397 83440.2496777252
622515579.6692999601 83589.6667004303
588182216.2236645222 47521.0212673136
622696642.4487062693 83645.7611559972
605863360.6184641123 70486.0809875063
693681140.0243569613 111664.9787902832
693826867.2500067949 111695.6134948730
693912057.2660019398 111699.6155242920
590940808.4233143330 52510.2126888381
590887939.2925281525 52257.8498019152
590751151.3765621185 52139.4667092310
590410270.4687727690 51567.4496196424
590543607.2138301134 51799.6056102430
590318907.5616794825 51428.1526073133
603182076.9085134268 67900.4244536309
603588250.0341852903 68184.6638464841
590243304.2002121210 51217.9520786795
588147414.1629664898 47058.3762208760
589432344.2494708300 49962.3425886722
589291420.9434130192 49578.2410814215
589218177.5395884514 49242.0555459906
589112865.2960352898 49148.4581970692
588976644.8763535023 48759.2838547945
601295198.2582868338 65516.5868221596
588826792.3078792095 48471.0553567352
588945582.1243305206 48479.7210403665
601416865.5806883574 65640.1653620320
601292456.5578910112 65402.8454842781
601252346.5133594275 65359.5894303536
601453592.9439123869 65672.2659592842
601384494.9680303335 65531.9517153491
601793078.9858189821 65947.5836313952
619729160.6532644033 80996.3136993429
620047073.2711468935 81253.9879547140
620274000.1058484316 81372.1153732320
620519238.3826862574 81486.6540585538
619899559.5027328730 81115.2010556241
619763155.5252238512 81030.3341613790
620038186.2744568586 81177.7794166585
587911975.4252612591 45792.4551630012
600808254.4796344042 64015.4879504412
588091455.1454510689 45992.6476844040
587945902.1947176456 45914.6624260482
617487610.9510649443 78946.0621002196
617174774.6183862686 78708.1692275915
616615492.2673270702 78271.6726379309
587289650.0205559731 43862.2338953898
616862824.6101412773 78466.1048812780
617064171.3065047264 78687.3913497839
616958025.6048078537 78601.1319503698
587276873.8280742168 43849.3308136281
616702392.5266871452 78379.1507088811
586968572.1660394669 43466.9448832035
586844547.0415425301 43108.9376386414
586741517.3898801804 42733.3263535957
587558435.3946136236 44414.8733158840
587349128.4542902708 43912.4909039831
600029032.2085486650 62465.2425142922
599988460.3232423067 62392.5688352631
599848626.7135587931 62261.3151273773
599257919.4071005583 61329.8325859867
599221176.1789134741 61328.1545511968
599566415.5467380285 61721.1410130896
687603664.6866599321 110011.7925262451
686507248.4748667479 109765.5147705078
599672070.0167096853 61775.2331994804
687169929.5641453266 109921.8419036865
687093388.5203032494 109917.3654022217
686887388.2830162048 109840.2106170654
687096458.4943228960 109918.6655426025
665837092.7073491812 100759.6680519581
665634329.2882133722 100717.8589546680
664928953.9947729111 100349.6644508839
665614261.4440335035 100712.8471443653
665385399.2317711115 100529.5570442677
666162373.2835047245 100903.0279352665
669067871.4960579872 101440.0172681808
667834493.8680716753 100998.9600343704
668726942.1286990643 101381.7705965042
668008172.9127030373 101106.9430589676
663126763.5221415758 98359.0661195964
663177729.5544316769 98512.8734010905
663875474.4237968922 98713.2629884928
662911806.5477221012 98338.3430971354
662827503.8190606833 98181.9038118571
663278354.1136745214 98529.3423341960
662328481.7588109970 97475.7140776366
659949228.3971155882 96587.7018978894
659050885.9511935711 96265.8106391180
660208853.2520457506 96659.0686352551
659897975.7935254574 96583.6564801037
