304860341.9564187527 713619.6116743339
304812012.1888909340 713254.6553602470
304886916.8586060405 717037.1174116386
300165912.5560594201 420762.5340910442
304529118.5917221904 703180.6334754331
304579194.7340152264 709279.5666303886
304548502.5716277957 705459.5021277769
317252310.4230009913 1121969.0471191406
317568059.7562826276 1132198.6762695312
317722563.5757718682 1133650.7465820312
318534059.4249224067 1143523.6499023438
318877262.3353269696 1146332.5556640625
319584736.0047819018 1149609.8994140625
322532261.8370381594 1166551.3896484375
323118505.6863471270 1169319.1997070312
323431489.3851360083 1169698.9716796875
325991362.5242348313 1176840.0825195312
304214254.4473415017 688849.8162896484
310618378.0940317512 928111.7715616325
299942092.6292591095 393912.0593991474
300087652.2100270391 418084.5329858903
302143894.4601489305 569255.2201427072
304368353.7228285670 699992.0812293394
304353632.8633038998 695347.0204074234
324991693.0258543491 1173302.4194335938
325990119.4326840043 1176779.2875976562
325598011.6230786443 1175748.2739257812
301884629.6794018745 561440.5179798007
317351376.7800032496 1125352.3139648438
317287774.9054967761 1123058.2675781250
317310884.6027911305 1124505.4865722656
317855003.7099840045 1136112.5561523438
324887945.6533169746 1173251.8520507812
304232717.3838783503 691272.8609573692
310323486.8056428432 923209.6883401970
317363859.6136732697 1127748.8242187500
319407238.5574285388 1149312.5659179688
325688091.8078925014 1175982.4873046875
304503292.6083012223 701805.7173130363
317391505.0367576480 1129286.7622070312
304299878.6952146888 692061.7787849456
304218316.7580202818 691096.1071655601
310063162.9444154501 915800.0806741813
317517574.6722735763 1131943.8183593750
324920264.7647818327 1173287.9624023438
325746064.2492112517 1176360.5209960938
325690504.7481624484 1176247.6113281250
325086685.8670837879 1174736.8505859375
300053917.5731419325 412201.7934079812
304190054.8447180986 687457.3469116539
304136656.9900704026 683338.5563843101
310441269.8119794726 927739.5825204948
309994021.2906028032 914822.7852640251
310257890.6914594769 921649.2908792595
310081667.9195782542 916488.4651956657
315062304.6577893496 1063877.9522399902
314912909.7680450678 1063554.3247985840
319342029.7302194238 1149130.4208984375
319599914.4737791419 1149682.9487304688
318464388.5650851130 1143295.6640625000
323855872.1412934065 1170981.1206054688
314759708.0753693581 1057667.4102478027
302225336.1224648356 573750.1170066595
304336349.1354166865 692136.0196754783
314867627.1046977043 1062005.6587829590
314866237.0609276295 1059364.9480895996
314856944.7347559929 1058613.1199645996
323735386.3237538338 1170911.3437500000
325415883.9449334145 1175098.8251953125
325344228.7643653750 1175094.7080078125
299965678.6160868406 398166.4303458527
299967254.6732621789 406057.5868649677
300559668.3850318789 440597.3653961774
300274645.5524200797 433049.6722461823
300326796.7486686110 433866.3571283463
319317091.9151261449 1148473.2675781250
319835027.7317646146 1149803.7788085938
301953422.6353352070 562808.3763329387
325282225.9956842065 1174847.1025390625
300185494.5373245478 420996.1094715241
300242025.3533574343 430001.2630903367
318683464.4832317233 1145853.0771484375
325438561.2555006146 1175480.0996093750
300331785.0090795159 436066.3009166364
300393241.8612155318 436151.1960062627
300191284.7953252792 428211.4982416276
317755933.6401874423 1134806.3413085938
317945555.0959445834 1137529.0078125000
319005084.0421579480 1147688.9189453125
318968039.6393892169 1147474.6044921875
319103334.0880559087 1148001.6948242188
304082162.4089232087 681620.9459810767
304157490.8180339336 684799.5415931258
318915771.3338335156 1147209.4404296875
323992953.4874564409 1171723.0449218750
300116758.8987792134 420453.9474603776
300062631.1209702492 414193.9315626267
300059943.6127184629 412924.0035535935
302202158.0165410042 573529.2588905096
314674677.2188935280 1055514.8418884277
317058109.5736169815 1114611.8468017578
304151962.7355983257 684799.1536531958
304018505.6361634135 677247.9910555396
304013910.3702479005 675550.3839119251
319149843.7310927510 1148437.9497070312
301212915.8761187196 510618.9452144583
302155318.1152633429 572939.6500056982
317133646.1650342941 1118772.9273681641
309809026.4773419499 909104.3027851665
315265910.7542663813 1069883.9562377930
302278066.3941739202 575026.8396247625
302032463.8275449872 567117.7757076025
301462678.8632488847 530204.3997011860
317198042.1709046364 1119491.7216796875
302154763.8271156549 571862.9854864329
303904472.0085142851 670709.4175975833
303773447.1814528108 663792.7113309416
303995593.7890234590 674997.1739774260
322374883.8258017302 1165166.9174804688
301670125.9675876498 541572.6736084819
301480220.5636733174 532541.5803083857
323962375.0972658396 1171473.7026367188
317251240.6919972897 1120446.5689697266
323889236.7923554182 1171046.6093750000
301454963.5256356597 528494.9612593134
322445098.7661162615 1165724.0424804688
301271210.5304906964 516771.0801021536
301721315.9511475563 548404.3038842082
301970770.9942818880 564105.4347051829
303934649.5794925690 673263.4102445159
309478274.9748223424 895034.2841404676
322707869.4632705450 1167388.7470703125
304052803.8105649948 677631.9329500708
309756665.8434889913 908419.8003437603
304063208.0401689410 678378.5851407561
303873091.7529326081 669479.2087979827
309901895.0609529614 913368.0147211635
309551471.5481321216 901079.8114842176
309797375.3053206205 908615.3297169292
309642723.3879116774 902567.9442646587
309717634.3663380742 907435.1851093853
301309399.0540813804 517507.9315104485
309522700.3683933020 895710.1692622835
309471655.7867735028 892881.2801021272
314625362.7507131100 1053402.3465576172
301383905.1781403422 525464.3551802118
318395578.1249995828 1142403.7119140625
323454027.0381127596 1170346.5410156250
318371223.0403448939 1142220.8925781250
301356244.1283333898 522229.9107963522
318204291.2550230622 1140286.5644531250
323543683.3343310356 1170599.1523437500
301316810.9981861711 517923.1840450247
301806054.9126906395 551954.4738609642
309290912.9994626045 888598.2752193147
301798630.7329484224 550717.6569664329
323237913.8727453947 1169453.0341796875
309222018.0507995486 884472.4593305863
309457080.7978123426 892516.2883408703
309372115.2901753783 891797.8523677522
309277836.4324949384 887354.8513911897
322976758.6027561426 1168196.2470703125
323136712.3367981911 1169371.4213867188
301850265.6576339602 555768.8224937767
314507170.5542696118 1047016.5726165771
309023968.8169968724 878137.8977226149
309128967.6683235765 881314.1467460524
308898949.0407065749 869245.2134843618
315161751.6560322046 1065524.5016174316
322633554.9004168510 1167321.3867187500
301696826.2072755694 541901.5194542259
303614177.9967502952 654386.5642360994
303461513.2322763205 644490.6298638384
303666077.2027170658 656854.7880669634
308954453.1621999145 874498.5933671743
308946955.0731334090 873091.3717568074
303695205.1956490874 658894.9464323919
303690726.4961390495 658595.8883269231
301269217.1564174294 512150.7283565481
301701063.2233318686 544266.6469610929
303540076.0564705729 650988.0644341509
308643504.0480800271 860747.8137505208
318337869.6332345605 1141149.7192382812
318269497.4466784596 1140759.2114257812
318188417.8484486938 1139365.9956054688
314732113.3896239996 1056047.1148529053
301253772.0297631621 510828.4633560578
308911462.1583747268 871195.1007849760
322774469.9314976931 1167667.4184570312
322937632.5100817680 1168179.0747070312
308588000.3006718755 859326.5861577280
323053308.7604197264 1168806.5351562500
308682449.2428398132 862252.5496236868
301343795.7402908802 520141.0663082083
308745937.0616705418 865255.7227193899
301589795.6061868668 538619.4504374266
301616851.4059298038 540358.4419395775
321331341.0124446154 1158521.2539062500
303406866.8134080768 640072.8492123368
301556707.8358692527 533955.6447836012
303291275.2765479684 635675.5136529009
301446721.8931547999 526775.1088949293
321588839.4319008589 1159869.9536132812
308364508.0228656530 845129.6160356589
308388529.5490021706 849862.7693559714
303426171.2540320158 643433.0644341509
308293646.4983422160 843010.5215957537
321043320.5459407568 1156024.7209472656
303414230.0715763569 641875.8588558915
303507077.6808989644 646052.2133480790
308288000.6278335452 842710.7528884783
321273411.2748001814 1158082.9492187500
321637322.9403673410 1160261.4619140625
303328488.4977458119 638294.6625668290
308231829.5469596982 842699.9777071066
303235752.6549128890 631667.6635092977
308217948.5174350142 839099.5961490609
308063476.8671820760 830676.5855046250
321401812.2496465445 1159392.5078125000
308208420.3331922293 838366.4908538796
308122621.2377542853 837122.7440739609
320711082.9296234846 1151669.5417480469
303135295.7896107435 619170.4315271638
320766193.0020514727 1153736.1562500000
322170779.6259831190 1162222.6577148438
303228584.4119809866 625795.0919698961
307931977.6442651749 825276.0291416794
322001053.8821491003 1161413.2807617188
302535829.2079793811 577443.2777516730
303183834.0772314072 622780.0198234804
307537268.8150047064 812943.7466107942
301200328.0561637282 441497.9598056084
320573136.2457776070 1151298.2148437500
307694337.0150079727 817112.1850258629
307459939.7316479683 804481.1511956430
307507169.6801295280 811104.5800448633
321918758.4752104282 1161252.9316406250
322138360.7445205450 1161763.5112304688
321891086.4631693363 1161139.5019531250
320632127.0964951515 1151401.3481445312
301208259.2196860313 443213.3052322983
303224322.9299691916 625560.6042165048
307393274.4168877602 802390.6456602882
307355927.6985706687 799386.3910648352
302550809.1375424266 577693.3317557462
307449671.3060795069 803134.7784549720
302795401.8042308092 590497.6832266934
307293592.0337766409 797477.6965457923
315921438.3013363481 1071096.1852264404
307379287.5866196752 802359.4430057532
315768512.2658224702 1070783.4811248779
302823626.3057277799 593208.4333182462
303032350.6054919362 608754.6701924093
302771043.5771328211 588933.5912772305
315937565.9157350063 1073892.3988494873
307214739.8781888485 791233.0992345340
307287132.9326083064 792059.6951809521
303075383.1171410680 609624.1399278529
302958066.1627245545 601593.2217249759
302824094.7167077065 593835.6709437259
302724977.2125523686 586492.8068534024
302692669.3922712207 585450.8825369962
302750750.0696338415 588749.3805838712
316140784.3021125793 1077469.1141815186
316283155.2557849884 1080795.3223114014
316198100.8811148405 1078684.3276824951
316554282.6177272797 1086727.2904052734
316445607.4208991528 1085045.3645477295
316298412.3175938129 1081195.6189422607
316653999.8610014915 1087625.9054565430
316298200.0293430090 1081185.6426239014
316860710.4669916630 1090159.8871307373
307199391.6894124746 775419.1471253242
306902324.8674895167 751135.7599583473
307031951.5570116639 761157.5017611887
306848191.9095842242 751124.2777195778
306922451.6144859195 756621.0119114723
307114427.3342964649 764397.0113403606
306917565.7474914789 752552.8449580278
306902926.5538144112 752437.8370234575
306977998.9167358875 758102.9105097856
306621050.1479830146 724927.3856748939
306731017.5241528749 729204.5283107758
306615928.8146095872 723318.1932722479
306670553.0162787437 728944.0329939276
306477337.1552059054 721814.2015364170
314500090.6144083142 974373.6551208496
314496022.8270114064 971252.1541442871
314364263.0701045394 968580.2301826477
314324371.3601084948 964126.9693183899
314155237.0300377607 963799.9117012024
313560073.3179686069 944721.9270668030
314031328.4689038992 958964.8733520508
313632387.5084204674 951358.1708412170
313265540.4672936201 938136.6790199280
313467833.3438433409 944714.7926673889
313388023.1109620333 942431.2362709045
313353504.6892617941 940873.4994087219
313347230.7151939869 939107.6953544617
313137807.5607798100 929647.7019920349
