245033556.8838617802 18.2090228051
246906892.1409796178 18.2196232378
247074635.4909003079 18.2269910127
246673360.1027632058 18.2156361341
228078156.0044719875 6.2911440362
228247807.6558164060 6.6134989425
230254693.2689396143 9.9173871964
230582043.7293573320 10.1966836853
230614194.8180581927 10.1989996251
230544602.0573367178 10.1880879788
230448918.9819249213 10.0755968201
231318235.3387279809 10.8266013601
231231331.6436899900 10.7338360723
238200639.4148664176 16.0982927964
239348818.0839686692 16.7643075974
239013439.2014197409 16.6082785834
239227574.5256471336 16.7331129310
241386033.6752152443 17.7221389860
241693980.2498372197 17.7817536741
242458934.8288047612 17.9458394796
243335438.6583643258 18.1177294329
243029361.7607932389 18.0982444957
243954176.2594523728 18.1801215783
244825459.4304395318 18.2089988738
245218576.6092821658 18.2099690288
245283274.9827435613 18.2117066383
245816524.4987981617 18.2128088325
246429126.7442562878 18.2149281949
246129259.5678722858 18.2144656926
228195382.9505262077 6.6048350252
228273030.8546455801 6.7669325342
228183931.4759025276 6.5972350880
228209768.8912773430 6.6121739188
241625529.6765238643 17.7633152753
228163398.0304791629 6.5943360479
228154735.1752268374 6.4544045489
228095768.1454081237 6.4380772143
241333040.7485066056 17.6535319835
241217617.2251700163 17.5908973366
241216073.1859572530 17.5681046583
228450557.4173698723 6.9127993324
230618845.2248103619 10.2059676219
230775120.1310462356 10.3754782846
231421796.9628594816 10.8304595144
231316093.8725240529 10.8232715221
238084053.9618299901 16.0758111677
239567846.4589699805 16.7897333734
239715759.8607554138 16.8141350669
241119576.2044779062 17.5674896054
241451489.0598154664 17.7302597202
241279770.4017308950 17.6218260359
241090945.8367463350 17.5182272084
241280485.8021450043 17.6446532197
241416766.5731976032 17.7223926932
241855305.4011442661 17.8186644837
242732394.2025492787 18.0290062577
243741606.0520997941 18.1771610305
245663914.3082331121 18.2122377455
228651274.3531609178 7.2317593046
231174276.7325564325 10.6573834724
237859643.4934911430 15.9027929362
237983268.0873543322 15.9573268755
237971040.7025335729 15.9118225756
238074807.4048148692 16.0700321994
238884332.9738273919 16.5400162276
239368180.5751866996 16.7765637183
239566114.8031427562 16.7854620846
239170396.7866732776 16.6812941578
241883597.4183303118 17.8430263177
242766353.9183518887 18.0484523848
242757037.4727771878 18.0469782725
243607075.4789725840 18.1576306298
241825052.0543136597 17.8164579347
242264630.9963307977 17.9122086242
244799768.0611832738 18.2042948455
230628223.2732509971 10.2672502643
230700851.7426509559 10.3004187031
231228447.5624510646 10.7148548833
238232348.8457818329 16.1687711603
239146179.9978478253 16.6431003374
241947392.2732716799 17.8616346791
243238806.4584258795 18.1032737717
243463454.7297478914 18.1199811623
230752410.6536671519 10.3448220577
228461842.4497485459 6.9145525061
230545335.7489495277 10.1966819039
231061390.3855968118 10.6393792232
238123535.1822515428 16.0966619013
238302874.9911331236 16.1822548566
239168063.8940875828 16.6577618090
238800195.9506199062 16.4779215208
242174791.4068208337 17.8713244274
242291241.9126644731 17.9454892576
244110845.0810112655 18.1804459617
243622279.5970497727 18.1599330530
231227047.5125758052 10.6727198056
230985562.3591361940 10.5117463709
231075384.3644742668 10.6516631337
238074624.1566534936 16.0424707907
228585466.5991818309 7.0908771369
230198714.2593970299 9.5307043217
230146305.9984710515 9.5085026665
231020387.7269096076 10.5421832541
230893205.1599808037 10.4800547452
238264641.6252761781 16.1741135495
238398003.9351067841 16.2103131900
239089145.2002880871 16.6302692455
238737739.4090893567 16.3997287986
239069585.2040885389 16.6190021788
242624868.6849364042 17.9825954959
243419528.5988524258 18.1187397614
243835107.9435729980 18.1794179901
243499382.1345176399 18.1327518299
238654279.6090582907 16.3876324969
238945155.0029273331 16.5458965571
238994224.5622160137 16.5756528051
238900239.7085863054 16.5446134370
228676170.1065529585 7.2408734778
230850330.5074686706 10.4216277485
238743786.2260241210 16.4407320136
238891817.7629824579 16.5402760592
228547324.1283960044 7.0775790862
228613460.2508611679 7.2186297908
230761407.0905267894 10.3689735921
230836732.1039266288 10.3874488704
239143609.2340717018 16.6386652573
242184843.1004602313 17.9032846242
242955912.0102238059 18.0550127923
238354122.5916940272 16.1870675108
242472233.8077657819 17.9752030522
242697322.2269021869 18.0278224349
230989845.1529367268 10.5218257079
238544339.1357080638 16.2899980426
242095301.3354081810 17.8663113862
243160559.2830513716 18.1030500904
243076034.4597886801 18.0992548242
243550996.5791438818 18.1569420770
244618355.8505449295 18.1963366866
244516946.0397562385 18.1935861558
228562890.9890801907 7.0775909770
228479763.7052277327 6.9186020214
228507809.5784518421 7.0470214024
230126561.7796286941 9.3620718477
228422421.2841959000 6.9059825886
228746219.7719032466 7.4042048249
230153919.1861921549 9.5202053445
238429682.2699766457 16.2297879274
239510488.2210927308 16.7842946981
242127666.3420380652 17.8674456179
244409079.7735696435 18.1881588995
238872592.9687441289 16.4897501017
228490563.4731962383 6.9348496862
238445043.8539402187 16.2366360708
238452444.6081220806 16.2627313363
238637459.1262856424 16.3791637609
228936061.4517299533 7.6463927123
228883902.8984612226 7.6030428579
229214517.2876956761 7.7607415982
244438150.3334372640 18.1907540411
228845574.2392253876 7.5469592370
228996535.9656478167 7.7470794626
228963734.7132694125 7.6566015453
230231516.2814452350 9.5570682151
239902403.8194940984 16.8958061251
240220103.8170678318 16.9582257929
242661845.4939663708 17.9997799024
243318390.7673189640 18.1143950447
228972812.6032139659 7.7186459282
228935475.3156427741 7.6032737501
228986222.9100106359 7.7425825948
229128378.8199642897 7.7523478429
229247163.9786506295 7.7625021996
228857034.7466357350 7.5774853833
229294149.4323818088 7.7628366836
239966533.5007928908 16.9572695258
243314222.8828045726 18.1142778471
228874947.7063168883 7.5789428994
228838954.2118446827 7.4136498641
240272092.9687978923 16.9743219893
230203984.0789337158 9.5363211058
230089734.1302904189 9.3508486556
240293799.4825244844 16.9797494914
239818379.5041926205 16.8237924333
239860647.9621778429 16.8401009198
230036728.6698939502 8.8682440419
230038107.5677035153 9.0191723139
240300530.5107441843 17.0105630558
240658625.5106914341 17.0810381311
240860137.4400365055 17.0989533539
229917786.0243235528 8.6577680361
240397220.9239132106 17.0561076950
229855571.0850882232 8.6450704305
229788913.6181916893 8.5281161626
240232071.8111270368 16.9734953552
229945854.2878055274 8.7068651884
229962822.6894367635 8.8153575479
229901216.4003213346 8.6521512947
229826074.8243279159 8.6437491595
230018599.0161665380 8.8310055530
229975127.0404314101 8.8183861202
229920701.3082947433 8.6580126530
229739996.8212437928 8.3410950790
229404073.1730876267 7.8691919647
229492011.4082243145 7.9027069037
229524329.1776096225 8.0079431479
241040399.5095634162 17.1293689725
229736892.6115708053 8.3230790833
237723869.7417541146 14.5049520116
237807924.5388502181 14.5864328383
229727549.6643727720 8.3225561867
229687967.0238530040 8.2008067056
229608373.9692886472 8.1580913601
229510573.3718312383 8.0061824372
237830774.3223967552 14.6019638366
237765650.5180598795 14.5735434330
236872219.5813890100 12.7055624915
236760643.6869739890 12.5913494234
236553478.6758681834 12.2875296455
236861898.1980196238 12.6709100103
236788569.3192358315 12.5921240603
235525651.0154137611 10.8584030727
236689177.9974220097 12.5527765234
237183124.7993298471 12.8067751971
237216857.1940657794 12.8283644775
236805046.2469198108 12.6437599209
236984843.2930680513 12.7448549525
236854276.1683427393 12.6653492013
237169816.3352376819 12.7511479968
237347939.9559596181 12.8924346531
237514854.0546026230 13.0061270024
237341586.5659146309 12.8698926444
237578738.8657082319 13.0466166864
237699120.2642882168 13.0980007815
237708361.0812114179 13.1190460894
237603662.3601077497 13.0553866307
237469545.9591933787 12.9098759268
237667052.7523556650 13.0913252358
236040629.5117864311 10.9357847318
235948154.2792623937 10.9152944951
236255576.0183777213 10.9365807853
236400886.2342521548 11.1091077418
236340419.1448941529 11.0790745101
236416013.9468424618 11.2420897863
236463817.5616936386 11.4190786409
