453277061.9921048880 2504595.6872558594
463684550.4662458301 2651681.2939453125
464004367.4181033969 2653526.7558593750
466071739.8062097430 2664961.1689453125
466178738.9329918027 2665441.8085937500
466656166.0639007688 2666502.5595703125
430454629.2564558983 1695034.1867641183
453128425.4015904665 2503231.1491699219
463448240.2443775535 2637632.9941406250
474898331.1797865033 2686436.0351562500
475424206.3846705556 2686627.5878906250
480887980.7116541266 2688861.8417968750
422004763.0952637196 679992.4394357759
424518334.6335271597 1198971.9112559394
431548025.6289391518 1753110.9170564385
438436116.4750337005 2056029.1899692276
438272163.6011701822 2051849.1721162591
472120669.9489805698 2681806.7109375000
475120650.1953896880 2686606.8701171875
481443837.3270167112 2689160.7128906250
438549512.7234084010 2060918.5488252435
438508089.0628393888 2060826.5756196771
447273962.5450944901 2350550.4023284912
422265519.1671876907 874257.7422324910
431159421.8389738798 1742040.4032472344
448400993.6472605467 2384565.3251037598
472287801.1239273548 2682220.7597656250
447927713.2231047750 2370554.4056701660
463569300.4450499415 2647602.5673828125
438609084.4821062088 2063251.2207002435
448034859.3267626762 2378933.7254943848
464394002.4881784320 2655761.8398437500
464060436.7344745994 2654939.8974609375
438557110.7749197483 2062505.4082002435
429182356.4898211360 1596608.8305209409
454339686.8902260065 2521739.0444335938
438783704.0695690513 2068022.8900859281
422248146.2300287485 872432.8571922078
431109993.5424826741 1731920.4875444146
460896974.7459568381 2627884.1777343750
438754088.3583451509 2065786.0932030678
448183851.0019898415 2379846.0702209473
422174898.4329773188 852543.1273612275
424380201.9782856703 1177862.7837416306
422217795.5167393684 860537.5831773208
453001548.2133620977 2499020.6501464844
421973234.8651667833 675307.3484238754
422246589.6749744415 861182.4309500947
448153796.1148486137 2379470.6004943848
474882871.4480256438 2686432.9179687500
422228217.1136624813 861010.1549298062
430844519.1772937179 1717500.3647178914
466400819.4560034871 2666113.3906250000
448327114.6838597059 2384436.3506164551
454347255.0286974907 2523040.2167968750
454125251.3154904842 2521191.7944335938
458539823.2463989258 2598566.8125000000
429958546.8981013894 1661780.1797219487
430348813.5218197703 1690706.4824756356
447965931.6349246502 2373873.5746154785
453307618.6766634583 2506460.3688964844
458691887.8971172571 2600953.7773437500
466500690.6320411563 2666190.0468750000
422205082.3240901232 859327.7792166963
453487734.8832652569 2508971.6379394531
453277209.9965569973 2505497.2731933594
430880923.3038406372 1719875.5707677575
430937269.0802776217 1724417.5349076958
430697159.3814713359 1711718.6874078484
453175341.7687208652 2503620.4938964844
453119065.6129803658 2503198.4011230469
458862900.1632053852 2603659.5292968750
460345198.8073753119 2623231.3740234375
454073256.9415490627 2519131.2988281250
453878423.4383081198 2517600.0468750000
474586545.3266641498 2686224.1601562500
458598202.9371521473 2598998.9223632812
472601251.2643042803 2683169.3378906250
472944840.8465691805 2683619.9042968750
438706904.6632633209 2065444.9904198647
453345662.6456099749 2507653.0734863281
474787949.8779057860 2686356.5644531250
424453955.2879834175 1190073.9099246101
461011756.6808989644 2628371.4892578125
461118744.7503170371 2630048.7304687500
464413701.2630930543 2656630.6552734375
430563708.5948286057 1701466.9287676783
460710087.6420386434 2626678.0263671875
460811016.6395817399 2627731.8427734375
460729996.5260592103 2627045.5732421875
452959792.2126371861 2498181.4313964844
452883255.1779077053 2496190.0192871094
480731938.8381538987 2688584.5810546875
430206751.8848927021 1679305.7689784737
430170202.2081595659 1668463.1332563134
453060794.1486426592 2501762.1628417969
474381388.9410483241 2685861.1289062500
474666565.0205870271 2686284.4189453125
480621101.6699086428 2688560.9619140625
429895231.9420726299 1655305.1018069955
460711119.6363214850 2626931.5634765625
429076205.3948073983 1591778.4325412046
464453167.4228031039 2656795.8291015625
465748236.4585283399 2663590.5625000000
422084638.3419274092 698145.5765265170
428994694.4801819921 1586540.6855291482
460679907.9990251660 2626131.0605468750
460724296.8932355046 2626936.5000000000
424409434.7556009293 1179880.8994265632
429216209.7367271185 1599038.9434970152
422553461.9994236231 892951.6959116114
422043212.1677975655 689339.0444204304
464867440.1691288352 2659188.7382812500
458477646.0465399027 2597814.4931640625
424311126.1326248646 1163799.2500956059
453250538.9329317808 2504271.7932128906
474027406.6386480927 2685232.7529296875
460233565.3901886344 2621443.2324218750
480276328.7104975581 2688322.3359375000
439073364.9171534777 2075719.9806542397
439561844.4184027910 2085983.3930527773
465981636.4134668708 2664666.4775390625
422509929.2246153355 892102.3253411492
433356174.9540079832 1820337.2524552345
439017878.4568930864 2074861.1857323647
429526497.1847023964 1625696.8859289782
438959709.0022654533 2070548.2394433022
466730727.4865851998 2666801.8505859375
429634005.4764021635 1636003.3358801501
433814254.3021814227 1827791.3779137805
422585562.1826645136 894638.7317668637
432947751.0466090441 1802026.9305253029
459136044.4432969093 2607367.8144531250
433230390.1481366754 1814363.4730973244
433204407.7964184880 1814288.1875138283
460666572.3553131223 2625355.6386718750
425463372.3165311813 1229948.3544775154
460187141.5458541512 2620076.3164062500
452814935.8007432818 2494628.9829101562
458327261.1781450510 2593422.4282226562
458717704.9344235659 2601133.0400390625
424909884.7522729635 1219161.8521687612
465946606.3144130111 2664574.4970703125
425023978.0176804066 1228540.7339533973
453025688.4934585690 2499783.9228515625
432552633.2142271399 1780471.9708542824
433062557.0531020761 1804332.1149277687
424864502.9691781998 1216874.9463052973
447587671.9933749437 2363328.2198791504
429465072.5724485517 1617869.6808012621
432752334.7900511622 1789346.5958542824
429548352.2148063779 1626789.5504301684
447377765.2918797135 2354232.5968627930
459731678.2084200978 2613554.8613281250
429516806.5815694332 1621462.5568627017
466966405.2258096337 2666847.6240234375
429443549.6119465232 1616533.1412438052
429300717.8015435338 1604944.8970421450
424847308.1038359404 1213661.7803212032
467173319.2906077504 2667364.4892578125
458272193.7641284466 2592526.8105468750
470980565.6087332368 2678770.3867187500
437307783.0624253154 1998293.3956322670
467119427.3468770385 2667334.5019531250
429216234.8761429191 1601091.0053256284
467355348.3249735236 2668044.0351562500
437447408.9005696177 2004797.1153588295
432362099.2182288766 1769805.5741257668
432660326.7837567925 1784945.0267624855
432497570.4463781714 1777341.2811570168
437592701.8454844952 2012419.7667260170
437746816.7928553820 2017576.2799096107
437352861.5744434595 2001509.0950951576
437500238.3739948273 2008823.3565697670
422102430.0634756088 707337.0678531094
437331351.4913144708 2000403.2667572498
422093131.0555988550 700714.7023266051
437088477.2310436964 1987232.6656830311
422151664.4638922215 727917.6746166442
437253316.9743823409 1996515.5877945423
473329528.3800748587 2684265.5771484375
473690142.6531220675 2684649.8671875000
422717015.4236264229 895761.2481973222
428824434.4762316346 1563801.5554112417
422139748.1902467012 726755.3706615660
428684800.0471869111 1553109.7835148794
479894874.3734337687 2687608.8583984375
422117863.9666805267 707704.2236278746
479928599.3402487040 2687691.1689453125
470883319.5913643241 2678486.7607421875
432314636.0500537753 1765510.1147599220
473301086.1246341467 2684215.9912109375
459497141.1435574293 2610833.8662109375
455112736.4412740469 2533362.3669433594
437191073.4544965029 1993404.5709252357
473132240.5413407087 2683869.3740234375
473305125.6727707386 2684226.6865234375
473521009.5383287668 2684473.2753906250
459358186.8068132401 2608290.9150390625
454785185.4574688673 2529750.1696777344
428818038.8183559775 1563758.2487400991
428561907.6896935701 1535950.5083576811
446100151.4939315319 2311569.8203201294
445684943.6445525885 2297376.7526321411
423981649.8336647749 1071725.7715503895
424079551.7975373268 1087415.2744610035
423988750.5644031763 1072320.3237373554
471650695.5960726142 2680269.3339843750
445712298.2417663932 2299390.5495681763
471383334.5378239751 2679514.3710937500
471599679.8825909495 2680174.7265625000
424035790.0413235426 1082278.4903537952
456598442.7809706330 2553544.5700683594
455895763.2647618651 2543866.8547363281
424004772.5571697950 1075729.0461094105
423948218.8390376568 1070624.8229343616
470028424.4003343582 2673497.9921875000
471721101.5151401162 2680310.6328125000
445814876.3716990948 2304533.6013259888
455738710.8808096051 2539198.7644042969
456465222.5557395816 2553250.8491210938
456043817.9505034089 2547117.3381347656
456017433.8319422603 2545290.1291503906
423920810.1176114082 1062032.3148205713
423858118.4796282053 1051745.1925976709
456858112.7805475593 2554774.1420898438
471364843.4545547962 2679362.6972656250
423823461.3001273870 1049784.2817700342
445947972.6833873987 2308552.4150238037
423794018.4640066624 1041326.1473853312
423734093.1664110422 1025572.7434753500
423745695.5986293554 1035885.9352478109
446196244.1215779185 2314385.1350402832
446133371.7066295743 2312830.9096984863
446302965.8937784433 2320057.6914062500
446238151.1573325396 2318112.6337890625
469839713.8296844959 2673414.2031250000
469615549.5267435312 2673057.8671875000
428488617.0257770419 1523592.9371425284
428547336.2103008628 1526951.8284427298
428518551.8154858947 1526489.2597018851
462522771.2292652130 2630124.8535156250
450405350.2947541475 2413817.5722045898
450012442.8955672383 2404343.6115112305
450026687.5591342449 2406986.7450561523
449821399.8000066876 2397803.7164306641
449830534.7321770191 2398012.5274658203
428103396.5626561642 1469951.9151222520
428224430.5303816199 1478957.1818798210
449570452.5582566857 2394827.6593017578
468913438.0941698551 2669453.9638671875
449595821.5797774196 2396835.7999267578
427969470.8960121870 1453782.9858852352
428047319.5396347642 1458087.7128443497
428059817.4093081951 1465299.7777857559
469390299.2756415606 2671984.0312500000
428057128.7743242383 1460116.2662501114
427831390.1396130323 1436917.7581286209
468987658.4045975208 2670092.1074218750
427813589.9049680233 1436371.7156481522
423728944.2656593323 1004280.8929243161
468611888.5436688662 2668431.6591796875
457531105.0382589698 2557627.6235351562
423689820.1957777739 975255.1042482312
423717765.9146569967 978666.7198793347
423553731.4111238718 932000.2184211465
423471461.8595103025 919522.5843784066
423438866.8611043692 909611.3127719613
423670408.3258275986 959033.9609638675
423677280.8632637262 960257.6864931042
423640526.7915865183 950421.7500698025
423585809.1902562380 941985.3487026150
423594366.5819187164 942337.2844936306
452339592.5614477992 2447837.5491333008
457728587.6393280625 2561966.1279296875
452629454.6348473430 2455060.9673461914
457695184.0688104033 2560412.2929687500
452505565.3128186464 2448544.0427856445
435215134.2302992344 1874629.1078535914
434868495.5064766407 1853670.3938045502
451367840.7872408032 2423436.0433959961
436857586.1154463887 1936968.1692733765
434590232.0970271230 1829580.6744091511
434758040.2461860776 1840528.9363720417
436678780.5689478517 1928517.6932678223
436618319.7327507138 1924551.8308715820
434655799.4271710515 1837443.9849560261
436277523.1500977874 1909448.4559068680
436770629.7992363572 1930246.2551879883
436464999.4983496070 1916853.8470201492
436547265.4853463769 1919801.5380325317
445108174.7946627140 2228934.3465423584
445448009.1184266210 2240735.8077239990
444264535.7136207223 2154254.2963333130
444584404.2232479453 2162920.8427200317
444376339.2447043061 2159255.1459426880
444586068.5394395590 2163976.9342727661
444521295.8235169649 2161202.1710891724
444710667.5897439122 2170130.2838821411
444652971.8967679143 2169795.3898391724
