347171642.9921314716 1801314.5560607910
347451836.8126233816 1825089.3326721191
347329379.8252209425 1816289.3512268066
352185289.1908315420 2110732.1694335938
342560375.0769816637 963484.9248441246
343558988.3482067585 1285505.5308670346
344802585.1977763772 1504275.2795248032
347259354.4680100083 1815079.1852111816
347179411.2834240794 1803484.2835998535
351949830.5256261826 2107659.2031250000
351797129.6050618291 2101409.6616210938
352412241.3048620224 2116131.8251953125
352060969.7471731901 2110261.8564453125
355578891.0258280635 2177499.7929687500
355555017.0035865903 2177452.9570312500
343772759.2555319071 1331670.4913444519
344778112.9927650690 1500806.6672887802
347179759.4180224538 1804304.1515197754
348038149.9779960513 1869862.3293914795
348572765.4078359604 1909326.9569702148
351057018.7553510666 2063124.8603515625
351166407.7643792033 2075118.1101074219
351285838.6540598273 2082346.0773925781
351385016.4850625396 2087672.2460937500
351865926.1795115471 2103399.7011718750
357585606.9536210895 2185509.6445312500
358919291.8991341591 2188582.2392578125
360013464.3160734773 2188843.2128906250
343758394.7395486236 1330836.5197715759
345401308.8603764176 1513258.4152150154
351133891.5632523894 2075104.9555664062
351113578.9752671719 2073453.0876464844
351561156.5976806879 2092831.1831054688
342508972.6407557130 944608.5641244624
343554781.1294547915 1284616.1472734753
343496960.8589167595 1275986.4602185190
344776234.7701003551 1497174.3936791420
347330964.3666483164 1818867.6910705566
352369904.4734407663 2115098.9765625000
354275535.5917040110 2154572.5727539062
343517779.7347501516 1283310.3489879910
343485972.2251978517 1274904.2428926770
343542642.8666394353 1283953.1510042492
343460040.7205088139 1273492.3285860363
351317164.5551137328 2086574.6816406250
351806930.4740785360 2101691.6499023438
351630441.5348933339 2095115.6010742188
352341393.5572691560 2115027.6123046875
354812918.3874310255 2163814.2128906250
358732722.4812703133 2188150.7978515625
359497053.5026575923 2188825.8242187500
347241568.0453584790 1811194.7853088379
351860543.4973079562 2102824.9399414062
351945441.8485832810 2105117.7072753906
354684142.1701533794 2163458.4843750000
355355711.6997227669 2173805.6845703125
355562563.4320977926 2177476.0683593750
355186744.8620262146 2171557.2885742188
355702028.0507255793 2178080.7753906250
344860714.5622995496 1510108.5459923744
344885876.1049244404 1512210.7316212654
352251933.0878557563 2113424.2080078125
352209295.8789603710 2111917.7280273438
357818468.4928046465 2185871.4941406250
351847243.5563222170 2102408.2680664062
352338785.2443088889 2114755.2314453125
351964216.3571189642 2107689.7158203125
358691173.4191043973 2187879.2939453125
358886996.3299198151 2188269.4853515625
351064557.2359756231 2065680.2624511719
351926751.9195814729 2103995.3256835938
342844633.3623296022 1056121.4610031098
344740221.4968904853 1495251.5083947182
347237626.5710107684 1808012.7213439941
351696333.3655117154 2100663.7436523438
355761960.7272569537 2178086.7753906250
355440930.8206416368 2175546.2255859375
343459762.1991452575 1267438.8348573986
348775566.7213627696 1921983.6779022217
351071814.8853743672 2071375.8264160156
356120557.5713262558 2179273.4619140625
343722689.5163230896 1323192.2831993103
354110901.6239832640 2146940.3520507812
347636904.3510372639 1840107.4948539734
355266449.1138511300 2172440.0615234375
344696583.2171428204 1491825.7965779305
344677395.8502640128 1489772.0525841713
351011735.4145503044 2060345.9245605469
355281304.4897013307 2172990.5673828125
355865804.6596261263 2178744.4941406250
358481480.8528655171 2186727.7236328125
344613560.8517664075 1478480.9750051498
357729681.5530157685 2185734.6767578125
358510025.7133769393 2187151.9550781250
343678550.7337770462 1320779.5991172791
347605607.9946251512 1837618.5510063171
354970460.7293404341 2167200.7080078125
344705607.2601915598 1492726.2387261391
353022228.1124833226 2127933.0122070312
353140459.5011343360 2128959.0195312500
355650508.3620201349 2177578.0830078125
359428395.8521808982 2188708.3916015625
347127545.6832154393 1794807.4513549805
347684623.3889379501 1842557.7810821533
347956930.8444019556 1867255.9199676514
351424250.6046144366 2090788.9384765625
351198929.1070693135 2080257.8920898438
351219758.7099565864 2081347.4868164062
353203252.2612724900 2131873.5620117188
347527926.1072635651 1833272.1345024109
347976050.9223901033 1869661.3306121826
353369050.2325429320 2133527.6782226562
353287330.4220024943 2132418.4545898438
355052268.5452283621 2169759.3310546875
351245444.8980305791 2081420.3432617188
353165729.8521845341 2129612.7070312500
353609515.1651406884 2134046.3369140625
352943455.2293292284 2127715.3120117188
347493733.7135270834 1829440.0751037598
348607805.8202910423 1909371.5338592529
347448729.6182594895 1824920.0834045410
354459318.1433618665 2159336.9550781250
347465872.7909284234 1825471.7912597656
343649262.0122875571 1308784.4596910477
344689223.5464937091 1490114.4185814857
343639477.0160971284 1308607.5117759705
359457193.1397876740 2188773.6845703125
358724016.3575907350 2188029.9843750000
354820739.6937072873 2165796.7133789062
350986381.8861765862 2055726.1068115234
357302490.3439739943 2183374.1396484375
357472879.8529125452 2184234.2753906250
357554764.2934874296 2185390.7724609375
348875410.5009806156 1929850.0352172852
354709755.1272898912 2163591.2490234375
348834823.9866349697 1926039.9435272217
342855527.0828121901 1065660.1294601411
344636071.8986076713 1481656.1306786537
344596254.1156252623 1473528.6414818764
349167273.0289450884 1933396.6706848145
354185969.0343304873 2153509.2197265625
354617110.2471652627 2162130.7001953125
354330332.9920938611 2156506.4560546875
354527552.8021015525 2160857.3720703125
357514037.5936938524 2185352.3417968750
342655781.3695074320 966078.7414222290
349132416.6749983430 1932539.3928833008
356010265.4699200988 2178966.1425781250
359378335.8756659627 2188686.4951171875
343824688.1393717527 1338893.1223106384
343806848.3890988231 1336809.6745262146
356081840.3288759589 2179006.2031250000
344562199.6198054552 1468481.1610741615
348608815.6698586941 1912673.3172912598
349467200.4767604470 1933566.6107177734
349094480.6557844281 1931933.5754089355
358718134.2304165363 2188010.8417968750
355000888.7621539235 2167595.6992187500
355178913.5951744318 2170162.4365234375
357386712.5670660734 2184046.1914062500
344578481.5503818989 1471137.0343325734
344546255.2398461699 1468094.0648827553
356242273.5170620084 2179804.8632812500
342943574.0330548882 1079151.1557586640
347984737.5484770536 1869862.2534637451
348568957.6712366343 1909019.8334197998
352831262.4068548083 2124133.6337890625
344578884.8011150360 1471587.3471474648
349022100.8250138760 1931635.4250183105
357181356.7117722034 2182097.3837890625
342864839.1920837760 1068866.4026649445
347400268.2286358476 1821198.2850646973
352750748.2813925147 2122113.1826171875
356102617.1906705499 2179269.9277343750
343705087.9161930680 1320972.2118186951
348785180.2511392832 1924494.6633300781
352629473.9024998546 2120347.3457031250
347403898.7278251648 1821812.2040100098
348724779.6171374917 1921582.1397247314
355983453.8202245831 2178879.5878906250
342818739.2657717466 1053922.2662246674
352808477.1277769208 2123273.1181640625
354656118.1719844937 2163275.1093750000
344628758.9843216538 1479352.5452904701
348719447.8393559456 1919179.2374725342
348697557.4315491319 1918208.8778381348
348494681.4591285586 1904692.1511230469
359266000.4341534972 2188637.6962890625
348663931.8564797640 1917832.7814178467
357201414.2629601955 2183310.5429687500
348523266.2215298414 1907794.1592254639
348649382.6782128811 1913244.5781707764
359260613.1155116558 2188626.5507812500
343880017.9510254860 1347645.7547111511
343785207.1494815946 1334786.7627677917
343101841.7521880865 1085777.0653427094
344224535.0613498092 1403183.5700011253
348259533.9630997777 1888911.7691802979
343038777.5105523467 1084841.4726608247
342877040.9316151738 1077307.7190621346
348312349.5082324743 1892805.6275558472
342705465.5970697403 993787.8157209866
348258280.7150191069 1886589.6670379639
348160320.0064982176 1878991.2772674561
348226123.9963753819 1885758.9014129639
342680564.4555814266 974218.3845495693
342844751.8731541038 1064594.0391712636
348070967.2958142757 1875016.6814422607
346890399.5909588933 1755672.6865844727
342844806.5136700273 1065234.6466720551
343621630.4811570048 1293182.2309558392
346958845.8594618440 1766411.3415870667
357482223.6813875437 2184271.0039062500
347838943.7904953957 1856564.2738189697
348216371.9236748219 1883054.0894012451
346910047.5741014481 1758517.4922485352
342698554.9518578053 983786.1218504421
348107934.4278014302 1877039.1819305420
347886103.7143937945 1858388.0974578857
348114565.8336921334 1878195.8437957764
358066860.4172166586 2185995.1904296875
344237033.8073283434 1404907.2955546379
344338850.8995871544 1419182.7056374550
347968761.8916137218 1867333.9370574951
354178037.6914219260 2148843.2646484375
354082153.8168783188 2146026.8076171875
344330336.6481615901 1417907.5662779808
342694598.9917639494 975874.1118406765
343627534.4591516256 1299471.0950152874
342970841.7770154476 1083665.4549186677
344264205.9941455722 1412891.8529295921
343601835.9722340107 1293115.4661033154
344189202.7715657353 1395939.5873045921
342681326.7439672351 975481.1552977078
344226425.1358090043 1403248.2879881859
347837347.9212974310 1848857.9335174561
344465168.9736948013 1438833.6942563057
350558331.1091927290 2019607.0321044922
350703678.0056345463 2027774.8900146484
344501790.5248857737 1441402.6341366768
342699557.2850666046 986948.8833708279
350727122.8280428648 2030531.5718994141
350857492.0651060343 2039659.5736083984
342752500.3189730048 1007157.1351230852
346975780.6486353874 1768212.6331453323
350935113.7399012446 2042369.1500244141
350536834.2431835532 2018813.2547607422
350743090.1098763943 2034166.1527099609
347812778.7446702719 1847720.5799407959
358264833.8691744208 2186124.3984375000
347055250.6173728108 1777402.8433227539
344503726.4022207260 1445977.5311703682
347004857.1549008489 1770594.3628540039
358399460.0025110841 2186183.9443359375
342782274.2852528095 1019398.5482161641
347104573.5920119286 1782696.0591430664
347067272.5103648305 1780275.5767211914
342784233.8797410727 1020096.6360719725
342811537.6307035685 1029068.2687795684
344430133.3221806288 1426674.7837100029
344445139.0139950514 1433520.9812197685
356960202.1531715989 2180791.1816406250
357094422.5833541751 2181788.5673828125
350495596.8811878562 2008181.8613281250
350496390.4616560340 2009775.3774414062
350502811.0853062272 2012700.8935546875
353864675.7350721955 2136332.5722656250
344152490.2529538274 1382568.5768766403
343128921.4439181685 1093709.6396118328
343129705.0238484144 1095661.6463371441
343121512.7942214012 1089492.9461721107
343193206.9402337670 1098234.8821241483
344171134.4329051375 1387707.8698282242
350200840.3965159655 1982463.1896972656
344136872.4171280861 1373242.5523843765
343293303.4773442745 1118089.7272111997
343274025.5970183015 1113411.4935191774
343308266.3308331966 1121845.8488657102
350375057.5628705621 1996770.9353027344
350178221.6222690344 1981977.4725952148
343326467.4738415480 1123750.0814204845
343379165.9516857266 1142385.3503792915
343354837.4084624648 1132959.6974120769
344096894.0469028950 1369468.4652261734
350228355.3667408824 1984168.1357421875
350246961.4735011458 1986093.6911621094
350264033.5482030511 1986110.0207519531
343367600.5681571364 1133760.3637099895
350327083.8261680007 1993804.3571777344
343428421.2058428526 1156773.1011446714
350346416.2256994843 1994561.9182128906
343386961.2760704160 1145316.9054809245
343417316.4673398733 1149897.4159314069
344043728.0450620651 1356169.5756158829
344039928.5317376256 1355710.5152521133
346878113.5627166629 1717320.3478755951
346816284.0706040859 1570173.3014011383
346857442.2339015603 1579335.9339389801
346815183.4852885008 1559247.6709384918
346787007.8943927288 1555231.1067295074
