793211869.1565175056 7368368.4033203125
793369029.0229318142 7370324.1064453125
793578857.4097123146 7370976.9892578125
792893500.8772766590 7368070.8974609375
766648978.1928913593 7024206.4423828125
777204542.2108898163 7214415.6689453125
777637737.7753589153 7223316.4628906250
778226723.1082054377 7227813.9560546875
785778977.8026353121 7306754.3876953125
785836153.9425697327 7307875.6445312500
735684439.5132725239 6017300.6445312500
736000941.2569853067 6034802.1489257812
737204193.6370657682 6097149.0371093750
736987967.8987243176 6088828.1684570312
739545383.9457054138 6197501.0976562500
768617017.4959083796 7069370.2294921875
777574263.0028437376 7220295.8955078125
818293452.4966663122 7432914.9804687500
722016841.8858025074 5172101.3457031250
721954502.6405071020 5166144.9868164062
713334289.9139934778 4339036.0881347656
739583103.7513175011 6199383.3125000000
739760897.3129448891 6202158.9755859375
739908067.0060820580 6208718.2812500000
739783321.8091285229 6202662.9863281250
767866924.8504205942 7051665.9619140625
768300525.1078644991 7063792.0634765625
786366233.4352583885 7312550.4062500000
819056892.4706150293 7438588.7119140625
721912012.4495832920 5161823.0947265625
792638752.0370008945 7367136.6455078125
710788330.0637084246 3896232.2131347656
710844812.0055652857 3905214.5993652344
713405849.4595679045 4352409.8376464844
714664563.8554852009 4482794.9416503906
721674003.9608297348 5145484.1904296875
735816496.2606567144 6026397.4145507812
739838327.6066190004 6208522.1416015625
739808016.3353589773 6203011.2167968750
777848108.6007663012 7223899.3486328125
739697671.9041934013 6201602.7158203125
713470168.0669736862 4358313.4687500000
714505386.3303751945 4472010.1276855469
726272894.6752170324 5485789.5419921875
710949902.8715485334 3939974.4870605469
714671177.4957290888 4484570.4348144531
768693620.8794842958 7069483.7060546875
792424151.8648393154 7365864.8779296875
746522784.3440128565 6447545.9975585938
786892131.4481673241 7316506.4121093750
790748936.5074288845 7353521.8183593750
806561702.8210601807 7414006.8867187500
725811029.3260074854 5459304.7031250000
714681193.1277729273 4494670.6682128906
776822019.7163267136 7207040.3886718750
777946698.7384892702 7224990.9179687500
778179335.7106579542 7227110.6923828125
778072995.3654171228 7225552.3417968750
818400641.8287297487 7436635.0888671875
792196180.1552207470 7363951.0761718750
721592240.6750509739 5140898.2978515625
721461780.6967623234 5125644.3188476562
725695898.1830366850 5449230.2617187500
767950833.0739921331 7053678.3261718750
807616760.1828913689 7416136.0371093750
735892264.0716592073 6028870.6215820312
721514839.7086236477 5132394.9873046875
735822787.7521927357 6027773.3242187500
736102938.5061649084 6040437.1718750000
721648353.9964628220 5145006.1240234375
736106826.6684168577 6043356.6865234375
735899116.1211811304 6033224.5507812500
825166573.5444898605 7442659.9638671875
767900514.1197537184 7052264.8554687500
825496330.2581470013 7442765.5908203125
725458933.0994020700 5429643.2099609375
744850580.9668292999 6394767.2739257812
725683376.5759673119 5443290.4858398438
818777316.9800735712 7438254.6572265625
721372646.3942747116 5112895.3083496094
777330179.4111046791 7217807.7070312500
821876385.8767164946 7440650.7548828125
769434397.3140949011 7078888.6123046875
822302055.2696312666 7441356.2958984375
711169890.0833761692 3955619.4633789062
711264880.2397037745 3959025.1979980469
743877565.3377600908 6359299.6176757812
769597709.3892141581 7081192.7470703125
822668096.7700430155 7441461.6376953125
711638788.2471082211 3996870.1235351562
711432308.4076570272 3994260.3989257812
711290798.1053329706 3972345.7585449219
766764946.6958777905 7027413.2343750000
821599407.4369376898 7440076.0341796875
767580015.7567788363 7044066.7529296875
777507845.6327570677 7219665.5625000000
767327583.7668646574 7039953.3476562500
776828746.6433223486 7210262.8251953125
805963734.2720369101 7412039.5205078125
769857736.5812176466 7087257.6806640625
721202881.9428174496 5100226.4326171875
738418186.4043098688 6152416.5781250000
767277292.7134062052 7036569.9355468750
806081915.1731487513 7412222.5517578125
821869150.8696805239 7440619.0322265625
721375256.2568445206 5114449.0988769531
728533995.7178072929 5610174.8129882812
738310590.1173524857 6148342.5507812500
737418577.0974754095 6104413.1962890625
737700880.3751537800 6114877.3164062500
790534260.0066175461 7349142.1933593750
737674043.2035398483 6114049.2548828125
738202726.4802678823 6143561.6494140625
725442465.7884869576 5423308.8847656250
737989748.9576299191 6131820.4453125000
713705504.6202976704 4376711.1611328125
721290709.8744231462 5107482.5373535156
785523620.0455555916 7300629.8095703125
711770837.5072015524 4054053.2607421875
728369562.7167205811 5599340.6992187500
743607476.5292614698 6349075.8544921875
818518722.0964270830 7437394.3486328125
737935081.2225286961 6127391.3505859375
770175918.0224556923 7091890.3505859375
711744809.9245932102 4044551.0605468750
743544770.4947960377 6346603.8950195312
818564928.2394558191 7437619.9091796875
738045872.4680197239 6132696.0336914062
711881405.0463496447 4056521.1220703125
770181031.7463815212 7092210.9960937500
779571693.5400490761 7236468.8476562500
822176517.4070974588 7441163.6513671875
743488398.1316415071 6344178.9223632812
778824558.4789991379 7229718.3857421875
804947509.1551615000 7406402.9316406250
805269810.1879078150 7408973.1230468750
714122967.2001862526 4427931.9785156250
790002907.2419722080 7343178.6347656250
805167798.0279372931 7407321.6425781250
805350648.7247949839 7409248.0488281250
789698972.0205469131 7339083.8046875000
743371151.5124738216 6337063.9252929688
789465858.2524142265 7336502.0449218750
824586561.8441507816 7442167.2158203125
786459601.5898230076 7314688.3203125000
789241550.2366704941 7334024.2451171875
789431706.1213240623 7335598.7285156250
713878884.8876546621 4392558.6164550781
743470394.9647024870 6341810.7226562500
713907372.5455251932 4400806.9274902344
743413474.3864861727 6340374.7841796875
789330042.0662775040 7335538.1191406250
824182349.2153236866 7441670.5341796875
737901343.5490316153 6127282.5747070312
778749930.7123024464 7229238.9970703125
779051334.2828683853 7232493.7646484375
789012528.9466967583 7332507.6435546875
714085892.1883789301 4415814.3120117188
714003547.1420221329 4412459.7004394531
713818952.8252211809 4385654.7390136719
785481173.6563069820 7295906.3447265625
728899659.2940686941 5627895.2651367188
728770300.9615553617 5618338.7060546875
742727850.3969277143 6313440.3491210938
728868269.6912066936 5620786.2001953125
742610310.3421318531 6309091.6928710938
787334529.3640892506 7320305.8876953125
729128216.8451312780 5630465.4472656250
728648926.4255980253 5615050.2929687500
787560347.2937104702 7321337.6865234375
787476830.7026395798 7321308.6357421875
728301987.3236683607 5593270.7006835938
742385542.2595037222 6300550.0981445312
787094082.1453914642 7318812.7792968750
786940480.2971520424 7317846.2402343750
715443749.4111764431 4552364.1611328125
715534602.1082173586 4561653.4624023438
742184079.9803123474 6292441.9057617188
804718037.7436794043 7403184.1386718750
742060856.8177157640 6285849.0112304688
741690955.0335236788 6270498.9150390625
741962151.4113922119 6279981.3579101562
715389731.3461194038 4540742.6914062500
715401770.6076512337 4550134.5087890625
741334129.7707470655 6255256.0180664062
715261193.1344417334 4525688.7758789062
784626575.2600069046 7287931.2011718750
784531220.2706906796 7286301.9843750000
756736069.3478929996 6719527.0253906250
757260502.4642438889 6732248.9179687500
756819480.2445540428 6720852.0957031250
757252689.7863311768 6729754.9941406250
713019805.9192363024 4145574.6469726562
727701319.9626173973 5551877.8872070312
757168850.8495931625 6729472.5859375000
757374674.9498400688 6733463.3662109375
757380767.2509837151 6734050.0751953125
757532062.3403780460 6737949.6308593750
727420379.1115802526 5532524.5263671875
727279095.1982440948 5526701.3896484375
727285962.9582076073 5526736.3471679688
727245496.7718074322 5524466.2744140625
782543418.2756221294 7259237.5214843750
782758610.2824299335 7262766.8300781250
782154136.5871057510 7255167.5498046875
781976864.2347576618 7251841.7958984375
726839752.0841358900 5497757.1088867188
781715579.9134836197 7250448.2841796875
712465416.7746382952 4109576.5842285156
712353262.9264918566 4067983.7541503906
780564448.2715089321 7236613.3232421875
712433932.7312179804 4099888.4184570312
713315659.4551557302 4240015.3251953125
803384736.1041778326 7392417.7490234375
815842591.9930278063 7424012.2861328125
815230743.9845062494 7422076.6298828125
803030574.7935351133 7389846.4150390625
815736227.4237481356 7423983.2724609375
800116674.0999463797 7371778.8037109375
800384053.0943745375 7374608.0087890625
713096026.9338032007 4159281.9624023438
755719281.8558712006 6664131.7011718750
802488892.0163475275 7386614.8310546875
713105821.9106341600 4161059.4946289062
713156090.0836018324 4174334.4162597656
755657225.0838303566 6662532.2353515625
755153749.9926414490 6638506.6523437500
755288691.1845571995 6649454.1689453125
773238553.7482386827 7108442.5605468750
773151785.8176754713 7107132.5839843750
774072380.6256917715 7121432.5742187500
775424534.3464829922 7148867.4541015625
801728909.9950805902 7381256.6552734375
773619352.5448926687 7112145.6630859375
773320677.9541655779 7110117.9414062500
773811140.9967533350 7118640.7744140625
765860183.1926059723 6919133.2714843750
765869820.0365890265 6924118.1552734375
766027258.4723341465 6929572.3837890625
774942930.8704707623 7143232.8496093750
774882767.9988660812 7140867.3154296875
774881475.9002194405 7140732.3476562500
774951341.6836478710 7143241.4277343750
775457469.0914194584 7148878.6708984375
817007135.4498717785 7426366.7490234375
754992184.6884859800 6621014.0712890625
814896956.9682977200 7420879.1357421875
765732929.9409523010 6915168.3906250000
725156333.4054996967 5336328.4404296875
754814269.3712236881 6617714.4326171875
765569335.9765329361 6909203.6103515625
754778566.8648766279 6611869.8369140625
814712390.1078627110 7416515.2500000000
765711154.2017486095 6913140.5175781250
815629225.4182815552 7422878.3115234375
816362988.8532977104 7424235.4873046875
724028010.1940412521 5258755.1318359375
723828867.0158987045 5245959.6528320312
723623180.4507814646 5226055.8706054688
723669028.2290766239 5226276.8242187500
723085611.1139495373 5185322.7939453125
732404462.7624058723 5724168.7563476562
732554411.9827154875 5731299.7377929688
735295380.4348443747 5874115.9077148438
735412686.6985721588 5879806.5727539062
735232848.6018215418 5871928.2080078125
735134985.6634494066 5867824.2167968750
735064066.1065489054 5862383.3593750000
734967797.3928306103 5859301.7792968750
751239283.1046196222 6456676.7275390625
732160205.9507496357 5692810.1674804688
718478132.1124430895 4636817.9382324219
732238899.8001713753 5700272.1215820312
732075342.3847831488 5690531.7783203125
732048059.8354142904 5687264.5170898438
718447493.7947040796 4627277.9589843750
753817655.7393479347 6537096.5000000000
731577737.7573208809 5651472.0444335938
718596602.1116706133 4642666.5251464844
753494084.3474483490 6521099.8007812500
753240519.1581581831 6510179.0107421875
718841833.9108248949 4668208.1625976562
719000209.0967985392 4683681.0336914062
718771959.2799974680 4665954.4116210938
718714830.6753199100 4654321.1101074219
718886038.6308650970 4670705.0405273438
753445158.2732599974 6517753.3427734375
753336350.4474239349 6514854.9921875000
753454094.6877087355 6518789.2021484375
753065981.1174426079 6504585.2451171875
720718567.6633018255 4861940.4829101562
720868006.3153281212 4880627.6152343750
720768333.0667392015 4868985.7197265625
720450702.6106777191 4814046.4687500000
720150090.0483703613 4747190.6484375000
720272936.2745449543 4753070.0507812500
720284105.3143179417 4759215.2563476562
720359892.7156583071 4768572.0468750000
720342446.5787304640 4767428.9995117188
720378852.1670856476 4771848.3022460938
