179606867.4574955106 9102.3050079346
180137621.6768402159 9204.0272579193
162766587.5417293310 5068.2698367233
162695175.4315853715 5045.8345375801
162646187.1691308916 5030.1959629115
164809456.4886764586 5991.1069698065
165896349.5700179636 6402.3319690163
165961885.2801658511 6428.0257785256
167011992.0123892128 6813.6644228932
167163980.9876155555 6850.0236062873
176552747.7161479592 9016.4010848999
180165996.0217420459 9216.9060554504
160687455.8478295803 2911.0154571350
160887317.0328806639 3385.0862896776
162485454.7819493711 4949.9501386280
162631168.5220948160 4975.1300974484
162587235.7308698893 4969.3069899674
162560014.0057910681 4961.9123817082
165707507.0989910066 6363.5114854727
165984997.4225703776 6459.8671555590
174094114.8898974359 8702.2526016235
174453724.8326291144 8750.0408725739
160558252.7023010254 2598.7013433524
160882543.1247493625 3384.6010824009
162495522.5394647419 4960.5589576359
162480972.6220736802 4900.4689945946
165451173.2577417493 6257.9324956929
165962658.5446526408 6432.3076769955
175921256.8110611141 8968.8470573425
179878774.8857091367 9190.6979713440
180748658.7017690837 9265.4537010193
180205535.9558130205 9237.9220771790
180682504.0694026649 9256.0422935486
165559658.4375346899 6294.5344187241
165866058.8976438642 6378.2602467249
165630063.0033212602 6359.3516728822
172103502.9074438810 8315.8750405312
171979641.4902912974 8289.0130372047
173686968.6718721688 8629.2959957123
176634531.1661636233 9019.8871459961
176064035.0897555351 8985.2272109985
180799313.0495449603 9270.0358161926
160575541.1941021383 2694.1456861312
160793329.7345235348 3363.3337734079
160777944.9161298573 3269.9430900310
162281420.5607267618 4753.6007078447
162413734.9673636258 4872.3829254932
165901185.1810131967 6418.2747115173
176965148.1472368240 9029.1308441162
180480594.2520112395 9241.8348121643
181128442.8937582970 9278.6624717712
162285602.2079612017 4761.0779412384
165593637.5071057379 6350.4057376321
173948190.4986589849 8693.5563735962
173921643.4911279082 8683.5340499878
176346863.1417783201 9007.2862167358
176152818.1411575973 8998.0514450073
165544373.8549330235 6286.7989108647
181040639.0017394423 9277.8010292053
165322377.8756502569 6248.8558071937
166678173.5876844823 6682.4875179697
166952348.4896897972 6768.0067151953
172568743.5506896377 8448.9804763794
175492005.3590198457 8890.5907020569
181458715.7891270518 9288.5127792358
160893812.1727321446 3422.0298301737
166978719.7494848669 6801.6735166479
167169808.4306400120 6860.3688350199
166564164.0021342337 6644.2736314703
166750753.2056128085 6736.6800931860
167141426.4362899363 6843.3927768648
166648813.5766334832 6667.8010582197
173725357.1740210652 8642.3077926636
175805198.1198496521 8940.7740898132
160608399.8816716671 2808.2642087045
166564580.0734249055 6651.2707866896
160601302.0982122421 2801.5553130920
162325334.1338392496 4851.0988135929
167120745.3288196623 6817.6244257390
166778210.3958387077 6738.3221019972
175358019.6083043516 8879.8073327541
160693600.2833957374 2936.8589010301
160829951.9983089268 3370.3390333278
172451239.9931424260 8418.1337060928
173701515.3131642342 8637.8493919373
175390322.2292372584 8885.4106769562
175835005.0374248624 8948.2903137207
176315380.0463651121 9001.9006614685
160640057.2323465049 2894.4884779085
175685302.9405377507 8929.0082015991
160863604.9337316751 3370.5805704663
161053429.1275320649 3564.5135836616
165112317.5322267115 6140.0593566383
166510524.9797350466 6630.7319683302
175588765.2358662486 8914.5997200012
175968895.1029203236 8971.7212104797
165046681.2035167813 6093.8839244331
165131457.4952262640 6144.2215473141
165287250.7762170434 6196.0204429115
175886547.9106892347 8958.0029220581
160789524.7772995234 3280.3008972912
165418213.7482543886 6252.4021275807
165163006.3289019167 6160.2246140534
172152036.6454625130 8344.9851877689
166256028.0001436770 6519.0290960539
166475009.2981357276 6611.4857143629
181854224.2763995528 9302.7879104614
165264620.5084092617 6165.7261557962
166418730.1977473795 6580.4117047805
182294970.8081387579 9317.3076019287
182527622.1066929102 9324.1060714722
166447966.7773398459 6593.3803896178
182001196.0701119304 9308.2928237915
160932435.7804560363 3467.7327839859
165072452.6529518962 6138.8902053322
164488928.7787510157 5873.7231349676
182511415.2808867991 9321.7483901978
183729674.2612206042 9339.8371391296
182075176.1218480468 9314.0340118408
163636449.1362236738 5445.9172696863
164488749.8086545765 5846.3505098551
174572220.2093084455 8756.2765293121
182055721.1746357679 9312.4106140137
163106829.5137819350 5242.4254166439
163012819.6243508160 5200.0922372902
182523750.5273149908 9323.6427536011
182659150.6752597392 9332.4015579224
182546964.7339396477 9329.9177703857
183380427.5715907812 9338.0986938477
162300150.6630922258 4793.5965326186
166356338.9342699945 6546.2818388212
160727629.1700639427 2975.8498769496
175183847.6619295478 8838.3632755280
182336995.0803464055 9318.2886199951
160902220.3460589349 3453.8241298421
160738530.4247225523 3007.5039065192
166369799.1827966273 6577.7413572539
174889569.9024887681 8795.5501804352
174607546.0034740567 8769.1004962921
166287332.8762089312 6522.3038572539
160671706.0570391119 2904.0940119270
160750947.0644817948 3048.8318502549
163442804.3128791153 5393.7094318141
172469152.4505816698 8425.0721020699
162189281.7748908699 4732.0806857760
172608933.4023506641 8449.9898777008
174503513.5693959594 8752.5188732147
174649783.0655539036 8789.2160625458
162875430.8923143148 5133.4248368100
162176542.2595216930 4727.8214242812
162120203.6215978563 4645.8678425308
175469245.4713821411 8889.0339250565
160719851.4307635427 2975.7966863755
161998040.1288412809 4552.2163913604
162084328.2142835259 4644.5392152036
162129719.6279574037 4661.3287155897
173141110.6535964906 8549.9309997559
162913741.0007215738 5136.1607536629
162078332.3575697243 4643.5730951186
162066423.2957921028 4568.8167217132
163334111.7506558597 5324.8168281355
182456764.3759353757 9320.9356002808
164911115.8342717886 6056.4140348166
173478465.6345726550 8616.9127388000
174281342.7601985335 8736.1041240692
174536124.6856840849 8753.7259559631
174187254.5092462301 8715.0528373718
163639252.7501792014 5457.8588889452
173398588.1143729091 8595.5084705353
161101407.9423067868 3667.0644145027
164632182.0490845740 5947.1715306967
161777884.9486971796 4289.5449031334
165020216.6225484610 6069.4367834522
174224406.2929639220 8722.1516113281
164816781.0682746172 5993.3637801736
164842221.3241321743 6013.7053305401
173236853.4879719019 8583.0747108459
164735352.7658235729 5970.8410710642
164653142.4628797770 5949.2876322001
164772592.5305505991 5986.7726179851
164990041.4747457206 6068.0595133497
172095419.5786639452 8314.1626591682
174376211.4157123566 8739.7379970551
161337376.1698652506 3678.8693706324
174267377.8312744498 8734.4066371918
175461808.2994481027 8885.4928331375
163648172.0047371089 5492.2752267589
163725229.4698670208 5536.2987799645
172052559.1419658661 8297.8696408272
173097228.4459936023 8549.9259338379
163568644.1533535123 5442.8054048047
164537951.6730048954 5893.7787367596
160755791.7277906239 3049.1239508727
164252711.4007234275 5764.8463002910
173165528.9764553308 8556.7163772583
164318286.5165865421 5791.6044933070
172972150.7361791134 8533.2417182922
173471447.7869613469 8605.8650541306
160756722.3688490391 3071.1921106616
164266375.7924386561 5776.5605460872
161002302.2067466974 3560.0674117311
164088779.1798584759 5671.1774162521
177318663.3428311646 9040.3777732849
160771010.0230831802 3169.3553191462
160967428.0486095250 3512.3658916816
163934298.2374367714 5627.0879349528
172761926.7828405499 8488.4318656921
163746667.8539561927 5537.2339917646
164243063.0765306354 5717.5058871974
173788164.6147367358 8660.1695919037
164006395.9591453969 5642.7993900050
171955270.9681565762 8259.6404166222
163672333.9483605325 5514.9612261547
163653714.8193378747 5497.5067531337
161137441.4185196161 3675.0229405627
161059884.7643552125 3584.2466588036
164126273.3813964427 5680.6255294551
172806995.8368514180 8490.0020275116
164133648.1398647726 5709.1704398860
163896372.5144099891 5612.9925395717
172046781.0658085942 8297.8226265907
163476859.5043179095 5427.1543590297
177809521.9161851406 9051.8241767883
160987674.1366498470 3557.6042704597
162268709.8973652422 4752.9391038772
163439135.6497854590 5375.8861405954
172954915.1730124950 8523.5331058502
163217696.6125432849 5259.2174236049
172662634.5508224964 8473.1502666473
163358284.0440528393 5353.2766778574
163189964.2795577347 5258.6084515408
163268870.8569106162 5317.6942149867
177731493.2611671090 9051.2302207947
172645495.8957312703 8465.1430873871
172946431.9098924398 8521.7512378693
160901565.5730630457 3448.1441264168
172703463.9761927724 8481.9182491302
162970590.5527943671 5152.9167427474
163335854.1146276295 5333.7168738201
162840263.5095160604 5077.4067076682
177589902.7397055924 9046.2245903015
161077875.4847119153 3603.4159529851
162861435.7181135714 5091.1232289702
162841322.7872475386 5079.6756173253
161920483.3385571241 4410.3988650184
162808830.7964889705 5075.9790772826
161965855.4366866052 4416.8707377228
161868838.8339805305 4398.3468010764
170973554.5542885363 7876.4747473598
170978457.1287640035 7880.1248661876
170832654.3185506761 7836.4428641200
178165701.5078293383 9056.1751594543
170954514.2568126619 7875.7277008891
177204757.5183741152 9034.3326148987
177407617.3284395337 9045.8729896545
177640047.7625167072 9050.9846534729
161994902.2809225917 4497.2539293512
161968088.0008178055 4442.0100077123
170745042.1631233394 7827.6303064965
177166717.0379931629 9032.1590919495
161865335.5948665738 4387.2250406507
170873653.0013597906 7841.6722867631
161846119.3264167309 4337.3847543958
177616159.8436601758 9046.3441390991
161701413.9459064603 4129.6823166276
170981285.9219944179 7888.1180637025
171015625.8416040540 7888.8235538148
178256434.0298472941 9058.2442398071
171073406.5867933333 7940.9891040467
171577231.5957066119 8080.9888264537
161613169.5519539118 4017.1095521976
161753809.0456404686 4209.1083191300
171492221.7640607655 8059.3233544230
161692792.3218050003 4094.7872749782
171424180.3786315024 8039.0208508372
171432667.0977310240 8054.8644978404
161681107.2424934208 4061.7394236589
171523871.5180142224 8072.6448971629
161575971.3224268258 3998.6602266098
161725207.5480039120 4170.6684930587
171732796.8371523917 8115.5637155995
171905152.2106417120 8179.7541060448
171869357.1120224893 8157.3666744232
171629004.3668155968 8104.8593077660
171821386.5010316074 8134.9100096226
161689208.3193768263 4074.5746556038
161555526.8940589130 3717.6277144740
161559312.3354448378 3806.7430451701
161531732.0434288979 3697.6037047694
170601158.1092170775 7025.0494347042
170563795.3659186661 7011.5955374664
170601727.4280996025 7041.9744360870
170605008.9407493770 7048.7100980705
170674211.8732924759 7119.3481696075
170214023.1589997709 6956.4706155485
170359972.0607882440 7004.9768056101
169992167.3502630293 6871.4573780722
170160046.0388462842 6925.3293117112
170066177.2028769553 6896.8613261408
170326632.3068909347 6960.7124118036
