96912721.0455847532 2854262.4453125000
90079726.1578723192 2627190.3593750000
94209777.8015792221 2798429.8710937500
86566076.9593753666 2236596.7675781250
91536396.0330483764 2704166.3320312500
97116341.8024993390 2856452.6015625000
93925336.5436808318 2791905.3710937500
94149762.6529093236 2796553.5820312500
87774264.6884034872 2421892.1484375000
91516362.3799905926 2703584.1914062500
91682758.3971802741 2710867.4335937500
97641005.9404927939 2857949.2265625000
89087211.8222807944 2562315.2812500000
89232855.5611770153 2573656.7890625000
86497227.7143840343 2223085.7539062500
88545185.3019716293 2518149.3593750000
99093880.2908477485 2858870.3046875000
90338945.1886710376 2642874.5507812500
86854146.8621432483 2278229.9082031250
89168747.6344165504 2570667.7812500000
89799040.9983716309 2609276.1953125000
86145756.0066966712 2121671.3593750000
88982520.9950775057 2555777.5898437500
90220680.1021399945 2637684.8281250000
90159895.4563450068 2634416.8125000000
96712592.3117045611 2851048.1679687500
88494861.8417418301 2514101.8750000000
91613450.8943505436 2706431.4570312500
94017460.6576611251 2793394.8671875000
96966424.0543802530 2854331.2265625000
97393307.3849165291 2857479.0273437500
88126143.1445119679 2470608.6835937500
90984791.1515430212 2675943.9023437500
92425754.1657297015 2740823.2617187500
90688940.1307232529 2661513.2265625000
97158564.7887728065 2856781.2304687500
90405801.4966655821 2649100.7187500000
93445613.1369713098 2778527.5664062500
95920937.5497410148 2837468.1132812500
88804660.0215482414 2547083.0000000000
87852519.2819546908 2426776.6914062500
90782139.9807320982 2667318.2343750000
95015068.8196287602 2818019.9882812500
99109015.9268042445 2858881.4570312500
94252441.1258056462 2798997.0429687500
93821211.7736556679 2790184.0585937500
96977911.5666091591 2854734.9765625000
87959660.8460476398 2448443.9140625000
93214739.9942054749 2769895.9179687500
94976648.2901163250 2816926.3046875000
86461698.5208236426 2220597.9160156250
88556578.3894344568 2522525.8476562500
91393764.2179377675 2697931.0546875000
86813064.0712057203 2276659.8925781250
91444826.3571388572 2700482.3906250000
88698735.4076343775 2534938.3554687500
93142235.2026675344 2768453.1523437500
97160252.0038249940 2857005.4882812500
86637241.5263875276 2247355.0664062500
91557501.3637083173 2705260.0156250000
86924106.8712320030 2296337.0722656250
90594169.1464534104 2656458.9023437500
93753191.2716984451 2784510.6406250000
99166554.2901090682 2859173.6757812500
90960437.0249431282 2675795.8164062500
86757387.1224337369 2269498.8496093750
88913345.9758950025 2554593.0742187500
89019190.4164965153 2560520.3281250000
99000787.0191807449 2858680.7109375000
97539206.8043596745 2857806.4609375000
86578399.5304475725 2240371.5800781250
86528852.8743032962 2230834.3828125000
87992907.6215445548 2450389.4335937500
88947877.3628570139 2555506.9726562500
88784267.5258088261 2542154.2578125000
93100085.2454073131 2765908.1914062500
92911280.0651264191 2759484.4921875000
95615322.0952615887 2830542.9218750000
94881817.9825185388 2812297.3828125000
86909081.0711109340 2292103.3925781250
86254910.0438494682 2161232.5644531250
88231186.3912916034 2480337.4765625000
97313970.7388234586 2857475.6875000000
98225126.8630929887 2858580.3906250000
95024966.8691715151 2818785.3632812500
94962998.6815237850 2814389.5585937500
88744112.5282497108 2538878.3242187500
95714278.9902120382 2833814.0273437500
86487707.9938949943 2220969.8730468750
88615102.6207807958 2526490.0234375000
91020429.1178582758 2677680.0937500000
93756640.0553869307 2785709.5468750000
88121552.7312087715 2465433.6757812500
88432734.8762589842 2503931.2500000000
90515533.7206751853 2654197.2031250000
88060628.9078879803 2459197.3828125000
88445603.1637570113 2508555.4843750000
88861622.5020036101 2548117.2421875000
94963492.1193219274 2816710.1953125000
95959071.9913552701 2838419.5585937500
96871434.2099254131 2852671.5390625000
97044865.2284153551 2856311.0312500000
96565788.0399935991 2848547.8203125000
88616397.1077155173 2529334.1562500000
93087314.8853331357 2763691.7929687500
95161797.3133750558 2821351.8437500000
93309174.8515774906 2771181.1757812500
94910847.2918153107 2814299.0664062500
96819419.3960893303 2852381.4140625000
87013547.7861354053 2305842.9199218750
92636768.5219534487 2748513.9218750000
93119595.3158320785 2767497.9179687500
90389841.6977898329 2646237.6289062500
86432742.4557734877 2209625.3574218750
93311822.5595788360 2771663.9609375000
95206094.9606878012 2823734.6132812500
95376434.3267748058 2825994.9023437500
95696927.1294762641 2833231.8867187500
89089814.6677079499 2566138.0351562500
91399301.8972548097 2698934.6445312500
93758949.4252478480 2787606.1367187500
96702033.9965670109 2850596.4062500000
94195154.3887576014 2797918.3281250000
96102210.5933700949 2841160.9101562500
88087948.4564023465 2465096.9179687500
91118405.2564198971 2683764.3710937500
95901053.2576343864 2836861.7421875000
88678210.0121999979 2533986.3789062500
88533876.0790288746 2514223.7070312500
96637526.7712783515 2848836.6875000000
89123223.8348002136 2568202.9453125000
88555422.0056641251 2521332.5742187500
91416488.0653258711 2699079.3164062500
87173929.7753346860 2318128.0078125000
95780216.3703535944 2835178.1562500000
98301000.3587296903 2858586.3125000000
91430645.1651138216 2699469.6796875000
94593306.3666486740 2804865.0507812500
93531907.9038996398 2778720.6601562500
94169199.0476143062 2797681.6523437500
96388874.5299967676 2845669.6953125000
88365501.4685377628 2490239.9023437500
96074249.4764984399 2840119.7304687500
99038839.4126919955 2858849.2382812500
88180635.8324658126 2473025.8164062500
97910962.4298213720 2858280.0000000000
95183642.5621898174 2822189.1679687500
90880174.5761152059 2673466.8046875000
94597826.3190190494 2807411.7031250000
95138840.7725350261 2819845.8945312500
87008856.9862511605 2303375.7109375000
91304452.2049428076 2692908.7890625000
88637898.5144979954 2530582.3320312500
91320738.0695749521 2695424.4765625000
92737256.0417867899 2753776.7851562500
92625705.8485019356 2748426.1679687500
94446073.2954158634 2803907.8203125000
89396406.7943827957 2583009.8046875000
92412771.8272048980 2739078.3750000000
96165135.9614071101 2842243.0742187500
92345215.4799578488 2736768.4960937500
89367169.7905163169 2582732.8710937500
95848757.4561796188 2835805.7851562500
86416293.6315855384 2205695.2949218750
99059280.2003168315 2858861.5859375000
92542456.7372811139 2745598.7460937500
96003883.8576009423 2840040.1953125000
96651366.9673837125 2850084.8632812500
96350232.6722407639 2843993.0117187500
91034467.3102167398 2680331.8320312500
86317707.8741755188 2180000.8242187500
92518042.9378750771 2745304.5429687500
86156969.3968994766 2126193.7617187500
93695705.8582061827 2784295.8398437500
95637792.7809516788 2832138.2031250000
88277524.4489913881 2483509.3164062500
90122119.2746512741 2628984.4101562500
86649934.2979634851 2248778.0722656250
88290532.0974164009 2486096.2695312500
92412470.8305075467 2738352.3320312500
93578908.7087694257 2781527.1250000000
91213973.4999675304 2688661.4101562500
92656005.0875885487 2749502.7265625000
92989927.4396001250 2762448.6953125000
92592857.1059525907 2747379.9140625000
86446227.7716418207 2212119.6464843750
87076643.9955720901 2316237.6562500000
90486535.8873708099 2652645.5390625000
88607422.5844634175 2524499.1679687500
88583805.5801634192 2523918.6562500000
87950655.5761880130 2433204.6484375000
92900010.9881021827 2759237.8867187500
92785429.3551708758 2755369.3671875000
92865760.0755995512 2757896.4687500000
91175632.4094014317 2687950.1328125000
95410459.9596368670 2827633.3476562500
91120795.9196963459 2684686.7070312500
90128727.6160236299 2630660.3359375000
90897980.4705538601 2674105.6640625000
90729288.8256333917 2665347.4140625000
88271251.6592113227 2482592.3867187500
86572595.8481010795 2238671.6425781250
91824634.7217603475 2713961.4960937500
86523041.6660218388 2226835.8691406250
90321767.9117984176 2641229.6484375000
89543047.7035820335 2594336.7578125000
89413201.5216085464 2585087.0000000000
90200411.2982902080 2635385.0664062500
90605799.7432990968 2659121.2460937500
90149164.7373221517 2632939.1914062500
86980639.2001533061 2303288.0312500000
88211383.7785239667 2476874.7578125000
86461445.2046620995 2216841.0996093750
88396674.9749127477 2496119.1250000000
92126664.5082970709 2728181.0117187500
86170426.0526820421 2126658.0800781250
90262558.2172462642 2639789.6914062500
90594181.5763624460 2656585.8046875000
86406007.4964891672 2204041.0019531250
87058392.6746177673 2313670.7734375000
86398942.3234733045 2199643.2675781250
86207258.5177258700 2148953.7792968750
91998358.9403216541 2718887.3437500000
94810922.2704554349 2810165.3789062500
91002538.7201175541 2676636.4375000000
94504011.1840737313 2804320.3750000000
90565755.8545006812 2654975.5390625000
90705219.3691844493 2663237.3515625000
90503370.8016137779 2653193.7773437500
94569761.9395526946 2804794.5742187500
86341970.6878211349 2190795.1894531250
86385369.2182991952 2198054.7988281250
86323432.7832437754 2185545.0410156250
91873652.0555560738 2716689.4960937500
86954513.5798465014 2297914.3867187500
86962216.6857516021 2301102.1328125000
91958719.7232649773 2717237.1835937500
86293799.3372500241 2176951.8750000000
92492327.6557184309 2742541.8281250000
89576499.3692136854 2597007.5312500000
91928807.5730136037 2717214.6171875000
88413643.9224233031 2498453.5703125000
91962304.1018451601 2718491.1328125000
89407398.2312763333 2583307.0195312500
89823768.6427232623 2612677.3203125000
89855427.9740489870 2613085.7500000000
89809605.9582625479 2610247.3945312500
86952159.2590331733 2297055.0742187500
94819137.1144256741 2812149.8554687500
86883277.7557713389 2285681.9843750000
91999476.6864424795 2720057.5507812500
91989747.3594924510 2718862.7109375000
89831868.7255078852 2612688.8437500000
86176190.8228941560 2132942.2343750000
87194795.4518478215 2320534.4023437500
92171638.3869241178 2728760.1523437500
94904500.7169768661 2812455.4687500000
89519408.9714993685 2592649.7109375000
89492822.9452855885 2590781.3632812500
89709103.1713204086 2606013.6445312500
86262270.8153501898 2166630.2167968750
89873882.4264595062 2613915.6796875000
86689871.0711903274 2252551.1601562500
92360990.4356830269 2737074.0976562500
86200015.3158751875 2143354.3398437500
86188820.7586381733 2136525.7949218750
86242858.1847561151 2156828.1777343750
86709797.1409194469 2259719.1914062500
92006762.5248568952 2721261.7187500000
92080008.1100234091 2725412.3632812500
92011942.8174111247 2723353.1718750000
90112905.2541374415 2628936.4179687500
92160830.7588455379 2728371.2460937500
86194144.8592331558 2138418.6503906250
86738663.6387877464 2260888.8027343750
86793205.1171108186 2272286.1796875000
94394995.6982873529 2801395.4570312500
86201043.1842207015 2145906.7558593750
86249135.7097751349 2159443.2324218750
89906666.2593713850 2617339.1914062500
89488679.5793711096 2588536.4453125000
89815467.1936748624 2611443.7968750000
86735044.7618263364 2259833.0898437500
87357353.7580237836 2338184.3339843750
87381739.6857343167 2348507.0898437500
89783126.9044679999 2608758.8554687500
87949423.9751004726 2426859.3476562500
87220998.2685353011 2327611.7480468750
87259369.1028679460 2329948.8457031250
87204516.2736229151 2323441.8261718750
87503993.9930401891 2359068.3945312500
87542003.7993213236 2359698.5898437500
87377021.7605656534 2344790.2851562500
87278134.7012204677 2336835.6523437500
87327222.8327095062 2338131.5917968750
87578957.4256187826 2360744.3476562500
87408332.7644938082 2349414.5625000000
87609031.3509241790 2368632.4062500000
87625618.4576059431 2372073.4843750000
87657920.9214141220 2373654.5351562500
