276575388.3726758361 1048480.8658680916
279238597.4960727096 1186273.8692911565
281081792.3809933066 1231015.3080987930
290550046.6613055468 1537627.3652343750
290500067.2394102812 1534897.4746093750
290077129.5794039965 1524655.7148437500
290116519.3645840883 1524729.6303710938
290579361.8631528020 1537672.2612304688
290150480.3989564180 1530018.6391601562
290620676.4060352445 1540577.9438476562
290230500.1806959510 1533431.2138671875
291088513.3261735439 1544688.0981445312
290407570.3029563427 1534610.0942382812
294181581.2619242072 1607345.6665039062
294061931.0960634947 1602613.3349609375
294759656.9044107199 1618122.7963867188
298484944.6060572267 1674314.1635742188
297974406.0308052897 1666951.4658203125
300021447.7729142904 1689612.6103515625
299894002.3805505633 1688992.0136718750
304018401.7770053744 1706790.8632812500
304144969.8280307055 1709784.7539062500
304923808.6858496070 1711681.3339843750
271281030.6517673135 712211.9472919996
276670670.0174409151 1054018.8261506557
299815116.4608024359 1687574.6630859375
271109395.0361952782 699791.2400595243
271072664.1593097448 696239.6306845243
270959027.2008749843 693681.9519735868
276495450.5298873782 1047970.8367784023
278901274.8627517819 1173740.2632540166
279302997.7067080736 1187142.2100454569
279142150.3788692951 1181834.0216768682
281101418.4318667054 1234209.6280956268
286184785.7142015100 1410332.6627502441
287892630.1520296335 1459795.4858398438
289790009.9361642003 1509864.7458496094
289508242.3640642762 1503191.2312011719
294734698.6887611747 1617846.1625976562
294561967.1097384691 1615566.2392578125
299681561.8777741194 1687041.9306640625
299339047.0948848128 1682382.5864257812
299583954.7464712858 1685467.2709960938
304187110.2032133937 1709853.8837890625
311286800.4859061837 1723055.0937500000
271236143.2869311571 706250.4448505933
276433107.4630678892 1043107.3911302090
280710675.9368058443 1228876.0779857635
270493523.8422139287 613233.8538526124
270931790.5549259782 683267.9778581145
276464691.1338828206 1045619.7396104336
276577080.2333508134 1051345.9856450558
276651299.3676717281 1052279.5798685551
289721760.4547524452 1507428.1452636719
294680825.1682285666 1616159.9140625000
294488482.7867927551 1612468.2587890625
299008051.9726791978 1679429.0429687500
299148822.7586694360 1680626.3364257812
299313827.3339465261 1682024.8886718750
299353526.4960594773 1684597.4125976562
302455891.7991282344 1700398.0625000000
270518621.1032497287 625377.1001390046
270503845.0974978209 623039.4000840015
270447948.7410460114 604523.8792470521
270528554.5776298642 628067.6814659662
270640578.1880983710 641279.3818203309
286223924.1479534507 1410345.9166564941
287569990.1705451608 1450581.4594116211
294508530.2099927664 1614256.9692382812
278874821.4125121832 1168284.4998175800
270603586.6757261157 639364.2198635438
270825615.5105612874 677562.1444174345
279831417.6284723282 1200381.4152050018
280006056.2169786096 1211050.9402904510
304117850.1991680861 1708882.3662109375
270513456.3012136221 623626.0071960785
270561499.1818022728 637728.0229336121
270739453.1771897674 663262.5826832154
270654529.1846908927 648245.8516689637
270678697.8893337250 659611.1678615906
277604135.0592495799 1093531.7859036922
279861723.3526706696 1202806.6699151993
280109634.3064227700 1211421.6673383713
289813601.1146394014 1517727.8830566406
292204370.5433799624 1568613.6645507812
270805847.5823322535 670699.7310730428
270747711.9630143046 665275.8335906477
270880240.8935983181 682920.4758237894
286322570.7708345056 1413137.6873474121
288210909.3593317270 1460355.8463745117
289799283.2587790489 1512202.3879394531
289730034.7686200738 1509824.7490234375
289954405.9881492853 1521464.8879394531
291844210.9438014030 1561987.9233398438
292041206.1159194708 1564692.9692382812
296462303.5131736398 1646708.2036132812
305256882.3085960746 1713234.1542968750
279956893.7202264667 1209183.0865917206
279874385.9678817987 1203632.7592706680
279725857.8720948100 1199163.8938922882
279638606.0814759135 1198897.3458690643
291714818.2006380558 1560465.2924804688
296072887.6645456553 1637692.9572753906
305212381.9422848225 1712834.8720703125
312780953.8118135333 1725311.6181640625
312515792.3554953337 1725211.5634765625
277388075.9755043387 1087889.8017747402
279762542.7332338095 1200120.6141796112
298784741.5159453154 1678337.6313476562
302014878.6011974216 1699155.5917968750
312049702.1269382834 1725049.2167968750
311769141.3559485674 1724659.1953125000
276884765.9806386232 1064554.5285508633
306086986.3161925077 1714317.5175781250
305321350.4383127093 1713637.1113281250
311778640.6293522120 1724735.7822265625
279603507.1036830544 1196784.7484455109
301590698.0593872666 1690799.6245117188
301966990.0208134055 1697288.2626953125
311508996.5798071623 1724144.4755859375
279503419.9029362798 1193299.7120538950
299038512.5016505122 1679940.4140625000
311289939.6912475824 1723495.0644531250
291461476.2572771907 1552215.7822265625
294296223.7463595271 1610396.1904296875
305011442.1663396955 1712796.0205078125
304079663.4445307851 1708728.2558593750
297069614.5553051233 1654632.0351562500
304284451.4247496724 1710761.0009765625
276723597.4766013026 1054508.8158266544
291985316.7748572826 1563284.6406250000
286275811.6698504686 1410447.3715820312
278782259.3272790313 1164827.9137414694
294834942.3189372420 1619056.6362304688
278708044.3992758989 1154358.5866876841
291538636.7498033643 1555351.8945312500
294881507.6927446723 1620376.2631835938
311532522.6794556379 1724236.2275390625
278712492.2194476724 1158010.9984308481
278623848.1204862595 1153690.8922296762
286277278.7432872057 1412883.6700744629
291484450.6886108518 1554078.1025390625
278776105.9997965097 1164624.3739191294
287668504.2801850438 1455204.7338256836
294250882.6654152870 1607666.7446289062
287833132.0053539276 1458853.4535522461
297536655.1180995703 1659269.2978515625
297897300.9884052277 1663892.8466796875
302708301.2967996001 1700653.7666015625
276956777.2178217173 1068238.1642456055
302373814.4466438293 1700205.8046875000
296860802.6060411334 1651307.0473632812
297431470.9211506248 1659230.4355468750
302094255.3881260753 1699375.1406250000
311707045.4120302200 1724311.4843750000
297560984.0450538993 1659534.8974609375
301533917.6020871401 1689755.4697265625
297285598.1661068797 1657118.7216796875
297345631.6304597855 1657178.6806640625
297249840.7378332019 1656169.5625000000
276767684.6554849744 1060642.5858323574
277207911.3180328608 1084029.4050767422
296195147.7471377850 1641119.8051757812
290961245.8460538983 1542893.9169921875
277004910.4514338374 1068753.0305955410
301734070.4786419868 1695389.4628906250
301823261.3115537167 1696506.5537109375
310762941.1428769827 1719617.1484375000
287142334.2248558402 1439155.7403869629
311064714.5483182669 1722517.5361328125
277033673.8534637094 1071713.3398606777
277421598.3782275319 1089677.8802225590
277308151.2152535319 1087408.7813279629
291146365.3702735305 1545934.6127929688
310942966.7750574946 1720539.0322265625
286487193.0862560272 1421402.9447326660
296491906.1105489731 1646867.8471679688
295335880.6380541921 1626333.3203125000
296986034.4729719162 1652079.0532226562
301748861.5777300000 1695490.7685546875
276889519.5012359619 1066718.4901292324
277064865.3508205414 1076115.2687547207
295307152.9499270916 1625833.1831054688
276282113.4115226269 1017711.6637647152
286989754.4564117789 1435302.5870666504
278584446.1505276561 1138601.4816598892
295390605.1438710690 1626472.7001953125
272171882.9796097875 713579.6509970166
286912705.8846022487 1434904.1852111816
286563284.8881646395 1422512.3430480957
278585792.4637382030 1140190.3231515884
286703199.0789484978 1428383.1241760254
286638226.8423557878 1425786.3419494629
278286338.0544512868 1121660.4602966309
278115754.2425482273 1117535.7163696289
301618144.2165580392 1693635.1542968750
277878824.5616219640 1106897.4837341309
278058569.2962923050 1114957.8330993652
278003338.8745632172 1113353.8125915527
292571771.3430863619 1571780.5429687500
303143299.7189793587 1702329.6845703125
292599627.2994067073 1572676.4838867188
292450467.2689989805 1571766.2377929688
277867404.3388692141 1103353.6679115295
277749204.9885588288 1101318.0691833496
277657561.6810950041 1096599.6161363125
303068970.7623841166 1702263.7246093750
303264918.9369948506 1702429.0283203125
303353855.3848698139 1702895.1562500000
287131288.7527563572 1437562.4806213379
302918678.8892146945 1702044.6767578125
296013068.3553207517 1633217.0244140625
295837116.5877754092 1632449.5410156250
295652422.4890604615 1629216.8842773438
276348626.1996852756 1020188.1652295589
276270983.4850781560 1008081.6489636898
286153246.4874345064 1403957.9260559082
303820979.2929806709 1704691.3974609375
275193956.5591942668 942399.7764159441
293677004.0347247124 1589262.8232421875
293571415.9157066345 1587167.2304687500
294034134.6192849278 1593503.3125000000
293804402.1242533922 1593369.5058593750
272330070.4826158881 715918.5301782042
272346723.6402980089 717265.1914788634
272368961.5912263393 718088.5180055052
293519748.8548658490 1585967.1230468750
273170127.1247394681 752951.3959107725
293297546.6556631327 1582321.0312500000
272994455.2610316277 752631.0938248960
275154739.2328183651 938701.9347887039
272698782.4266183972 741697.7846207945
272606892.0367726088 739594.3487382261
272464854.2659713030 724997.7697107606
272579630.7940319180 731855.3869363428
289190116.7284888029 1485730.4357910156
275475824.0679466724 957043.3694810867
275079595.2301893234 924100.8842458725
289052290.2062775493 1479958.6018066406
274865629.3755305409 911211.9478445053
276140003.3100436926 988875.8734538686
275797454.5037955046 966715.1408181190
276033520.0462158918 986487.1572368275
276221955.3488820195 995232.0988762975
275976857.6868275404 981356.0590562820
275946800.6475696564 977007.5851793289
275812005.6137130857 974007.3349351883
275456479.1801649332 954684.2231187820
275579581.3283999562 959530.5259237289
310042127.7846142650 1714375.2880859375
310130179.6088607907 1714437.6298828125
274987105.0336779952 918290.8568105698
310394709.8676406145 1714733.1826171875
274918247.0198626518 917151.2006521225
275000869.9784373641 919937.7155294418
275017461.6467570662 922153.3487081528
288877662.8472588062 1478144.3200683594
273260784.5464984775 754082.2859803103
289443853.0674139857 1493594.9733886719
289072429.0106347799 1485269.7141113281
288731512.0936596990 1465332.5046386719
288447801.3446021676 1461489.0683593750
288512724.5614428520 1464430.7626953125
274828542.4658004642 867752.2869887352
274727352.6400210261 860893.4427504539
274421340.7732177377 831083.2328319550
274812847.4410973787 864303.1183757782
284394619.4070369601 1305589.9751281738
273835047.1747878790 776751.5089133158
273623880.2677503824 764476.9790060893
284548890.4462684393 1310972.7622375488
284841425.5204836130 1322965.0156555176
284810776.1597585082 1319788.8050537109
284605324.4136880636 1315388.6716613770
284481899.8799601197 1307551.9096984863
284332198.2447287440 1298809.8850402832
274484561.2160373926 836372.9826335907
274608046.9910957217 844894.8852214813
274676751.4701310992 848623.7235698700
274532757.5369170904 842564.0444011688
274272256.3858815432 792143.5692291260
274227864.0346215367 790183.8207931519
274415025.3803314567 808999.4910278320
274291991.3309319615 794576.1245117188
274249905.3034952879 790362.6873931885
274346799.9365822077 802065.0684204102
274356888.3064957261 804063.3621215820
282833810.7582365274 1236182.0700988770
282920208.2595812678 1240020.5852355957
285928484.0749325156 1352572.3927307129
285633399.7058770657 1343043.9488830566
284281454.3061364889 1297543.1429748535
285574905.1615372300 1340528.3553771973
284086690.6198453307 1276333.3678283691
283969872.6365377307 1274368.8893127441
283865952.0884054303 1270163.7433166504
283648727.2872033715 1259463.1429748535
283522299.2612213492 1258024.0174865723
283662709.5364499092 1260343.9771118164
283609454.7602148652 1258363.9058837891
