933092458.9753944874 235041.7949663735
941448273.4716074467 354680.7315569334
960223972.3477727175 515783.5529663966
960874499.3595801592 517566.9625855372
976650882.0908554792 615034.2102465377
977141017.4594976902 617343.0220576645
976867417.7123214006 616364.9825701461
976940044.0893684626 616891.9939837203
1022911699.1263281107 796441.1375808688
1022766789.9647347927 796020.8834609957
1023073638.4215891361 796663.9038467379
1030135253.2796765566 813934.1489382386
1032410895.9729745388 822810.4456615448
1032644078.7496032715 822876.1564913392
1032583397.9278671741 822856.7936983705
935896139.0126335621 297554.5577792519
935589270.1828231812 296645.4748971503
935630084.7966270447 297156.3547799628
960352031.0321315527 516218.2032201535
1007346739.4523568153 740366.8837083578
1022629342.8675516844 794693.5805435153
1022751663.4147347212 795935.3295669528
960457244.2130469084 517122.7272217677
977177427.5445743799 617581.8304347739
977016718.4692749977 617142.2679400191
933152953.2741920948 236581.5842867478
976671266.4690134525 616047.8761248336
976732019.7270954847 616153.2160168336
1007560088.8989207745 740966.0502053914
1022181034.9591956139 793055.6792712212
1039610547.2113361359 836306.7827835083
1038926202.2463009357 834925.2033767700
1069562425.1795456409 874252.8953247070
935632342.1015923023 297424.1057412851
935483477.2787615061 295412.6493357184
976453366.6779544353 614719.1184202995
1038970804.0163407326 835267.5944290161
1039385781.0234827995 836124.2941360474
1069096550.5543727875 873868.2369995117
1022268114.9937305450 793830.9408187838
1022407730.6883817911 794674.6217422457
934599997.3219349384 273751.3264938557
976307446.2801125050 614325.4275862993
1007183048.5926519632 739931.4957235759
1006868092.8067405224 739440.0528909382
1022858837.2657700777 796162.2799148532
1029965541.3415552378 813842.4925661683
1031882093.1451799870 821486.7462587953
1064152885.3472472429 870138.1535644531
1006753934.3903602362 738420.9903105205
955920656.9246875048 482879.7074634308
1036999346.7853453159 830100.6573524475
1064031314.3311489820 869958.2921142578
1064494506.8783050776 870541.7557373047
1064963121.3357492685 870746.2299804688
960171343.4855213165 515001.9587020309
967658699.7521705627 562564.5254117446
1023232318.8154020309 796853.3065294623
933495680.0168582201 238833.9266505822
1022313388.9146802425 794251.7221755954
1008115214.6902899742 741767.5706385082
1063958554.4986351728 869487.6270751953
1070553318.6927113533 874431.1099243164
1022645461.4884142876 795591.9576492282
1030228804.5301370621 816614.7986574769
1039332769.5642429590 835863.3585281372
976642959.9463175535 614997.4321422511
1037212375.7292573452 831844.5178909302
959904236.6412117481 513059.1628395601
968607989.8085548878 566472.3189744474
1038850083.9105895758 834759.1809158325
959757188.5423592329 512253.7778838559
1038361137.9783147573 833572.7918167114
1037924384.3672446012 832930.0670852661
955238975.3563554287 477679.8218127961
1031187827.5022764206 819331.7853975892
935072253.7873920202 284890.3166155928
940566396.1730128527 345003.6375409328
1031558318.7734717131 820501.3739748597
935048749.2347323895 283199.3815913699
940363869.4357452393 342958.1163006984
935019021.9205646515 282925.4437860725
934957945.4167287350 282859.2121861690
934852506.4682499170 281092.6788304561
934788069.9357345104 279526.0937169307
934681758.1906880140 277492.0589268917
934624586.4955087900 275752.8880170101
968647217.6760339737 567201.6983813765
1031194185.2270674706 819453.2099428773
968869291.7231717110 568278.1338760378
1031317991.6569329500 819965.4683962464
940182681.0714240074 339815.6166705527
1007666285.6717191935 741582.7723596996
1038888714.9007524252 834807.4473953247
1038580751.4850727320 834347.8181838989
1038150354.0112354755 833444.0026512146
1030767270.5969028473 818381.8888674378
1021388337.7851754427 790154.1024465486
1037779812.9251255989 832459.1808204651
1037474215.7026779652 832106.2546730042
1065298001.5554910898 870941.3969726562
968297552.7118480206 566229.0285815718
940514489.4653799534 343370.4902538099
940473145.9571745396 343186.1203604676
1031213820.8716431856 819653.3222780824
934451051.7295610905 270201.0570884499
934387702.4726980925 269428.0446530137
1021613879.9686266184 791300.0170583650
1068142423.8635169268 872929.0665283203
1065529578.3215426207 871248.2683105469
934511988.2447580099 271121.0166433606
934312560.0182054043 267543.1308193955
934294781.0792533159 265813.2034480986
974092697.9075814486 598151.2776495641
940237034.7459982634 341064.9764293470
974237351.3765536547 599111.0727365440
974208104.9509247541 598167.8206583461
1021708182.3786681890 791515.4694204256
973788667.4660450220 596224.7726877158
940064879.3327529430 339040.8998487089
974394826.1568883657 599136.9742198171
974414764.2264878750 599503.7965448325
973799530.6630785465 596828.0489328330
973974325.0225481987 597860.7032297080
972796753.9648480415 590290.5769198397
1068912893.7009829283 873179.1949462891
1034770298.5023213625 825941.7691993713
1034564893.8323060274 825408.6991310120
1034579218.4042776823 825710.9160499573
1066922533.4285312891 871987.8378906250
933943717.8273737431 241031.5996116304
934035616.1078543663 243214.6914846317
971551920.9062868357 581980.7541665724
1034033619.6421597004 823920.1715126038
933959076.7245402336 242754.8842448497
933929360.0003778934 240861.4819526246
971655597.8329745531 582205.5449818159
1067051167.0314942598 872154.5772705078
971012021.0471476316 578901.2551217233
971222433.5016230345 580747.0896000424
939865624.7481677532 332213.2849588934
970734079.6825082302 577662.3530182401
970740554.1984763145 577843.6597199002
970627051.2046691179 577424.6140656034
970399819.5202414989 576256.2140355324
956738398.7322881222 487683.9820249788
956839112.3844596148 488278.5547334030
969595324.1170917749 570639.4290978652
969696316.3514378071 572272.6973805642
956585568.8965510130 487460.7348328903
969166515.5259948969 569220.6134576416
934078761.8436570168 246353.7717399129
933953862.7110323906 242598.0524831021
1006363498.9154933691 732602.2175559215
1029893779.8186483383 813429.0073509216
1029829087.2245717049 812847.8297386169
1046831260.1418759823 842164.6777954102
1046728550.9021953344 841922.6564941406
1029391780.0823918581 812307.8905372620
1046366097.8344285488 841662.0021972656
1045918972.3241469860 840376.5775756836
939507991.9229918718 325225.1955381719
1047202759.9054532051 842856.2465209961
1028073316.8349169493 808431.4638710022
939349763.1054008007 322595.7827515700
939473577.9756281376 323291.2191257201
1027996695.4635213614 808385.5479927063
1046389031.4049394131 841694.7894287109
959153659.1819738150 506070.6165153589
959403443.5286563635 507942.5494944658
959386077.8056685925 507590.4459784413
959222369.9432264566 506619.6226183977
959110113.1741378307 504916.9132334199
1026783411.4602185488 805391.3868370056
958712791.5706859827 501813.7576974400
958318567.5806471109 499398.2895520618
958514119.7493356466 501011.0814789161
939311541.1928080320 322324.4233859269
939148740.7812172174 320334.7357291677
939117414.4886349440 318435.5993592222
939164457.4876406193 320379.4560496290
1047142815.2552180290 842778.3980102539
957702982.9125818014 494307.1542798085
957159244.5702708960 490260.2798970686
1026716192.5016058683 804236.2798805237
965629201.3905169964 543465.4179400951
965128177.8594597578 538396.1676573996
1046608601.7232725620 841879.9839477539
964909265.8012498617 536109.5870011542
964732527.9265652895 533958.8942025591
964941641.9152355194 537167.6573698614
1026253697.0938103199 803456.5026893616
965060467.7920939922 537331.6567514004
957504635.0184040070 492866.2469480978
964827526.4334141016 535876.9244936723
964859427.9194514751 536088.6026596669
1026267642.6344180107 803671.7721900940
1025627474.2175788879 799205.0522193909
1025896047.6629427671 802350.7730140686
963345680.4795149565 527714.5924765151
962969358.3993371725 524775.3211739343
963318781.7055822611 526385.9222914260
962872726.9967457056 524740.8282629531
963237455.4623596668 526377.5031200927
963001726.6144107580 525783.3785940688
962439044.8691979647 522236.5981565099
938657006.1392371655 300989.7113298320
938750580.5831217766 302908.4378923320
938801834.1038824320 302918.9428011768
1053754984.6024963856 850956.5257568359
1054593688.0348185301 851537.3000488281
1054657952.0223399401 851620.5385742188
1054719041.7483431101 851772.4250488281
1054773427.3145807981 852200.6856689453
1053431558.7235552073 850243.6729125977
1054160141.1731261015 851402.7291259766
1054010185.3795639277 851220.5585937500
954858498.4683418274 456679.6183314021
955017581.4214266539 457920.5357068884
954988523.4298388958 457629.7369646537
1017070508.5830769539 762403.1345313357
1017494076.8045282364 764908.2665762804
1017380162.0753786564 764716.1223502061
992751656.1063466072 651059.4239482610
992945893.8947763443 652881.6812114445
1017098558.4047534466 763834.1605628298
1017543058.8205267191 765271.8744254014
1017702710.9254873991 765588.2462515733
1017723568.1451476812 766162.5150504014
993688754.1688570976 656516.0011080084
1017273820.2461534739 764241.9687232091
993249496.1677949429 654378.1927474467
1061331213.5354208946 855653.0665893555
1061431509.9162428379 855797.5258789062
1061933804.1101908684 856512.1553344727
993972273.5422601700 656678.1743758647
1061923402.7392303944 856460.5046997070
1061759071.5866127014 856322.0839843750
993424906.3342680931 655235.8709090678
993171214.7423889637 653951.1381659126
1061576516.5308892727 856167.7685546875
992896548.0886754990 652327.9030169463
993057551.5687397718 653292.0483869528
1060184115.1388391256 854689.3759765625
1060557102.8908940554 854920.5776367188
1013474232.1157984734 749022.3599869085
1013332682.7048784494 748423.0110517489
1013126853.1225631237 747829.6369443880
1013490817.3877419233 749196.4238019930
1013610961.5614951849 749437.5835615145
1013570747.9710764885 749427.5368085848
1013014582.5205019712 747413.0260148989
1012738093.7507916689 746442.9586320864
954439382.2362233400 438596.2581624582
954713633.5645576715 440396.1719554558
954330475.1773605347 437052.3515675559
954400095.6014912128 438200.6719410911
954754421.3638268709 440549.1915361466
954649327.2819553614 440181.3078053489
954322494.4281207323 432685.9746652965
954186845.0913401842 431861.2700029735
952566547.1221333742 417220.1207778050
952444610.4332113266 415828.4757277562
952349192.0106800795 414523.4518105282
950331532.9481350183 396818.8413516798
949994811.7737351656 393409.7849850154
950183012.3381100893 395637.9345464001
950002790.4206666946 393560.7316690173
950022030.3808430433 394269.0582071033
951190407.1254847050 403339.2469423713
950900064.5696303844 400293.6994587510
951005050.5546283722 400971.7083657684
1005851503.8198943138 710524.6474783039
1003483977.5380722284 700432.4306648304
1005632510.3052136898 709141.8312550401
948776929.0577405691 372486.0113644742
948161922.8819404840 364312.5527700757
947917056.2514733076 358854.9841576712
947952829.9622983932 359268.6098290579
947901422.2900009155 358293.5823067324
1002937728.6228361130 695236.5130780551
1003446481.6912765503 697543.6003324657
1001236435.6840217113 681852.0081911914
1001427676.3725280762 682273.6117716662
1000868323.1939483881 680565.8727846972
1000701468.3107779026 679953.1324616610
1000482070.0598958731 679207.5603860556
1000890925.6268444061 680592.3879824511
1000590960.6656737328 679496.5198823153
1000517998.6639292240 679262.9074879824
998445888.8207743168 666293.7462463614
998195794.3421715498 666173.2091980216
998174168.7280883789 665230.7681193289
998176082.5073599815 665416.9953375396
998447471.8966484070 666720.1419745025
997868130.3590095043 664149.1562771611
997157223.5918474197 660787.8614477321
997282208.8487050533 661030.7986038879
990713919.9758822918 623590.0612770299
