212850844.2991507053 2910.0542304516
213478957.1981767714 2938.9492551088
215376369.3985978961 3012.1171627045
216646084.6618428528 3025.7112388611
194754359.4075133204 1459.4976186174
195714289.6764473319 1618.5795987732
212739964.4305482507 2906.1062871218
212976830.1236609221 2921.9530361891
216794228.5317805111 3028.9151515961
194458401.5104499459 1381.5320121426
194795900.0266362727 1467.4261765334
200234674.5575878620 2137.1907331789
213559558.9454390705 2939.8980194330
212945900.5764673948 2915.5060232878
215669106.8628380597 3015.0593166351
216725508.4384133816 3027.1103706360
200136548.7307834625 2125.1895759571
200612476.8250316978 2161.7316016282
212940497.6812511086 2910.7530362383
213308543.5713941753 2934.0168703794
194029259.5086347163 1252.3068914188
213211058.4933364689 2929.2743414640
214732189.5807692111 2998.8587131500
217139001.1551328301 3031.7778587341
194080839.1418271363 1260.3671591538
194723883.5699967444 1449.2201723110
200444942.1177468896 2155.0218281753
200729092.6505807638 2163.8205021368
216736833.5552946031 3027.2224884033
217323082.5413440764 3032.1710014343
217707336.9258482456 3033.7423973083
198436047.3853842914 1964.0132015111
213182551.3707242012 2927.2125538588
212990962.9630346894 2925.4451702833
220531889.1457352042 3045.8198394775
217119272.7957099676 3030.1549167633
198241368.4131779969 1942.1495137574
200215241.3647560477 2136.7687262366
214580626.2712737918 2987.9225034714
200111001.5485672355 2123.7577363818
205653631.5718021989 2475.4693870403
193981395.4646612108 1241.9148047227
194780436.1757276058 1460.5064987991
213824407.3668869436 2965.3374385834
214063177.6670843363 2974.7596769333
205905784.2635250986 2495.8849057609
200145294.1873117685 2134.9970259040
201220945.1887853742 2202.7786706614
216366584.4040861428 3024.3597812653
193975132.6944772005 1230.0672949422
199852594.0173077583 2113.6262603763
200963976.3737365007 2186.1382417830
216226924.2258395553 3021.5096664429
198183376.2779697776 1933.0400419595
213968001.1988762319 2965.3835000992
215230252.9829222858 3010.2425289154
216052738.9594431818 3020.5260791779
215781536.3705095947 3017.0013656616
194907450.1120213270 1468.2554867177
195667834.3323405981 1614.0504046566
201056036.7471948862 2186.7837877425
214775437.4695794582 2999.8636760712
215929051.4400623143 3017.9220237732
213977349.5255811214 2972.0315427780
213713890.5092767477 2957.8193647861
215939047.4440021515 3018.8930187225
193956121.4891005456 1229.0318319004
200026304.4465154111 2121.0627947005
201198637.8778893352 2191.4805720937
201075916.0503443182 2187.9875402602
214109675.2765441537 2977.4728174210
214686653.5036178827 2996.7754764557
201317946.7553371191 2204.5888366851
213642106.0875884891 2954.0593134165
214606169.3906107843 2990.2447023392
215479897.6983240247 3012.7170200348
213656238.9269622564 2957.5514475107
214485157.7272867560 2984.4876375198
198192028.5540750027 1936.4705195191
199831002.6678447723 2099.5115499648
200846028.2884783745 2181.2537517699
214174413.2920279503 2979.2826337814
214261537.7771102190 2982.3364477158
214825901.4341490567 3000.7730312347
214821116.0779322982 3000.1617736816
215215586.3683920503 3009.8543128967
214644106.3387688994 2996.2040662766
194604007.7129253149 1426.4524301666
194836770.1053625941 1467.9203622216
199768820.6946836412 2097.9847631606
214921326.0827787817 3004.7757663727
214857143.3593903184 3002.3282051086
199999076.4707142413 2119.8571691664
205553478.0093971789 2472.4509785034
214909240.1925263703 3003.0032234192
200535666.0380257964 2159.6940670165
220609332.4839329123 3046.9667243958
194132821.8784263432 1279.3987080336
194888420.7012507021 1467.9520445544
200282716.2932890654 2139.0141630324
194349797.3031454086 1346.6670091239
200359766.8489646614 2142.7278471144
219309570.1288056076 3041.7993354797
194114746.8262193501 1277.7884817317
205483308.5989787877 2466.6384378530
200211777.4513601661 2136.3589821013
217886256.2846471071 3034.5523700714
194151621.1074698269 1289.3746019453
194170702.8024126291 1304.5779996961
194584727.4717668593 1425.9088930267
199835826.6492388248 2100.2495768624
194459660.8560184836 1388.7209136862
199643687.0364041328 2090.9645824584
205864465.1111472547 2493.4051387169
219544110.4094134569 3042.3584785461
199422318.0793414116 2068.6442497465
206031947.0302795470 2507.2836438966
198470097.9370410144 1969.9967373801
198614307.9400874972 1983.6709336106
198485621.8511655927 1977.4549912405
198477149.8213261962 1975.0028893202
205789027.1431618035 2492.7560365059
205482473.0045435727 2465.0400904396
194531517.8417568207 1406.2815582749
194566147.1432345510 1408.7818931717
194527037.8496702015 1405.6481743109
199356185.0883607864 2046.2983597609
221378077.6773349345 3048.2864475250
195899731.0063727200 1656.0401817066
205953741.7124868333 2498.4632327870
205659843.9442093670 2480.0616855763
194166348.8056153357 1290.2959114164
194491453.2709167302 1402.5738081116
198377670.3374872804 1961.2848616029
198274889.9089351296 1955.3738270352
205511414.2127583325 2471.0214860298
220589599.8441322446 3046.2675380707
198329343.8643676043 1960.1407692516
205695416.0169225037 2488.3525082924
199246152.1544507444 2031.8246896387
199015545.9325764179 2019.2794407069
219454840.8231832385 3041.8916625977
194442544.9080825448 1381.1111242430
199356874.3543177247 2049.1255214334
199329569.5816783905 2044.7761113764
218500431.9612024724 3036.6630172729
219629642.8223783374 3043.6697654724
196150862.4073184729 1678.3599697445
219096723.3356449604 3040.2250537872
195928332.2581998110 1658.6638010545
221053371.5562939346 3048.0251178741
205216361.7639671266 2444.7376176015
198256052.4655025005 1954.1303136708
199301040.9620014429 2044.7213828684
218819264.3641704321 3039.5257244110
194264609.1223268509 1316.5878786771
219773673.2261511981 3044.7543697357
194393557.5569017828 1358.8551977152
198072183.3712212145 1921.6759105088
205183968.6512394249 2442.7766164437
205272399.5342271030 2445.8297167912
205382681.0941374004 2463.8184124127
194360580.1519069672 1357.2881929533
205115871.6674855649 2437.9925134674
221886496.3281712830 3048.3408012390
199253865.6626204848 2042.5602719904
199174259.1539683342 2031.4314104122
206631712.9654596746 2528.5820527437
199108299.4370096326 2025.8363283936
205287971.6808048785 2446.3906007901
221027995.2657609284 3047.4107398987
195842080.3048790097 1641.3337072609
209251647.0956965387 2688.9226219980
198097348.5524393916 1932.4310682180
198799864.3830875754 2002.5012434784
221183018.9280889630 3048.1486930847
209622536.2627050579 2708.1711703703
209633912.9953224063 2711.2195388243
209862506.6359290779 2724.1141242813
209898307.4875182807 2727.7385018334
198899363.6554731727 2003.6225630649
220696415.9589025676 3047.2969264984
221266939.1326687932 3048.2232646942
209565505.2039309442 2705.6858960554
218595016.3291272223 3036.6711006165
219297634.1833287477 3040.5178089142
195792650.5656573772 1636.5293659446
206578891.3252803981 2525.8575663785
209309874.9058107734 2696.2834702894
206313863.2298926413 2516.5656549660
206281857.7076153457 2513.0516321389
218313383.5135638416 3034.6102676392
218353739.9017082155 3036.6246147156
195850204.5036381483 1642.2803030712
218602450.2531355023 3037.3974037170
221026565.9593762457 3047.3843040466
210137163.8947043717 2728.3195113968
209454572.9258447289 2704.8541509077
209018946.3263115883 2678.0827444956
197951045.3346212208 1899.9961182150
197856117.1136570275 1885.0123114857
195720538.0407671332 1631.1227644570
197912967.3745955825 1889.5012308630
197802072.4977483153 1868.1975276591
205315325.8807435930 2452.0021883145
218791910.0908561349 3037.4536170959
197812136.2447001934 1872.4680454606
197611306.6622302532 1849.8599471420
194281874.5935453475 1328.5630062182
197753611.8975481987 1866.4031446928
197499441.9765316248 1829.9973182434
197644806.6683768928 1855.6160764450
197537124.6831458211 1848.5825748200
194298982.9561190903 1330.1992098582
194271175.3205797672 1318.6431663553
220228677.7972234786 3045.5873260498
197512858.8083931804 1841.1831980473
208768006.3188932538 2660.1155294121
195523665.5707941055 1586.0436255476
195566027.7317883968 1597.7309484026
195497086.4402193129 1583.5435543051
195545088.0369086564 1587.8225755235
195552926.9805023968 1588.9865421793
195580808.8181854486 1601.6164454958
197334075.8929253817 1819.4102148316
206466251.6013310552 2521.4111160306
197395833.1775540709 1819.8824569779
197485369.7683724463 1826.2964672348
195292743.3266488314 1546.9155788561
195160207.2783915102 1523.8716036634
195302768.9236852229 1547.1938438555
197401521.6332007051 1820.0314282081
219610087.2002991140 3043.3805160522
197103468.6627404094 1784.9090352780
220201076.8824379146 3045.2854423523
197137761.3014849424 1796.1483248002
196955607.0305428505 1772.8132398850
195267013.6247954667 1545.2979250094
219144562.7378368974 3040.4794063568
207451975.0682889223 2574.4330705601
196938945.8979808390 1758.5203049905
220420579.2103061676 3045.6993923187
207479247.7707111239 2575.4760496414
195209756.4770526588 1531.7040654686
208095372.5394720137 2614.4238163571
197018396.5571670532 1774.6351412064
196877451.0530648530 1755.4497258193
195246928.9667257667 1536.5728340289
195151048.6537568867 1521.8078567055
197087974.8159157336 1779.2127788789
195010055.3863182366 1476.4738420602
195057161.9354560971 1485.1034824816
194997100.0723000169 1475.1873571184
208422218.5790227950 2634.4173906125
196664052.0098837912 1727.2227706304
196572824.0857953131 1711.9666725388
196604869.9310496449 1724.8088044515
208691686.2166627944 2645.4918315687
196513424.1634851694 1704.0832000202
196418280.9839376807 1701.4737195363
208557105.3652026653 2640.1240442075
208418870.5894027054 2623.9067111291
208212085.8081222475 2618.7993798532
196531837.4387447834 1708.7201718679
208212435.0120186806 2619.7675442972
196467926.5591003597 1702.7992476812
206792284.1363048851 2535.4002915833
207573354.1628449857 2583.1639080327
207666871.8891521692 2586.4440832417
207995957.9683381319 2603.6035597268
207569809.4737482965 2582.8570556920
207186349.5167834461 2555.5915976975
207089503.6017448008 2549.7240621063
206770275.4052262008 2530.6792930662
204958987.5946612060 2393.0058993497
205078076.6144351661 2402.5312650557
204831103.8984975517 2385.6113911379
205038350.9576949775 2393.7674047942
204236285.4868218899 2334.7359818811
204450646.4494734704 2356.4241845007
204603714.6103541553 2364.5898606176
204384548.9742518961 2350.1069275732
204301163.9278093874 2347.6201636190
203438718.8513788283 2278.5036851218
203555945.4116238058 2284.4468265524
204249240.9062562883 2339.8490871372
203736624.6168865860 2301.5383459081
204546555.0032829940 2356.9069222244
204593869.5104772151 2362.6599085363
203672156.7631915212 2293.9811842167
203645055.1289952099 2288.5108728134
203672367.5067621171 2294.3035995686
204015201.0172158480 2317.5821592533
203876074.2715543509 2309.5526687824
203280225.2442464530 2257.2617917093
202968352.0482576489 2233.9424633632
203119953.2219634652 2241.1581775512
202733834.8453767598 2210.9950992005
202680663.9478049278 2207.3587675780
202730290.1562800705 2210.6882468598
