184336658.7164411545 452938.0700683594
168699121.9649249911 312083.8510135412
168944650.1929398477 313147.9384958744
168997466.3970427811 313569.0139696598
169044447.5908939540 314954.7007029057
169017826.7566323280 314230.2096955776
168824938.9705987573 312819.1278269291
169013557.8414181173 313894.7834055424
165067511.4967524707 222662.5100386994
164920494.9996488094 218997.6455371188
168506510.1838399768 308649.0328867435
168775625.7667029798 312165.4032518864
179664374.6517889798 426273.2066040039
164486936.0729156435 186972.2844327688
164598806.0714184940 202587.6006176472
165944469.3864365220 256687.4554859824
168111528.6246387064 302610.7188880444
181972140.4244220853 443668.1696777344
181817429.0772032142 442904.3371582031
183697651.0320485532 451185.9035644531
185067629.4763996899 454834.9597167969
172735314.9136584699 361529.1155777220
176576750.1064867079 397498.8165926635
176319906.6461345255 396563.1822632551
173071266.6519266069 366357.5453400048
164559427.8886119425 199136.2418549061
167487715.1929098666 293125.0078814655
172544275.2334295809 358729.6192273735
176562738.8890621960 397140.0147827864
176724065.0138792694 400040.2643465698
176245063.1231981814 396563.0960816145
180316677.3186756670 432252.1976318359
185585639.3638906181 455034.7729492188
168122811.8929514587 302671.9211714268
173367563.7214159071 369427.1333875298
174016177.4862144291 375614.4570576157
173650678.9133066833 372349.7939522471
183906370.7276186347 452097.9233398438
184729352.3595246673 453958.4970703125
167404761.2706004083 291833.6012271374
166829307.0230832696 280528.8833786249
168454215.4792647660 308239.0115665197
183176701.5414986312 449075.5258178711
187917263.4115478396 456543.5734863281
180369430.6707195342 432952.2686767578
180431461.2187642753 433348.2783203125
186954480.6933039129 456015.6374511719
167195939.1638979614 287839.1784128576
168520946.2266348302 308943.8781321049
173795281.5234057605 373113.0979073253
173542582.2467793524 370347.3278877940
174004657.8796530068 375599.4587471690
184020559.7943155169 452297.2687988281
185468930.5696898699 454950.9667968750
167132723.1186558902 287511.2910195022
172548119.8465903103 359860.7073621391
172611018.6008423269 361128.0752820610
174238762.8402731121 376505.2364592552
179799409.1474924982 427715.4823608398
168070422.0125461519 302549.7485553026
168167116.7925120890 303555.7189123631
180000037.8949473202 429845.3544311523
183323007.0399723351 449702.8629150391
166961674.5671370327 284240.9100990921
174019255.5877031982 375654.7307498660
181226464.1651592553 439510.3330078125
172544926.7691856921 359475.4296785104
174059099.7330937088 376086.3180536088
173800725.8517878354 373563.8190916181
187858636.4590912163 456496.7658691406
173916717.3318832815 373991.2179559525
173700292.3748171628 372770.3996651378
176488169.2005330622 397075.9095520973
180464518.2981614172 433607.2901611328
183863674.0217734575 452035.8840332031
166811568.7190399170 280135.1998375087
166907104.1234866381 283388.9799843460
172752969.3197670877 362690.4204690661
184024657.8140682578 452931.2280273438
164547114.1855890453 198971.9890758991
182170325.2387064099 444487.9736328125
166815925.8017985821 280352.9979332119
171278323.1606769860 343903.3918175697
173354514.3910727799 369153.8290657639
185447751.2116611302 454881.9904785156
165997043.7796698809 259096.5613209433
176123737.8579127491 394996.9122180939
164495133.4317893684 194653.1943584569
164514171.6731354594 198465.2895824909
165710382.7043929398 248767.4778901301
175500152.9762548506 389307.7538166046
181711397.8923692107 442315.4974365234
183793297.0329812467 452031.3498535156
173236043.4366903007 367708.6548108696
182516127.7044869065 446146.9274902344
165957340.5484796166 257772.2189594931
180160704.7922268212 430573.5808105469
181300263.3718616068 439772.5872802734
182181267.7274988890 444931.7360839844
164491253.0789549351 194342.9785473347
165579674.7414442599 244067.0572663508
166897831.0608978271 280786.1279380947
172978561.4103314579 365521.5196179985
173050908.1515752375 365957.1359591689
180264397.9170493782 431808.8028564453
180201367.3260567486 431504.4123535156
179739747.6447934210 426837.9982299805
181070464.2378735840 438115.8062744141
181470268.4304990172 440771.7578125000
181199092.8545801342 439356.7416992188
166705004.0096736550 275466.2719494551
184371925.0060275495 453691.6711425781
184927448.1360982955 454610.7207031250
173285746.0295117199 368373.2440164294
184424499.6355723441 453739.1953125000
171277487.1048953235 343694.5199913979
171235749.8227812946 343549.6596398354
182121869.1642851233 444187.2941894531
184442444.6248638332 453750.0559082031
164510686.7057576180 197847.6865242720
166571972.7373817265 275091.0262535244
168106060.4932897389 302561.2230563164
173493509.7037021220 369645.9335267749
173196145.3207891285 366951.6745116916
164707116.8152575493 206932.9878209339
179812888.7307280004 427786.8267211914
182076947.2079303265 444085.7011718750
165787985.9772939682 252038.1341401301
166387916.2682470381 269783.3008016348
176431035.9998700321 396663.3734585047
187570828.3625727594 456331.8156738281
168250256.2854253054 305504.2427799702
179755797.3223231733 427022.8378295898
165570099.5661066771 243793.5120698176
165977412.7746551037 258139.7611550516
168138761.0563247502 303434.8063524961
168173530.7148202658 303759.0779416561
167840799.0707543790 299387.9989783764
176438836.0519799888 397002.9261341095
175607784.9976778328 390514.7616443634
167509977.4547858536 293684.1825773716
167815190.7790728509 298218.2115027905
168004022.0679113567 301931.7053992748
179982315.8724094331 428414.3971557617
166068832.9870067835 261754.5696877665
165713841.1440660357 248938.6919903718
166334225.9610098600 267484.8452520996
176239632.3891026080 395979.4160118289
165734687.4115430415 249494.4277192317
166238468.1038121581 265876.8807229227
175891972.8893236220 393278.9617786407
166368133.2030121386 268241.1726751953
167753703.5360427201 297809.3943641186
179802432.6073204577 427729.0936279297
164792960.7433108389 214417.8879683869
164733029.6492498815 211103.2698500560
166519005.8158807456 272462.6503338814
180098811.2254920900 430540.8977661133
167558075.6486288011 293709.2588229179
183570152.4090411961 450339.6608886719
164723636.2565740049 207461.1117016771
176030693.2405901849 394308.5561798811
187413879.3193678260 456298.2558593750
181023324.8163511455 437390.4007568359
181394875.2989513576 440400.8413085938
186425480.6315267682 455587.6674804688
187381027.9887188375 456285.5280761719
187230089.4091970325 456198.1528320312
166294056.6965455115 267443.9962880044
167330113.7786313593 290304.5272243023
186349319.5476104319 455320.8979492188
164479753.1653382182 183184.1499251276
166405749.6227425039 270970.6284857421
184704558.4605363607 453862.8498535156
166208008.8723709881 264234.0716851681
187188940.1019933820 456022.0129394531
164476212.7439375222 182512.0647974014
165552635.4407106638 240737.6070585810
175819816.7235750854 391994.1259691715
184708779.3058512211 453883.0610351562
186778241.0635610223 455829.4609375000
165626480.3747224212 244284.7430268489
167482512.9847519398 292848.2336452007
181103745.0321522057 438709.5955810547
173577965.9862733185 370547.1242764201
186557172.3782101572 455632.3925781250
186762798.6631106436 455739.0270996094
173637446.5155429542 371040.0574276447
186591253.1878166497 455665.1601562500
186106922.9189751744 455106.8999023438
175399312.2521499097 388385.7867374420
173435356.3573446572 369521.8106363025
164936208.4265919626 219233.4382996671
165799220.0473402441 252139.1404766999
170570930.4173989594 335981.6453576088
170650413.5442256629 337280.7658715248
182884175.3734688461 447159.1008300781
165645416.9402942955 247915.8231049739
180770960.2796013653 435913.6939697266
170495794.3556611836 334996.6853051186
164851421.4994307458 215358.9243100993
164948324.2503959835 219352.9926561471
165918926.4217134714 255235.3501118384
166617552.3105159998 275357.1577101789
175580848.0019582808 389321.8532304764
180895006.7818758190 436928.9525146484
164852114.5280549526 215505.4760804176
167349231.4538407624 290361.1022498608
170679838.1543004215 337689.3834700584
172201221.8655255139 355538.2299407702
182375306.0334876776 445488.1601562500
164871889.2431358993 215716.0586385727
164695205.2354156077 206868.4359820001
164825625.0790186822 215111.1272645108
166178008.4448900819 263233.5089178710
181080125.3275264800 438415.5665283203
166254493.4121664762 266848.3174505859
167679435.5984836519 295159.6649223976
165885073.9864555895 253809.3025775142
167457513.6647605598 292082.8057915382
166436953.4112089872 271130.4570611446
172422520.1133382022 357636.1517212391
175138832.5901378095 384292.4890947342
165829305.4109682143 252942.2817021920
167668267.4200890958 294465.1752226353
164718092.5791418552 206978.8627040498
164662584.1712902784 202744.1941590421
165784992.8062534332 252034.9016255103
167209703.7019807994 287960.4947563820
167574230.0473356545 293888.2173063755
175297922.4969651997 386339.4066362381
167236530.5533213615 288415.6648161411
172444601.8652773798 358704.2725076675
170782172.5231467783 338728.5721154213
183142753.4199427068 447978.2397460938
165532739.0740944743 230797.1934536221
181539215.2817460001 441411.2565917969
165394751.5222714543 230339.7462251186
170213702.5319100916 329803.4126498438
181746126.6951002181 442506.3557128906
165286966.5354279578 230324.5688188076
170135948.7782571018 328838.0477816798
170382579.6009049714 333330.2602992058
170337265.3768317401 332960.3588168360
170367398.2407307923 333280.8988745213
171170965.0808421671 343294.7657520771
170871053.1317805350 340141.9340260029
170556196.8406508267 335348.3408710957
174789129.8940590322 380652.8122911453
165176183.1505924165 226193.1423334154
174764052.8280361593 380294.4616981745
175105265.8798500001 384158.2815141678
182961035.3569554985 447180.2231445312
183115981.3988944292 447648.9455566406
174941751.9433554709 380934.4973427057
171077412.7658700049 341952.8220255375
183114320.4571141303 447547.9246826172
165150857.4739927948 223474.4339321377
174948555.2225812376 382639.5422645807
170821454.0395450294 338897.9099709988
170945170.1219507754 340593.5935108662
170738878.6863937080 337811.0833942890
171283593.3850379288 344073.5001864433
171427838.7232256234 344211.9829158783
183096104.5913847089 447488.7409667969
174609922.8803816140 378819.6573362350
174638790.9448007643 379010.8815299273
165264391.6364716291 226312.6966898954
165204071.2755492628 226193.3593518707
165110410.6231448650 222774.9406870274
171568473.5374911726 346818.6206402779
171645869.9011209309 347049.7242914140
172051964.9583742321 352122.6944489479
169750938.0932808220 319582.3197576927
172182384.4527212083 353203.8688760698
171870091.1006821096 350084.8073984087
172160107.0771999061 352987.8475137651
172147137.6374634206 352939.5489297807
179233472.5384896696 414702.1466369629
179081169.0884351432 412459.5418701172
179028024.1499398649 411839.6166381836
169903577.0873107016 321830.8168890404
169972655.0682373941 323671.5073187279
178777528.0452726781 410465.8665161133
179109283.0543447435 414339.8861083984
179107955.7859787643 413943.7476654053
169640003.3810551465 318082.1074912548
169586824.0929613411 317856.2967171217
179352822.8737541735 415064.1468505859
179159359.8433192670 414471.4257812500
179472159.5961272418 417337.4805908203
170052365.4723420441 324214.7851876761
169832590.7073784173 321017.1255197073
169501582.8050003946 315397.1979582901
178527926.1154727638 405270.0077209473
178445447.3512946665 404075.6127014160
178514223.1988169849 405136.6620178223
178244325.9457083046 402189.0577697754
178201516.0761875212 401768.8048400879
178024376.5965248048 400226.0814514160
