516349949.1323773861 293244.0656990101
516794061.9134150147 296705.5201973011
528783108.4582990408 372914.2410701159
541601575.6260370016 437963.9942016602
545464667.3467234373 454032.1019897461
552996743.6263941526 478094.9688110352
559273456.3407952785 487279.8617553711
566608657.3094060421 491763.3967895508
543698654.0101495981 446545.3585205078
558377952.5104618073 485722.5064086914
500097976.4263194203 125160.1832190556
500145868.8029247522 126801.0845862431
517046029.5243886709 297369.5791954094
516729663.1416962743 295870.5358223011
516547746.6382247806 294712.6457160999
558835103.0388585329 487038.6134643555
516879605.2566327453 297060.2805624235
516158205.7821304202 292239.6242622425
528432274.2809766531 371284.2490663040
541204911.5080500841 437153.6966247559
545754949.7045921087 454355.3014526367
545721377.8415435553 454062.3300781250
516668528.0171279311 295774.3538765003
499052812.5321351886 92880.1584006595
500065364.4341005087 124143.7496476387
551697546.6110054255 474807.3815307617
545581920.7155961990 454037.6200561523
545215901.5981502533 453452.3696289062
528003839.2174096704 369059.8489198196
528338424.8859120607 370746.3106488693
540995147.5691921711 436161.0502929688
541479072.9297275543 437698.0712280273
545378831.2469660044 453946.5658569336
545094252.7253713608 452916.4719848633
553236691.2547465563 479116.5494995117
566417129.9115961790 491749.0303344727
500065540.5122122765 124878.8485632939
506852741.1557283998 214225.0050384511
506696737.4611138701 213424.1560394276
528828692.8911673427 373164.4069793466
528592735.5178196430 372355.4856558177
541059716.4045877457 436167.9791870117
541224141.4872627258 437158.8902282715
545052083.9571104050 452257.6420440674
553296831.4134218693 479383.9434204102
506927797.9575971961 214777.8295623768
540928261.6968433857 435594.3473510742
506587258.9606309533 212744.6877166737
511604209.6553318501 257535.8348610402
528551547.3832907081 371784.1346232314
540854942.8062483072 435556.0590209961
545257810.2580819130 453524.1802978516
565988774.0296870470 491326.0535278320
528784812.1485278010 373129.0892324779
528498965.8062103987 371755.1798524368
506272120.7521333098 209220.8956033569
511813913.7939196825 259022.3807431460
527630288.4129264355 365906.0375251505
553502272.2596989870 479700.4547729492
527896993.8159386516 368133.4151386726
530494288.5290929675 381546.9873566926
566533935.0591242313 491762.6875610352
515540787.2828535438 287857.9979683757
559726884.9219219685 487627.1111450195
559919378.0231822729 487911.9951782227
511741382.0619300604 258898.7177956105
527390811.1114395857 365215.1407826176
530936611.6718096137 383826.5420441926
545347158.2544182539 453626.5369873047
552318032.3833103180 476717.8501586914
553003617.3775235415 478186.4687194824
559354619.3074744940 487483.0361938477
500310619.9020666480 128832.9661235120
527748464.0750980377 367248.2826283207
499764974.5706962347 119820.2298327768
506462812.8887148499 211418.1803924550
527128569.8404313922 363429.3812361454
530817213.2471876740 382782.5558991730
565938685.8732625246 491234.5103149414
527244646.0659790039 363583.3803816533
498897801.1147633195 82279.6669977369
515466580.2943287492 287284.2421395183
565781924.4053369761 491201.3596801758
499606385.0271102190 114402.8574872073
502440828.7100833058 161435.2351868069
506362076.6105484366 210292.7235137929
511699131.1680790186 258495.2313454152
499673774.4404592514 117400.3018628777
506376172.4641962647 210711.5458709706
540155240.5631301403 431592.9926147461
498971951.8959329724 84662.4107273282
511640790.9368102551 257760.2934792043
515511785.7627571225 287534.1724602580
499465084.4202478528 109617.9875073252
530825973.4875497818 383511.9711213410
499703638.4877840281 118107.0463124113
515721370.8502903581 289197.1411239505
551639781.7654924393 472422.1113891602
526663505.5877731442 360693.9713625574
551645772.5290930271 473649.4869232178
526736257.3776971102 361165.1937746668
526661920.4810222983 360604.5366032529
540445141.5061129332 433386.5113830566
498911369.8775404096 83564.0868747892
526621058.0208702087 360558.5494875574
502387652.4972419143 159581.0586913954
530685823.7708932161 382575.3826203644
553249096.4971611500 479150.3473510742
553480661.7592997551 479669.9970092773
499969021.9795200825 122627.8668603003
499852600.2411765456 120621.2073661285
526930385.0096203685 362325.2057375574
502412386.2649188638 160614.1622004127
515676280.6071425080 288746.4779488444
558832597.9044126272 486592.1447143555
515802471.5144594312 289356.8916756511
558534912.5446413755 486420.3396606445
530358952.3082004786 380991.7118128538
551673007.0308893919 473891.3930358887
515696274.7656394839 288772.3976323009
551645130.9998818636 473599.0469055176
526380961.1192132235 358978.0731691981
526248300.6169231534 357797.4396080339
551879535.2333419323 475130.1276855469
551896927.0744633675 475354.5107421875
511799184.4535093307 258977.3861005009
498936492.1947205663 84405.5417087181
511933363.1098473072 260258.0683514775
553710118.6609902382 479811.1638793945
499923407.2037811279 121974.6174797155
552825569.1804360151 478041.1240844727
499212717.7069532871 101706.9118616762
529840227.1399022341 377790.7302433252
498987721.2598816752 88050.5249441313
499545220.1289537549 111586.4106495231
530249613.2285054326 380147.8676356077
499020204.8238003850 91050.2640691149
505675920.6293737888 203218.8913163953
530272878.4062353969 380485.6709192991
505633719.3807067871 202591.7091716237
505599258.1171890497 202270.5310563855
530099451.3502316475 379820.2149256468
499201553.1214357615 101242.1365788695
504189273.1402636170 184991.3268582533
505504435.4258930683 200853.3173999072
505596047.4996864796 201817.2848697014
543330757.2110387087 445472.4660186768
499594390.9984896779 113641.7951460219
505438486.1604868174 200552.3331485100
499237040.0740787387 102623.4508285731
529698306.1899989843 376763.9619322121
553198206.4499621391 478972.9081420898
544629620.7136361599 450837.3506469727
552535183.0756785870 477139.8486938477
529511388.0860141516 376299.6173258126
511604403.2002509832 257661.9297787846
544370436.7314034700 449974.6028442383
505363593.2341675758 199454.8421996243
558051853.3345019817 485404.5617065430
511559409.9326294661 257063.9361789861
505184679.6759730577 197498.4482904487
514988164.1471964717 283311.3398806453
501345984.1930871010 143581.7602251327
499109205.7162326574 96315.9447890930
499093940.4170126319 95971.8059341125
499096375.7056893706 95973.9707314186
505120817.3615330458 195783.0873034604
511251512.6944674253 254266.0018786826
502301789.0526620746 159211.2716517067
511163965.7958794832 253315.2071229854
544804161.4236567020 451683.6952514648
505077915.3224351406 195746.5669711240
502233981.9945815206 158178.0048946887
514423565.3114061952 278440.4457013011
542208815.7300856113 440404.3655090332
504900917.1465668678 193565.2634084828
514570925.1978446245 279870.0643809885
514217915.0311309099 276007.7302440256
502038351.1905395389 154579.7458236348
542088309.4166398048 439508.0166931152
504856628.1287695169 192902.8711201705
511208621.3834056854 253987.6227464118
514027477.5171114206 275643.4270289987
514231174.8510909081 277353.1118968576
542132414.3312157393 439634.9818420410
542818149.3212443590 443055.2115173340
511028369.2544865608 252349.1860198417
529242401.4918932915 374150.6541098356
504560135.2345746756 189232.4514480697
510814851.1325830221 250412.7122191825
499148544.0082143545 98057.3516205624
510929874.9541696310 251141.5892733970
514107358.3305530548 275758.0756419748
513950056.7825695276 274560.0104507059
542342865.0342513323 440881.0784912109
504612992.1938850880 189788.5411387138
501318732.3091800213 142060.8574679742
502054410.7558732629 154998.0181193985
504376389.6269218922 186740.8780170354
502135012.5576881766 156182.2827499043
542135239.1617171764 439894.0077514648
543399140.4358217716 445629.3180847168
503191259.8578317165 171034.0731174465
542407876.4218314886 441484.8215026855
513101811.7886427045 265704.4419430345
542519794.1088126898 441492.1178283691
513153029.9647307992 267137.3954952806
525387501.5571058393 350412.2154110588
526043810.7614051700 354627.9252944481
525440434.0014656186 350525.4165007241
512795209.1633258462 264179.5951926708
525567864.9135373235 350867.8463693179
525523932.9352152348 350697.9683467962
512858838.7418919206 265108.9646824449
512850208.2666927576 264814.1143915057
512745299.7668144703 263734.0940159410
526030550.6598530412 354597.8043784715
499345285.4210084081 104769.4592664018
542633895.3510521650 442255.8908996582
525888821.2307073474 353595.3059806444
512773759.5907236934 264083.6751431078
512676135.7535054088 263505.9400356859
525976689.6201751828 354405.9330405809
556591444.1770441532 482462.7293090820
503754947.2741941214 178551.9609269447
556857084.7301487923 483297.3555297852
556581342.7662935257 482382.5249023438
556677974.2182756662 482946.2661743164
503661440.0949217081 177100.1529051776
510009177.3501781821 241106.6288649112
503481741.1624505520 174948.1435183104
563895819.2304475307 488720.2323608398
563927911.9120582342 488772.7821044922
510091342.0499187112 242370.2273706465
556364677.5113149881 482262.3135375977
509716506.6974912882 238476.2999490767
503404077.5346698761 173396.2729293521
503427922.3695186377 174107.1223390226
564507343.5591285229 489664.4050903320
509888761.9537537098 240288.6310590773
564191817.3882719278 489302.5515747070
563961240.4264653921 489191.5230102539
509710743.5915427804 237848.2182630568
563856779.3119796515 488349.4300537109
503291541.8881611824 172581.9082589860
503269446.0158013105 172296.2482102628
503262550.5464303493 172227.5190835710
503143753.0051940680 170568.5804849382
564902504.6288608313 489970.4331665039
509575922.8374717236 236392.2589713074
509661533.9289588928 237735.7490836121
502981492.6516682506 166862.2727223750
509599813.1249429584 236418.7319987454
502890807.8322991729 165705.8854280266
502786994.6091703773 164564.6801229606
501552583.8812856674 146066.6663758748
501645365.9543936253 146750.7859705680
501263471.1773329973 141076.3585145467
501833366.9638451934 149617.1008599792
509463545.9418011904 234405.3733496961
501249485.9279708862 140738.0840564363
509453147.2267900109 233244.9507654526
509415588.0180680752 233154.8533749238
501684158.0565540791 146881.4904595210
508357381.8645538688 218769.1517423050
508540573.3341367245 219983.7278611914
508404529.8975925446 219540.6904511706
508306514.8793782592 218198.0970242874
508360216.7041913867 218945.3326630847
508350196.6258915067 218568.6736615555
508283788.0294391513 217804.5075246468
501057415.1610917449 129636.0693441354
549472520.5290604830 461026.4803466797
549635123.5360915661 461235.6409912109
549240513.9400473833 460577.5789794922
549170340.0811438560 460297.8293457031
549467843.2595514059 460896.3928222656
549575562.4133738279 461035.8507690430
548984161.7158198357 459776.6564941406
524007528.4114245176 333736.9352785209
524651389.7308201790 337788.7536821226
524509118.9241909385 336782.9507909874
524275186.3126455545 335754.8405157188
524188906.2551010251 334916.6294391239
524421363.1016527414 336122.7264642727
524063378.6950268745 334085.4840928551
524052084.2598159313 333933.4735259053
522210487.0456379056 321305.3404719152
522305578.9740655422 321887.5444896456
522311702.5853871107 322445.2819926974
521746305.1216340661 318910.9415327229
551363610.2083197832 461303.9609985352
520925579.6620713472 309339.2330071923
520980994.0365217924 310258.1911833879
520572234.3784178495 307890.7226317522
520554230.4926716089 307884.7339884142
520453211.8994467258 307045.9345429139
520526578.7016777992 307394.5438597795
520487567.6017916203 307315.9528900385
520351560.7555904388 306744.4395506975
