490876541.9906885624 3833585.9814453125
492708077.0456011891 4245577.0048828125
496640302.6431094408 4813301.6469726562
505734140.2892239094 5763281.4882812500
513244867.7580521107 6179171.7041015625
513388292.1218080521 6187706.5126953125
526673092.3931049109 6612634.2128906250
526698075.7968436480 6613149.8632812500
526861609.3194618225 6615487.2500000000
531877168.8102523685 6716021.0253906250
531808899.7662453055 6715626.8691406250
537752963.9807634354 6804520.6679687500
537775774.9911000729 6805595.7792968750
547367593.4102548361 6884894.3945312500
538067260.4127736092 6811414.8867187500
537489380.8152276278 6804366.9960937500
537378317.7604089975 6802636.6660156250
505777995.9581044912 5766742.6601562500
506021341.2684646845 5782627.6865234375
506221996.9901207685 5791013.3769531250
513209564.0876585245 6178807.0234375000
515025338.8272898793 6266512.1562500000
515633390.6517748833 6281101.5410156250
515469622.2014967799 6280592.7304687500
526487593.1273964643 6607308.9179687500
531731560.5748042464 6715158.8886718750
531456694.8139287829 6712711.5117187500
538543464.8224143982 6817585.7656250000
513352976.8882510662 6183792.9130859375
538416733.3475347757 6816725.0078125000
492829870.8224548697 4253577.7744140625
492622530.1710696816 4230784.6186523438
492883904.8709285259 4254982.1059570312
492821323.0254399776 4253473.8017578125
492578074.5317042470 4230011.7109375000
530906441.6935164332 6704509.7792968750
531235436.6705134511 6708948.2109375000
531080423.5159504414 6707840.5214843750
531247198.5406089425 6709823.3496093750
531178157.7078248858 6708593.4355468750
531546677.0931506753 6715117.5195312500
538964073.1206054688 6820990.5761718750
538578396.7659060955 6817981.1328125000
492724578.8854801655 4247581.5659179688
496490748.3833924532 4785557.9086914062
502869655.8110600114 5516117.6650390625
526593033.6315597296 6611751.5087890625
526664742.5898135900 6612343.5078125000
537453794.9706120491 6803640.5117187500
547841594.6349332333 6887544.0292968750
558204053.7648239136 6900447.0332031250
492556289.6449561715 4223567.6586914062
492946000.4519571662 4264396.4921875000
496633761.2963328362 4804714.8964843750
506295914.0788490772 5798438.2451171875
530778940.9764367938 6703545.3652343750
512885417.4594682455 6159782.6933593750
517325877.0400805473 6352595.8886718750
537524643.0874452591 6804506.4394531250
491135358.0734446049 3915953.6967773438
517490066.7751561999 6362021.1386718750
518095311.6191673875 6384783.7490234375
538778253.2281807661 6819163.1835937500
519714463.6628105640 6424889.6025390625
490927824.6028580666 3869592.9179687500
503040605.1036247611 5530167.7407226562
505995398.2120420933 5780646.6992187500
514972635.0653758049 6260041.6425781250
519071327.9610388279 6412620.8505859375
526706569.0624628067 6615021.4687500000
531269009.1061680913 6710208.7968750000
547400397.8769640923 6884926.4980468750
517964370.9256297350 6381529.8095703125
517826098.9373847842 6370243.0332031250
506133201.0605587959 5786532.0361328125
505873571.0720782280 5776350.8310546875
505558310.8116920590 5754433.2568359375
505535606.3148049712 5753114.0693359375
505383927.7918832898 5745308.3613281250
505461042.4957908392 5746592.9287109375
518870016.3272821903 6406302.6923828125
518535687.1910753250 6396461.5263671875
548423400.8017987013 6888719.9511718750
505475458.1253917813 5747134.5087890625
491000180.1429953575 3898721.2954101562
504738196.7281935811 5693501.5810546875
519022373.8062688112 6409634.2431640625
548199870.7987247705 6888397.7714843750
518741382.9055719376 6402975.9355468750
526533766.0103247762 6609476.5908203125
504647351.2575859427 5689643.1210937500
502807848.0320528150 5515115.3740234375
490934506.7735547423 3879782.6279296875
546732175.4268677235 6880214.5527343750
514724225.4351200461 6250100.7119140625
548088149.4483810663 6888123.3691406250
551004463.1490836143 6892712.7656250000
531408311.2597533464 6710643.3417968750
518631819.0580393076 6398485.3027343750
548590259.6088646650 6888969.7148437500
503552683.1459932327 5538777.3769531250
517914011.3950147033 6377012.3300781250
540448761.6941617727 6831752.6445312500
503063323.8554887772 5530994.8105468750
538407397.7757979631 6815310.1191406250
491629001.8804975152 4039156.2207031250
547341082.1330134869 6884569.8281250000
491680566.8487568498 4043305.0615234375
550461431.5687021017 6891716.8769531250
491572660.0126678348 4027817.3525390625
491534550.4559455514 4020230.1147460938
526081442.4992029071 6598490.5146484375
516949945.7987015247 6333625.4306640625
504100423.3624528646 5640283.2583007812
540472301.3260537386 6832168.9785156250
540888807.1492760181 6835117.6933593750
516468176.5855222344 6315837.3457031250
540361358.8851541281 6831723.8437500000
548751634.4734599590 6888972.8925781250
516514491.0075139999 6321059.9765625000
525964877.2025693655 6593965.6865234375
550389743.5578467846 6891045.6152343750
516660465.8561716080 6328929.1386718750
537208222.1199862957 6796728.5292968750
537143676.2797441483 6794665.1035156250
491270564.1643446684 3938632.7475585938
547415979.1069092751 6885138.0644531250
539633736.8873443604 6824192.9140625000
540178021.2346408367 6829087.8164062500
491170904.4261984825 3921199.5058593750
491236094.3596351147 3929122.7788085938
550093250.6450265646 6890623.5234375000
491499144.6864477992 4003559.8217773438
529871112.4637126923 6682735.8857421875
550147653.3553428650 6890810.4394531250
513535403.3315595388 6189464.2080078125
549974745.4031430483 6890249.3886718750
504361483.8028682470 5654827.7446289062
504202574.8091564178 5645583.5424804688
514091450.8374488950 6219208.6396484375
516593084.2323800921 6324120.4570312500
529303427.8188258410 6669277.5312500000
504457823.7311812043 5666236.1416015625
504247252.2006214857 5648221.8022460938
520069323.3379676938 6429242.6816406250
539829349.6136747599 6825061.2539062500
495946680.9172946811 4694784.0380859375
504315490.0764424801 5653184.1323242188
520956864.1992556453 6458252.5869140625
521569995.1306130886 6470726.4423828125
549621556.0938611031 6889725.0878906250
519991431.4423995018 6429218.5332031250
521315690.1163603067 6465844.3525390625
521843045.3096323013 6474484.6113281250
529397943.8881341815 6669677.5283203125
496150270.4247567058 4729840.0937500000
496320840.2778112292 4755233.7519531250
529556534.0662044883 6673043.0126953125
549845696.9980170727 6889851.9082031250
521962490.9393763542 6475356.3037109375
529045275.8308978677 6659319.0341796875
520388208.4335044026 6438698.2958984375
519948438.0857380629 6427515.3183593750
503769491.9149895906 5597759.0722656250
511413821.9333453178 6067442.8564453125
514535758.1005142331 6236167.5556640625
511326740.7779942751 6062428.3681640625
491372145.8630965352 3966352.0629882812
495983164.7035700679 4709335.8691406250
503628979.3006013632 5583666.3466796875
491389052.8380400538 3968005.7231445312
520648978.5124446154 6444352.6425781250
496262807.3852242827 4745534.1928710938
520427957.1642043591 6441107.9238281250
503252657.6368755102 5536452.9604492188
520085742.6170147061 6429641.0332031250
496212364.5272044539 4740029.4770507812
496067791.2088543773 4720706.7250976562
502697784.1854581833 5484650.4316406250
526928003.5396310687 6617086.9785156250
493544442.1153305769 4293833.8120117188
493378050.7039935589 4286037.0947265625
493310722.9224334955 4283795.9658203125
528543360.5321039557 6648906.2519531250
513819691.4471881986 6202195.4296875000
492469717.3636083007 4166707.4335937500
502687018.5247220993 5481619.3291015625
493572413.6529031992 4294340.9980468750
493083466.9546914101 4270359.5810546875
502616697.8030239344 5470598.4794921875
528970709.1228806376 6658595.7998046875
547204146.9037530422 6883923.0507812500
514558132.3086407781 6240491.0097656250
514397413.0623885989 6232678.4082031250
524786493.6059497595 6559096.6171875000
524564956.1226915121 6549779.5937500000
495777314.6861574650 4650230.1889648438
527475973.0496124625 6625392.5878906250
527691157.9832136035 6628412.5722656250
527446069.5082488060 6623844.1523437500
514551913.2371733189 6237978.4716796875
557620151.6001681089 6896447.7148437500
527058269.1149618626 6618898.8476562500
557497021.2736338377 6896317.6914062500
511171027.4479210973 6053509.8906250000
557155178.9265491962 6896077.3300781250
557538068.6529799700 6896426.1894531250
514355851.0294289589 6230865.0722656250
495550046.0116260052 4614612.4790039062
514259050.7431045771 6226943.2265625000
492468366.7859575748 4137750.3779296875
495689709.8392567635 4634104.5893554688
495711420.4040900469 4635608.8676757812
495671758.8196188211 4627641.3432617188
511802413.7097731233 6080569.8417968750
492349902.3417111039 4113361.5048828125
492412148.0954062939 4129232.6865234375
545295160.1449923515 6861622.5449218750
545262647.1064991951 6857534.6171875000
545342124.0255409479 6863052.3066406250
556892391.3745213747 6895532.4042968750
557295619.8758316040 6896195.9433593750
495428296.5953118801 4598034.4423828125
495339742.6780234575 4565416.5747070312
545488527.6294344664 6866385.1093750000
545871880.8895595074 6870931.5156250000
535849456.9337992072 6762974.8886718750
535111338.0741384625 6756901.1523437500
535723506.0027795434 6762266.8203125000
535552115.9459625483 6758973.2792968750
535706382.8809632063 6762222.4140625000
495385408.5923982859 4586240.1962890625
495227875.1435307264 4564676.1254882812
495210789.4494261742 4556165.6933593750
512113780.2647671103 6105791.4189453125
512502976.9387773871 6126111.8056640625
533543515.2575576901 6727979.4042968750
512203880.4115666747 6109824.6025390625
535329174.9073503613 6757888.7031250000
495000342.3040485978 4519145.0175781250
512394530.9808163047 6115700.2128906250
495055603.6480631232 4524251.2119140625
535093425.5704268217 6754279.2968750000
510215338.8524813056 5977282.1064453125
510485246.1498113871 5988879.4814453125
495049616.5285257697 4522628.2998046875
510144437.2835819721 5973758.6083984375
509965630.0545901060 5961753.3369140625
510115841.4072166681 5969311.5322265625
509926762.2304639816 5956540.0419921875
523918640.5170929432 6513572.8193359375
523902565.2010651827 6513386.0263671875
524432818.3889606595 6529598.9394531250
510549033.3151047230 5989809.3173828125
532981183.8291525245 6716346.5039062500
523936519.2175530195 6515344.5244140625
500447382.9091965556 5170920.6557617188
524238604.1315413713 6523891.8896484375
500080776.9429170489 5119741.7275390625
523811993.4844860435 6512520.2451171875
533184949.9110814333 6718316.3398437500
533228207.4486101270 6719549.6835937500
500082548.0780298114 5122529.7011718750
499944002.2266262770 5099678.1064453125
499981717.2877928019 5109961.6831054688
500025682.4098732471 5115615.2568359375
499907385.0716768503 5099666.3984375000
494772403.2599706054 4445792.1132812500
494736302.3973036408 4438329.4306640625
494692201.4021548629 4430410.2763671875
494667072.9926231503 4425671.7978515625
494482348.8005279899 4400455.8002929688
494247606.6085270047 4354602.4492187500
494340706.4595295787 4366689.9838867188
494264162.6484084725 4359372.0751953125
494206388.3144179583 4344031.7143554688
499372862.4057662487 5011776.7348632812
499567199.3854362369 5038263.5292968750
499507358.9582216144 5036290.7890625000
499492089.8937842846 5028888.6337890625
499397206.8932454586 5023674.4956054688
499220218.1132584810 4997727.8784179688
499045829.4775046706 4941089.3627929688
499004747.3827883005 4938519.0874023438
499180026.8633531928 4959997.1914062500
499115002.7069867253 4948172.9990234375
498893338.2885902524 4905496.7324218750
498961266.6084346175 4928607.8212890625
498927058.5168059468 4910293.4833984375
502550954.8838397861 5282855.7714843750
502469095.5315719247 5277986.2783203125
501903748.1638178825 5210687.3334960938
498604664.8765628934 4828666.2949218750
501830456.0532464981 5207427.0659179688
498616686.6080457568 4835049.8457031250
498600209.3760998845 4824451.2861328125
498663424.7527828813 4835760.3598632812
498725792.8301417232 4849754.2534179688
498777687.5917363763 4856344.0190429688
501656117.0513026714 5187876.7319335938
