92406249.4158744812 4117012.9023437500
96863200.9690879434 4249754.5820312500
96713742.8227576166 4246660.8242187500
97333736.1971208304 4256885.8476562500
88698121.3677338511 3849292.8906250000
89548696.5176147223 3922713.3515625000
90461467.8728098422 3991767.0351562500
92799829.5606298447 4133591.1367187500
95525509.1693769991 4228984.0195312500
86317330.4651049078 3486745.1875000000
90168741.1969523430 3970388.2148437500
95297399.7556405514 4223915.4179687500
96262366.2401137501 4240183.2070312500
105450911.0817956924 4260920.3085937500
86309655.4583549947 3479076.1601562500
87875564.6592372656 3751259.3164062500
88497069.4536715597 3829113.3359375000
89555017.3963761330 3923064.9062500000
93198500.9554206878 4154020.3789062500
95629705.1978578866 4231200.2148437500
95459020.2075751722 4226422.7460937500
95584962.6572220623 4229890.8164062500
97918788.4731544405 4259303.2460937500
87787183.7731692046 3741615.1523437500
96742416.8143919557 4248515.5039062500
86983355.4648150951 3612308.8789062500
86908675.9956897944 3607579.4296875000
95351438.8380821645 4225439.8085937500
91632218.7462759018 4076122.6679687500
93151048.0893189460 4153379.6679687500
93123777.4018594772 4149291.3867187500
95088767.2319491506 4219132.4570312500
95550377.1696777791 4229066.6835937500
96875044.8468767256 4250393.8554687500
87738829.9939559549 3737049.0507812500
88602259.6238249838 3836243.7929687500
88408461.1491283625 3819549.2226562500
90083501.6516100168 3962221.1835937500
90459958.1894121617 3990155.0039062500
96343931.4518363029 4242642.7695312500
96302978.4359237105 4240390.6914062500
95166856.6818696260 4223826.4804687500
98677520.1610408723 4260082.3085937500
89816048.2829115540 3946985.9648437500
96020033.0505940765 4236159.6757812500
97682885.0081894845 4258621.9335937500
104797094.2974810004 4260831.1289062500
91594486.8988901079 4068859.6992187500
87029987.8790878356 3617379.9960937500
89706783.5838709623 3937659.6601562500
90325338.2861855030 3977584.5273437500
90133928.6804991513 3969116.7070312500
96415793.4800003171 4245248.9726562500
86851267.2302011102 3598524.8476562500
88542507.3810315281 3831571.0429687500
88376414.5502897650 3814537.9882812500
89875477.5887785107 3948961.2851562500
90423853.0159182549 3985946.0976562500
87630763.8467058986 3717245.7539062500
90530402.2707182765 3994266.4726562500
90359852.7973902971 3985010.9257812500
91583932.1515041590 4068652.9257812500
92743007.3649102747 4132246.5195312500
86510325.2208584994 3546736.6835937500
86735276.2363696247 3585009.3398437500
87531645.6298408806 3707645.2187500000
88627421.6274049580 3839639.8828125000
90637687.9045859426 3997249.9179687500
92645988.2805940658 4129250.7148437500
96548032.9178135544 4246281.3632812500
87860385.4176712781 3747392.6210937500
86239575.5190481246 3445521.2851562500
87646176.7108646482 3726875.0429687500
88571236.8054666221 3835593.6562500000
89773344.6115208715 3942684.5820312500
90130212.0836214721 3964309.5664062500
91694958.3675167859 4076913.8476562500
94831857.5807981938 4213248.9414062500
98977938.5389714688 4260174.6289062500
86749514.8394867480 3588935.6132812500
89662176.3733006865 3935729.5273437500
90338968.4616895765 3981864.2304687500
89910531.6940550953 3951973.3789062500
86776240.4024081826 3592140.2812500000
92643405.6429550350 4127563.4648437500
89492216.7014911175 3915085.1093750000
89672399.1196860820 3936419.2539062500
89961473.5186976194 3958066.3242187500
91719093.5529970825 4082415.7929687500
92639566.1606881171 4126586.6835937500
97732651.0227952749 4259116.2070312500
98159482.9612607509 4259443.5273437500
88355030.8704084158 3809619.8242187500
89560444.1118395180 3925923.8593750000
97101716.6000808626 4253976.4101562500
86278073.3689987659 3469284.7148437500
86755593.8638994545 3589646.0742187500
89343023.6211839765 3906931.7890625000
86687661.5403611362 3577762.1093750000
87567578.7986578643 3715712.5390625000
89809410.6749970317 3945209.3164062500
92700990.3523833007 4131744.3320312500
86599838.3184745014 3564058.8632812500
90769399.9821405560 3997500.0273437500
86326963.6088954061 3497714.2968750000
87516934.4582268149 3707118.8046875000
87466756.4047193378 3694120.7148437500
93134398.2671025842 4151129.4179687500
93230070.9584806114 4154999.6132812500
97542112.2886933833 4257577.9570312500
97256189.3041907102 4255968.7070312500
86682236.5160359293 3575318.3046875000
88642648.0752436519 3842625.8906250000
88272855.6551167667 3801149.6718750000
93399148.8249343187 4163786.9960937500
96880702.0872940272 4251303.7460937500
86512814.3741660714 3548946.0703125000
87115354.4768543243 3648271.1406250000
87493704.7289684564 3705422.5195312500
90198311.3481567651 3976725.4179687500
90022368.3833622932 3960266.2382812500
89916230.2600081861 3956155.9804687500
91361324.7296133488 4051951.8789062500
89634803.6209054291 3934620.8398437500
86313646.0210577995 3479096.8710937500
93015489.7754908353 4143043.6054687500
88949879.4865116328 3871855.3437500000
92018764.6945221722 4095762.8242187500
87430740.0285159945 3688678.2968750000
86250493.2009900361 3461745.4921875000
88342188.7810245752 3809556.5937500000
93043638.0831336826 4148547.7617187500
91493377.3759985715 4065876.6914062500
93964990.5754875541 4183448.6757812500
91442552.6046567410 4059149.2148437500
95145837.6080399752 4219240.9257812500
87543568.7966220528 3707663.2500000000
94912993.5351348519 4213820.8085937500
86292113.2296865880 3471811.0195312500
88510827.7043614388 3829974.6054687500
89845687.6678906977 3947929.1523437500
91826202.6211702377 4084241.2148437500
94927607.5765491128 4214785.5117187500
86245083.8990037292 3449969.6875000000
87471070.1466783434 3698964.3437500000
92821932.1064866036 4139405.5273437500
93255989.4267554432 4160007.8242187500
87216147.8864500225 3659195.9726562500
88604424.9068737775 3837442.9140625000
91927523.1638505906 4090350.9882812500
87273378.8211452365 3670839.9101562500
92008999.2702990025 4092591.2382812500
86405803.2711572051 3526689.1250000000
94444930.0608261526 4201697.0742187500
86434215.3403137028 3533368.9062500000
94218140.4463729560 4196542.8710937500
94460814.6781555861 4202062.1992187500
96039799.9577150196 4238441.3789062500
97381197.7547578067 4256933.4023437500
86370649.3896962702 3514557.6328125000
87344824.5322299004 3683681.4531250000
89416617.7353020459 3914909.6367187500
89905888.4093824178 3950877.8359375000
97483123.5622926801 4257506.9570312500
94829060.3075163066 4211537.6679687500
92093711.7520926446 4098520.8945312500
91816109.5627484173 4083549.7148437500
104841814.7150582075 4260883.4101562500
86681894.4452381879 3571404.4179687500
87308949.4025457799 3671759.2734375000
91834551.3389086872 4085552.2070312500
94721921.3250961900 4208623.2304687500
94908706.4284517169 4213443.0351562500
87320072.2907714695 3678949.6796875000
88661200.5341840982 3846169.5312500000
87399502.7692936659 3688174.7812500000
87465165.6532036215 3690053.2031250000
94982391.1968455315 4217762.1445312500
87635066.9459529966 3717741.1054687500
86482465.5913120061 3539072.5820312500
86353644.7008800954 3498648.0429687500
96180910.9446729273 4239038.1054687500
87198200.4671224803 3655248.1679687500
92057201.3615916818 4097382.6445312500
94707663.9561619312 4207650.1210937500
86500948.9692054391 3541678.7070312500
86381424.1087775528 3518122.1054687500
86572581.8664802462 3556724.4296875000
94124669.9012333602 4190518.9257812500
94403133.5931863487 4200679.4179687500
97234943.2768035084 4254933.2460937500
91861698.9085289389 4090008.9101562500
94521161.9144335687 4202601.9804687500
98965782.1363654733 4260097.4335937500
98232622.2852683067 4259470.9960937500
94575453.8932758719 4207009.9023437500
86677517.2395010144 3569985.0625000000
96825890.9414953142 4249708.0585937500
86651440.7674829364 3569009.0429687500
87160890.7236002684 3651328.7812500000
91451809.8033446968 4063086.5195312500
97078711.8942285329 4251660.6601562500
87387041.8455330878 3686463.8789062500
88532777.9241665602 3830392.3359375000
88702358.2423274815 3849296.1015625000
94091739.6883683503 4188948.0820312500
94107011.4967679083 4188969.5820312500
87225263.0088139027 3666157.4921875000
89251475.6530134976 3899294.0703125000
88369772.2197797894 3812929.9726562500
88536501.5470599532 3831205.3281250000
86489686.9900357425 3540616.1757812500
87935548.4390425980 3759065.6718750000
88451327.0699442774 3825765.1523437500
86458158.4681359082 3534715.7226562500
96496427.3387931138 4245596.3242187500
88766512.8693873733 3851760.3593750000
90990229.2033365369 4027894.6757812500
91489295.2557588369 4063309.6132812500
86680446.8231388181 3570443.7070312500
87254451.9149784893 3668101.7890625000
88319101.9379005879 3806788.7304687500
96076107.7976381928 4238843.6992187500
87411337.8646140844 3688192.8359375000
89499705.3899236917 3921939.8671875000
89633767.6751310080 3930276.4023437500
93900509.1901862919 4179638.1757812500
91127723.7005629390 4037131.2851562500
93989618.4075246453 4186356.9882812500
87106595.1382815093 3629319.4179687500
89392058.1152067333 3913998.6328125000
93971219.8064855784 4184596.3632812500
87966047.6107541919 3762106.1679687500
89154568.4027587622 3889774.9335937500
95825360.6139856130 4232244.1289062500
91364611.6558331400 4055408.8867187500
91232320.0064931810 4046339.6210937500
91387205.8381239921 4055683.1679687500
103907946.5112528503 4260753.8476562500
87053238.6383825392 3621860.1601562500
91399947.0115041584 4055699.2070312500
89026167.0284559280 3877330.7500000000
92322129.0050323159 4112560.2070312500
88082001.6614117622 3775601.0468750000
88964390.8908835799 3873380.7812500000
95987536.3713541180 4234009.9023437500
89137609.0526046902 3888186.7460937500
92569061.1891303360 4126568.6132812500
93903816.7717543393 4181640.5976562500
93787183.6947421134 4179151.4804687500
93576240.6030395031 4171197.9960937500
91326298.6611269563 4050350.8789062500
93423059.0571778417 4164295.3242187500
96008214.2696635276 4235127.3398437500
95849197.3526658863 4232853.4414062500
88842660.0990038663 3860532.0000000000
93684950.5440498292 4176034.6289062500
103863148.3385746777 4260749.2695312500
86889339.2856723815 3603411.7148437500
98156846.4506244361 4259427.1757812500
89232963.7565607131 3896517.4218750000
92421942.4579055905 4119053.9414062500
93629801.7855664790 4171986.7617187500
89040633.3287678808 3881092.8671875000
103772024.1952618361 4260621.3085937500
89280263.8776968569 3899792.7500000000
89109048.8372655809 3886961.2812500000
102370387.3427840173 4260465.3632812500
92464487.9474482983 4120537.8164062500
98526434.9765729755 4259968.3320312500
98182018.6578895450 4259463.5664062500
102618062.1960218251 4260523.6367187500
102318109.7274219692 4260407.9414062500
87989638.5575123131 3764533.2304687500
87830157.7681449354 3743682.2460937500
86846198.9694799185 3593124.0742187500
98106461.7270620912 4259385.4101562500
98237840.6990423352 4259566.3164062500
88823611.7251599878 3858748.8593750000
101422752.6083541512 4260277.4804687500
88047233.7738262266 3769470.1679687500
101920538.5567273796 4260329.2773437500
101880917.2826711833 4260285.8789062500
87821553.2864423394 3742779.2226562500
89312989.9871625453 3903272.5625000000
88869499.1606503129 3865260.8593750000
89158006.2434137315 3892000.7187500000
88895329.5027875006 3868414.6250000000
87907558.0681507140 3755430.9648437500
88869209.3851537406 3863323.8281250000
88084785.0484720469 3777850.9335937500
87072604.6858049333 3626800.2343750000
88155776.5014635772 3783137.7382812500
88202283.3708608747 3791503.9257812500
88242594.8685628623 3795803.7617187500
88058093.1244862676 3775073.0351562500
88174590.4827292860 3785899.8007812500
88225893.1584275514 3791897.5195312500
88033510.2583148777 3767371.0781250000
100964415.8566370010 4260261.0898437500
