814505648.9684716463 1455392.4616699219
706507852.5118117332 733133.4215648696
706808855.9433279037 736114.8551232768
706894136.0069129467 736365.4325158549
732185133.1401060820 991865.5797981340
760068408.7791694403 1207545.3876260109
760591881.6763329506 1212998.1093344688
793865719.6308170557 1412201.7420043945
793564797.5765649080 1411225.7659301758
793397075.1920713186 1410316.5166625977
793064897.5004535913 1407670.8219909668
793732800.7460969687 1411246.2573852539
793764578.0243614912 1411300.1873168945
802840058.8454439640 1436798.6896972656
822515543.7173807621 1456880.0178222656
761922018.2668472528 1222375.7353448868
761865883.6305317879 1221839.0399713516
703774188.4442116022 692857.5114338947
761105594.4835691452 1216952.0681123734
760924676.0296571255 1216818.4670019150
761305288.5855078697 1219713.0438165665
760600216.3742859364 1213193.6592760086
760303917.6775724888 1212839.2848405838
793176021.2206479311 1409436.9776000977
801929602.7209510803 1434216.9631347656
801941979.5836614370 1434360.9096679688
686765280.3287388086 353673.6556060694
792832367.3486582041 1407259.7731323242
693227637.2121847868 500678.8031820424
792194317.9936667681 1401335.2789916992
801708446.9803910255 1433840.1340332031
822004768.1783626080 1456773.6447753906
802699279.2968258858 1436525.9331054688
703895676.9809083939 699163.1576241059
761218201.3240557909 1218550.7902688980
802215137.7961155176 1435157.1062011719
802309729.4634482861 1435748.7563476562
815007682.4433239698 1455750.9475097656
821845140.6011767387 1456702.6064453125
687175699.5231007338 373809.7542874820
727667365.5381224155 953203.9189501387
760637459.7676341534 1214478.9483919144
792753163.8471137285 1405889.1337280273
792578581.9880589247 1405461.8966674805
791646460.5383793116 1401089.6766967773
693412239.1158162355 502793.9722184308
727566542.9974465370 951297.6518153759
732683605.1710855961 994809.4958918411
686915358.2836283445 366205.3487015634
693557481.1724420786 504367.6929437287
693542417.9807273149 503814.3548001118
800220052.8965411186 1428521.1959228516
814552605.1577283144 1455490.7375488281
814706411.7362397909 1455640.4458007812
686859600.2729867697 365277.1492758661
686890290.4683111906 365304.9379528216
686830362.3996065855 361321.0583008802
814440876.7507426739 1455146.1345214844
813273130.2805736065 1451814.7399902344
813558669.6660451889 1453875.7836914062
814055573.2692193985 1454386.7934570312
814066493.9679985046 1454672.2756347656
814413875.2448875904 1455035.5844726562
814316490.2706303596 1454931.8237304688
760688559.9357796907 1215584.6171445549
687544830.7435294390 385954.5007223594
688519527.2037097216 407329.1483771021
688562387.5474859476 408532.7482397160
688658792.1261729002 410163.4799280837
727791619.1389174461 954016.2180119964
702888080.1306566000 681504.0531574739
761302052.4185603857 1219136.1695604026
821452102.2307682037 1456687.6962890625
688425450.7196825743 405874.8506567082
728017002.7126069069 956106.5862253822
760095226.0313768387 1210349.9760617912
693460924.2551399469 503407.5144647725
820226575.2381985188 1456364.7980957031
819654358.0173895359 1456112.9104003906
688367570.8583899736 403087.0523946569
693136498.9803522825 497321.8672174580
693098063.5532678366 496698.5667108662
800233237.4788287878 1429564.6114501953
687087287.5716401339 371984.2330781925
688341509.8352454901 402894.5922454880
693522499.4396756887 503439.5204462178
705368923.7095555067 718697.8071447192
727445697.9011641741 950309.0625006261
791482476.5215004683 1400256.3828735352
705156989.9109646082 715351.2561322255
703034620.4146713018 684747.6447712434
704087492.0439215899 701794.0435296809
704844225.2443331480 709741.1162718339
705087982.7920056581 713927.4673841996
731769977.7814209461 987898.3553253729
732050778.5813643932 989035.4329412142
728889307.6602497101 959722.9568401190
688105332.1924875975 395741.1528217082
687935098.9920498133 393083.2552387004
702821168.8631209135 677193.9859026922
790447778.7418149710 1393339.3656616211
790727301.0201584101 1394166.1686401367
704653385.5862063169 708339.4592426820
704361876.8468698263 705437.0772846742
790317385.1074742079 1392347.9640426636
790237109.0076116323 1391830.8124389648
801438926.6965011358 1431684.8731689453
819741356.0102717876 1456134.9182128906
728616776.3299729824 958741.9289079291
703892902.4583638906 697059.2585407747
703865356.0738188028 696497.5892292513
731502635.7227871418 985052.8169553597
819410611.2923259735 1456060.2751464844
731594015.8778316975 985101.9112292845
702719432.1975812912 675284.1126526399
702684397.0918745995 673655.2576721711
731347812.4603972435 983949.7820788939
702365031.0183742046 668485.7334412141
810515526.8175939322 1446504.1633300781
702787723.0646116734 676035.6133528156
702502059.0944087505 672322.3232239289
702414603.6190841198 669408.3457755847
731022015.8250859976 980202.3227516348
701778428.9698920250 655771.1273259325
726692090.1797070503 939411.7935901569
700426240.7801158428 633442.4996044794
799474999.5617421865 1425928.7854766846
724652335.7365716696 917588.4220538018
799566852.5336289406 1426461.9924316406
724567480.2921231985 917540.9342372334
724520411.8204928637 916242.6115516033
726599850.5515185595 938854.8593100524
700643410.6380636692 636641.7351724224
700630111.6521999836 636622.1134479800
724051599.7603012323 910609.5766932881
724315652.7827559710 913784.0462825214
700754203.6745817661 637360.6006604517
700940231.8966767788 641193.0802823389
700841929.3313927650 638702.8038337315
730225116.1140385866 972513.7712161159
729943044.1736310720 969645.8085009838
723964653.1928746700 910543.4684169209
730072173.7096215487 970981.5946948314
724521706.2707873583 916504.9303581195
724183514.4827946424 913605.0646083271
729437400.0361388922 964171.7661787970
799197519.2945755720 1425003.9340820312
798983848.7183703184 1423499.3561401367
729102354.2617543936 961384.4456355078
799537442.4319609404 1426423.8612060547
799488876.3245750666 1426315.4365234375
729218555.3595479727 962263.6489249794
759484117.1085182428 1195521.3322468242
759053714.8455471992 1192923.2982396036
758489064.5526320934 1188175.3211199194
810057242.9475646019 1445635.8234863281
692703981.7536273003 477865.9032713756
692553348.2182323933 476572.4526534261
692492392.5551235676 476274.3527342662
692338185.2677462101 472138.3525061592
692340865.1413290501 472189.9718112930
692158574.1350679398 468058.9805332407
692112472.5380191803 466037.1887851938
758801521.2175290585 1190040.7132446468
799258816.1879569292 1425140.0332031250
809692532.7428002357 1444557.4968261719
726312141.2514370680 935426.7167550242
725915097.7396165133 924657.1572762644
726067796.2790993452 930268.9166756785
810201177.7199363708 1445810.1638183594
700303758.8197059631 616072.1892919008
700075761.4359393120 613392.2266454165
699536210.2203705311 602363.4803567927
699419701.3922302723 598880.4689241450
723276630.9189511538 899526.0201513385
797913869.5792821646 1420736.4099121094
797409430.8455392122 1418295.0859375000
698956413.8224508762 587119.1845766108
797154238.0509539843 1417527.4281005859
797103063.7914913893 1417221.1503906250
758242851.2023491859 1185947.8646744639
699085617.4849677086 591151.5619417231
698833487.2720377445 584007.8254803817
691211077.1046004295 441424.1198816117
691232525.2546019554 444201.2258386429
691134119.0404789448 440921.1329049881
797270614.2799140215 1417611.9860839844
690964815.2947537899 436805.8257103901
691041641.3081083298 438961.4663171511
797506123.4556556940 1419007.6933593750
699000833.6373021603 588554.9802235763
690793255.0767936707 429312.2645507943
690820433.4481906891 433041.0558718186
690679553.4630768299 428918.7448366623
723772178.6912549734 906262.9509374714
809289275.1709065437 1443956.7634277344
809982893.5117309093 1445004.8525390625
698640112.0979440212 581195.6458599817
698460780.8331825733 577073.3348248254
723325653.2159692049 902356.2287695026
808907309.7260589600 1442631.3820800781
809419952.9221080542 1444058.2336425781
757346305.6411880255 1175168.2595909836
757100615.2367140055 1172394.9302452805
697555137.5943509340 553234.0782552614
697212924.2729731798 547222.3246946584
697214776.8198605776 549248.4102010976
696978710.7874578238 544835.7628050100
696689704.6220425367 540573.8037588845
696405274.4437541962 536568.7905752908
696124580.7213358879 532290.9245798837
696034193.3712654114 530551.9423560451
695886939.3554954529 526325.7613888672
695507548.7083787918 518448.9530689426
695590563.6192898750 522167.5326282688
722133920.0956373215 875940.5161490582
722027612.4618742466 870008.7485737943
756169029.6818078756 1164251.1273261760
721665396.5875195265 864355.4891728549
721924508.2395957708 868112.8287419467
721864975.4324437380 866477.5456608920
755933491.8775252104 1162165.8306708192
755823140.3785482645 1161446.9452662324
755430396.2057300806 1156819.8225634526
755728220.6071780920 1160540.3855401729
753927728.5593550205 1143236.8988504866
754307742.2575124502 1146857.7099366146
754158070.7962580919 1144975.0982422787
754350435.7561539412 1146947.9989991146
754056913.3274935484 1144308.0699639278
753717665.0004104376 1137213.1905051428
753440413.7731084824 1137213.0550584155
753747033.8600314856 1140766.9041281897
753344779.1732348204 1135867.8560670870
716952793.7060029507 799038.7594760783
751802666.6022583246 1112297.2661587901
751512844.4758952856 1111175.5573184199
750639752.5268586874 1104844.5357296176
751132037.4435855150 1108582.3456699557
751253363.3467922211 1108827.0016430437
716991783.9383025169 800523.2148358038
750076698.3227894306 1099452.9484667189
720747349.8280634880 844169.9580595203
720440636.0623974800 840843.3872587391
718860613.0101022720 821428.3538947689
719088464.5420210361 822761.3334308254
719139349.6546967030 823232.7633222627
718776268.5330684185 820226.5736885477
718740288.5625300407 820075.6113300907
717995314.2706558704 812051.0671406375
717696199.2756457329 808480.8417988407
717586137.8648409843 806686.8868919142
749192708.3161228895 1087694.6545188201
748713865.9597486258 1084250.9331935418
748265338.4077268839 1080351.8005989564
748135873.3936420679 1077768.2427016404
748065783.4315282106 1077467.2893324997
748207523.6392067671 1077877.5729170945
747815141.9080687761 1076408.0571547654
715104620.2482569218 772565.0383873907
715794800.7749563456 779998.6583160396
715655532.5071309805 779291.2241643901
715185513.3933674097 773468.1528753276
714733367.9601718187 765674.3084641936
745337620.0882567167 1053633.4789118571
744827625.5517212152 1049607.3580063982
744934998.3415502310 1050306.6097368998
744881930.2136796713 1049940.8193698346
714390926.1498103142 761279.1293862163
714485347.4807280302 763761.1326161352
714021643.4669392109 757526.6629750532
714135193.3012115955 759707.6090199751
744040182.7964385748 1041767.1946281611
743961778.9687956572 1041151.4261810600
744384537.6618295908 1044265.3347419917
712888472.7152836323 736775.5731030351
744337467.6037393808 1043572.2435001552
743832839.6397954226 1040305.3636850163
741625849.1422196627 1016656.9158328807
740025808.6931842566 998388.6080268582
739912765.1196557283 997503.2686389645
789169514.4795377254 1292556.7259101868
788811536.3054444790 1290676.2294502258
788628639.6489305496 1288623.7635078430
788299311.6687834263 1287366.4856758118
788545361.7923188210 1287835.5641670227
788160709.7168204784 1286646.1761054993
788104167.4807813168 1285476.0382881165
787680735.6157281399 1283913.6925239563
784794037.5721552372 1264676.8900833130
784792193.2796709538 1264178.8338088989
784754286.6985530853 1263587.9871902466
784154751.0403363705 1256496.1888580322
784072320.9351816177 1255680.3476715088
783942866.0380136967 1240948.8365478516
783902061.3620471954 1240204.7801513672
783703824.6962895393 1235573.3992824554
783478720.1310105324 1232047.3705959320
783556994.1905124187 1233910.9043750763
783695576.4134380817 1235496.2576999664
