353605195.9399822950 1386718.4173278809
353849047.5348548889 1390771.7917480469
353879551.0327644944 1390853.5238342285
353924749.6907482147 1391079.7416992188
369898213.9192591906 1981704.9956054688
377318935.8875445724 2228493.0112304688
378739433.5907013416 2265365.4960937500
385717223.2768532038 2441098.3271484375
386076106.6833377481 2444409.4873046875
391210201.9660812020 2552170.9477539062
398176374.7332426906 2630687.4453125000
399760182.8739957213 2645315.2900390625
399439846.0201670527 2643223.8515625000
406787311.5093057156 2666296.6904296875
338848686.9707913399 529253.5452270508
339923697.3632807732 639605.8072204590
353994299.0794522762 1391630.3084106445
339798251.3833566308 628146.5587921143
385297346.5209867358 2432959.0820312500
339134172.0203772187 555849.9650268555
339152045.6661785841 564836.4828948975
379618226.1058135629 2288599.5854492188
339638331.2089477181 624780.4259643555
399533112.7814314365 2644477.8037109375
385634031.0957473516 2439776.2841796875
391955432.7250241041 2566092.7841796875
339994173.1122377515 641787.5150756836
392891432.7651860118 2576836.4375000000
351667187.8780668378 1296196.1784973145
377333902.0327506065 2228653.1350097656
378498105.6509512663 2262485.1943359375
379490975.5927900672 2285647.3486328125
390458248.3172951341 2544386.0522460938
392750811.7629612684 2575626.9511718750
398500894.3510640264 2636962.3642578125
407325092.6908903718 2669164.5908203125
392382629.3510876298 2572067.5683593750
339359653.9751545787 595254.4011535645
390099121.9542781115 2539005.8549804688
392195358.0751506686 2569737.0332031250
385497125.2880284786 2436494.3061523438
342636140.5716469884 842843.5630340576
378204953.6073715687 2254498.3703613281
341818229.6062047482 781185.6291961670
392651977.7515569329 2574729.2187500000
385484871.1374079585 2435322.1494140625
352300461.6640154123 1328126.1301574707
353996361.6301373243 1399496.6829833984
370164085.4119103551 1994965.0045166016
406953298.9077724218 2668713.4775390625
377423877.5454432964 2230400.9653320312
339419040.2553113103 601936.6259307861
378549243.1102383137 2264013.5400390625
392929556.7778010964 2577412.1191406250
343167132.8537754416 877266.4121398926
390149624.0176169276 2540310.3344726562
396541365.3523883820 2610398.4150390625
396565079.5498437881 2610931.9296875000
389996666.3918330669 2537064.0361328125
396246577.0500223637 2610249.6806640625
343119171.9472864866 872473.1226806641
385770575.1885632277 2442589.7568359375
392576298.2450137138 2573140.6699218750
377736342.8079310656 2240161.5053710938
390038260.6662002206 2537255.7109375000
347804820.8381705284 1112593.0475769043
362001636.2160254121 1716462.7322082520
361932231.0885750651 1715191.2583007812
369760482.4141450524 1981671.5805664062
351440377.5226956010 1288817.8967590332
406259414.5247184634 2666227.3525390625
377159164.8642692566 2220246.4499511719
389946528.1042776704 2535328.3027343750
389663430.2195277214 2531697.4951171875
348013637.9576539993 1117605.4740600586
396513646.7409994006 2610335.3925781250
351319211.1194972396 1278781.7283935547
352390156.7826236486 1332820.4334411621
396579625.6352618933 2613562.8398437500
351716567.3451133370 1301578.6472473145
360653538.7666164637 1667155.2442016602
369514535.4880123734 1972869.1552734375
397936532.1399450898 2628273.7626953125
361408302.5637171268 1695725.6412353516
399231272.4283445477 2641023.2949218750
399372662.8750045300 2641491.3955078125
341677368.8999286890 780546.3067016602
390048109.4722069502 2537518.6279296875
377174436.5880006552 2222417.2062988281
389510869.1879495382 2528016.2167968750
343188243.6904318333 878560.9226074219
351716947.0567340851 1302491.9661254883
391738936.3748566508 2563054.5722656250
342888628.5840005875 861667.6226196289
361042388.9456520081 1682294.8652954102
386326111.0433471799 2456854.4736328125
387039669.5431022048 2468802.9130859375
398058611.0148754716 2629773.2626953125
352368556.6185054183 1331920.8293151855
360830366.1842165589 1674130.5078735352
378120743.3602464199 2251891.4062500000
378878805.8456394672 2272252.5957031250
379365355.2490591407 2283178.9399414062
398956213.3378028274 2639293.8818359375
361046573.6651645899 1684061.5459594727
352793331.5538569689 1350015.7572631836
352938235.2951671481 1356923.7924194336
360593236.2598740458 1661356.1818237305
360248133.3538984060 1651441.7345581055
338969220.8258213997 538697.8705291748
341372484.0540944934 763807.0869750977
352821495.7235475183 1351597.3646850586
386552043.5739140511 2460484.1245117188
391263858.3247552514 2556489.3906250000
347550722.8145592213 1100461.7879333496
360226472.9704995155 1643676.0021362305
390076509.5359510779 2537849.2167968750
339025126.1661828160 548777.8514862061
398824448.9500595331 2638409.9609375000
347727423.5188548565 1107313.7049865723
386757865.1207326055 2462953.8198242188
390956342.2156203985 2549797.6015625000
397967261.8865924478 2628424.8964843750
339277225.7781609297 576481.7858581543
386350753.5412365198 2456995.5581054688
405668616.8679599762 2664413.2724609375
405755425.3662943244 2664556.6914062500
386625950.9636348486 2462527.1953125000
386560648.2508505583 2461811.6953125000
379632171.1468173862 2289662.0102539062
379075115.7891030908 2277890.4145507812
393586862.0659053922 2579626.8994140625
352970558.5867160559 1359533.5272827148
342744159.4333673120 848164.2823486328
388459616.6788947582 2500347.3999023438
389801090.5398248434 2533647.9707031250
341435415.2311058640 765232.8029174805
342409187.3031675220 831347.2207031250
403079641.7700726986 2656759.4765625000
406233957.7013341784 2665817.6298828125
389103638.7714142203 2513640.2167968750
352889653.3851897120 1355775.5629272461
388225486.9051637053 2495891.9658203125
341537641.7126607299 771251.7053527832
370901238.7690467238 2016152.2082519531
378919431.5036479235 2272779.3159179688
378804126.6962202787 2270884.7631835938
403745022.8761199117 2659897.8203125000
342642533.7960305810 845534.6188964844
402165519.4983795881 2651798.1875000000
369320246.1213449240 1965669.0435791016
369366991.3074932694 1966490.0777587891
379092597.1155981421 2277895.8305664062
402499393.0470404029 2652208.8496093750
397611738.1459769607 2624362.7001953125
380472952.0697508454 2303697.4926757812
403722132.3522205353 2659887.4980468750
396098987.9670045376 2605566.3471679688
341293103.6630770564 754780.6829681396
347204053.9031826258 1079230.4355468750
387187871.1797372103 2473609.8842773438
387997749.1923539639 2492209.8081054688
360382480.4412224889 1654916.8206176758
342558259.6397532225 840445.2741699219
403471910.0851780772 2658461.1562500000
342061363.0914724469 805376.0378112793
370595317.9320723414 2006261.9404296875
371174752.0026076436 2026074.6655273438
404743952.7360002995 2661303.1513671875
404353881.0505767465 2660755.8789062500
396847903.7684260607 2617207.3447265625
346402196.1410362720 1034139.4531402588
346302848.7125189304 1028785.1824798584
346269490.2843185663 1025899.1268463135
352619567.1662113070 1342935.9709472656
341133350.8630878329 743292.3909301758
346162249.6721644402 1023762.9911041260
360233921.1791868210 1647074.4142456055
340163308.9339353442 648314.0812072754
359388293.9972762465 1611335.7628479004
351979509.4865280986 1313692.9617004395
359454482.6347551942 1612209.3659362793
340938805.9274538755 711546.8540649414
358999793.2770752907 1594411.6378479004
359127417.7231271267 1600699.2735900879
351760324.7899378538 1305661.9343566895
351808284.3410694599 1306612.6360168457
352164138.9304811358 1322481.4656372070
370426234.8955718875 1999719.2309570312
387526123.5004388094 2482408.3125000000
359107990.2579972148 1596325.2435607910
387056272.7480667830 2471601.5356445312
387363236.8743736744 2479320.4160156250
340867205.0441517830 708771.0812683105
404983917.6533940434 2661499.2021484375
345842625.8122820854 1005544.3589019775
346023369.7108963728 1012728.9263458252
340970602.1127206683 715906.2720031738
345845797.0518488884 1005713.1206207275
345586458.5655754805 993413.6298980713
340973934.9945536256 722191.3716125488
340671022.5351561904 690619.2639465332
340515999.8560681343 671278.3133850098
350876373.5693624020 1248082.0497436523
350941483.4255444407 1254416.3956604004
350698317.2662978768 1246130.7518310547
350722843.4288650155 1246172.5281982422
345515807.4685373902 980751.8909606934
358353222.9533123970 1567247.8623046875
340340001.0598052144 651436.0631408691
345515792.3191322088 979602.7998352051
357750384.4909670949 1543582.5404052734
345136775.1054468751 963425.9732971191
350559483.1483657956 1238082.1979980469
344934077.3070783019 949306.6564025879
357648813.7873138785 1538106.6440734863
350822669.6242538691 1247336.3955078125
358078131.5100843310 1557368.9141845703
395449344.8188062310 2597665.9218750000
395081084.8193761110 2593575.9423828125
357966023.7136915922 1551289.6373901367
357746237.7914221883 1539062.2789916992
357803534.7068576813 1544451.8766479492
395200777.0785415769 2594559.2412109375
350471891.8516414165 1231951.9363708496
377043098.5915451646 2202919.4865722656
358030290.9498361349 1551493.1562500000
396051964.2267625332 2601280.2568359375
357523364.5140544772 1531228.3110961914
344490888.3816306591 918113.8720397949
372058972.3662886024 2047329.7705078125
344364491.3435460925 909451.0385437012
377115335.3821697831 2207242.8864746094
377003690.7973759770 2202685.8127441406
395526959.6527695656 2598623.9404296875
344360143.0937279463 907111.0756530762
395766692.6572797298 2600454.4277343750
395736795.3219779730 2600050.4804687500
372697753.4429056644 2071058.0419921875
344433746.6647726297 911668.5758972168
371650904.9067571759 2038109.2001953125
371337240.4476060271 2027847.1351318359
344553127.2458711863 918178.1187438965
374983417.6244450808 2136750.0109863281
372891348.6481790543 2074595.8085937500
375554919.6287319660 2153496.2128906250
349510425.5541496277 1180473.2792663574
375619451.3838704824 2154383.2651367188
349174420.6801909804 1160248.8543090820
375570654.4268511534 2153690.6298828125
375337956.0786237717 2146276.1464843750
375302565.8011264801 2146137.5634765625
374825942.9017053843 2132447.3593750000
349437714.9783722162 1174684.0663146973
348844417.1872224212 1134848.8588256836
348933719.6845939159 1147984.3884582520
373959789.4705913663 2102893.3552246094
373754494.2954975367 2100852.7204589844
348554613.3513697982 1125022.3289489746
356628173.9355847836 1485415.0635681152
348608607.3731829524 1128572.2265625000
373449138.3677326441 2090018.7690429688
373670223.4413528442 2096910.6381835938
373252792.9443881512 2085727.9880371094
372002521.2225089073 2046715.8663330078
356098820.9771889448 1460754.1484375000
356332496.5233259797 1469965.5803222656
355992331.1354780793 1457491.9460449219
355883175.8156375885 1453619.2801513672
355986944.2523852587 1453985.1093139648
382695655.4112492204 2331161.1735839844
355874871.7909333110 1448313.4436035156
383285387.4263692498 2344419.5549316406
354728296.9481013417 1402343.1334228516
383666544.1962146759 2354477.0051269531
383545811.6685755253 2349629.4909667969
382148947.7688370943 2316052.4870605469
384943245.9136331677 2369649.3735351562
384179478.8236104250 2360003.0104980469
384281419.5536251068 2362164.2321777344
368858475.8618386388 1912624.9815673828
368329900.7971618772 1890013.2906494141
368207254.3816703558 1883689.0274658203
368043310.4694626331 1876565.4573974609
368277526.9437219501 1888234.6999511719
367777855.7358627915 1870092.1771240234
368069732.1713775396 1879672.7745361328
366848293.9097870588 1832585.6787109375
367072040.6755990982 1837707.5161132812
366796321.9028765559 1826316.4892578125
366842147.9383912086 1831561.1650390625
366584360.3682841659 1818523.2244873047
366630285.5374855399 1820572.2602539062
365726044.0700789690 1763883.8489990234
365754091.9437879920 1766265.1556396484
365968585.3480796814 1772159.6063232422
365215525.6048356295 1740054.3277587891
365096691.8723534346 1731863.6583251953
364979259.5974040627 1731375.6690673828
364822371.9161112309 1722645.8427734375
