193901541.8411086798 1887790.2333984375
193947781.6490362883 1900153.3154296875
194371297.4370362759 1919652.4843750000
194528258.8883726299 1926706.7763671875
194675047.6519573033 1928309.9433593750
190326682.6501969695 1651270.8183593750
194210429.8659037650 1910814.4345703125
194860768.8345700800 1928810.2636718750
190192008.9972860813 1636540.2802734375
188977257.4979380369 1502778.7514648438
188896255.2211908400 1491788.5463867188
190204300.4804537296 1641100.2871093750
194064704.1371980608 1903058.9726562500
194524346.8192327619 1924921.3457031250
190502128.9800861478 1663456.8706054688
193940189.2527709901 1895012.2695312500
194422502.3991951942 1920953.0078125000
194569621.7554926276 1927094.2226562500
194786989.0333730280 1928561.0078125000
194110398.4454781711 1909678.2529296875
194342689.2863529027 1916761.2636718750
194100724.9979384243 1905408.5488281250
198567468.3167075515 1935876.9316406250
187939882.2087599933 1345205.2143554688
188957480.4300385118 1495806.1494140625
188882909.1594520509 1491661.2534179688
188783381.9874462187 1476157.7666015625
190519626.6515430808 1666450.9135742188
197036543.2332805097 1935580.3906250000
187826700.9828442037 1333198.3593750000
191011467.2037192881 1706703.5458984375
190878422.9430070519 1695855.0737304688
193942018.3778455555 1898381.3691406250
190423288.3508355618 1655237.0600585938
194317161.8249596953 1915916.0937500000
194638790.2334885001 1927737.2792968750
197878268.4080156386 1935812.8867187500
187366278.9076859057 1176375.7202148438
187444594.3303336203 1215859.0600585938
187739488.7639560401 1307964.0273437500
187865755.1416583359 1334520.0566406250
190279836.2414427400 1647719.5673828125
187383361.2296096385 1194330.8691406250
187806371.4756875932 1324446.7773437500
191066779.8248864412 1708489.7661132812
190862328.6607304811 1693707.7641601562
194600296.1965070963 1927327.3593750000
189051565.5169943869 1503933.4965820312
194231171.7529842257 1911362.2119140625
194709228.6455407441 1928349.9570312500
190907785.7102758288 1698995.3276367188
191062825.0566582680 1708381.8750000000
187764365.2678209841 1320032.3217773438
190497497.5377870798 1661867.1137695312
191115227.2140859365 1710392.7045898438
187711762.9564910531 1307386.0839843750
188988451.2893504798 1503883.2167968750
194249160.4924972355 1915819.4677734375
194527376.1771883070 1925567.6113281250
187467134.7809371054 1218724.3833007812
190382020.9771994352 1652851.1030273438
190742913.8734163642 1682456.1206054688
190892980.3817349076 1696300.6596679688
194088565.4399478436 1903074.2773437500
194461694.3606457710 1922522.3994140625
187809269.1664607823 1325155.5854492188
187755293.4861577451 1319370.3339843750
190492495.0681333542 1661492.5668945312
196818248.8324755728 1935460.4199218750
187538943.1413548589 1247905.7324218750
194351557.6031641066 1918292.0869140625
190182618.1679985523 1633579.8315429688
191265227.0715295076 1721434.2421875000
188776926.3502473831 1475694.2905273438
190113014.1262912750 1620737.1772460938
190550137.5852053761 1670101.9887695312
190164387.8203254342 1629870.0151367188
187744635.6520718634 1312282.4013671875
188838956.0496410131 1484924.2324218750
191195550.2368111610 1716701.7221679688
190244383.3166233301 1643193.1547851562
194946936.4877442718 1929047.1113281250
190668949.7826905251 1672934.0830078125
187931675.8811541796 1337728.2993164062
187375054.3710220456 1191667.5791015625
187698646.2266250253 1292333.1035156250
187975618.8350909054 1349710.8647460938
188084970.9684437811 1362303.0947265625
188861862.6576262414 1490106.8432617188
190515915.6988003850 1665982.2612304688
190718767.2146771550 1676938.0766601562
191010594.4363265038 1706083.2602539062
194568062.5782729387 1926767.0800781250
196478191.3153195977 1934311.5976562500
188112432.6165449321 1368882.9375000000
190614592.8811706901 1672911.9965820312
190436224.2352056503 1661169.4379882812
194333884.2723813653 1916303.2685546875
187415623.8267224729 1209759.4238281250
187404061.6922468841 1204849.3662109375
188963982.5458046198 1499778.0019531250
190997292.0939375758 1702668.7944335938
191035799.3662668467 1707293.2211914062
195168771.3932457566 1929672.1992187500
190727209.7298893332 1681251.4492187500
194481886.1778166294 1924083.3222656250
196795366.8853967190 1935393.4433593750
187891231.3224341273 1335981.2963867188
187421010.7767554820 1214134.5034179688
187703979.0146194398 1296148.3666992188
187878134.0325009823 1335865.7143554688
194420588.0281201601 1920343.4072265625
194484272.7147502005 1924621.6035156250
188983755.1030530035 1503088.1533203125
190553713.7251269221 1670602.9838867188
187904299.0719552040 1336632.6831054688
188910168.0420505106 1491835.5205078125
195139303.2578081489 1929324.1074218750
194890017.3749673069 1928987.1718750000
187711210.3939609230 1299828.8339843750
188802288.6942026615 1481671.9492187500
190811213.8246504068 1686410.2636718750
190590457.0231646895 1672082.7651367188
194338406.4979925752 1916526.8291015625
194418047.9904756248 1919674.1035156250
187391459.8943313658 1203101.7006835938
194636723.3851675093 1927456.6738281250
191255162.8230192661 1720830.9658203125
191061661.2977635860 1708339.4360351562
190782997.9099028111 1684200.7319335938
196645833.3477313817 1934432.2578125000
191287232.6912678480 1722177.1542968750
196731959.9946880043 1934735.8964843750
190837435.4142795801 1688010.1118164062
196341447.9847254753 1932246.8144531250
187399383.8884901106 1204477.2734375000
188021096.5198040903 1353147.6650390625
191177761.0666670799 1716056.7163085938
196418008.3113785982 1933345.7304687500
188850210.0106727481 1488759.8818359375
190860699.6242976189 1691991.5200195312
195797383.1283239126 1929901.7558593750
188137501.6419192553 1372348.0952148438
188184226.0191922486 1378462.9155273438
188089713.2146470845 1363878.9736328125
191238748.2795864344 1719750.4116210938
191145006.1560806632 1713821.4926757812
197347030.5400865674 1935620.4628906250
188156556.8134962916 1374144.7460937500
188918225.0478522182 1495519.9926757812
191093959.1030448079 1709833.4916992188
189100430.4647301733 1506481.1420898438
189051879.5424184203 1504544.0908203125
188085180.9055809081 1362941.4951171875
188849480.5600963831 1487099.2402343750
196410517.8043326735 1933185.1787109375
187469110.6683700681 1220209.3095703125
188181331.5169475377 1375013.4311523438
188146773.8355325162 1373421.0673828125
196471192.2701022327 1933593.8632812500
188055620.9975556433 1362179.4711914062
188271584.9373914599 1380482.7036132812
188024072.6978607476 1359766.9453125000
190867260.7005636096 1694629.3920898438
190743505.9445087910 1684084.7358398438
196474957.0492090285 1934287.3085937500
187507639.4961507916 1241811.1210937500
191036558.1774471402 1707849.6557617188
187671917.3320775330 1283765.0981445312
190951328.7464650869 1700311.6635742188
196718233.5441587269 1934711.0058593750
191808290.4090467393 1749728.0820312500
191693914.0861704350 1741352.2324218750
190982978.1849542856 1701154.2919921875
191223836.3026074767 1718098.4653320312
187460830.8915501535 1216301.3876953125
189191818.7811793685 1506649.3251953125
191647664.9616514444 1739807.7421875000
189075738.3537085056 1505193.3876953125
191799060.3582533002 1747540.6391601562
187674393.9318565130 1287272.1655273438
187469214.1579295099 1229821.4179687500
191812616.5298908353 1750236.0937500000
191207826.3984330893 1717235.5234375000
187572906.1204441190 1254993.6650390625
191329067.4211624861 1723707.8276367188
191583105.9861454368 1738686.3139648438
190871064.9963464737 1694923.1723632812
191222462.1374026537 1717751.8408203125
191749349.4776980877 1741597.2407226562
191772422.2852026224 1747139.0737304688
191233148.2066069841 1718503.0166015625
191518013.1407129169 1737525.7504882812
190852341.9079452157 1689796.6704101562
187671753.8277478516 1283355.1933593750
191451333.7825614214 1731606.7958984375
187679636.8899922371 1290850.2426757812
191343423.6208795309 1726826.4321289062
191130788.2775787711 1711383.7231445312
191196692.8469372988 1716971.7534179688
191008734.3835685253 1704770.5307617188
196342561.1985322535 1932854.8242187500
196697428.4631479979 1934502.1523437500
196764224.3359481990 1934998.9121093750
190742353.4611187577 1681785.7607421875
187637800.0467056036 1265036.7260742188
187538270.8109585643 1243572.0483398438
196357361.3823496997 1933142.7402343750
196481238.1367860436 1934382.5976562500
187558804.5247612298 1249219.3305664062
187622776.5391803682 1259554.5014648438
188770778.0475931466 1468748.2949218750
190798141.7733811140 1686111.5205078125
190681546.3286162019 1676498.1972656250
188697282.0447381735 1453077.3793945312
187656152.6047376990 1266712.6069335938
187587054.4204401672 1256618.3530273438
187561852.3017825782 1253731.7446289062
196582198.2041569054 1934405.8261718750
187594787.0988564789 1257741.4575195312
196269313.2388586700 1930749.3525390625
187666349.4545005560 1266735.3789062500
192514982.7404780984 1771739.2714843750
192674738.7057478428 1779824.1259765625
192563835.8937447667 1772590.3964843750
192606042.2264571786 1776381.2958984375
188724723.1351166666 1459764.2739257812
188754191.8666082919 1466852.2065429688
192671026.9768027663 1777650.4306640625
192765666.3394376636 1784850.4121093750
192573942.6497284770 1772717.8857421875
192697538.7514689565 1781806.6113281250
192417777.7526767254 1764926.9365234375
196296415.9138456583 1930974.0927734375
192486389.4960509539 1771505.7910156250
192671885.5142233968 1779693.3349609375
192387911.0570362210 1761892.4677734375
192380784.1799339652 1760837.4804687500
190097610.0852582753 1613350.8847656250
190046637.2922600210 1603398.4990234375
190042877.0082359016 1591998.5712890625
188570067.3039673269 1421491.6962890625
192344885.7646595240 1758050.2207031250
190087057.6387421787 1607063.0576171875
192342887.8376902938 1755147.2490234375
192438027.5161954165 1766189.0986328125
188517163.6322140396 1414546.6118164062
188697266.2411054969 1440320.9404296875
188618565.1281913221 1429843.1025390625
188643578.2609645128 1431831.9819335938
188696425.8972374797 1436606.7563476562
192283473.5804997683 1751344.9521484375
192291021.9586431384 1752183.9423828125
188595163.9353237748 1425325.0952148438
188550406.8445686698 1418824.9824218750
188492686.0519210100 1402340.3173828125
188482089.5244278312 1401245.6123046875
188630854.9129278362 1430823.4213867188
188608064.0151799321 1428055.3500976562
188516029.5453201532 1412597.0244140625
193298147.3301576972 1786930.5468750000
188455352.5709134340 1395432.8881835938
188452319.4246833920 1391386.7109375000
193008134.8958474994 1785838.9648437500
188442036.9019287527 1382460.8305664062
188458774.8149237633 1395830.3012695312
193056984.0152516365 1786711.6953125000
188488660.2019589841 1402174.1435546875
188515695.8739595413 1404781.0156250000
188442076.6443083882 1386876.8251953125
190036660.4659934342 1584848.5698242188
188479026.9294781387 1399994.3686523438
189959632.4376516640 1574343.5703125000
189985397.5842889845 1576617.8852539062
190021977.0835066736 1580125.3286132812
189707589.8156844974 1511283.7578125000
189810289.5591985583 1526692.3413085938
189915097.7780973315 1535470.3872070312
189843017.4781101942 1532212.6674804688
189797965.9265630841 1526288.3715820312
189920844.1759390235 1535786.8452148438
189926205.3991014361 1537199.3925781250
189763502.2727346420 1523306.3706054688
189839865.9375923872 1531476.5092773438
189741496.0689609647 1515824.7451171875
189883829.0518350005 1533322.9106445312
189742789.4024968743 1517605.1079101562
189714604.4505627155 1514767.0649414062
189654031.4308614135 1510769.3999023438
