78452130.1606990546 766947.4523925781
78905694.9834063202 838706.6003417969
80893352.8109219223 1042123.3984375000
80996866.1022138149 1054405.4951171875
83183444.2908596396 1174221.5781250000
83960565.3119250983 1195605.1933593750
85535217.2244912684 1225283.1562500000
80973352.3141604513 1052238.7460937500
84354478.4249452651 1203268.1601562500
86535778.0004727244 1236508.1357421875
79804223.4284167886 936227.7966308594
81748958.2903161645 1102613.3823242188
82011968.5804974884 1118899.4477539062
79150205.0219777226 868166.0766601562
82675974.6930200160 1151198.2890625000
84448262.8350660801 1207532.3496093750
78243132.6513390243 707270.2745361328
81069199.3635135740 1054691.5429687500
83332232.1572024673 1177738.2695312500
79125202.9705167264 863215.2153320312
86946805.8355976939 1239608.3632812500
88147560.5190661699 1242954.8427734375
81537299.2723489702 1089848.0317382812
82828374.3361126781 1155123.7343750000
86294225.5268829465 1234727.4208984375
78332984.5104112923 726320.2712402344
79262007.0270797610 876891.7102050781
82269543.4618869871 1134403.3818359375
81933409.2076987326 1113676.3911132812
82016060.4030298889 1121808.0932617188
82328291.4104107469 1136771.1328125000
83420491.8861730248 1180772.8437500000
85445242.5808602273 1224793.2246093750
85341161.3735582232 1224216.2558593750
79292011.0896507055 878521.3488769531
79196681.0986229181 874296.8752441406
79099475.3524964750 859107.4455566406
78290039.3147888035 712138.5007324219
82728101.6161797643 1152919.8945312500
81477720.4357487857 1085711.0112304688
78291708.2608260959 720532.0177001953
82761834.1480085701 1153927.4238281250
84623841.1176515669 1210952.2304687500
87312409.1525208205 1240702.5898437500
87763364.9533870965 1241679.0195312500
78583151.4018776268 792234.0861816406
79026975.9771397710 852156.7089843750
78975602.8728656620 842974.5983886719
83140256.6370065808 1169541.0400390625
85226357.8640602976 1221804.7597656250
85514167.3466862738 1225082.7392578125
85636422.4663143754 1226412.4609375000
86356003.3533213288 1235119.2734375000
82880217.7241259217 1157112.9121093750
82485435.1160189509 1144832.9707031250
82334236.6784766614 1137174.3823242188
78294705.0645504892 722634.6680908203
82247756.7618291080 1132353.5249023438
82632373.2268030345 1150252.5322265625
84686801.4419863373 1212740.8671875000
86365240.7608597428 1235122.2158203125
78330562.4499933720 726152.5743408203
78766176.1224439740 817741.4509277344
78713154.7206959128 807618.6479492188
79852417.7328864336 941649.7937011719
81366241.8985624462 1079610.9204101562
86893160.2421130389 1239412.6777343750
86407468.4542449862 1235696.2421875000
79146335.8688405454 864409.3234863281
81048598.4328851104 1054611.7167968750
81741814.2883515209 1101584.2832031250
82096058.3272510618 1123133.1811523438
86766195.9970821291 1238532.3623046875
78765788.8655978590 816295.3840332031
79825107.4961319566 938140.5798339844
81480123.8788530827 1088268.5590820312
82460369.2771379203 1142983.2597656250
83314431.5949434638 1176090.9902343750
84199139.6205179840 1202930.1386718750
78323855.4573342949 722768.3594970703
78722810.1145253628 809505.1520996094
84830843.4750430137 1215274.8671875000
87208180.7574449480 1240300.5820312500
79720279.3768672049 929837.8610839844
79717131.3111136258 926557.4907226562
81410104.2804427296 1081254.9028320312
88155635.3294904083 1243032.4873046875
79167006.8090877831 868686.3559570312
79768931.8112241775 933035.9909667969
83546646.0712660402 1184672.8427734375
88203996.9059495181 1243203.7109375000
78238600.1540015638 706023.3721923828
82868421.8498470336 1156509.5166015625
82436264.3255763948 1140015.4208984375
83381225.0149938315 1179505.1923828125
87478946.9293704480 1241270.6611328125
83278792.9334188700 1174409.5654296875
82475428.9826739132 1144248.9316406250
83295908.4265420735 1175767.2353515625
84910483.6640140563 1215682.1894531250
87317019.9226313829 1240986.4501953125
84441392.0127189308 1206289.1748046875
87637218.7434396297 1241275.5615234375
78664704.3724838793 803749.6860351562
79838702.1921494305 938868.3974609375
82455604.7948305160 1142399.2207031250
82448589.0205205977 1140324.6059570312
84727440.8184527755 1212971.4589843750
84738173.2139534354 1213820.2724609375
88463323.7150881141 1243792.4433593750
78286980.9968001544 708657.7478027344
82396252.0866028816 1139716.0751953125
82392855.6149340570 1138987.7211914062
84054106.5023727417 1199086.8369140625
87120817.0500299037 1240294.2314453125
83285307.3134736717 1175417.1376953125
87934801.7765106708 1242459.9755859375
82148981.7196387202 1126701.4936523438
88258084.2148042172 1243271.7236328125
78352806.0905232877 738109.7412109375
81100331.6368189305 1059023.2968750000
83689036.2758780420 1188679.6396484375
86343398.3612307310 1234856.5683593750
83491391.5936321616 1182332.1689453125
83768793.8260787725 1190448.0576171875
84569449.0708069354 1210292.5087890625
78449253.7022598684 764478.5804443359
84542591.4926341921 1208019.3544921875
87235780.9761590809 1240658.4453125000
81954718.7655268908 1114774.1137695312
82098522.6218856424 1125122.0209960938
84118776.3232565075 1199207.6640625000
78858059.9651805311 830864.8652343750
79071108.7480964065 859089.3085937500
78483815.6670650989 778038.5429687500
78980206.3364723474 848864.3386230469
86777419.9407106787 1238855.8291015625
83319036.4102739543 1177216.1894531250
84186183.9501610994 1201888.6025390625
84014221.8302469254 1198217.0703125000
86964272.0568331629 1240010.0205078125
87945351.9151391536 1242516.6845703125
83779510.5211843550 1190461.6162109375
83981459.1175717860 1196875.9101562500
84952445.4352175593 1217119.0273437500
78541173.1322102696 786051.9929199219
78802047.2648333311 820416.8300781250
78956379.2718234509 839685.4704589844
83665150.0425824672 1188531.3613281250
83837027.4850035906 1191144.8662109375
88175859.3601951748 1243130.2724609375
78837264.6547250003 829627.0351562500
81573768.5567737967 1090468.6000976562
86644682.2502240390 1237632.1542968750
78622772.5118605942 800317.3049316406
81682036.8648664951 1099234.7426757812
84356057.8242634833 1205272.3496093750
85978403.9832936078 1229540.4248046875
79604532.7791923881 916429.1923828125
83109195.0766509771 1166593.9843750000
86818322.6654842049 1239089.0439453125
78422327.2711348832 760290.9580078125
86732889.3653833270 1238333.5585937500
86714521.7691831887 1238234.3662109375
79588067.5300330669 914358.3298339844
79670361.6704462022 925044.1384277344
81621173.9006640613 1095860.8500976562
85478130.0866282135 1224910.6503906250
81341752.2966732830 1077028.0507812500
86842161.9055199027 1239324.1523437500
83860115.6819511652 1193662.3085937500
79823732.0940283686 936321.4001464844
79659427.0874263048 922705.0417480469
81585025.0232980698 1090486.3530273438
86034277.0554492027 1230604.7783203125
78651202.2708221674 802993.0114746094
81536584.0798111260 1088567.1948242188
83059959.8877538890 1162519.2792968750
83742801.2313377112 1189797.4248046875
78275949.2596029043 708273.5255126953
81240684.1756341010 1071303.7197265625
84657857.8576589972 1211708.9667968750
81106838.6467923671 1059815.9121093750
81157072.7810326368 1062036.7128906250
78820280.2693159133 824101.2490234375
80956457.3340141624 1045114.9111328125
83149833.4732350707 1170214.0585937500
78516041.1923794895 783169.0803222656
78883582.4531513602 831290.9555664062
83946915.3568829000 1194869.5224609375
78237579.2379737198 692687.6968994141
81077243.2183616906 1058139.4824218750
83914127.1778991669 1194412.6572265625
83863141.4765075445 1193662.5976562500
85064397.2758273333 1218284.4501953125
78546459.6266661584 786785.7609863281
78899481.8014202416 832637.2648925781
84988314.1682837903 1218151.4423828125
78824938.8326453120 825556.4926757812
83639558.3531703055 1187515.5537109375
86043695.2011327147 1231482.7138671875
78868970.7470919043 830871.1281738281
79669675.4170594811 922927.1501464844
81231056.4852127731 1069397.6059570312
84166638.7610213161 1200736.4453125000
78449528.5037593395 764680.8000488281
83628676.0134090185 1187373.3154296875
84535282.0079450905 1207866.9902343750
78560789.4277587384 791061.0393066406
78532975.9965306520 785209.1535644531
79535035.7761335224 907437.6091308594
84133498.2127060294 1199844.8984375000
78371041.4246786535 745293.2219238281
78375213.5576644242 746430.5622558594
85175822.5814600140 1221594.0312500000
78388501.6644838154 753145.8503417969
85202072.3732701689 1221664.8007812500
78376209.5107594728 751564.7568359375
79765273.1622242182 932329.4587402344
81212203.1079954058 1067242.5664062500
78525626.8340290487 785114.9822998047
83783016.0621606410 1190619.9785156250
78430265.8314382285 761377.2106933594
78416128.8701129109 759198.9353027344
78608640.2106698006 795403.3391113281
78452755.1507171243 773085.9807128906
85423444.5014093518 1224287.0253906250
85100096.0595216006 1219342.6259765625
81928373.3451664746 1112747.0781250000
86109822.2329422683 1232045.1054687500
81186654.9058349729 1065620.2690429688
78590185.5822848827 795126.9914550781
79570923.5079263598 913327.1550292969
81166605.5641880631 1062510.3237304688
81410974.4242164791 1082336.9340820312
81275440.0106710792 1073145.2973632812
81973018.6281714141 1115304.5874023438
81478796.5363177061 1086823.4799804688
81307282.2208473533 1074987.0473632812
78757702.1936610639 814276.2888183594
81421147.8163633645 1083224.1723632812
78619852.3036220223 798652.2719726562
78545136.6585023552 786316.3916015625
78509964.7364713550 783003.8186035156
78683355.0488715619 803982.3947753906
78571045.6097813398 791907.1154785156
78430388.8012669384 763369.6549072266
79966497.1370823532 949947.3474121094
78466344.6642138511 774709.2469482422
86083014.7653582990 1231705.3056640625
82974519.7980730534 1157747.5400390625
86136949.2925841957 1232262.6025390625
81838924.3310006261 1107123.5527343750
81778946.2360617667 1102771.6733398438
83023628.5951627046 1159275.6083984375
82846761.7178548723 1155739.8251953125
79955607.3165938854 948774.9042968750
81836410.6803581566 1104415.4326171875
78440884.3771015853 764057.3304443359
86178795.3333688974 1232800.4453125000
80006102.9296883345 952771.1066894531
79315632.9737767726 882215.3342285156
79943132.6130502373 946269.3713378906
79302788.2506979853 881343.0993652344
80050518.6343253404 956270.9633789062
80100083.0442142487 958780.1582031250
85625625.9361442477 1226225.2558593750
85815009.0377708375 1227957.9248046875
79879617.7542361468 942099.1877441406
80553031.1213017553 980991.3876953125
80701417.7515597939 982938.3017578125
80450912.4282769710 978329.0195312500
80163304.6591101438 965471.9985351562
80268135.7847268432 968517.7270507812
80127993.0854336023 962505.0590820312
80040233.9478263110 953523.6318359375
80159679.9576684535 963412.7993164062
80416119.2725332826 969366.0952148438
85783525.8721608967 1227564.0957031250
85845689.7799695283 1228300.5195312500
85804292.0162807852 1227774.4248046875
79458399.4898506552 898323.0734863281
79560577.6541049033 909733.6872558594
79460138.7122765779 898846.2736816406
85789565.4700837582 1227705.7158203125
85791720.3104826510 1227705.9707031250
79505807.2711383253 904340.8312988281
79411084.4270431399 892643.7531738281
79437558.3391920179 894552.7526855469
79469421.4016018957 899497.7302246094
79397675.9796903729 892520.0612792969
79346153.7589696348 885307.0222167969
80769055.0403937846 998930.6401367188
80762787.9964654744 998371.5600585938
80801233.7642220259 999845.1962890625
80883252.9049416929 1011394.0766601562
80828604.4050045460 1001315.5874023438
80858684.8128485680 1006032.6362304688
85835525.2974197119 1227961.0556640625
80726409.3871537000 986125.1396484375
