177183811.1652141511 31134.2934112549
160504646.4827092886 7885.7998945356
160901456.4879757464 11727.8533734165
161656604.5045525134 14060.6300252017
166916001.3540048897 23266.1247681677
167524443.1821240187 23886.7971756125
171623645.7025100887 28160.0689277649
171951173.0422041118 28373.6185417175
172829995.6365871727 28988.7464675903
175761639.7528044283 30442.0812530518
176942453.5620951951 30975.3666229248
177974848.1271946430 31286.8667602539
160663947.4559618235 9655.0608616421
163599216.1558314860 18733.7907848413
163897921.4125924408 19078.7120397741
167699248.9793806076 24183.4091868997
171506343.9047454596 27985.2832326889
171949429.8024288714 28311.4923439026
171545866.5600504577 27995.7916442752
171811486.2938161194 28271.6354331970
171455293.9922133982 27902.0473899841
174623631.0781921148 29991.6770324707
178127573.0946618021 31354.8117675781
177219113.4217115939 31196.8918457031
177106709.6355976164 31117.4876098633
177517703.7187592685 31272.5028076172
176708668.9951656759 30965.5188827515
160615830.1084043682 9313.0207768331
163998148.0385487974 19200.3815059716
166799142.8299896717 23049.6245316565
167857302.3217042685 24232.0468530400
177605288.1464301646 31277.6610565186
177309935.2286169231 31257.2782440186
176628930.2861641943 30904.0324249268
176898441.0299580693 30966.6599731445
166694688.1107433140 23039.1410721838
172091584.5558950007 28468.9688224792
172371249.5145399868 28605.3446655273
174702282.4440494776 30018.6074218750
177003327.8783685267 31088.9432525635
160977281.8733281493 12109.4941815220
162506578.9513357878 16630.7438116128
162983692.9065970778 17536.1094968224
171707540.5578965843 28260.0315742493
173244189.2511700094 29224.5635299683
160748196.0220636427 9933.5337259421
176147784.8086883724 30723.3475494385
176225003.6111767590 30764.1822967529
171828422.2009730637 28280.0836296082
163667421.4927364588 18809.4872875268
164090701.7535273433 19459.7698081786
166854984.1262477338 23222.5999867485
172107176.8719043434 28475.7962875366
160786066.7940948904 9949.0488466676
174762220.8453280926 30067.5068359375
180355910.4763103724 31425.6033172607
176324438.4287517369 30769.8761749268
163596248.3262331188 18699.0964031274
161029778.7029497921 12226.9213818394
163519968.8008081913 18682.1003246362
171383487.3854159415 27803.7955759764
171593717.6949316561 28084.8638343811
172378477.7207145095 28669.6525955200
173458691.4599019587 29287.0130233765
171686385.2927257717 28165.5430526733
172111620.5153089464 28501.7271881104
173491094.9111028016 29373.9667320251
163902340.5594816506 19199.7576274926
160664424.0858513713 9764.3941558549
160630334.9462885559 9497.6906934032
166409041.3247959912 22596.8607409894
171977630.9981692135 28429.1154708862
161089807.9136802256 12483.2350238369
160575347.9032611847 9248.9782353292
172899849.0397766531 29013.9457473755
163112610.8519386351 17836.9425809289
166944793.3907228708 23314.1468648016
176254285.3185399473 30768.4195709229
172221657.2351171076 28558.4842834473
163778496.7148121595 19073.5103893334
173265632.8103433549 29235.0507011414
160517547.3731763065 8197.3688299299
161137459.6799795628 12559.5904673122
162874393.0899773240 17502.9256265069
161217019.3033234477 12855.4217051052
161092893.2757288814 12483.9687021755
160607451.5673601031 9307.2195304731
162472432.9003226757 16510.9471485669
164014565.7463992238 19366.2842617089
175833509.2681773007 30467.4599800110
180355604.1841709614 31423.2810516357
174464376.0180849135 29845.9668807983
164068300.3082605004 19373.7144307549
166244082.3231084645 22418.8511704504
172528266.2560848296 28790.0942382812
161250944.7381122410 12882.9646822104
180115115.5319455266 31415.1793365479
160558223.0694203377 8422.8690387119
160558397.0594431460 8735.8255631734
162859392.3660843372 17466.6501246596
163730561.6219409704 18994.8312587792
172765061.9218213856 28897.2606430054
167009363.4292554855 23392.8360998034
166654971.5771268010 23009.2813633978
163770803.3351218402 19005.9867970998
166174841.3344061375 22357.2906350195
163690625.5576947033 18835.0367488916
163491982.7224307656 18632.6803798730
176085569.5241385400 30663.9587707520
176438050.5716566741 30787.6029968262
166349198.4698430896 22584.4232052863
161171380.3109239340 12729.8455166358
172058998.7362849414 28459.2703247070
175844303.3898942471 30580.6129798889
172049430.9788490832 28446.9649810791
173269675.0213727057 29250.8892478943
175842800.7392347753 30526.6318397522
162364133.4157432020 16179.6453831250
186298359.4491223991 31426.8484954834
160746310.0501276255 9813.9965155969
163083116.6184723377 17836.2983067204
172255436.8450355530 28569.0102996826
176230197.1577048600 30766.6904449463
161166637.1971484125 12710.0865139503
172781873.1006865203 28972.2530593872
176026125.4015648067 30613.0127105713
186089508.4292165041 31426.1026458740
162277282.7256518602 16091.2641270215
166285450.3647049963 22454.9817551672
160508136.4984315634 8193.9855496396
162844906.9343389869 17436.9984290654
176063710.6910690367 30656.6584167480
176097679.3707938492 30669.6152191162
160492214.2531133890 7849.0641882062
166541923.6888719797 22839.6211175025
160503537.7018763125 7873.5259195572
162336963.5200830996 16165.8159306104
173175101.1859855950 29180.7634620667
180103188.4204321504 31405.8756103516
163574176.4820471108 18698.1168117578
162396028.9664857686 16462.7171299512
173037606.1867142618 29101.5562171936
161280000.0507926345 13057.2486882347
162845601.8260415792 17465.4895779992
167485159.0151184201 23885.5644240975
167629050.9405453801 24028.6503444314
160551010.6714870334 8319.8827046041
163006256.6324468553 17728.7970731164
162395560.5693425834 16377.4553354906
166421813.1039543152 22699.5231923163
173375784.2554477155 29261.3341026306
167560812.7040778100 23972.9230743051
172890672.1041546762 29000.4309310913
162386345.5099254549 16348.7573694045
162368263.5657402575 16331.5745643432
172431521.4152024686 28712.0249252319
179411328.5071113706 31375.0635681152
179549097.9103499055 31386.8740234375
179352347.1240713000 31361.3571319580
160574556.4532284737 8872.7627352035
174615179.6430958211 29972.1524047852
174509686.5802880228 29866.5353393555
166228958.8856666386 22397.1399582922
167904893.4920479655 24342.0335034132
162650967.0794462860 17005.9296544109
163472941.0242101252 18438.0956805403
160546612.8652330935 8278.1445746903
162843715.2840970457 17413.8219914491
172466275.0252129138 28728.4087066650
160575219.1393393278 8889.6165041426
174348747.4226116836 29751.1434211731
163347863.3143956363 18346.4869794900
175368151.6274351776 30342.7197875977
161278813.3381782174 13017.7805735576
162622154.3597159386 16979.6490804756
166157514.8055177331 22353.5909966528
172613366.7368464768 28840.2765808105
162986390.1584950387 17626.7403500591
160565167.9324285388 8871.7262361801
166118628.1998251081 22266.0298203528
160523870.0655613542 8277.5984026078
160562850.6593237817 8836.4838922775
162643967.0822271407 16990.1172628457
166440315.7282529175 22712.6879014075
161332311.5771230161 13157.6674791906
162547514.2035019696 16746.9523649270
162765302.6461130083 17200.7472181375
172651057.8517704308 28868.2628555298
163148250.8969625533 17912.2086439187
176548193.5056189895 30809.5509643555
161491353.2186454535 13706.2549393711
163254822.4074858725 18090.4871060754
171326545.6920360625 27553.1768836975
161419336.3743526638 13348.0869248447
166299742.9083899856 22561.3060044348
165506953.2517052293 21401.7410149276
167790133.6023105681 24209.6863332391
161458981.7452641428 13483.1620395717
167652849.8185089529 24056.8885055184
167670981.3341312706 24079.6245522499
167833521.1743291616 24220.2939992547
174966635.2307080328 30120.5381011963
174867223.3663838804 30106.3650894165
165690787.7319992781 21712.8983363807
162791162.3807045221 17328.9070997293
171363157.2975747883 27588.3359079361
169114128.6954456270 25472.5940163136
165490015.2781889439 21335.3524632156
161206240.1463607252 12756.4705853004
174316830.6158062518 29727.8526458740
161426566.3877803981 13480.1294682559
162724444.4517839849 17109.0479793916
175699151.2261354625 30430.9459991455
161774563.6429953575 14210.7702935275
161303019.8854638636 13065.1620145802
161676512.7033708990 14127.2004426888
169030449.0034733117 25387.5800196528
175471501.2785156369 30383.0786437988
161790905.1259731948 14442.0419591007
167242924.3299211860 23588.8006880581
161484638.7928564548 13703.1717045841
161855750.3599103093 14444.5693810520
166123439.1506814957 22300.6461848915
163134955.4118685424 17864.3115277950
161560372.3951108754 13850.0741417941
165607554.4354998171 21501.4585137069
161608814.3054906130 14040.3478604015
161775634.8483732641 14286.0911381778
161926083.9576536417 14453.2015898910
166049723.9679113925 22088.9738826454
168567606.7423125207 24883.4637138844
167400041.9783008695 23767.9708782136
166014023.7695411146 22074.3470973670
174660997.7604492605 30001.1449890137
161324988.6670317650 13127.9235872989
166043343.7794947922 22088.3688716590
164350355.8998560905 19672.9220662916
174121968.6522757709 29524.1986522675
175246923.7338763773 30245.9647750854
167131205.7922255099 23485.8222029507
175157802.1779480278 30217.0018005371
174129902.1351535618 29650.7430648804
174593981.8269219100 29951.2717819214
175406122.3413344324 30347.1243133545
165731624.2236320674 21744.9231285751
164290323.7079523206 19646.5181903447
165662456.1884545684 21682.2058129013
165930744.2744401395 22050.1093959510
174264422.1825000942 29703.4255752563
173928429.2303808630 29507.1303939819
174487042.4997393787 29855.1822357178
165647639.2349903286 21631.5522441566
174361628.4760715067 29811.7177581787
175262341.2292827070 30297.3023681641
166021299.8914117217 22078.3129329383
165615981.5097692907 21583.5880946815
165866652.6304211617 21969.0686244667
169942862.3137812316 26102.7691780329
169685142.8219231069 25915.7807819666
175334798.3195354640 30338.0848388672
169341261.4369752705 25697.6528526545
168753222.6821208596 25140.3947111368
168685086.5532682836 24973.6909719706
169730348.0823761523 26025.4250694513
169515674.0393141806 25869.6648002863
169290248.8954970539 25660.6413732767
169176243.3016481102 25549.8934951006
169045694.4840114415 25408.7992559671
168909929.8026783764 25310.3692938089
168569840.9618141353 24929.4382597804
164317519.8068012893 19649.0322242583
168442404.2262078226 24737.6746335790
168224708.7654120326 24538.4586358831
164555422.2776010633 19719.4401494468
168378943.6953042448 24696.2266374395
168132201.5908022821 24358.2014517353
168151884.7717705667 24406.6665192842
160819359.0511778891 9969.1532017207
165151258.0386153758 20749.5499652186
164583259.3314191103 19749.0440384308
164482792.9633699358 19712.1660518507
165138168.8987694681 20726.0478741983
164578720.5298336446 19726.8491655150
164787432.4289217591 20146.5426943759
164943524.1012327969 20429.3465292910
164825168.2618270516 20185.7406313876
164600455.3317807019 19804.0226212749
165411309.8584261835 21012.1951389338
165402664.1344280541 20944.5297015468
165006095.5247703195 20483.6621311465
164995989.4688949883 20475.5845416049
165300542.5380542874 20783.9227882782
165385293.5829932392 20892.4707473079
171326324.4299101233 26954.0640029907
165084606.2329293191 20624.4230426112
164858845.4740611315 20355.6792834261
