153722929.7712004185 2342.6658992767
134241815.3259884417 1322.4409325506
134115523.2008663267 1304.5750359035
146262330.5406563282 2272.1414775848
146322845.3160325885 2280.2181186676
133848255.6433068961 1275.9368740589
133955848.1680426747 1298.8219479060
134203123.0427014679 1320.9747451377
137749934.8060545623 1713.0377138556
146066828.9281942844 2261.4661235809
146514601.0406456590 2282.5436868668
136536737.1818214655 1603.0498243226
149890389.6554554105 2330.0209150314
132664309.1389327198 1030.5012239859
132728101.3463350087 1045.9071469352
132774342.5059475303 1050.9974834194
132674785.3759636879 1045.3769409770
133876120.2730247527 1277.5286822793
139215966.3693665564 1833.5034939796
139253976.2723303437 1833.9576405133
148201089.5524049997 2319.6454153061
139113903.4752336442 1823.9891347140
133672011.0619605631 1253.4057621591
134042440.3989349157 1298.8485654070
137388799.2810159326 1685.4217927457
138833053.6528640091 1809.8149747699
149084918.2500067353 2325.6329050064
137431425.3248089254 1698.6164486409
147813646.1799525619 2314.2299337387
149734093.4174516797 2329.1744680405
133901638.5436997861 1278.3974909510
134052982.7927373648 1299.0625978409
138944969.4918510318 1813.3659809754
137488243.3912005126 1700.3189518894
138893486.4837184846 1813.0048299656
139506980.5099321306 1836.8683950232
147819122.7695282102 2314.2487020493
148161028.2547988892 2319.2362985611
148013110.8145298362 2317.3955612183
132824282.6551374644 1069.1095331003
148150067.0083953142 2317.5194597244
147843227.1792267561 2317.0505475998
134082155.9409566671 1301.4804790172
139206039.8191657364 1828.6147698165
146495346.2155480385 2280.2246789932
147841249.3593682051 2316.9315443039
133814045.7973638177 1275.4868629909
136096148.8605470359 1554.9298877004
137429616.9802645147 1692.6863438556
138329632.3689523637 1768.9278266170
138696447.6054231226 1795.4680871294
138941004.4953629076 1813.0907426105
139280040.0409168899 1836.8130866216
150063779.5200614333 2330.4608106613
132736133.5033260733 1048.4353683040
137233715.1157667935 1678.0389861452
137398587.9878222644 1690.6810772420
139672831.5784237683 1836.9336113856
139112884.0382671654 1817.8127836734
146515560.7859903574 2286.5761280060
153551063.7313717604 2341.2005386353
154403861.3560481071 2344.1206588745
136144650.8249660432 1555.9038324370
139457758.8311091363 1836.8504834102
132636238.8690593094 1023.9682800771
138894157.5103406608 1813.0714536832
153487072.0724372268 2340.8178272247
138422273.3317955136 1771.4916821645
154733971.2950063348 2344.4089031219
149043085.7654272318 2324.0682954788
138541965.5754545927 1778.7157784627
138532087.0334664285 1774.2224351094
133795791.3761479259 1255.7692729474
138550003.8211843669 1789.6381951497
138295163.1493705511 1762.0751711653
147643295.3047645688 2314.1815042496
147571600.0939461589 2311.1645555496
153200229.0122383833 2339.7745113373
153135627.6325923800 2339.3653659821
149316418.0544360876 2326.6743688583
149593300.5897001624 2328.8977460861
138693994.7087797821 1793.9695356117
149183657.0388644338 2326.5722494125
150416597.2406182289 2330.9514532089
149841439.5297176242 2329.8915758133
137842527.4605908990 1726.3563091446
137848821.1764591932 1729.5985940609
133116661.1991570443 1119.8544079942
146926484.2553380728 2295.8673086166
133027160.3484330326 1114.6174393706
149079755.6765532494 2324.2650842667
133485439.4278414696 1210.2981966947
138242836.7771759629 1751.0838696287
138331343.4167828262 1770.1894785688
145393541.9396568537 2213.7106323242
136164052.9439072311 1556.3867335333
146587126.5566445589 2288.3441362381
149435974.7315340042 2327.7197237015
153405987.2212363482 2340.4913520813
132791638.4373997897 1051.0589921420
133635121.6552002579 1237.4312814524
133717557.7283780873 1254.1935973641
136183531.6775649786 1557.6969857230
145537736.1057248116 2227.1963427067
148575465.0974881053 2322.1468381882
132993517.9460490644 1114.3724262399
133743442.2296851277 1254.3358995109
137099397.3588013351 1663.1995310773
138167472.6339678168 1749.5205043405
145872503.9866808653 2247.3714013100
138014899.0704608560 1743.1414144638
137757174.6955922842 1722.9782927105
140844637.0076459944 1927.8771178941
153682333.6438236833 2341.2922554016
147403624.7917187214 2306.7230415344
137293742.8045625389 1682.9508411576
136999976.4747780561 1659.2494402517
148794826.8371874094 2323.7020025253
133610384.7588273734 1230.8435456840
133532571.4781775177 1230.0706772440
146782901.4914410710 2294.8374471664
153718802.4882137775 2341.5733509064
141230590.5352887809 1951.7695951681
149133929.0577142835 2326.0454988480
141555557.6744556129 1974.5085566565
148669900.4293638468 2322.4677915573
149050394.7590495944 2324.0817708969
137750342.6963103116 1715.3511846663
137499997.4309372902 1702.5533457388
136218146.5315989256 1575.8325982108
137070596.4520304799 1662.8342816898
148674400.6624068618 2323.2324857712
137119103.1430115402 1665.6528218898
137813168.0840320289 1723.3741389140
136296017.6674033105 1578.3359770789
136993801.0326327682 1659.1478777517
137583664.3821883798 1705.9725263331
137644823.7811281979 1709.5309903834
133212922.7056968808 1141.8426691018
136926792.8816648722 1640.6865582983
141324574.5828444064 1959.8955942909
136846621.2725715935 1635.3282318701
148397214.0621708035 2320.8585042953
132855561.8713384122 1072.3181231619
132858822.4987005144 1073.6929114462
148416403.6651557088 2321.0143594742
151946382.1661815047 2335.3336210251
132948711.2292561084 1093.6643627213
133456698.5000502020 1187.5940714114
153893792.9466680884 2342.7849617004
133481669.6691415906 1210.0232696169
136328666.3574609160 1581.4805339291
151359035.0269194245 2334.3793926239
141494360.5461380780 1967.1401789407
136313717.8681321740 1578.5818105354
133479714.1283135265 1206.8008026712
133393739.1489122361 1186.8667274571
136230621.4135326445 1576.1269812598
147343034.8697471023 2304.7379159927
136535659.3863910139 1601.1363359815
150977533.8316426873 2332.6192989349
132969652.5560431778 1094.1298014411
136427013.3985405564 1597.8665854461
141384177.7123811245 1964.4181781034
132825470.5438017398 1070.5679453538
147119164.0069811940 2300.1818399429
141202266.2932108641 1947.8929722528
133202045.4353142828 1141.7244620188
132917535.8204961121 1077.6373882589
146543863.8046929240 2286.8621807098
146602461.0662265420 2288.6301250458
132898106.9722204804 1076.4791310170
141107542.1055572629 1947.0309174280
141461403.6946983933 1966.2166375369
154380655.8189063072 2343.5213756561
154144921.8947906494 2343.3811645508
136850771.5027564168 1640.3859373023
136523571.2453742623 1599.1261372369
141017979.7018941641 1934.3805671185
154097188.6897784472 2343.3388576508
147175905.2307422161 2300.3868398666
136641343.1579609513 1619.0094643957
146969912.8508667350 2297.8546781540
136739704.7506143153 1623.4267799659
147011528.1815520525 2298.8533086777
147241232.4100973606 2301.5426454544
151781058.2152626514 2335.1264257431
147314706.5861033201 2304.3516988754
133435774.1994437873 1187.0803947084
146015370.1903331876 2258.8168382645
151138743.9973307252 2332.7317276001
145411187.7802828550 2216.3345203400
147038478.1453121901 2298.9696645737
151440946.3819924593 2334.5773153305
133355152.3373161107 1186.6881847017
151241668.2108729482 2333.5648708344
141709721.3029409945 1974.7636760498
145435952.8940165639 2216.8906068802
155211558.5192986727 2344.4268150330
133296181.0367393792 1163.7910913127
133265324.1533524394 1161.3137312694
150968934.2030214667 2331.2511653900
133226288.9919371009 1161.1387534901
151642044.3731222749 2334.8009405136
133308914.7170910835 1168.2748158888
151365181.0811432600 2334.4648351669
154388659.5197305083 2343.6134033203
132811825.0477876216 1054.3515359365
145383835.7540152073 2197.2041304111
134962103.4293780327 1393.9476570638
133173690.6394206583 1138.5401883679
134925513.7945719659 1393.6832420754
151301525.2540213466 2333.9520778656
136680708.4040106535 1619.8206519997
145631049.6659661531 2235.9897179604
134984763.3011166453 1395.1722140324
145915231.5641500950 2253.4435482025
134850690.8589736819 1376.6914894592
145941795.6848826408 2254.6384510994
136970455.1426475942 1646.8061096605
145754226.1435345411 2242.7627539635
146270893.4943353534 2272.4915542603
145581352.9113128185 2231.4691686630
141067530.2709336579 1939.1877391785
147312963.1824800372 2304.2016954422
134850768.0041046143 1380.5596425703
135096238.6551497579 1399.2456488621
134792519.9312536716 1374.6119606274
141061587.9981709421 1936.5725331707
151177842.4126160145 2332.9509077072
134922304.8497266769 1393.6606964620
147299743.8812910318 2304.0763292313
135059888.0342623293 1396.9468264591
134752417.3270201087 1370.6799921545
136793431.2186018229 1624.5739814602
136798983.2886851430 1626.0700046383
134680186.7374261022 1365.3749720855
134728278.2422509789 1370.3824946685
134530217.9534338117 1347.0197880669
134612280.4907222688 1348.9568007393
141294297.8600988984 1954.0804559095
134632412.8665663302 1349.4920932197
134490364.4889168143 1328.3847827467
134673690.9534416497 1352.4858773611
134617663.2676358223 1348.9594110660
134522771.8602150381 1334.3623248003
152852456.8778434396 2337.1511983871
152952863.5341063738 2337.6548032761
140950379.2032775581 1933.9186101360
140653108.7653229535 1907.9636435956
140658888.8011046946 1911.8117847942
140913557.4087879956 1928.7005959057
140735535.1850718558 1918.7068949460
152797618.7104365826 2336.5894517899
152362993.8429727554 2336.2314710617
140481618.9018781483 1901.5644001099
152187208.9545115232 2335.5257368088
152392996.4494235516 2336.4273614883
153021030.9887490869 2337.7533712387
152538196.1767515540 2336.5652189255
152417460.2903781533 2336.4436044693
140622080.7258107066 1907.2823166251
140068274.2560732961 1862.0775935650
140175027.7718341351 1871.5778231621
139984358.1837123632 1858.3961227387
140432939.1712504923 1892.9525761008
140118960.1917105019 1864.7752794793
140150826.8574150503 1869.5568860024
139920810.0302885473 1857.2382533550
139868412.9991943538 1842.8437314220
152298865.7014024258 2335.5748605728
139780702.9486248493 1839.0682206340
139744190.4816318750 1838.9520325847
139814010.6880810261 1841.6059556194
135590070.8365990222 1400.6104195809
135434855.1036159396 1400.1636853164
135596313.0963637233 1400.7016364738
144771355.6001077890 2134.2215519100
144597221.7355062962 2126.3658923209
144223676.0510804653 2103.1560130063
144408709.0612098575 2111.2346841171
144543987.1757251620 2124.9060238898
144462798.7499021292 2115.5146187842
144338723.2025836110 2104.6696738303
144486074.6097679138 2123.4216689169
144668263.0610828400 2132.5461300910
145308253.9374749064 2167.7239553928
144941384.1380544901 2140.6671664864
145305397.3161646128 2161.5902669579
145115379.9539985657 2156.1597594060
145080480.1585975289 2150.7269122750
145271469.9621741772 2161.1480329186
145012884.7668631673 2149.7140433937
145139469.4840690494 2159.4191424996
135898953.1461662352 1438.8744484880
136037509.1383130848 1456.4707831838
135990322.4999978542 1450.3505854704
136003597.3121080995 1456.3748355010
135842968.5329665542 1410.8777574890
