393010985.2348483801 4236913.2363281250
393684607.8385525346 4247762.6865234375
394110988.4752368927 4256372.9062500000
393821591.0407833457 4248129.4072265625
396496524.1645501256 4284322.5810546875
396347468.0796700120 4283965.2119140625
405602746.7723225951 4311062.2929687500
377870512.7038930058 3285618.3154296875
377761265.1069885492 3271156.9086914062
379206072.3403112292 3444669.8295898438
379474582.1779984236 3476174.2065429688
384339902.8899107575 3911410.7543945312
385716236.0716161132 3984431.3730468750
388314185.5716182590 4098312.5166015625
388721934.9421058297 4117105.3183593750
388953436.8992830515 4124206.4375000000
392889387.4114394188 4232919.9785156250
373759525.6763557196 2362512.2797851562
388412822.7819334865 4103184.9951171875
390249505.0181158781 4162165.3046875000
390532148.3937385082 4175792.5371093750
394287529.3148046136 4257385.9589843750
395541334.6095671654 4272479.5517578125
396192485.8031448722 4282423.8896484375
375436333.9658445716 2909223.0183105469
377623442.6194780469 3266606.7612304688
379206896.3285937905 3448527.7055664062
379474129.0037673116 3475937.8920898438
384027586.6363433003 3898485.4243164062
394043759.6454086900 4255963.9960937500
373872041.8811822534 2478394.3999023438
379490487.7617172599 3476938.0791015625
383574161.8942447901 3866786.9545898438
384041421.6082126498 3898594.0415039062
393060605.7752692699 4239652.9160156250
389148841.4025334716 4128589.9638671875
394206686.0783050060 4256406.9863281250
375149742.0987210274 2853365.8449707031
375365601.2575063705 2901079.4831542969
377476136.5829066634 3247472.3676757812
379166095.3919167519 3443909.5249023438
379228317.0021766424 3452714.1616210938
379249643.2557258010 3453690.8999023438
383646370.7430217862 3874420.3911132812
388908577.7266327739 4124001.9443359375
393602182.6943318844 4247133.3916015625
394020597.9391223788 4255792.0585937500
395651953.6111493111 4275536.7939453125
373849993.3224406838 2461120.8422851562
395493806.5611491203 4271347.6103515625
405354221.1779738665 4310009.0156250000
373901243.8708546758 2480898.1645507812
383735824.3537550569 3877826.4331054688
383687566.7033914924 3875484.1938476562
405347561.4031768441 4309668.3164062500
405059997.3165409565 4304078.9375000000
375440602.4686411023 2914083.4875488281
384048552.5916782022 3900385.7651367188
405242726.0207043886 4306527.2236328125
375330748.5911010504 2898164.4045410156
379408486.0801465511 3471428.6665039062
383916631.5569269061 3893593.6479492188
392755194.1987460852 4229395.8183593750
405555772.9735472202 4310999.9492187500
375274545.3741713762 2884056.8234863281
377560472.0986403227 3256056.1364746094
393337793.2979928851 4244767.9970703125
379339958.7064490914 3460909.4897460938
396073992.1476283669 4281766.8505859375
373774944.7494011521 2379528.9599609375
373843455.7822805047 2460904.9077148438
388464767.5655933022 4108209.5507812500
394233753.9767840505 4256862.4160156250
393236264.8912282586 4242526.6064453125
373760769.5157463551 2372011.4135742188
375171913.4597922564 2856370.9260253906
375241126.9996866584 2870160.7443847656
405858932.4348360300 4311376.7832031250
379451517.8351184726 3474804.9995117188
374137526.4497495294 2500827.1215820312
375186400.6265051961 2866289.6066894531
395860940.0668458343 4279935.1474609375
405538802.4623295665 4310504.5917968750
373795991.4127359986 2402513.2956542969
373785725.1530253291 2390405.6662597656
394236032.3443706036 4257213.1679687500
379619950.7254467010 3485736.3764648438
384155465.9735156894 3905385.7963867188
388314328.0652368665 4102618.5048828125
396293950.0708036423 4282868.3798828125
379326792.8273779154 3460134.7407226562
379444980.6819045544 3473287.7851562500
379534623.7821797729 3482003.1464843750
388416419.4517388940 4103563.8330078125
388674205.1657271981 4115770.1611328125
384226450.3005967736 3908246.7172851562
384065008.6714870334 3901957.3686523438
379572304.2193408012 3483932.7329101562
379375242.0111622810 3466832.8266601562
381842525.5621019602 3712618.3608398438
410458825.5223397017 4316888.1748046875
385528185.4368755221 3976087.1474609375
394290144.5347588062 4257768.3730468750
383705506.6791966558 3876814.6381835938
385558164.3607516885 3977163.1259765625
389263052.0019648671 4134324.4667968750
385373574.1368756890 3967161.6826171875
405948915.5158891082 4311532.3408203125
381840485.0572205782 3708893.9023437500
383838724.4291310906 3887663.2915039062
385641940.2806422114 3982371.5166015625
393425229.7797366977 4245407.5644531250
377379083.5663759708 3225801.9335937500
385431530.1097930074 3972898.6074218750
397674852.3960411549 4287310.8212890625
385112843.6507501602 3951744.4980468750
377400901.3789647818 3226660.3466796875
397136169.7770735025 4286591.7802734375
373839322.1385424137 2432333.3515625000
376423825.8696847558 3069323.8276367188
377341909.8510770798 3221785.6845703125
397026140.6485328078 4286036.0908203125
374310187.0722786188 2580494.4365234375
385294572.3010563254 3963650.2158203125
377407230.0350189209 3231032.1660156250
377859870.0281026959 3281483.0026855469
388541871.3107734919 4108785.7822265625
383878661.0218827128 3889458.6665039062
384005772.2667660117 3897061.4628906250
385125198.0035913587 3954948.3359375000
385230024.3560861945 3961328.2509765625
385226486.1046624780 3960650.4824218750
374367504.4669154882 2591946.0993652344
374362970.7238245010 2590864.4926757812
377958507.2835760117 3286137.0327148438
385173913.1522231698 3958610.4687500000
396865308.3678823113 4284616.5839843750
391196590.1757759452 4187970.7529296875
385000310.4573257565 3948524.3789062500
376391065.3383291364 3067825.2714843750
388983001.1671951413 4126092.6835937500
390963852.2212730050 4184068.0644531250
410099999.3817013502 4315657.3574218750
391031874.9695006013 4187323.5273437500
383797103.9612829089 3884564.4057617188
391049698.4279760718 4187674.6640625000
377205670.6976111531 3195036.4719238281
391013456.1407915950 4185646.8388671875
377268187.7809784412 3208770.0822753906
377402366.5172935128 3227183.4226074219
377185071.3222061396 3193041.6022949219
390896810.6355689168 4183954.8271484375
384991354.0496618152 3944941.4023437500
409752107.6370938420 4314250.2812500000
376260142.7188593149 3042565.6508789062
381813523.2230725288 3707261.5976562500
409840376.3231002092 4314403.8437500000
376247527.4592562318 3038523.1665039062
409970745.1299829483 4314441.3144531250
381807734.7040143013 3705970.2695312500
377206828.6394914389 3195720.0993652344
384911985.9760497212 3943804.0498046875
384739991.1736530662 3933131.1298828125
409895311.7870447636 4314409.1650390625
389039681.1846405864 4127050.9267578125
393859222.7720410824 4251591.1582031250
377260409.6410078406 3205070.3415527344
390855135.1727475524 4183597.2783203125
409988741.4836045504 4314488.6367187500
377303969.0022460222 3211112.5168457031
376356400.7913632393 3060657.6079101562
377184115.1375915408 3186905.4006347656
377108171.6016227007 3166603.6184082031
373838490.8529049754 2409192.4348144531
374303167.2613742352 2577754.5983886719
384508606.6011117101 3920663.4428710938
377127140.6473165751 3174615.6853027344
377156516.2389356494 3179602.9606933594
395671008.3565513492 4275792.0146484375
388907860.3568934798 4121439.7353515625
387670578.6143255830 4070855.1953125000
376900826.0315790772 3143316.7678222656
376107964.8710841537 3013158.2548828125
376171564.8518114686 3030208.7404785156
376266351.7962021232 3044815.6987304688
387532204.3356677890 4062428.6757812500
374287930.3354198933 2569397.8518066406
376891042.6577627659 3131613.2487792969
387410207.8184557557 4057834.8437500000
408935226.4856804609 4312779.8056640625
395370313.3901032805 4270634.7587890625
395398423.7768164873 4270829.0830078125
409508596.4611402750 4313879.6787109375
409217875.8527567387 4313362.9941406250
376214076.0253638029 3034129.6752929688
380145935.3234430552 3536163.8930664062
376128630.6385867000 3021240.1560058594
387457268.3801962733 4059006.2792968750
387612396.8628206849 4065830.3105468750
387638152.8951975703 4066883.0517578125
387795089.5784841180 4074796.7070312500
376748432.0475618243 3115974.2121582031
376716952.2498444915 3108377.7507324219
376850376.7254342437 3130017.6528320312
398929503.3744935989 4288101.1601562500
376828141.5337142944 3126390.6193847656
376845887.7712537050 3128426.6271972656
387678782.6850181222 4070888.2285156250
374155367.2184324861 2507152.0156250000
374217691.2662169933 2529334.4812011719
374166328.8036754727 2513058.8278808594
374200891.3742100000 2520228.0612792969
374175053.9182172418 2513885.0925292969
376524412.9601818323 3080151.2204589844
376506125.3171641827 3075756.2219238281
398968710.0648833513 4288117.9531250000
376462764.4979943633 3072397.1584472656
376086628.0901217461 3009512.8942871094
398894932.7712633014 4287427.1347656250
380043700.3783022761 3525473.3979492188
380025692.5094393492 3522952.2568359375
374276095.4551789165 2541649.3957519531
374255994.1177777648 2533008.4064941406
380302979.6598471403 3543195.0419921875
376050756.6005752683 3002913.6540527344
395165666.2570644021 4264925.8896484375
394985410.4630613923 4263417.5498046875
394425183.4732505679 4258616.1416015625
394781042.1321246624 4261562.7822265625
394402073.6137883067 4258570.5986328125
393911787.5464749932 4252762.2285156250
379911059.9262870550 3510922.2324218750
375994906.4955870509 2982741.1643066406
375923173.8851429820 2970594.4343261719
388035462.2723076940 4081169.7236328125
375654628.8657997847 2919979.7092285156
375834938.5199546218 2947375.6271972656
379769305.9878383875 3496447.7836914062
375842373.2253065109 2953748.2907714844
375778638.4604158998 2942340.3698730469
379713715.6091346741 3490192.2587890625
375777884.0389050245 2934660.8503417969
375753279.2038624883 2929553.5764160156
375680134.0223758221 2925104.3459472656
390013357.8913246989 4146171.4970703125
404415965.4369093180 4302977.3398437500
404487617.8980501890 4303043.8955078125
383053714.3585718274 3796164.5991210938
404115262.0856819749 4301570.0244140625
404598741.5458115339 4303057.9003906250
390083115.7944660783 4152328.2958984375
404356588.9478783011 4302934.8486328125
374739675.3865719438 2606579.2026367188
403544454.8246551752 4298817.5146484375
392276817.4048035741 4206638.8994140625
403879234.4551003575 4300612.0751953125
382800970.2297702432 3780841.1372070312
378525375.2445847392 3324378.1965332031
382736866.3606611490 3772431.9282226562
378599980.0698634982 3334893.2814941406
378689251.6724721789 3337106.9650878906
374832141.8028184175 2613671.0539550781
382585184.4044304490 3762846.3315429688
382420529.4204930663 3749447.1591796875
382530856.6390597224 3759085.5278320312
382468436.2541303039 3754082.2348632812
382521064.4269838929 3758200.5219726562
382655339.9889683723 3767347.2509765625
374876100.4078810811 2617918.2316894531
374908808.5205562115 2627371.0405273438
389893238.2361563444 4144293.8457031250
389840552.4511588812 4141758.5371093750
389765377.7461022139 4139176.7968750000
389700959.1654070020 4135646.0224609375
374923758.6252760291 2633491.3144531250
389753753.2319022417 4137979.3886718750
389737872.4167423248 4136126.1640625000
375049935.0411198139 2648912.0927734375
375141534.2861639857 2660453.5075683594
383510258.0931407213 3830335.7045898438
375104501.7538552284 2660176.8298339844
379148200.9071355462 3406532.4179687500
378852623.0466867685 3359724.8684082031
392100975.2386432290 4200438.2714843750
378962767.5706109405 3376682.9826660156
392151303.0419000983 4201606.6123046875
392363806.8320663571 4207918.9345703125
379113792.9455605149 3399585.1567382812
379073467.8340415359 3390469.6489257812
378914188.7517685294 3369281.8227539062
392062538.4628121257 4199136.1982421875
383445956.9932683706 3820968.1538085938
378947144.5981169343 3370653.6237792969
392227232.8225186467 4204079.0332031250
392024420.2309670448 4195203.7050781250
379017545.0483459830 3380086.3708496094
391802358.3292052746 4189102.1103515625
391969292.3769806623 4193063.6474609375
403519715.7461616993 4292227.1425781250
403453688.7009567022 4290913.9824218750
