148313352.4944343865 18566.6018225849
155910527.1869658530 29111.5626068115
156107061.4742068350 29239.2169342041
156701166.7906994522 29449.7135162354
146088984.4272300005 10076.8524282909
146971135.4711040854 15266.8337390830
147595952.7680222988 17271.7607340515
147735282.0020121932 17471.1654717624
148569156.9735175371 18754.4626523256
148444259.4954755604 18712.0970310867
150717490.1125400364 22344.4115490466
154161704.8130156100 27420.0882949829
154790322.2846227586 27968.7413558960
155513826.4204489887 28824.9260864258
155377387.2682547867 28644.1226463318
155618121.7216912806 28949.0356750488
146252217.8735150099 11884.0704148058
146231339.5394623876 11830.3935581241
147521169.3519917428 16954.6301112324
147850816.4268627465 17673.5144035518
148111997.9367886484 18341.2559799850
154599541.1096038818 27821.3561630249
156428075.8800602853 29311.1640014648
158374982.9793209136 29693.7738952637
148236306.4079519212 18404.2048325241
146192074.6941364408 11189.9398723636
147955260.1024876535 18032.1398777664
148087970.0359778702 18233.2263288200
154246503.5916236341 27581.4213485718
155477778.8871599734 28790.7427825928
159081112.4997021556 29760.9146118164
147944307.6082419753 17676.1022421122
155786810.8077798188 29034.0795593262
154140646.8923269808 27136.4214782715
154653048.8537838757 27922.1811828613
154794858.9173669517 27995.7494125366
147105810.9342785478 15623.9917724540
147092406.7144418657 15596.8047665467
147901977.7057188749 17674.7108072937
154432163.5530809462 27804.5696945190
154968197.4757941067 28138.7440605164
155406642.6368221343 28726.6547050476
146179132.5964283943 10905.9169095941
147723877.6067940593 17309.2997259796
155050102.7235861123 28224.2179527283
155782302.5347858965 28984.6136779785
155456224.0169051588 28737.8704948425
158761297.9473908544 29743.9976806641
147575874.4246810675 17043.4759798646
147789117.2335460782 17668.2968849838
147026023.2384117842 15577.4637878349
147476025.3954928219 16938.0252368152
147416331.9652745128 16603.9595634118
147601349.6017547846 17303.2578043640
150422120.2481620312 22049.6398495473
157173241.3451491296 29538.5813598633
158701176.6385283172 29740.3988952637
158639035.5890940428 29723.8383178711
155035974.9455948174 28161.9298210144
150583994.5278457105 22304.7900856920
154814625.2127850950 28121.9575920105
146324170.8395570815 11934.1423589177
156542718.5650863349 29357.3972320557
146100579.2607814670 10098.9994483850
150218427.6251477301 21740.4805485606
150750118.0815619528 22352.1602028795
155843406.2151248753 29072.0448608398
150339655.4272237122 21965.8343234360
155105494.3002469838 28319.7268218994
155341985.4893405735 28615.6755676270
146142415.2586586475 10722.3517422676
147460514.9038037062 16730.1212586537
150155685.5282327831 21644.3865904063
150650801.7981884480 22314.8206299730
159025754.0345821679 29754.1750793457
147015788.2546044588 15542.2837398460
147382448.6875304580 16567.1516009942
150349030.8238017261 21980.7071999498
150303436.6778381765 21907.1509971358
155204223.0586625040 28420.1967582703
146110561.8557096720 10470.4524513147
146131918.8461140394 10551.7785198241
155778049.0389741361 28957.7701721191
155726536.7365132272 28957.2559509277
146214857.2846077681 11243.1879714914
146865483.2845751345 14798.4128692558
150094012.9642561078 21539.1471138634
155579904.6529732645 28824.9681701660
156086750.7985338867 29189.4290924072
155802064.4379810393 29055.2583923340
146211029.3148676157 11205.8163894601
147462682.5215015113 16809.2033346646
150435366.0931976140 22082.8973789103
147401936.8277999759 16594.3943502083
147274976.4177188277 16195.6200263575
147335752.7833274007 16566.6199905053
146876091.2563255429 14891.9163252786
150184244.0982981920 21725.8609924056
147273240.9558647871 16016.5817355027
150466598.7474312484 22096.6734076627
157428031.4576191604 29577.4917907715
147280298.5630178154 16277.4576751366
150376064.2319720685 21982.6085425504
146924884.1486108005 15170.2187850883
156348446.5387985408 29288.3255767822
158477917.4676941335 29703.5266113281
147454709.8601635993 16658.6486963665
150473329.9981527328 22101.4561104858
155329863.1633013189 28475.0897827148
157423305.9363775253 29570.8166198730
158348896.8495609760 29693.0287780762
147202022.3191424906 15953.8048819413
150569442.1724435985 22158.0382061191
155238382.6889314353 28439.3454895020
146503310.1003906131 12607.3695829515
147334063.6950175464 16324.9337033143
146537135.9919075966 12840.0311992471
146155997.6325402260 10871.7349685617
146213435.2450884581 11206.4809943624
156058142.2738656104 29125.5528869629
156675788.7998802364 29410.5959625244
158211431.2275691330 29672.4499511719
146481016.4647402763 12589.7791240220
146429733.2783946991 12589.4453026657
158399496.1841004491 29694.6828002930
158600948.7860100269 29718.7774963379
146581135.2571531534 12870.8247572784
147204867.0727432668 15995.8456617394
150284283.1190238595 21812.0040030368
156082708.4304312170 29141.2144927979
156058568.9538598359 29130.4049835205
150547399.7293709517 22156.8485292830
150226919.1999587417 21785.7883711942
156466806.4855477512 29346.5085296631
147295912.5120772719 16312.0436062326
147180905.6924195290 15950.2299170007
147282456.4420441091 16287.9183119645
156370935.7412748039 29295.2369232178
147158497.8438208997 15916.4653090348
150001677.6340512335 21394.4170743115
156867957.7360223830 29481.4026031494
146404970.7270411253 12460.4349114303
147102119.1871014237 15613.2775296082
146368511.3863568902 12137.1493368335
150174938.3210964799 21663.7598283626
149019286.9280626774 19337.1904840805
149986463.3411785662 21250.9447635002
147053194.1200765371 15582.3518790116
148887745.4190314710 19080.3560585268
149078477.4933804572 19384.7425804473
157003292.6840221286 29502.8803253174
158614972.9747851789 29721.9201049805
156330429.7989085317 29261.3408966064
150177667.3142266870 21711.9040585645
156789355.2702259719 29466.4999847412
148757523.3214238584 19019.7034998275
150788565.8547389507 22364.4078865964
149865275.3351968229 21006.7519941814
156858504.2227893770 29471.8374786377
146389761.0175707340 12172.5988526322
146367557.0141428113 12119.5386912916
149997803.1197972298 21346.8969870694
149679051.5378485024 20637.3580406196
149874058.9027999043 21052.0653198846
150993389.7656229138 22589.4281972963
150934133.8311022222 22580.9784148652
151054470.5218875408 22589.8240984399
150892051.8224044740 22574.4898656346
151055591.4123297036 22596.8485868555
156246522.9206109941 29257.3780364990
149728431.6832792461 20648.8400887139
150534511.1603636146 22136.3463021237
150526656.8282539546 22125.1940499265
157239615.8800670505 29555.3678283691
149747201.3215505779 20805.3338135369
150952388.1049101353 22583.0374642331
149733377.1712341607 20691.6925419457
150576442.5952604711 22211.5844613034
150919464.2640993595 22579.2372900527
149794811.6534815133 20977.5030335076
156575881.2843529880 29381.7645721436
148721867.0148891807 18855.1508036442
150799786.2448645830 22485.6304472070
156515254.8557866514 29350.8470611572
157978337.5706998706 29636.4777221680
148736508.6277714372 18965.9710856266
146347691.4349244237 12119.3088234966
146583149.3934028745 12895.9591102158
146700301.7573978007 13536.7376939063
146580330.7234331965 12858.6195373093
157065986.2524914742 29518.9874877930
146819757.7708394229 13998.6586583634
146646307.0525438190 13197.0952197765
146837734.7970349193 14107.5726072080
158145740.0750504434 29658.0991210938
146585142.8403412104 13159.1043731426
146770278.4842831790 13821.8807479595
156644213.3446111083 29398.5510406494
146649398.8324944973 13487.7673179363
149654030.3696782291 20591.0012614615
146677069.9077970982 13489.5784233515
146681083.8875762224 13520.5230382388
146625923.4764091671 13160.9747360651
148850378.1646743417 19036.4862383194
156636327.1846510172 29383.2919158936
149652252.6193398833 20432.7869041301
149326467.1151341498 19903.7553818412
149435904.0613301098 20106.8873291798
157699511.6996559203 29597.1314392090
146842992.5673185289 14154.2182527264
157414963.7186817825 29559.3269348145
146857641.8271914721 14156.9764320557
148879037.7631922066 19047.0373633243
149271864.0645371974 19832.7315170951
149544966.2324369848 20383.3883446790
146802010.3079884946 13829.3362981980
146809812.5210753679 13856.9300580025
149344275.0124612451 20038.9066879936
149040742.1296040416 19363.1116100587
146800357.9819711149 13828.3727447693
149596255.8183793426 20420.8821936585
149193139.2436406314 19726.3931098729
149386406.4599218667 20092.2192488648
149043443.7544110417 19384.4772432186
149492599.1625372171 20112.2231894918
148820315.6220664084 19031.9284786768
149542453.7183895409 20131.1964528114
149254767.1643182933 19762.4255782552
149355311.7311825752 20049.6627952047
149079579.6892423332 19403.1447467990
148972044.5696200430 19294.2281306125
148942502.2275141776 19292.2289240696
148980145.7508289218 19324.4579539485
149108098.7046231031 19442.6804150678
149033122.5143201947 19355.9066369869
154137909.1928111911 26572.2813491821
154101692.3454631567 22953.6538427732
153976173.4108012617 22684.8909752965
153915846.5605430305 22672.2274901867
