520644875.6323715448 1693103.4274902344
523255414.1042026877 1704258.6030273438
457473074.6340764761 383065.7980151195
457722112.1530233622 404820.1155850310
490412526.0753951669 1333722.8227445297
502467044.1176480055 1510139.6836338043
461962758.1463277936 654814.8586124480
461946977.0296946764 649292.2744178176
461618535.4101664424 640944.6986393034
461630007.8770414591 647745.3986515105
461781021.3258412480 647782.9153762162
457590719.6061508656 395268.4047927875
461448588.0678321719 640025.3645949662
461396878.8842562437 633770.3267656863
502087788.9960892200 1506168.6281717441
501790093.8682070971 1499700.2320957184
521891125.1980486512 1697135.2985229492
490690235.0693962574 1337013.3674238659
474214800.5710646510 1036149.4125771904
473652563.3091950417 1021957.2035928154
475129660.2051075101 1052532.6668305362
475419227.6195075512 1058770.2110484804
475386171.8639355898 1057995.2068695987
490487913.7201327682 1336093.2167874984
491377332.9689705372 1343855.2480500322
490760060.7455521226 1340319.5132962875
502305700.1886384487 1509042.3426914215
517713305.6035299301 1674464.6928710938
517607365.9127941132 1673167.3154296875
517447928.0064729452 1668722.5779418945
523801485.6913237572 1705592.1289062500
461499536.8893803954 640228.5129030794
461322543.1201646924 632751.9013880342
474763085.9974294901 1047000.3194739911
475245237.8399905562 1056648.0847816432
498866613.5317244530 1458631.4777835011
498401196.8332576156 1451920.2907717824
503959128.1499937773 1524065.6058492661
518311893.5454446077 1677149.6933593750
524124625.6626287699 1705901.0727539062
461604195.7591246963 640509.4521692842
523770856.7404959202 1704872.5083007812
457656975.3472840786 398564.4759936351
457829859.8948112726 441139.8535442874
461533211.2773153186 640470.9911514372
473841746.7872285247 1026992.6806989098
473628576.2155705690 1020217.1664655805
475122682.8182411194 1051564.7599038745
503487410.2529932261 1521711.8512105942
475196743.3403445482 1052677.6333987082
474922160.4955853224 1050981.1014008487
474525128.9787871838 1041075.9886845732
474544214.7806356549 1043223.5489661786
474199480.0360578299 1034444.6402959013
474523308.6152303815 1037947.8684400842
474270261.0101696253 1036694.1185672197
461132740.9266778827 624706.3796714395
473930339.3831797838 1029714.7543740654
473682891.5859614015 1022413.4058480645
457600653.5535596609 397608.5538744945
461281788.6799936295 632470.9621218294
473336061.7250946164 1009301.1935443222
501025885.1775799990 1487719.8882791102
517483932.0753616095 1669594.9393310547
517266457.3188710809 1667616.7306518555
517470263.3636302948 1668983.8880004883
457505893.7349328995 390885.3940963764
457481428.9221378565 390806.9252123851
457667300.0042109489 399131.3710624725
473454071.6115539074 1010598.7460421859
473514351.5437368751 1016365.5954074203
522487705.6455906630 1702447.8630371094
517576520.1738047600 1671281.5869140625
461825859.9914724231 647992.9760579914
501708696.3006586432 1498633.8504714966
503240907.4632270336 1516978.1979513168
517980567.4143811464 1676637.8752441406
519101671.6437523961 1683560.2731933594
473245822.1111917496 999273.6446942575
502895500.9636956453 1514885.4946067333
503715701.4957519174 1522346.9018697739
484546612.8580532670 1217748.9020898889
498851219.1641808748 1458330.9701189399
503256156.0081932545 1517477.4098501205
473138936.7460558414 996892.5818411494
503336937.6044708490 1520226.0617818832
523448216.3001242876 1704711.3637695312
502854817.4534881115 1514836.6796083450
522848953.4473717213 1703463.5200195312
484189128.3247576356 1212919.3642414163
501959456.5859870911 1504218.6616897583
467490885.5591127872 832441.8016330004
467619061.4844419956 834583.8254804015
467363929.2092466354 829773.0868558288
473273066.0167185068 1000230.3783757091
501313754.6276589632 1493032.6323587000
457945260.8227375150 448662.8175019920
501128850.9291985035 1492948.2496072352
501088509.2086348534 1489515.9239961207
522192514.8981541395 1699296.4384765625
457804749.5588790178 440247.6124859378
462241128.6216376424 661583.4042253047
473306291.6660196781 1001084.4315983653
520806480.6554257870 1694080.5637207031
472992508.8407146335 994467.6564998031
458394624.8423187137 459507.8545902073
484385062.6078919768 1215179.0710352014
458219904.3389243484 458714.3622014523
458174739.7991320491 457269.5552318990
518721339.1819564104 1681106.5253906250
518699628.0069901943 1681080.4819335938
458497371.0643323064 465059.8431576937
484315675.2332490087 1213019.1962726663
462319916.7339711785 667100.6172639877
484475165.6793245673 1217284.7061365198
501710736.2593098879 1498910.3761525191
462153635.0421838164 659867.3094102889
472213398.4845678210 970603.4716979136
484119073.5663393140 1211271.4686725687
519069688.4777531028 1682466.0192871094
498512007.8588253260 1455801.2014163136
467702338.7582020164 837423.8676150151
472168916.9394301176 965372.4633116797
472119624.2163257003 965216.2272913456
499989063.2357648611 1476323.7960608602
521756685.1770274639 1696779.7358398438
461045648.4091477394 604235.9223007709
460813108.9561867714 590261.4108703472
497571170.8266385198 1440512.1981343627
497613370.2176100612 1441164.0979171311
521262956.7484339476 1695674.3261718750
521554796.3841502666 1696405.3413085938
521453511.5887778997 1695693.5439453125
461077747.1928706169 605261.1022765972
497840610.1455213428 1444103.9563844800
460897037.3383271098 598018.9616515972
520408311.1508373618 1691104.6259765625
521122665.8128713965 1694770.7746582031
484344410.5611029267 1213532.4542682718
460866082.6014922261 591538.8317700215
461030629.1748094559 598247.6880042888
459123227.3873164654 475972.3572499452
483813698.1577631235 1205015.1377940502
483421669.7978684902 1190913.7882266368
491683986.6988883615 1350162.3191190362
483612284.2892566323 1199178.7520633067
483749534.4033198357 1202781.1905398692
459112600.6897768378 474918.4882487414
483507049.2873939276 1198319.8826785411
499212557.7930481434 1463180.8939960599
499108557.9849748015 1461964.3346422315
499547590.4196405411 1467463.8687652349
499317583.7784292698 1463873.0527924895
499122137.5213282704 1462476.3876078725
459311257.0278505683 481217.6698598412
459048071.9942891598 474508.5168433485
458864551.7776507139 467267.2153907118
519866935.2579637170 1686401.2126464844
499229249.9398884177 1463388.7982652783
492209483.8592742682 1356794.2141156793
499130845.5567062497 1462636.2667711377
519634693.4597613215 1685994.4494628906
483423389.7136129141 1194801.6683841075
492309453.5347375274 1357768.3541455865
483503252.7444822192 1194914.3503071393
471639624.2874860764 942972.7287886486
471489119.7414316535 941619.3344405041
471167238.6448929310 933771.4037449703
471290870.6269153953 934457.2446211920
471051651.6976295710 930102.7458418951
471094327.7293949723 931410.5392310963
471087839.4685509801 930465.3044369564
492093129.9732596278 1354523.5169449449
492032385.1341499090 1354337.1584516168
497100488.2126068473 1432375.9372402858
460589295.8813601732 559702.2693891823
496322458.1790862083 1416691.0665148962
468220213.7867375612 850886.2528825388
469693602.8691099286 891249.0838694320
469555219.0117704868 889608.4562029586
496353915.0368221998 1420623.5983571280
496754082.7742885351 1426538.2778071593
468334279.8892312646 855118.7082105265
469552470.4129737020 882977.7871355758
496517920.2071839571 1422224.9138622712
496729942.2660181522 1425769.1762446593
460382164.0181334615 546524.4651457854
467103265.0538596511 812931.3536378727
469335927.9033918381 881402.4289030776
460322643.7844988108 544397.7977871634
496952036.9566175938 1428331.8215083312
466962252.1125957966 807023.6868059025
485540913.1365614533 1225459.9614592246
467102188.8219408989 809054.0380632267
460413307.2985099554 551938.5875212736
460707071.9827940464 566490.0094160140
460805519.0988871455 567496.3676618636
467131936.2249204516 814781.2375871525
492756494.0142634511 1362879.4846706986
496145318.4350207448 1413848.5548426341
495599759.6505671740 1403456.9677950572
460532115.8586895466 554644.0134990402
495721631.5117270350 1404947.1389103960
495779666.8006721139 1408016.5519963335
517087001.1518842578 1653786.5102539062
517171357.4136171937 1654269.6829833984
460278539.6045601964 533020.6359422989
460298556.5052150488 533025.1405537911
495411384.9180483818 1397196.1124781966
493589884.3476302028 1370220.9784762859
469433638.2419283986 881760.0089428768
469470892.3343489170 881763.1561737367
494890962.8491351008 1391378.9126376510
494501757.1368232965 1384917.3431090713
494341729.4621666670 1384365.2185973525
493351909.3774104118 1368922.8604471087
494301314.9849781990 1380633.1449808478
493991016.6195417643 1378529.1893004775
493949921.1528891325 1376378.7213032730
493017886.4615347385 1365837.4971963763
469294163.8497283459 875461.1645320960
469123181.4718897343 869994.7624324866
493842118.7040993571 1372717.6286152005
493895258.6031398177 1373620.1440950036
514309278.1217517853 1615708.0173339844
513678524.8090445995 1614137.8372802734
513417065.0598926544 1610300.3994140625
460227726.9863466620 492504.2678574352
513017681.0546549559 1603691.9473266602
460190515.5716899037 485947.3186443978
460204969.1531050205 486346.7707031936
490014815.2082102895 1308975.7366663492
513998103.7092869282 1614632.0269775391
513141827.6308448315 1604372.2185058594
489755124.3495218754 1297909.1152056134
489839042.1127446890 1300673.4430262125
490002285.2568082809 1306326.4361292399
486318141.0753255486 1239175.0819955743
489833314.3187670708 1298312.3667925922
489562643.3227201700 1294596.7040659464
486935852.9565010667 1245675.4668116905
486608224.4757670760 1243393.8522916711
486286979.5332865119 1238971.1825815118
489753776.6529498100 1296992.1282342947
513160219.4000145197 1605169.9861145020
486396220.6911267638 1239946.7894722498
486634005.8237288594 1244408.5335336602
487404923.5799626112 1249585.4564172379
487960903.8074712157 1262346.7485243729
488223102.7831931114 1268033.1016809097
488058701.9294884801 1262564.8628131500
488176556.2091897130 1264211.6327660657
488093872.0378363729 1263450.8941384903
488089505.2638943195 1262598.3755945615
488193660.7659668922 1264556.2314903191
515877058.9146964550 1631913.4196777344
514322173.9324473143 1617805.0761718750
514749065.0058616400 1620603.4563598633
514812613.7539401054 1622537.4157104492
515114652.3908040524 1624562.5928955078
515253406.6884714365 1626617.4051513672
515173778.6399316788 1625866.6658935547
515261135.7541048527 1626647.8031005859
466775922.9222922325 748339.1696463116
466804606.1827095151 751668.7970877178
466573740.8241906166 739388.1680593975
466729624.4796122313 745556.5175339268
466515498.5890105963 737320.5820485614
465299358.0351407528 679505.7778243069
478858658.7576867938 1059942.7999830563
466302161.5276098847 723721.4494753126
465982227.5895460248 702627.1387483720
466082510.4519996643 710511.1097471360
465951080.2942323685 696055.5279256944
465483756.8895685673 687220.8806019668
466043636.2129942179 706240.6242573801
465671238.5251040459 694869.5879671220
483107551.9116199017 1148151.0607841606
482295191.4411931038 1128519.0955798025
512234841.1437166333 1568806.8112297058
481938964.0236548781 1117371.0620314479
512056164.8382804990 1568422.1076774597
481927517.4020096660 1115174.2032176852
481890757.3234360814 1114964.0816972852
481804255.8598273396 1114386.1582228541
481575543.1428613067 1108788.9049133658
481681163.8986039758 1109610.2379234433
511823641.0502356887 1565856.9416618347
511678965.8599518538 1563912.5871696472
511641093.8008187413 1562613.4293632507
511928830.9352985024 1566751.4170036316
510906921.1749587655 1550993.9018058777
510493471.8801413774 1540224.9066526890
480868222.7920355797 1090254.1622143965
480475026.7931553125 1084262.9312573653
480052419.3086212277 1076471.4234764781
480143532.1258506179 1077816.9786522593
479929637.5237539411 1070881.6364109721
479982860.7329612374 1071882.5264122691
479790828.9360956550 1070732.0134728160
