255539002.2867735922 124682.8783932924
254852922.0375051498 123073.1964474916
247558418.5047735870 58653.3494179006
249719078.0032840669 95270.8530869386
254727719.0536260605 122981.1888180971
255292854.4845041037 123186.0134030581
255368186.9118875563 123198.0699216127
268769501.8106419444 177740.0808619445
276424172.6149083376 197616.3927455841
320945977.3859756589 288626.4872856140
324515986.7535800338 294899.6153488159
325157182.2073888183 296091.2988510132
336247727.8579443097 310486.0306396484
341938144.1153076291 316387.6921386719
340250043.9907471538 315467.0019531250
340519135.3692861199 316055.8623046875
351043277.4591063857 320150.4653930664
352466121.7553173900 321296.4166259766
378170620.1580756307 322662.7209472656
322499811.7712296844 291827.1970024109
247501098.9378072023 56237.5534534957
247587757.9803828895 60605.2566292043
249878834.3162670135 97713.1905162753
254540127.7513324618 121746.1821042299
268028053.9257691801 175083.1089686339
269752772.1009370685 180926.0138230026
321112733.6493731141 290492.4929008484
351525668.2506515384 320795.2624511719
351610615.1636222005 321027.2427978516
353341367.8040105700 321298.7337646484
247795578.8601951003 66747.2121492382
249733966.0703907311 97284.7914566896
250435028.6667620242 100952.7429510257
250536815.7632670701 101306.4284063480
254209525.9597411454 120709.9072411815
277057338.2107169628 199693.3843911754
336813624.8868644834 311258.2184448242
340385800.6843073964 315712.3354492188
340077049.7716079354 315462.5744628906
353395795.6596515775 321533.8155517578
378785118.3906105161 322672.0141601562
301088535.0813004971 255603.3363966467
250690386.9251599312 101585.1642659805
250463260.0710725188 101295.6414190433
250303093.3246029913 99985.8586279056
253889467.0650344789 119203.1793927848
254723637.1769572198 122790.2390580950
267990490.6277388334 174859.6708887999
336479970.7819635272 310958.3534545898
338700554.0589889884 313557.4440917969
335524293.3445647359 309816.0445556641
269776269.4999572039 181533.0141281784
336971657.6429409385 312004.6760864258
337715677.8543722034 312589.1635131836
254172691.6416260600 119718.4734034501
325877433.1921969056 296921.7793502808
338154523.4093868136 313242.0207519531
337844274.8347046971 313060.2848510742
247877993.3899705708 70275.9298768993
248081979.2781971395 73174.5864141760
269165017.5076784492 178964.1815920845
337527520.9139685035 312005.8197326660
269516079.6107717156 180654.4249697700
321047080.8637486100 289570.8042507172
338824833.6141589284 314131.1924438477
250554521.8682591617 101445.1890962716
250070753.5265121460 99262.4995733402
338738957.2046318650 313615.1153564453
337665792.0566269755 312562.7109985352
350919702.8795453906 320143.8050537109
339648492.7030370831 314756.1420593262
249795183.3003204465 97285.1193243167
249177538.7974903584 87730.8635406545
249328048.3250623643 91309.6082611135
339046625.8862677217 314374.4514160156
339987368.0183183551 315194.7814941406
339872564.7969688773 314873.7999267578
254029213.3539135754 119687.7279683352
271077674.0890493393 184446.6478630602
325352897.0892462134 296827.8272018433
247807667.1444030106 68385.9419771190
325977219.3039343953 297681.7249069214
301459028.9676857591 256653.8130898634
268159946.3670857847 175907.3323573058
276523817.7657006383 198486.3402050042
329006937.3460498452 300804.4101409912
299156929.4834415913 251781.8027737224
303620900.3499284387 260618.0100110853
302291935.8501481414 258505.1988538587
322767108.3718437552 292606.4611320496
302132181.6541070342 258210.1773551786
248013959.9395356476 71554.6574322459
269323431.9081274271 180011.8430605903
301388089.2342261672 256554.2108551925
327766707.5443603992 299806.2503890991
350012635.3913682103 319747.4718322754
377754889.6890194416 322634.5457763672
249388250.7186093330 91683.5446777395
302117551.0992620587 257589.9162789369
328121402.9640592337 300231.4013290405
351090129.2165139318 320545.3441162109
249311904.9656170905 89674.4671288780
276562960.4297555685 198504.3818992095
300635302.9713193178 255313.5669492232
326666414.4015809298 298542.7795944214
326903090.1947778463 298856.5391540527
276719918.4597136974 199012.9436595940
324123560.6680690646 294896.3102951050
247664345.9736808538 62290.0227933134
253015640.3584406674 112739.8424775412
276728708.2099730968 199064.4704125391
301693977.7699781656 257111.6309262300
249308512.5988723636 88059.2784586669
301196872.4896510243 256306.8374959016
343846758.5150124431 316811.7006225586
249217471.5467699468 87837.2727163555
269995415.3851307034 182044.9849062935
326450777.3008574843 297980.2065811157
253262592.1098731458 114501.2434853127
343687263.8938729167 316468.3599243164
325926874.0882381797 297340.1998519897
345073391.7151244283 317279.3031005859
249052666.2728374302 84354.9059831323
247696486.1004191935 62791.7765489574
271736154.8753226399 186275.6468445470
325960041.9959182143 297552.1917648315
247715589.5488715172 64265.8254991527
274940722.1318377852 194374.6840465569
324575906.8348804116 295224.3974838257
326294813.9164800048 297938.1591110229
326812833.1093620658 298628.7501754761
325488093.8907749057 296869.0524215698
272098693.3588596582 186858.7620178869
297922694.7590380311 248415.9771153405
248236077.8208501935 74581.2673336742
267506596.2263020873 172876.3505867606
271810389.3905692101 186727.0432225612
325313237.5291689038 296338.7896347046
248653078.8019464612 78219.9456480727
274679330.9070940614 193759.0394717359
344661588.8263162971 317058.5991821289
377274341.2009780407 322495.6307373047
248622820.5773914158 78145.1351668117
248991681.6008059680 81647.5601180614
248324692.2629264295 76098.4484249828
248803549.9965993166 80711.3203897597
248885088.9268326759 81597.2720637367
248996500.9991598427 81922.0597372408
298518851.4365730286 250118.6503712609
275553682.6793596745 195765.4705760980
247768802.7984239757 66352.8001314159
247971213.3261138797 71244.1843045232
252805864.5731419921 110854.3841035177
252913049.3202436864 112593.1517426779
253417687.8263277709 114972.6060549279
267455816.8664398789 172506.1346748953
275015950.8955796957 194926.3397777581
273867831.4068914056 191706.4470165276
253177221.6865346730 113716.4295717736
247739173.9628278017 64634.0730501171
247947772.6350323856 71141.1058552739
267367412.2741915286 172281.8840340262
271358995.5401206613 185535.1994052536
298269113.6862600446 249726.6038295142
297269927.1160472035 246936.0908676498
298044184.5980314612 248692.6458672700
252818829.4732665718 111632.7778688928
267859489.7025971711 174501.0870231350
297525603.9809659123 248157.1634384505
272164422.1934281588 187665.2631711548
272421055.8774393797 187774.7449714353
271400387.8317233324 185723.5536438634
273523114.1187348962 191180.3208568597
273123978.4855899215 189906.9235028529
273217226.7426367402 190070.7838620448
272919477.8326919079 188836.4946741590
272494287.4227242470 188043.9129161963
295780925.6338799596 244078.2378840409
296856315.8766979575 246450.9113327377
376966966.7419416904 322297.6672363281
295995237.4987516999 244634.9653696977
267648810.5810567439 173760.9665535574
347727615.4869870543 318367.5168457031
346917311.6010904908 317628.1611328125
251578448.9220171273 102178.0012124365
296298220.2677460909 244839.9788910784
296332958.7764875889 245327.1859291717
296029920.3550840616 244745.1305842362
282708229.8207206130 212258.1447560750
251783720.2991468608 102230.8248517343
251784581.5148829520 102236.6015393563
251819956.9883663058 104016.5473401376
252034050.3108550310 105332.8062512704
252317021.0822460353 106552.4823272058
252008613.2670010626 105117.3790356942
252125317.2073180079 105864.5470654794
347430124.4608764052 318259.0260009766
296761445.9935411811 245877.8708425164
264753205.8804985285 161418.2157152973
296321564.0181447864 244869.6204763055
283644950.5142076015 214424.8784149094
262135700.4212044477 151213.8439514313
261268332.9100911915 147270.1188468311
264581935.4467059970 160409.4114769779
346942283.4325869679 318003.9433593750
346960763.7192580104 318008.6260986328
348515710.7246444821 318478.1462402344
261031721.4432164133 145471.2138363991
283291434.7107508183 213452.8309252663
293468586.3561906219 237187.4479701298
283858875.2699380517 215208.0389432374
292084161.0008694530 233605.0583536370
293089646.0513665080 236098.6763045533
261471364.4096407890 147943.9735104714
292689695.7007380724 235559.4966680749
292513729.2341155410 234490.9707643206
282365479.8184214830 210946.0441517187
293214169.1729332209 236519.9480840905
261285732.2383357584 147307.2003171120
261105324.2254165709 145646.4416614391
282704881.5436019897 211176.8061051823
262208318.4589626491 151267.2510199386
292252169.5161696672 234272.2451964433
293107275.7418335676 236136.6928236230
292568699.5944697857 234956.1157169683
283515093.0529325604 213674.1455047531
267165342.2682006061 170164.2612580142
267091412.9761278629 168928.0879181705
292568045.8459210396 234938.6408634527
263646448.2612449527 155525.5344946512
266522731.8300504684 168113.9072541080
265442046.7008039951 164237.2582110248
264984791.5917469859 161501.6273645691
262720933.4197920859 152044.8612158427
320895172.4486943483 285938.0293273926
290908311.6839746237 230627.7185737596
264394135.2185167968 159442.0701939834
264857489.7955531776 161428.2167567096
320090591.3303996325 284327.9338531494
320797380.0774621964 285411.8027725220
263797811.8846211433 156393.0321882118
263926713.0137942135 157554.0970991005
264451966.3145255148 159471.5958011497
319519296.2440985441 283201.0938491821
290276045.7760800123 228892.2472635385
320541927.3768146038 285245.6202774048
289686946.8676140904 227308.7249743919
289895263.7314428091 227961.7914701578
312472087.0634248257 268836.3719922304
289264216.3038497567 225974.9117767391
314182056.3903841972 272164.7058140039
289484208.8035583496 226025.4566986141
289017289.4544630647 225655.1878372568
312953806.2522518635 270157.9034253359
289526742.4138940573 226701.4831632344
375931825.1341570020 321617.0277709961
286963771.4418163300 219640.1997709039
287414994.8696891665 220978.3446222309
286988411.5627534986 220055.4798732761
286946857.5408592224 219118.9684902194
313888085.1566343307 270813.4391758442
286352523.9996002913 218756.5402370456
286279720.1949884295 217452.8149677876
286071438.8077541590 217323.2631263200
312074154.3743313551 268098.5225964785
286647652.6490213871 218975.2784448627
313789294.3646199703 270690.1792541742
375472670.8119925857 321614.9442138672
376310712.4960244298 322008.7791748047
282060254.6610362530 205584.4489378335
281428136.9606071711 205087.5614447000
311317313.2343009710 266201.5784991421
310964969.5839538574 265662.8846600950
279824702.9530624747 200464.9698813749
310421880.6572684050 264388.2827472687
280070365.1712466478 201496.9321044278
280280966.7291275263 201671.0824950528
258674483.8927206397 125432.9651875576
310834661.8499546051 265111.0436074734
310083526.8353315592 263040.4608762264
309804767.3163866997 262706.7396180630
309967977.5378214121 262721.8574992716
310537053.4898717403 264417.0889985561
335015777.5681629181 301979.5844573975
334349197.4117292762 300937.0067596436
335487547.8884242773 302527.7459564209
259775427.6482848525 129937.9373345902
259539041.0539624393 129930.8091218999
259883028.8135892749 131790.8273752868
259173061.1802920997 127654.0396397650
259398843.5102287531 128030.6724980648
319023817.4825346470 275299.6743589640
318640472.4977675676 274512.6413389444
318734265.2401559353 275113.0131651163
318168447.4478617907 274019.0557180643
319286807.0620511770 275314.1817385703
317833599.0076566935 273466.8656286746
