718214332.0996552706 862.6210831404
717136138.3594332933 861.9136480093
695771050.7390242815 829.8114248514
617668610.1967387199 249.5617464186
631033073.7186721563 437.7344104319
630693749.8579301834 434.3726882010
630536922.7254773378 433.6989559203
655296775.1808172464 632.1594183497
655063786.0910335779 631.1866924815
693834229.7953644991 824.7173353732
695076964.7311903238 829.2472435534
618241980.6931509972 268.6053709469
632038756.7338131666 447.1167419080
657469244.5746749640 645.6639336214
657076541.0247802734 644.7016552627
691737493.8981510401 816.1504742652
693672079.6800194979 824.4804356396
693934251.2190972567 825.3920760453
694148707.0955685377 825.6909344494
707534622.9369924068 853.4798486829
718062952.4587014914 862.6131368876
718241449.2069336176 862.6406019926
618072603.2892956734 266.6532644773
617903118.2192430496 265.5223936078
655652097.3630259037 634.9318531676
694382156.4716676474 826.4389187396
694253362.9833596945 826.3443255723
707839987.1735475063 853.6016474366
617752027.4967166185 259.7692928911
617841160.3584290743 263.6029553351
617980241.8524284363 265.7716494866
617810836.3527203798 262.9982359347
631427929.9584782124 443.2862075260
631821712.7480255365 446.3549355930
655482024.7978410721 634.5461318545
656992711.9442673922 642.6866504268
707595674.9439187050 853.5723059773
707417440.3300552368 853.3202587962
707321916.6326074600 853.2626830935
619031356.2572351694 284.7556016218
618883052.6035569906 282.1577262651
619180924.3252228498 285.8701915437
630318977.1239380836 432.2223069310
694053565.0375698805 825.5199103653
695417604.5348504782 829.2887949646
694953602.9663356543 828.1933967173
717612858.0101820230 862.4936763048
720098176.6253136396 862.7145229578
656934097.5146695375 642.3037032948
656684791.8467407227 641.6237080560
656443438.7535488605 639.4885262527
655895015.0711562634 635.8637501650
618936489.8246815205 282.5279541579
630292533.7311708927 431.9850649654
632234794.9385253191 449.4770423654
655933737.9098860025 636.5046114378
655464553.6086264849 633.8404622726
692128068.7924958467 817.0606985837
694607754.4517050982 827.0570480525
694878002.1667743921 828.1467393935
694689344.5169776678 827.5260004103
694527009.2679418325 826.6011659205
630179098.8039876223 430.7955536123
632177451.9235535860 449.4195394544
707320733.0566313267 853.0958420634
706970677.0525693893 852.5214641094
630490382.6308872700 432.6933320432
630293108.9342871904 432.0213076792
630218663.2504440546 431.8603087931
629889881.9111939669 426.5906197994
629769161.9277454615 426.1298864062
629947820.5644446611 429.0566778153
691580465.3214925528 815.1555200964
691958518.6385332346 816.2464500815
707192843.6161911488 852.6981439590
706806014.2128438950 851.7366237640
717240907.7168308496 861.9684106112
719880200.0160840750 862.6621135473
719904101.3784130812 862.6986933947
618640996.5684752464 276.7968469752
618783362.9109284878 278.6026325675
618615278.4977974892 276.1518324507
654583326.3899155855 625.2507134873
654800024.3477486372 627.9640700120
656350195.9635424614 636.7790455423
691340985.0925973654 812.3654938601
691327669.3136349916 812.2694763802
690473025.4839802980 809.3985254169
690583552.6535612345 809.4692441821
690394182.5811289549 807.5681667924
690432369.4784179926 808.3483312707
621069928.4413906336 305.5682341291
621052246.6769324541 304.2859240988
621148323.7949160337 307.1103797335
620853609.0223400593 303.8630106697
621102111.8690145016 305.9747308238
620639697.4404621124 297.6800660644
632835012.1286271811 452.1893207273
632467323.3276962042 451.6970998487
689805098.1600376368 804.4017183098
689960355.1216343641 805.8317105088
690370365.8813227415 807.2199868858
706320286.3984720707 848.6988899112
707122335.2304830551 852.5934257507
706637873.5370593071 851.3673611283
707279799.7021160126 852.9848403931
620990156.3096411228 303.8632624339
716883538.8694126606 861.5097805262
631761062.8661552668 445.4224507278
631270497.2820918560 440.5341242534
689864781.4019590616 805.4291418425
690111173.3963943720 806.7327135436
689594341.0640674829 803.9667081747
631006007.8217985630 437.6057371032
630812441.9003571272 435.5753117106
620733682.6998986006 300.7861585807
688513962.2970377207 799.1616311967
689104589.2045296431 802.3209186415
620693270.2448637486 298.7002138620
651792972.3118672371 602.3250277735
620441084.3716965914 293.8355109243
686755615.6885427237 788.6809722868
686817669.2118080854 788.8220266786
629211397.8380662203 409.8011147273
629342221.2461832762 412.9391488465
629565097.3918353319 415.8682573610
629424276.4311634302 414.4137065210
629276151.8549249172 412.8584940233
629032428.6335234642 407.2037340155
628522395.9543220997 401.9810199761
687048717.8386436701 789.6111539561
686884222.1938120127 789.4092436987
651283843.7758187056 596.8760460711
687069069.9853113890 789.9146011281
687705768.0914865732 793.0142136100
687278752.3729866743 791.7428975660
688251023.9157232046 795.0571171060
626085792.2420521975 371.3821106151
627928618.7067660093 392.3737221009
716577960.6833031178 859.4147691131
651767486.7253451347 601.4014021851
627610158.1152330637 388.7600025075
627660324.1979511976 388.8719645860
627561463.7504386902 388.7363170507
651678094.7219295502 600.4005302585
627468772.7112865448 385.8162754477
627542937.7407517433 385.9036362321
627305999.0412993431 385.4339251221
653887331.4783751965 615.6675458519
626605990.8940701485 376.6482520484
653597844.0003858805 612.7936496599
654095509.0519582033 616.6691136224
654063733.3758673668 616.2883460684
653380120.4314665794 611.2511858760
653643066.6758316755 614.1480471952
626529037.1784306765 376.3049514039
653359957.1205251217 611.2094981171
652918376.4293688536 608.5474352337
716413412.9530380964 858.9664396644
651757956.2485283613 600.9183309771
716083944.2187777758 855.9989641309
651399070.7479289770 598.0529364742
651254472.9512882233 594.8869206033
651674926.6845325232 599.8886045612
685122057.8881479502 777.4110688084
685284984.2379053831 778.2954193466
685408595.6009925604 778.3533909433
684727267.4737566710 775.4835430496
685185996.5299814939 777.5533169621
684699349.3653417826 774.4775992149
685087243.9230109453 777.0635147207
684289247.5417703390 770.1232565642
684331343.2688604593 770.1914237739
684540922.0400294065 771.0104855896
625654230.8019183874 361.3360890316
625451343.0001715422 357.6198352443
625476210.4596551657 360.3331917690
625243084.2811028957 355.3996380944
625032144.6822185516 352.3772953014
625355403.0459688902 357.4693884047
624908824.0481717587 349.7220266119
625124586.5242526531 354.3665082614
683946980.7846851349 766.8176392967
683863023.4032168388 766.7861683423
683590911.6645011902 764.5245211775
683607086.5051672459 764.6447112615
648280552.2072542906 558.5359250624
648430065.9061586857 560.5775585281
712816836.3383148909 853.7755858302
681309519.6130359173 754.6760239945
680832923.6926097870 753.1049442286
681106453.6688055992 753.7412121640
681055443.7565855980 753.1479422445
681177000.2075097561 754.4373038159
680676150.6563014984 752.4784438009
680775289.7780883312 752.6919085378
650997316.0663620234 583.8775534247
623507878.5395026207 309.6985940850
651194057.3717510700 584.6965705965
650653981.5981452465 579.6085142520
648482054.0465890169 561.6553034086
650015893.6498063803 573.7861740523
650516938.7915666103 577.0780972213
623522707.7781161070 311.4335438761
649600895.8701624870 569.6039957494
649828690.0365731716 571.5472748362
649562375.0934934616 568.7627191361
650168680.2446137667 574.4959249656
649713213.1826373339 571.4302711602
649397853.9827096462 568.4473564740
649595149.8594131470 568.9748166476
623957941.6060477495 315.6187977959
624432141.9540042877 318.1869442612
648164852.0885587931 556.2162611831
624852457.2889821529 322.7455365684
624483726.7247916460 319.8480656954
624303698.8718590736 316.7450321527
624370946.4255475998 317.3070929359
624577169.3826882839 322.0136515309
676059137.1644637585 726.0584768070
675762758.4249451160 722.0074637545
713011571.2498687506 853.8553244472
647297056.5086687803 545.5751922428
646959856.6839877367 542.7171179391
647400075.1509599686 546.3959883340
646884361.0745459795 540.9238491991
647071431.3267891407 543.5921234824
646746100.2614609003 539.0269133113
646637639.6521632671 538.0662477389
713336262.7141278982 854.1570293307
713178727.5172237158 853.9655465484
646315708.9880619049 533.5820204349
645602648.4188843966 523.4772895282
645479730.7197417021 521.3079895224
645337617.9356677532 520.0139992457
645375508.0134412050 521.1699478771
714640374.2636362314 854.3733751178
645220624.9320156574 518.8180140742
645180927.0740633011 518.3644755623
644956715.8442717791 516.5607514867
645116375.6868551970 518.3643880376
679368029.7114870548 745.6198037934
679756620.2449789047 746.7811306849
678143447.9055786133 740.4171550340
714079402.0576609373 854.3633174300
644140877.8522713184 504.6314748416
643672456.7278720140 498.6181427941
643905342.1145572662 501.5543709884
643896310.9546575546 499.1606731927
643742400.2054263353 499.0243063968
643685284.8283877373 498.6706688274
643601596.5213124752 496.4846424069
643451473.5868672132 496.1286223885
643362223.7133251429 495.9330023397
713737906.0517672300 854.1993150115
641766014.9116945267 479.7803270562
641481739.0878713131 477.3443596980
641154093.9574884176 474.5986887558
641203444.1417775154 475.4940762861
641347404.5861817598 477.1072256310
640740404.4789348841 469.7224155950
640695947.9696377516 467.1366600605
677520003.0456562042 736.9482108805
677699875.8056600094 737.7397655699
676637929.1625053883 731.2492559705
677356148.8912131786 735.2234774086
677189102.0438060760 734.5924299214
677214252.5868642330 734.8779232952
676952388.4117798805 732.9782670889
640669819.4655992985 462.2949325331
715646811.4708672762 854.5036101341
675659969.0111703873 718.7480861143
675363493.1646995544 716.4633783308
675177317.8653831482 715.8197797855
674848123.5810973644 714.9657260087
673237515.4539636374 704.6028973936
672727834.5990287066 699.7969588965
672293972.4806307554 696.1497249695
672338819.2995747328 696.5149121377
672245207.6156228781 695.0048617515
671917411.0733684301 693.6632692608
672220068.2627924681 694.9986752178
672073633.8598977327 694.5028346683
672245344.6704784632 695.2596931363
671335781.2658687830 683.4239113460
670880230.3288438320 676.8705067454
670700081.5060112476 675.9411688781
670509550.4962737560 674.9927737127
670726584.2515549660 676.0761861620
671195633.7099602222 678.1589253008
670241954.0174942017 670.8878677754
670046594.5907768011 666.9888360471
669128875.9328570366 654.4662291839
669268017.4339108467 655.4857659175
669098353.4903459549 651.9904188051
669507279.8607579470 655.9343205227
669356036.8742024899 655.7822863891
669555331.5003557205 656.6951281859
669260641.4224796295 655.3887429072
668964005.0966539383 651.3908763933
