1102535632.4504826069 16233868.0214843750
1103138847.7126057148 16304497.7910156250
1102995595.5482561588 16294226.9765625000
1115492059.4389598370 17603736.4052734375
1115385813.5038752556 17591620.5615234375
1115455961.6774523258 17594477.0283203125
1139689963.3086709976 19625047.4404296875
1174061251.5446617603 21766294.1845703125
1173902512.3985366821 21759674.6435546875
1191375438.1637787819 22378059.6669921875
1190834601.8337793350 22374455.7412109375
1194043677.6772947311 22470239.9228515625
1233508016.6876995564 23332086.6376953125
1268732442.0567076206 23570412.9619140625
1234055971.7668397427 23339642.6455078125
1233538889.3392081261 23334149.0751953125
1233910467.3959531784 23337547.9853515625
1233723449.1186504364 23337230.3525390625
1102635954.6017506123 16247462.6425781250
1233697006.5774190426 23337087.6181640625
1233114352.9439272881 23329049.9462890625
1233279218.0603516102 23331723.8798828125
1102430282.3358988762 16221271.2421875000
1138864515.7529644966 19562150.8134765625
1139395749.2335166931 19603608.1865234375
1102236517.0500729084 16190672.8750000000
1102316530.6099517345 16204376.6445312500
1102139287.4948015213 16179152.3750000000
1102205356.9276666641 16179602.7910156250
1102084846.2385754585 16159585.4355468750
1102043324.0458886623 16153998.3691406250
1228445310.6400127411 23261900.5712890625
1227596754.0430040359 23250780.9228515625
1115373127.9959182739 17582385.0908203125
1115250693.8602964878 17580536.6748046875
1115201334.2043931484 17572030.9169921875
1115099346.2731227875 17566879.0966796875
1138618879.2678623199 19520462.1240234375
1138326787.7812175751 19489222.0380859375
1193784127.5739579201 22462295.5986328125
1193612804.2448189259 22459765.0166015625
1193464344.2034130096 22453333.9072265625
1193574068.3952808380 22456603.8330078125
1223056920.6850500107 23181428.3876953125
1222487173.5131874084 23168686.4736328125
1227967402.2696232796 23253481.4619140625
1227978017.8401877880 23255271.5791015625
1100281769.5071763992 15816458.0087890625
1100578296.2980420589 15857864.1904296875
1100719246.3309273720 15859161.3994140625
1100525763.5631461143 15853244.0751953125
1100427736.4244265556 15848316.7197265625
1100284919.9927139282 15825658.7021484375
1100366238.0118975639 15834620.9541015625
1100388244.2468156815 15843233.1279296875
1114741663.7926571369 17530215.6689453125
1114978184.8247852325 17555659.7373046875
1114884471.7905960083 17543935.0302734375
1190732799.9770066738 22370156.0712890625
1193450173.5707705021 22450523.4345703125
1227906894.3263263702 23251846.6923828125
1227932160.5252456665 23252130.7509765625
1100758244.4778480530 15866181.8750000000
1100907886.5644521713 15889594.6582031250
1174479645.4446711540 21788703.5048828125
1174450039.9436075687 21785882.8505859375
1174259460.0560863018 21779172.3955078125
1175819366.7663538456 21831669.4541015625
1175752237.6223325729 21830043.6630859375
1175932468.9249012470 21838059.9462890625
1193091157.8149845600 22434561.1943359375
1193363119.7513720989 22447154.8134765625
1223481417.7620520592 23184537.2119140625
1227381045.4549162388 23242244.9267578125
1101793041.9113268852 16061195.6191406250
1101688878.8076171875 16054285.9355468750
1101639811.8199567795 16048642.6406250000
1101625254.3175587654 16043615.5312500000
1101464452.7056040764 15997382.4257812500
1101064525.0420808792 15896810.1386718750
1101437055.5592262745 15996950.1015625000
1101187620.7076704502 15910329.3398437500
1173781907.4769787788 21733583.9697265625
1138213666.6656420231 19476817.5869140625
1138123380.9328002930 19469252.6259765625
1138094375.2715556622 19466120.7490234375
1138050174.7667639256 19459695.8896484375
1138001996.4919505119 19459682.5732421875
1137834812.1182549000 19444135.1923828125
1137711144.1543633938 19418346.4228515625
1177285882.7744958401 21848984.5791015625
1177355053.2084455490 21860180.8994140625
1105614848.9518439770 16353717.9257812500
1177009912.5849354267 21842538.6845703125
1177452407.6355583668 21861037.1591796875
1226961980.0690500736 23236203.4775390625
1226786180.3302252293 23234155.4267578125
1226679857.9747204781 23232989.5556640625
1226680259.7962167263 23233176.4384765625
1226118859.7905793190 23220677.1865234375
1226154295.4381229877 23223933.9912109375
1136543941.4967148304 19300614.5224609375
1106182192.8926575184 16383279.5429687500
1106124317.3295404911 16380879.5078125000
1136413176.3027782440 19291322.7958984375
1192914707.0765399933 22428811.2490234375
1192868793.7135303020 22426261.4755859375
1193174237.3730325699 22441573.5732421875
1192847686.6380922794 22425879.2333984375
1192980743.2503957748 22431762.6005859375
1224013619.9662044048 23196834.5947265625
1135555576.4869997501 19203192.8427734375
1266799458.5369145870 23564729.7939453125
1134790443.4743721485 19150041.0361328125
1134766686.4777321815 19145263.5634765625
1265838088.6954367161 23556784.2041015625
1266280922.9950942993 23560409.0439453125
1106487271.3622484207 16416386.1054687500
1106747038.5005040169 16455350.1582031250
1106718212.1008179188 16447498.4570312500
1134467138.2913057804 19125413.7607421875
1134362544.1375875473 19117321.8876953125
1107117752.9124643803 16514352.4912109375
1106911421.3601698875 16479244.7500000000
1182159066.0285546780 22021973.7255859375
1182175860.3369519711 22024553.4091796875
1114332523.6093499660 17481806.9169921875
1114150922.3827304840 17463464.0673828125
1133500395.1975004673 19043840.6962890625
1133485244.9690797329 19035274.2646484375
1264504112.7052304745 23546722.3837890625
1264735721.9269676208 23546937.9970703125
1113821798.0951197147 17413100.3740234375
1113791896.2050831318 17406173.6845703125
1113533976.4890453815 17361879.1240234375
1113239535.5713224411 17315150.0576171875
1112335115.9527640343 17241470.6591796875
1113026686.5794579983 17309807.2451171875
1112732988.5777871609 17278234.6357421875
1112742976.5566308498 17285702.5283203125
1112274232.7024321556 17237080.6611328125
1110183529.2144055367 16969495.4033203125
1110775068.9301781654 17017594.4951171875
1110436069.3406190872 16985889.5595703125
1110580156.5843117237 17002897.4951171875
1111133991.1293485165 17081011.1416015625
1111319947.3576769829 17098617.3115234375
1111004141.9870109558 17065825.5322265625
1110944927.7102611065 17052534.9912109375
1110841725.2466080189 17045687.6416015625
1110326719.9420022964 16984526.8271484375
1108536878.1606488228 16688812.3291015625
1108779068.4635949135 16737645.0791015625
1108657084.0834703445 16702487.6708984375
1109038739.9430425167 16776571.6416015625
1108856055.6433944702 16757603.1123046875
1109119277.2813131809 16784254.9150390625
1108673091.1828889847 16714322.6220703125
1108726753.8408296108 16722963.2626953125
1108729197.5902748108 16730545.9697265625
1264902753.6054191589 23547769.4697265625
1265211908.4379475117 23549573.1923828125
1263157520.4608464241 23533352.1845703125
1132990095.4207077026 19001546.2666015625
1132839579.1092765331 18987182.9443359375
1132971183.4747619629 18997929.1025390625
1132790799.0551462173 18978843.0849609375
1132945006.2828443050 18992931.0068359375
1132696846.3877947330 18976017.0029296875
1132009481.7493388653 18911528.9931640625
1131743519.9638495445 18894167.4208984375
1130864959.3961966038 18804482.3095703125
1130716552.9665303230 18781073.9169921875
1258422312.7642152309 23491879.3994140625
1185957656.9974372387 22180918.6318359375
1185752156.3646867275 22176272.4208984375
1185907588.0460636616 22177062.1396484375
1185467145.9224426746 22165187.0107421875
1185748370.6111977100 22174180.9443359375
1185926650.7639169693 22179841.1708984375
1185642464.1352179050 22172900.3310546875
1185550019.4771604538 22169079.0771484375
1185402155.5448741913 22163054.1123046875
1129144412.1498968601 18631058.9833984375
1128936191.0375571251 18616143.8623046875
1128161494.0527212620 18547535.2236328125
1128802948.1592884064 18602370.1689453125
1128756657.1734578609 18598066.2099609375
1257664709.1588413715 23478078.6533203125
1257049356.2516493797 23468609.7041015625
1257392760.0514292717 23474725.6689453125
1128059104.0957677364 18508924.3779296875
1127791556.4633486271 18486288.4033203125
1127911077.0115311146 18500473.6865234375
1127729234.3989229202 18483005.9501953125
1220127010.1596503258 23060127.6376953125
1256909849.4438118935 23465940.4345703125
1256388309.0625739098 23464551.7001953125
1121542713.2469778061 17749801.6513671875
1121125478.8239679337 17703373.0576171875
1121164270.4791426659 17711742.8212890625
1121423450.1589214802 17741207.6669921875
1121441510.4295156002 17749582.7568359375
1121544416.8085942268 17751464.0751953125
1123072768.0429396629 17854603.7451171875
1180537980.2348918915 21928817.0283203125
1179815297.6696150303 21900788.3310546875
1126054606.1519527435 18214689.1611328125
1126094584.6692020893 18224847.1689453125
1126875424.0509064198 18341659.8564453125
1126590608.7155144215 18299653.0009765625
1126525987.6354589462 18290712.1943359375
1126511653.5772237778 18286848.7255859375
1126517257.5803899765 18290276.3896484375
1126309012.8917272091 18267482.8486328125
1179560930.7641842365 21877943.8115234375
1179611421.6525526047 21883303.0595703125
1214497073.8811576366 22906951.4033203125
1124502226.8377265930 17944541.6728515625
1124856493.7319433689 17963327.6826171875
1126240626.2238602638 18254564.0888671875
1125862121.6790320873 18193453.1650390625
1179441080.1719276905 21875935.8544921875
1179467730.0393493176 21877799.7568359375
1124599133.0479068756 17953250.1357421875
1124934578.2031910419 17986818.2666015625
1125294010.4491152763 18011253.1318359375
1125364170.0413522720 18021769.4189453125
1125474932.2007684708 18032452.5654296875
1125692912.2397649288 18064179.1904296875
1125408058.2099168301 18030891.3330078125
1125491145.1835401058 18056151.8955078125
1254602225.6356382370 23429749.5009765625
1255066618.2735543251 23440484.4501953125
1215635598.2602007389 22918039.5849609375
1215699542.5496490002 22919952.9833984375
1252548970.7366321087 23397345.2275390625
1151691515.1987409592 20166130.9931640625
1151691869.8217833042 20169876.3251953125
1151462886.1020245552 20139337.7158203125
1151264361.7177283764 20117385.0400390625
1151331473.6005561352 20130143.3779296875
1213019557.6814579964 22807991.6845703125
1213032434.7181403637 22808338.2392578125
1212591384.0688304901 22798009.9990234375
1212806374.7203865051 22805567.4267578125
1213179239.4537289143 22814321.8720703125
1151023105.3799531460 20014456.3525390625
1151132136.8700613976 20026609.4228515625
1151014679.7487413883 20009745.4619140625
1211673099.2269973755 22738724.7158203125
1211717653.3437874317 22742895.0283203125
1150957746.1247000694 19970941.3291015625
1173385027.4447340965 21299758.9287109375
1150810900.4960870743 19935459.4755859375
1173167117.7913978100 21283947.2353515625
1150671809.2061536312 19910857.4951171875
1171774163.5106532574 21166771.5185546875
1172447706.0083887577 21199301.2431640625
1172507894.5144999027 21200594.8759765625
1172267162.6284072399 21190279.6708984375
1172043909.1100449562 21180014.4052734375
1211208075.5663228035 22630015.9853515625
1211440784.4809682369 22635293.9931640625
1210876049.9379906654 22599476.8759765625
1150485112.7933251858 19831240.4150390625
1150562754.2453017235 19849712.0712890625
1150504891.5446064472 19835411.6962890625
1171124476.2836461067 21089754.4873046875
1170833923.3994958401 21072315.0439453125
1170511230.0333795547 21055396.9130859375
1170522225.5274615288 21055734.5810546875
1150173154.1813175678 19790069.2998046875
1170042570.8893108368 21013890.2255859375
1210320154.0345282555 22524588.0810546875
1210426519.6528494358 22531113.3134765625
1210415048.5783176422 22530213.5029296875
1210448811.9320657253 22533906.4052734375
1149210356.2396185398 19677611.6318359375
1149423014.6411645412 19699803.7236328125
1149613841.4788749218 19721351.2216796875
1167425076.0670948029 20789373.8779296875
1167225888.4327454567 20769546.3115234375
1167189920.4089319706 20767128.9287109375
1166911481.9048185349 20758604.8173828125
1167254547.9848017693 20776730.4052734375
1167032134.2112259865 20762904.0478515625
1166896406.2842836380 20755016.1787109375
1160840637.2886343002 20239131.1064453125
1166751213.9870193005 20744136.9033203125
1166510589.6489984989 20734362.3857421875
1163593547.4213259220 20375612.2041015625
1163313441.4909248352 20363175.7958984375
1163354169.6653664112 20375148.6396484375
1164172579.9796984196 20406733.5439453125
1163180736.8984227180 20361801.4912109375
1163653207.0006856918 20394241.7783203125
1164556428.6634941101 20444144.0830078125
1164692611.4662811756 20452867.1923828125
1164641434.4676995277 20449926.5166015625
