165894189.3084956408 173717.7297601852
169767776.0102777481 458254.9899695590
172083237.9073880911 516137.5664674672
183048342.5116084516 702037.2070312500
166084456.4125678837 227087.4652969837
166096616.0225838423 229886.8760316372
177019590.6130972803 625963.1469204426
177137680.6389695704 634167.1323206425
178470835.9575186670 662173.0112495422
167599308.9989883304 384205.0371580124
167690218.5351096988 391904.1357793808
169414422.0426051021 451375.5639880598
177224046.0759438574 637871.7524378300
177834735.8430306613 649462.6053314209
165946230.3975581229 206120.6307993103
166095191.8704466522 229857.3343880177
168212627.8425202370 410928.5128989220
179969346.9590314925 685646.0122070312
180232245.2305040061 687786.6806640625
167930455.3985223174 400515.8198614120
178195031.0786133111 656555.1292915344
177131172.4131273925 634070.0191004276
177637411.6471273601 645651.8055896759
166128364.7115388513 231919.4645645618
167526513.5957837701 376659.2456030846
168125925.6856747866 406462.0761313438
169788911.5280249715 459149.7371812761
180454607.9102089107 688042.0434570312
166073209.3320267498 224559.5538792610
178800808.9699932635 667665.6628856659
182889155.8113143146 701735.5981445312
182879491.0953728259 701078.8896484375
166104236.0649232864 231003.5257999673
167432383.0019403696 371449.3336263191
167898572.6421422958 400099.0024785995
177175671.9654127061 634228.4202845097
183228810.2348862588 703388.2192382812
165990851.8296129107 223247.3254044056
177072939.3749210536 632476.3311731815
183172447.8858381808 702937.0478515625
183103893.4139571488 702243.5874023438
168789787.6963526607 432395.0508818626
168921296.3480822444 435904.3960653245
183626863.9229747355 703602.3730468750
166022261.7233992517 224371.9443528652
178917515.9569551051 669962.0482292175
166010005.6666460037 223296.0372116566
168682341.0265788436 427526.3311553001
169312610.1989451647 448164.4661851823
178836592.9960566461 668182.7390575409
168007952.1552157998 403485.2506613731
177059500.3935810030 631332.1246302128
183110090.6348422468 702325.7871093750
165943375.3639581203 204180.7586664847
172190789.0910677910 519579.8328315648
172504432.6616311669 526107.1935768127
182656888.3025515974 699780.8784179688
183619094.5713598430 703518.0332031250
171950236.4788806438 513264.0464479360
180171320.9910027087 687587.4497070312
180241458.5750887096 687866.6381835938
167531087.6332889795 376891.9297614098
169709410.1204972267 458110.2971154153
177394545.9102651775 640571.0213167667
178093345.0280376971 655693.1126556396
166429218.9564953744 283524.8758054376
166568560.8721390069 296563.8993449807
169863944.2018609643 459599.8434272707
178338751.9907937944 660706.9222278595
167468391.9732310176 375175.7728095055
182860090.3447305858 701001.7055664062
179979444.9378988445 686519.3066406250
168030901.8453499675 404225.1897239685
172370134.3748643398 523318.5169135961
177887150.5596243441 650287.4776458740
178279937.4345604479 657993.0556831360
180282430.5947231948 687968.2084960938
179862622.1785351336 685309.6586914062
180460080.8877275884 688156.9541015625
166416396.2088636458 282782.0709356666
177551816.4267660677 641576.3886053562
167522856.9512987733 376521.2258124352
177055659.8130194843 631183.4595758915
167546131.8428351283 382746.9019598961
165963083.6765264869 211364.8551987112
177215169.1692543328 637511.8920862675
166490505.7211508453 289459.0179668069
177241789.9222183526 638732.6308557987
177116847.0246945918 633010.3950159550
177596649.2010596097 642526.1788806915
182832276.9942553341 700527.0522460938
168724569.0381293297 429315.0723662376
177299974.5839982331 638819.7070276737
183117749.4623168409 702776.3188476562
177974576.8170365989 653622.8787689209
165885239.3387375176 173628.3492816705
166530518.0360114872 289560.3741043210
177477356.7131445110 640772.7485315800
166626808.2230906785 296759.4907235503
165915412.3597695827 189554.4620037246
167712489.5219704509 392221.8100957870
167821636.8407819867 395875.8247442245
167655853.1563123465 388576.5748052597
168221192.8133396506 410950.1647129059
177610555.2064851224 642755.4120349884
166553794.6227320433 296251.8551860452
166369370.6636549532 276588.9943500161
167576919.7670882344 382999.5621542931
178179517.2105081975 656056.3103675842
165930496.1048931181 204053.1775127351
169191622.4072551131 444083.0771679878
166541298.5680719912 294454.7444294095
168181308.3208220899 409586.4450683594
179092246.5754722059 672387.0463085175
167934265.8060889244 403170.9621176720
179002008.8733498156 670427.1862010956
178249991.4531847537 656604.1576099396
165919431.7198772132 197740.5037470031
167653421.5739609599 388472.8389043808
171681484.2793623805 506588.4224244985
177316920.9638884366 639870.4340784550
172091596.2218113542 518280.9815065297
180092403.0148387253 686922.6372070312
177479174.9433038533 641114.9531726837
167477739.5693174601 376117.8387269974
171857643.3766388297 511979.2373659047
178600809.8380775154 663309.4294872284
166390042.7940095365 281178.0630336404
168063339.4629963636 405087.4282598495
177339345.7675466835 639870.4341495037
177616054.4638288915 643262.5552234650
177823057.4636147320 648634.3144378662
167952211.3065869212 403326.7226934433
167915244.3683167100 400246.7441778183
178033154.5604983866 654649.8748626709
179076202.2704659402 671390.1732616425
166689658.5411263108 297410.7320368886
167548713.2978751659 382769.9414434433
169408168.2244260907 450313.0176549628
177670871.7773725092 647624.8622303009
167886689.7000651956 397949.6816778183
166534527.8632032275 290846.2615700364
166687111.8871683776 296760.9057775736
167761571.1880094409 395569.1719121933
172204463.3896697164 520586.3022691640
166445565.6783435941 288806.3485637307
169433540.0596464276 451397.8238044679
166442028.3311587572 283905.1515737176
181817787.0224815309 691272.2539062500
178011087.9232928455 654553.6839447021
178606602.5806294978 663472.7182807922
179682595.9957906902 682403.6093750000
181924513.6911356747 693612.8920898438
182392417.8541832864 698070.4970703125
178710500.0748830140 665441.0316810608
167861337.9708361626 397192.5521731377
179192368.9898799360 675413.7552928925
179717744.3328624666 682909.5620117188
179443809.1045457423 677710.0825195312
169474185.6029660702 451836.6552415788
178586041.2924954593 663144.8276557922
178329658.9106678665 659608.7026557922
179730122.1222671568 682928.6738281250
171607802.6721019149 505133.9839479360
179498634.2692050040 679379.5727539062
169299814.4434373975 446270.5990443230
178519367.2904937565 662466.3730659485
178363496.6102649868 661596.2695503235
178658170.1309626400 664401.5950222015
179314296.2471062243 676820.4674072266
182135392.0383268297 696985.6694335938
178747622.7746677101 666968.5239772797
182037836.7167224586 695400.1865234375
181993505.9797580540 695360.7373046875
167753100.3078127503 392846.6111211777
172304386.1687698364 521409.9898073110
179119208.8215931952 673923.1510982513
179553183.5355704725 680786.0097656250
182244693.1234618127 698033.8774414062
182162144.9948967397 697638.9477539062
169286585.8200404644 445412.7274156511
172943845.3078098893 528381.9988915357
172698791.2325918078 527714.5552369985
179207783.5817001164 675578.9635982513
179578321.1387142837 680904.9677734375
179446075.8455168307 677736.7495117188
169093241.2067758441 441174.9344697893
172006136.3092662096 513968.8018190297
179286640.3246034086 675735.4751892090
179158885.9708981216 674638.4655513763
169147297.1796239614 443634.6356187761
172610380.2402406335 526339.0696923169
178907513.4234845936 668187.4694967270
179421081.3371510804 677375.2407226562
179385870.4613728225 677277.3041992188
179757213.7398376763 682936.0883789062
179617816.0416733921 682368.3828125000
172632567.5366888046 527371.6027070913
179079698.6119642556 672193.3060054779
171919060.8017966151 513061.1851198110
172221913.3646234870 520961.8283435735
166334363.0112156868 264058.7095010132
169678594.6960988939 454796.8656791151
172936769.2797527909 527769.4172573090
172207558.4207642078 520649.0855104360
182061459.4593020976 696091.2900390625
168674972.5738919377 427285.6331133619
169601438.8825801909 453075.5053943098
179304227.6694112122 676123.6602554321
169310335.1276746690 446748.2879661024
171973540.8790972233 513628.4746705922
182529777.9984231293 699452.3740234375
178911493.7542610466 669072.6696920395
166292265.2252924144 237454.0018925667
166214423.2212224305 236831.4256215096
166269355.5339977443 236918.2492898405
168885622.8881815672 432451.7962622643
171717398.7350415587 508382.5683576497
182440576.8387383521 699158.2602539062
171657251.7675663233 506211.2510377797
171680522.5371587873 506253.9814130696
172157271.7141715884 518400.4524642858
171776545.4511545300 510261.8796998891
166214194.1162354648 235649.1883106232
172031467.6087441444 516119.2549440297
171869967.8285492063 512891.5347291860
171600645.4491654038 502763.7485427856
168629395.1245785356 426672.7340731621
171697636.6591171026 506894.6895143422
171417929.6879197359 499474.1806013021
171351287.3624565005 499159.8920576009
168489019.3127501607 422178.7484281063
168809921.1571956277 432419.7777488232
171441952.8723668456 500345.5103151235
171294332.3906487823 494416.0799238118
166906239.1841292977 299929.8197108358
168452235.5099046230 419718.6007838249
166835063.5097529292 299680.4648788571
166697730.7573190033 299297.2466670126
168351261.4974246025 416879.9493193626
168415431.7530393600 419690.8079924583
169258249.1480980217 445334.5770250261
169397627.3276989162 448326.2257102430
171075984.7824329138 490333.3148633870
168765473.5451253057 430752.0062637329
171325239.5527673364 497950.2441083821
181029821.0736240447 688548.5146484375
171183554.9670988321 493731.1764814290
180843673.5557167232 688292.7285156250
171075092.3310719132 489224.4716474446
171585228.6709377766 501245.2802411946
168390323.9025299549 417097.1331877708
168149818.0917529464 408060.7959356308
180993757.4290287793 688328.4638671875
169577003.7686572969 452889.7529564798
168414083.2691662908 418121.8094267845
171139853.0209323168 491043.5808560285
168081490.7309890389 406118.6665410995
168543075.2855982780 424637.5001006126
169612881.9178280532 454246.5409720838
171487088.4685984254 500633.9324309262
169291103.7122839391 446197.9632590711
168475787.9705184698 420834.0842015180
168347890.3267120123 414715.4297208786
171301155.9988742471 496982.0224286946
168529865.3264458179 422877.5274443626
171002283.0382782817 487183.6923047933
169061706.0959016979 438445.0347369611
171123487.6521691680 490503.8749219808
168762457.3416418135 429614.1812934875
167347976.7229368687 353693.9637882710
169053425.6347299218 437290.4804972112
171019179.7615947127 487280.2561111450
167419265.6697638333 355015.6882755756
170840467.3277086616 480897.8169023427
170979386.3525803089 486000.2572461995
170857592.7142959237 483955.9720899495
170809524.0749584436 480410.6672186852
167293571.9276674688 342604.1732794046
170795365.0709581971 480029.7160468102
167405199.0967836678 354865.6342453957
170692209.6522350311 478145.1227850914
168338828.2526060343 413966.3901739120
170958231.9346184134 484756.7176184654
170842572.3132241368 482883.7674231529
170612814.5955204368 477057.8479199409
170561479.5475444198 476343.1232733727
170734622.4558079839 479418.8752264977
170652789.7963787913 477743.0055975914
170503626.6688532233 473840.9759974480
168286920.3984849453 413943.7012052536
168410621.2803763151 418077.9073271751
168534880.8528167605 422998.2183623314
170336273.4820451140 470367.5949530602
170582460.8147168159 477047.8786444664
170238618.5481212735 461306.2372317314
170197209.1712834835 460537.6647167206
170274883.9497199655 461460.9009147882
170062129.1042937636 459863.5126223564
170159669.9778460860 460497.7261080742
