192723035.2403484583 1879294.5322265625
196874486.6250843704 1931530.5654296875
178012593.1748650968 907281.3980712891
179347003.8108407855 1173613.7629394531
179937760.7796459794 1235702.2980957031
181069117.5387018621 1353576.6403808594
181255552.3436697721 1367371.2551269531
178030375.9877952039 908334.5590820312
183014976.7100482583 1508508.4145507812
194182633.0758563280 1903552.2763671875
195572402.2687902451 1918832.3271484375
196254363.6218827069 1924143.2441406250
183634358.8904943168 1551634.0571289062
183715667.1233713329 1553519.2998046875
186237355.2453943193 1699121.3535156250
190284762.8197695613 1836726.5000000000
191503438.9427685440 1856460.9677734375
178927119.0268431902 1116133.9274902344
179007893.8115143478 1123912.0808105469
179426778.8197132945 1178833.7453613281
183824419.9778014719 1559422.0312500000
183874100.4513792396 1559875.7041015625
185602875.7416442931 1665799.9501953125
187264561.3521424234 1743330.9238281250
192847241.0661887228 1882871.2294921875
195929891.2286195457 1924080.6845703125
183570067.6327237487 1549172.6806640625
190148129.3592584431 1832733.6484375000
190480709.6890661716 1840559.4658203125
194496155.0828710496 1907147.4199218750
180070998.7554326057 1246924.2644042969
197322830.2701626122 1932521.4638671875
178428860.9855560958 1021690.2126464844
180014962.1773607731 1243742.6506347656
179901539.5436135232 1230265.0322265625
180986131.8090978265 1339069.8415527344
187184502.0855065584 1741361.4794921875
190831133.2239941061 1845001.1230468750
192312732.6544305384 1873928.1474609375
187758814.8729051054 1758967.7324218750
191900589.7660526931 1867392.0410156250
195719910.1618301272 1922201.6835937500
196747184.6022672951 1929142.7167968750
190451757.6801153123 1840457.0175781250
192564881.8736513853 1879053.8310546875
197444778.1227239072 1934022.9980468750
180127681.1388850212 1252049.1208496094
185667253.2760257125 1670582.5742187500
185485305.0530243814 1660685.1816406250
195574402.2469425499 1921097.2968750000
189696440.1163374782 1824374.1816406250
200419125.0489261448 1941848.5458984375
196952118.6878900528 1932150.7861328125
180070468.0517398119 1245935.8295898438
188015458.2542224526 1769123.2519531250
192023840.7132017910 1870518.1865234375
196825840.3509188890 1931134.0146484375
196392956.2151350379 1927853.6240234375
198212094.3882766962 1934810.7089843750
179533795.3824713826 1183861.8962402344
182768119.7495610714 1495131.4824218750
182862558.4106691480 1497773.3115234375
183323064.0020127594 1529120.1918945312
190682131.4783383012 1842512.4775390625
190751875.0979279280 1843668.0537109375
194473043.5425016582 1906374.5146484375
178042189.0928733051 919712.0290527344
187145436.7875247598 1738997.9111328125
194483235.1276131868 1906787.2275390625
192888647.2984169126 1883502.2880859375
180026606.5354381502 1245565.7932128906
182415691.8829920888 1465846.3872070312
192442211.1767114997 1877842.7900390625
185830933.9850099385 1678930.2236328125
185745750.2168540359 1672719.6562500000
192413537.6516108513 1876170.5244140625
189350909.7577985823 1811693.7822265625
190679184.2629017830 1842238.2500000000
196756636.3061704338 1929655.7548828125
199634588.9300483167 1940836.9326171875
183545127.3534733355 1544288.5922851562
192404541.0115794539 1875384.4062500000
187267082.0881567895 1743786.2451171875
190732872.1406154633 1843256.6396484375
192134986.3828475773 1872339.8662109375
195434006.0758528709 1918585.3867187500
200045409.0637173653 1941222.8447265625
200378696.0697188079 1941744.1123046875
186461544.3084691167 1711008.5800781250
189408882.8637610674 1814424.0537109375
190347628.8969142139 1838107.0937500000
189414690.5086227357 1814971.1220703125
189999560.8602103889 1831642.4082031250
180073552.8642078638 1250796.1057128906
183528172.7685363293 1542844.9775390625
183454362.6721374989 1539138.0688476562
189883834.2715491652 1827599.3398437500
177950058.4412750304 875817.2441406250
178863117.0417019129 1106038.7536621094
180175393.5393738747 1258722.0122070312
182378622.0665865242 1463971.4321289062
194776184.3683418632 1911836.2148437500
195308826.4528488517 1916531.2324218750
183542686.4619855583 1543664.1894531250
191614540.0046960413 1861005.8173828125
194301870.3626361787 1905274.7724609375
195129404.6087430120 1916180.9794921875
180163089.0059642494 1256927.3864746094
194479528.7353776097 1906438.2451171875
182823451.3270148933 1496879.3564453125
180136317.3625451624 1252522.8774414062
182472742.2308005691 1471990.7695312500
185830160.4844036996 1678315.3183593750
196606756.1780353189 1928366.1416015625
178844993.6548219323 1098549.4711914062
189274419.4212327003 1810942.2207031250
179967042.9997416139 1241299.6354980469
189351933.1534407139 1812718.4648437500
190551235.5406818986 1841563.7294921875
199803655.7624734640 1941179.0263671875
179962061.9539663792 1237674.7673339844
183218051.5876934528 1524894.7202148438
188159928.1474090815 1774593.0048828125
200908187.8760653734 1941897.9267578125
177979002.3242513835 891568.0649414062
189932642.7853102982 1829549.0449218750
194897005.0611322224 1913114.8085937500
196588429.3295306563 1928099.1572265625
178385228.5600605905 1018494.7113037109
182518254.8614328802 1475437.9697265625
181213377.9085239470 1365353.1940917969
181098730.5198267400 1354938.4062500000
187599069.8105068803 1753400.3417968750
189984460.7338594794 1830034.6240234375
194715230.8321406543 1910789.3447265625
179474603.8752257824 1183478.8146972656
196345438.4877000749 1927092.7177734375
179285855.1496210694 1164823.7463378906
185783019.1551285982 1677369.4995117188
187293542.7231520414 1745786.1699218750
189917410.1692871749 1829045.5937500000
183243605.7218918800 1526567.9667968750
194549354.6272952259 1907702.1562500000
181222844.7261379361 1365719.0832519531
183202434.4046504498 1520379.1074218750
186999121.5788021088 1734889.7285156250
186607123.0126723051 1717804.2080078125
198234230.6362352073 1936004.4902343750
189325602.5454720855 1811425.4238281250
179832688.0955739021 1226696.0778808594
186919795.5545136631 1730240.9873046875
186436992.9908148646 1709137.0976562500
181140154.7049982250 1359120.8708496094
182338091.1081327200 1459267.3261718750
182507879.8367407322 1474388.1704101562
194651493.8677950799 1909394.5791015625
186116510.3877417147 1695108.1777343750
177990478.0552547276 901474.6567382812
195332068.2739543915 1917164.8935546875
179154448.9885971546 1147336.1008300781
194887403.8056611121 1913086.1582031250
179705860.9255593717 1209986.8823242188
188350731.2273508608 1777962.0351562500
199643584.0537427664 1941066.3388671875
185941954.6019975245 1686792.4775390625
186391285.2119652629 1707838.4550781250
191656191.4219892621 1862483.8261718750
193955955.3532113731 1893789.0742187500
178303865.6826616228 1003303.8436279297
177984653.4085350931 895129.2456054688
178286499.0374957025 997218.5313720703
186752512.7615660727 1724998.9824218750
194106654.9184570014 1899614.5820312500
180933549.9045548737 1338527.2092285156
186354392.3007973135 1706016.5644531250
178258158.9093184769 989747.8560791016
179761958.8454008996 1216675.1411132812
182553856.6332625747 1477505.2763671875
200063687.4118313789 1941353.2119140625
200201609.1277578175 1941355.7939453125
188022286.2590242922 1770199.3164062500
200320265.0861815810 1941424.7783203125
178061088.2578647435 925136.0417480469
180913950.0931902528 1336102.3249511719
189265004.5207452178 1807536.4326171875
191740594.0458003283 1864141.5068359375
180793065.7613485754 1318118.0075683594
191551654.8792045116 1860547.2177734375
182986653.6140844524 1506358.8183593750
178123484.1629649103 940162.5056152344
178115187.8827408254 938613.7128906250
180841656.7768501937 1328304.0183105469
180908347.1645613015 1335931.8713378906
183173490.0885111988 1519407.6855468750
182938555.7460207343 1503609.1997070312
182935342.9463559091 1503534.9477539062
189036382.7315078676 1803200.6171875000
178268511.9299125969 995609.3760986328
187922104.5181620419 1767319.4335937500
180949709.8313218653 1338544.7326660156
190939089.8382589817 1846913.7460937500
178822856.2405952215 1097745.2973632812
187862557.5946250260 1764078.0078125000
179676188.1461505592 1207846.0522460938
181836600.4084606767 1402948.3110351562
185590010.4306880236 1662468.0434570312
186416281.1393077970 1709020.3085937500
191142970.3085209727 1851523.0888671875
193994198.5385193825 1897602.9179687500
179237805.1725009680 1156569.4663085938
199375242.8232496679 1939419.6220703125
199475139.3763421476 1940455.1318359375
185684372.6835298240 1670934.5810546875
199241224.1637983918 1938978.4980468750
191292358.6865574419 1854432.4814453125
189177665.5898440182 1807478.1308593750
179554911.7638813257 1190099.4721679688
181941688.7093156874 1419646.0009765625
182217838.6513163447 1441583.7763671875
186478725.6788062453 1711970.9121093750
181965812.4949967265 1424609.3398437500
191056538.8600386977 1849290.7392578125
181896007.1637703478 1419134.3623046875
179015665.5312138200 1126040.1904296875
188830434.3015623391 1795377.4394531250
189130901.8366284370 1804952.4189453125
189019879.6948406696 1801948.2255859375
178234386.1855482757 983078.3756103516
179038896.7361388803 1129668.3356933594
185862630.7312715352 1679152.5966796875
178957091.0686143041 1117571.1411132812
178762764.3304622471 1056413.2840576172
178231217.1798883975 981672.2919921875
193248170.7388689518 1885164.7587890625
199156858.1137622893 1938771.5195312500
178177973.1987231076 958120.8209228516
178735025.3281742632 1056054.3249511719
198914353.0041064918 1937931.7363281250
179541232.0059454441 1188585.7424316406
178194535.5760026872 970179.5059814453
185821699.7155990303 1677691.1318359375
182100950.8989471495 1433866.7890625000
188351901.3499727249 1778320.3388671875
198980395.0993699431 1938509.8535156250
179345324.9902409911 1169802.1677246094
179119819.0172787905 1141892.9338378906
178653169.8563904464 1055257.3920898438
181878117.3311800659 1416636.5239257812
198552682.7876316905 1936875.8417968750
178508353.7529681027 1036310.7298583984
178651425.0504519641 1052275.0949707031
181410962.0466514230 1376924.5673828125
181640388.8961341679 1396402.2978515625
181591826.7410069108 1392374.0756835938
181467387.1660296917 1381535.3627929688
181569054.4367595613 1391069.6396484375
181444840.9542917609 1379448.8759765625
181555215.1489695907 1388740.1601562500
198570042.7433076501 1937204.8320312500
193197305.6209300458 1884410.7626953125
193397111.9150702953 1886771.4619140625
198777371.1001659334 1937225.1464843750
178594117.6944792569 1048992.4163818359
187688272.8275068700 1758156.0107421875
197863052.0800471306 1934442.9785156250
178156252.8615151942 944467.0793457031
197830714.4640070498 1934049.7324218750
178187782.9569117129 959602.9317626953
178499405.7377848327 1028648.8280029297
197869393.8227936327 1934498.5234375000
188492219.2729405761 1784786.3466796875
188409764.3855240941 1782139.6406250000
188127052.5398176908 1772618.5390625000
193473161.5370077491 1887638.8320312500
178456816.6597174704 1025144.6790771484
178505699.0666221380 1031006.2966308594
188351038.9745612741 1778317.1162109375
180442412.0721774697 1279401.7944335938
188059462.7057774663 1771404.3554687500
193668109.7776746750 1889427.7607421875
188258799.5645543933 1776695.8447265625
178104635.7908050120 931891.8304443359
178132613.8225585520 942084.8118896484
184385936.1916778386 1577086.4458007812
184442365.3407631516 1581960.8125000000
180517028.6438781917 1286213.9128417969
184629110.6740008891 1586333.1718750000
180494536.0416396558 1284536.8117675781
180665985.7176329494 1298348.8002929688
180624120.5837017596 1295906.6513671875
184222247.4121330082 1567343.1484375000
184128691.6179868281 1562914.7822265625
180384173.7888071239 1270602.3171386719
180480164.0015272498 1280988.4184570312
180316357.9922310114 1266178.1965332031
193847264.4465267658 1891405.2402343750
184863596.6371346414 1597061.5229492188
185028899.3800281584 1599460.7973632812
184818491.8607382476 1593711.2124023438
185106595.1278940141 1601261.3129882812
