134071183.5322839171 19230.9762920624
136303851.8968738019 20675.3437004201
131736386.1126199365 17478.1724663526
138570412.7570931315 21973.1285066605
142035860.9548661411 23558.7104263306
142659978.2097389102 23772.3472824097
142560004.6018623710 23757.5365066528
128460962.6348517388 14184.1862190366
131584586.4283597916 17370.3620691597
136495158.0230564773 20706.6597786061
142054059.9848262370 23586.9418869019
143398720.0036857128 23854.2973403931
136387747.7060136199 20675.3670578115
132716400.0644757748 18223.9982288778
132144157.3853411824 17852.5452259481
134329574.6548589766 19446.7310478091
133441087.0607627183 18821.5623345673
134704731.2183649838 19536.7439015210
136284556.5637364388 20672.5944614522
145607528.6859911084 23937.2167854309
136155926.4325823486 20537.5038490407
126666984.1837746501 12066.2541598771
146116450.2157095969 24143.3297348022
151126340.8242973089 24581.7267074585
125271057.6623060703 9081.6850734502
129043335.5346770287 14765.4200471938
132390137.4246598780 18013.2811656296
141075169.5972161591 22991.5874595642
145645955.5813966393 23984.5703201294
132271812.8261301070 17885.2709082067
132236896.1264832616 17874.0424625054
139394137.2214540839 22315.5387115479
132509256.4578546882 18104.7787317336
132254159.5568356663 17874.1617382467
138038675.3210943341 21747.0231571198
141646244.8010089099 23315.6579513550
134847869.6852881312 19583.6846174896
141139248.9983511567 23111.5192503929
132407031.2196437865 18023.3413342237
142977838.9914177060 23816.9733047485
124875949.7745807469 7864.8490749151
132086393.2393146008 17806.5482277572
131823480.0152674764 17615.1358742416
131940449.8303751200 17707.0444365442
134706158.4892944694 19582.7150109410
125309475.6731330901 9375.3607172072
146382250.3152802587 24216.4350051880
150442451.2085140944 24472.8991928101
141532546.5888681412 23303.3123855591
125450952.9449479878 9753.5807840526
137187917.1714431643 21265.9831852583
141929930.9560838938 23493.9968795776
142368243.9624277949 23600.1849594116
131652004.9200710803 17471.1585564315
128735105.0241280943 14546.0552212894
137232973.6635112464 21283.7772626877
138648156.2012521029 21976.9590816498
139016587.1116956472 22154.2105369568
138873407.9732342660 22127.7633419037
143548611.3063351512 23860.5377731323
146616342.3262695074 24234.3943557739
133901171.3863596171 19135.0780296624
138372118.1530783474 21938.6636371613
141373173.8898309767 23176.5856170654
143183524.4629079401 23844.8193435669
126443318.7502776682 11749.5713598821
132338665.2377180159 18012.6447036564
143160970.6440131366 23817.3348922729
128129239.9511017948 13879.1760240245
128816634.3821441829 14575.2354310155
141659838.3560174406 23385.5538101196
133581891.7284196019 18899.3415667415
134002414.8612664491 19207.0671517253
142795061.5023278296 23790.9008255005
146272816.2067119479 24210.2885208130
146271030.4314512908 24203.6026229858
132046790.0362183750 17716.4617202580
134081706.6573143452 19309.7403148115
145831532.8312034607 24080.8185348511
125758535.6877536178 10178.7671298981
140724881.0655703843 22861.9493350983
142193987.7220157385 23594.6422653198
126021394.2919607013 10937.6692126840
131873620.6096447855 17641.1917007267
131285402.5989864618 17022.4975762069
145812426.9138684273 24036.1832046509
137234130.8874024749 21299.8044195175
131418883.5862106234 17207.8929428756
131618129.4561279714 17399.7065643966
133809668.6737616807 19119.2198702097
140794557.1520585716 22982.0002689362
127587290.6610500813 13139.3857024107
128371413.1505091935 13982.3870378184
128218134.6590715647 13906.9555566061
137663373.8233551681 21559.2543697357
137271901.3116113245 21317.9611568451
141150022.5563428700 23149.0578479767
146242324.9782393575 24197.6040267944
126082011.2652233392 11175.0153773874
139039021.6920595765 22206.9357757568
128539541.8490954489 14259.8310075450
128473031.4932617992 14250.6290269542
137584141.3281133771 21449.8591128066
151064681.2790931165 24563.0997543335
124833361.6405481696 7493.3960719854
129010164.6830043644 14739.4664636254
141767270.5522045493 23397.4794769287
127549188.4643179029 12980.1754133999
128361762.7402448058 13970.0068650889
131575611.5818256736 17297.1117369831
145972756.3553303182 24124.7002792358
146130109.8756735623 24176.9993209839
150612337.9450483024 24505.9789199829
127287495.6358471811 12857.8230874333
129698164.6875920147 15545.0195741653
127221355.6318043470 12663.8083474431
145657232.5872308910 24028.8490982056
150725764.7081504166 24532.8163986206
127794659.7281609029 13311.1353587549
137478118.5381574631 21432.1334794760
146269831.3198011816 24198.7478256226
129385363.0931971967 15209.3453416824
137037389.0148891509 21108.4713478200
137228402.4975969493 21279.9186124802
138196479.0006237328 21820.7213062910
127840215.3354694247 13459.5926510338
131370975.8187163919 17172.4327486455
125176630.6633803993 9023.9635901600
127729234.2281592041 13250.3969885800
129602548.4044466466 15415.0371294022
133923166.7715902478 19173.2677779198
137849201.5271159112 21687.1504011154
137973097.4042722583 21714.6222553253
129234085.2810409516 14942.0989324306
127758508.4543239176 13287.9780016932
138751551.9643198550 22100.7563419342
127625122.9549849778 13239.2926752914
133780918.5312847048 19109.1383291483
137913722.3042207062 21702.8763942719
138162805.8922716677 21813.3307931515
138104856.0904733837 21767.9811318945
141050879.5456765294 22982.5020065308
126584803.3616525829 11839.9785473347
131368292.7917086929 17159.2948978841
138512345.5862433612 21959.7907276154
128008118.7801668346 13621.8499915097
129683566.8941470981 15516.7320759175
133839409.6318741888 19125.1725050211
125139820.7096279711 8977.6947351992
125155394.9887277037 8980.0786110461
129647661.3250214458 15486.3677711189
137211738.8449073434 21274.1225700490
136697627.1828836799 20965.8510317914
138667634.7801697552 22015.6391901044
138849353.9118353128 22121.3543715147
126265833.3172229826 11439.1230709553
134448765.0289581716 19485.7019535303
138202954.9322836995 21861.0417779950
140761906.5773980021 22874.8663291931
126650344.5125466287 12032.4629004095
125967085.3256977648 10897.1469914997
140525835.1588506997 22742.7338066101
127410923.9605132788 12951.1090982855
130085739.2591540664 15883.3575352132
140602220.8814740479 22784.9772148132
124890226.6211358756 7898.9196129143
146099531.7028846741 24139.0393295288
129745349.8137642294 15552.4000300169
140350761.1347941458 22722.3875923157
131350123.4289091080 17115.6302142441
140160898.4583676457 22636.0630950928
126398962.9709891081 11640.3014145416
131323464.7183793038 17085.3188309968
136893049.5102822781 21016.4558925740
124843100.3621282727 7544.7005732805
136827624.3086834848 21005.3657870963
127244249.1808638275 12667.9706706498
129858645.2470296472 15617.0894087553
134244519.5607128143 19368.8879896402
137050042.1087439060 21208.4657249562
124939979.2542465180 8281.5693918318
129783629.2562529296 15579.1894568205
126887495.1499031484 12318.0316118542
130007597.6897405237 15836.9430960417
131337967.0931392759 17089.3354352182
138088470.3842239380 21749.7210138426
136969761.5315919816 21044.7053512376
133321287.2510731667 18544.9098456800
128837649.5150008947 14586.9367387295
133333230.7518252283 18582.7959453762
129696778.5192119032 15543.4106863737
130819411.7782217711 16482.6283506816
130750795.0987268984 16433.1839248901
133101686.1872367710 18424.9254602492
127144173.0485617816 12608.5190865788
140632789.6014400125 22840.5852622986
130612845.9889716357 16354.9776319927
140115717.9125035107 22488.2493629456
126868621.1296952367 12291.8199373634
130647877.8580992222 16363.7991234120
124926449.0646684617 8265.3331075758
130517830.0823239684 16220.0701005850
124830312.5043333322 7187.7915753722
130366963.0958341509 16131.3633810580
140138350.9264106452 22558.8861770630
128872866.3679766208 14638.6731475783
130927718.3842305988 16616.6320270961
130296050.3834978789 16105.7858204311
139706560.2360036969 22423.4427146912
129069129.7158950716 14898.5716452599
124904376.4626636803 7910.7483086288
130306491.6098785251 16115.1183628505
129970528.0546216816 15777.0628944933
126511236.7612445354 11813.2137792110
139653873.6819240749 22357.5550155640
129435742.6920322627 15261.5266836882
133086364.0539980531 18397.8822708493
139812048.5157313943 22443.1728630066
124907046.5991465002 8234.5646197498
124974435.0813452750 8317.4787206054
127331020.4988726974 12894.7845269535
129797880.6571135968 15581.0683991865
130894514.0705402046 16547.1843076842
129299574.0131165832 15073.6895281971
125806773.3669062704 10537.0481624512
129059226.7410051078 14859.7110861838
130580912.3217370063 16259.0233311988
133188785.5721211284 18517.0230427980
125065638.6123275906 8702.8563680053
127402743.0641085953 12941.1568300668
133389005.4131992608 18680.4010251264
133167496.5619060546 18478.2717723548
125166227.9257413298 9009.5603627563
150034112.6267893016 24389.7606124878
130889962.8193677515 16502.7732519633
127124838.0308109224 12607.0187209892
150293061.7469727099 24446.7998733521
126946439.3367797136 12364.7410153243
124851946.4651286155 7559.2445783019
126472942.1802307665 11767.7297041509
126356915.0835738480 11547.3120510578
125126856.1267197579 8727.8335977634
125105668.7719341069 8712.4572023990
127162197.3764502108 12654.4277538005
130876721.3286507130 16498.7766782045
124924679.4736649245 8264.6899318397
133042321.2782673091 18358.6005343795
125194110.8312886804 9040.7176897973
125022026.1608030051 8638.1073598266
150051226.4837993383 24410.8142929077
126431928.7796235979 11716.4973663036
126067288.6920056194 11134.1742639451
136073718.0735068917 20306.4632368014
125651010.3891090155 10166.9092616659
126608366.5304140449 11993.2498630229
126735697.7437207997 12099.4479000648
125625152.7739233822 10111.0778531503
127248082.3151967078 12671.0917306840
126583062.8495846689 11821.6640033219
126441446.5258313119 11746.7080175970
125489391.4455156922 9800.2675106149
126354148.3253084719 11519.3499081135
126153168.6611285806 11250.4718792439
125430808.1288933754 9495.8090602976
149782038.7934839725 24378.3749771118
125347785.7630382180 9428.8145076853
149678332.8058598042 24361.8887100220
125837199.7625318021 10552.0796430195
136001334.9437189996 20122.7084875358
149055434.7567571998 24320.0557937622
149329257.5887850225 24323.4464950562
148142917.2769634128 24248.4884872437
147733112.5322591662 24236.3899002075
125634572.7058547735 10121.9777203649
135824083.7686513662 20034.1400023298
135376613.1681693196 19808.8098021345
125797448.0150248259 10512.0290842056
135950600.6549802423 20094.7757981243
135788051.9928872585 20012.8389271023
135446781.0689911842 19838.3971665325
149407858.1837142706 24326.5049514771
135461915.2970218658 19869.4943345012
135067171.3347544968 19633.5158530073
149519398.5088877678 24330.6772232056
127486255.6373113990 12972.3075393140
127220753.7778135836 12659.5045299232
135273592.2460377216 19708.0597673217
148986818.0110549629 24303.7632522583
125956662.8877005726 10882.6200710593
148852616.3269808292 24295.6479873657
135202865.6800231338 19680.9462080793
148155893.4242930114 24264.3243331909
148415159.2685373127 24278.2315139771
148906363.6196058393 24303.3543777466
147880327.1731173992 24245.7997665405
148506701.4649182558 24283.7276077271
126051211.7073379904 11095.0229663758
125782293.0590441823 10425.6803403853
125485349.3172148764 9755.1017658710
125781451.6735515594 10209.5685540014
