726772003.8393735886 168287.6278191842
726623861.9857840538 166972.8666192330
726293833.3375165462 166874.6563097276
726750019.9930706024 167832.8842183389
726644283.8779590130 167788.0236016549
727796208.7497315407 169647.6491780868
727066050.6498918533 168411.3473531427
727544889.6429989338 169461.6347521069
785618570.5626924038 275365.2334584817
785665593.0812261105 275510.9522695169
785768634.5592113733 276019.9077138528
786356802.8468095064 276857.9197473153
786678406.4915648699 277085.8169030771
786872024.4612169266 277319.8018674478
787092272.7033785582 277496.0454873666
786495415.4393556118 277023.6237268075
787674794.0329866409 277873.3126229867
787884091.6727367640 278089.4245462045
830696603.3681896925 310834.1685485840
830871958.5109567642 311040.8343200684
831109738.3291079998 311157.2657775879
699902924.6059834957 77921.3672911231
705412623.9498314857 103865.8845749077
704713804.2500565052 101794.4064238531
727144496.4433753490 168734.7200643243
727530057.0416350365 169449.6792623224
727174362.7742514610 168945.8827230157
741373460.6665529013 202634.4582978042
741249910.6378806829 202473.7918531928
741042580.5942912102 201947.3578016792
786060343.7033106089 276404.0581826791
786226638.8366036415 276587.0017251596
786758261.0501430035 277168.8505944833
787374016.7924525738 277796.3356637582
816065407.4319052696 305903.1400146484
816392786.2053122520 306184.8993835449
816630333.0394563675 306427.8674011230
830113785.3604280949 310803.2808532715
704410446.4335451126 100367.5770256362
704549839.7966697216 100963.6080918155
700276781.3508079052 82303.2556907905
704444427.7428550720 100892.3637993178
704291505.8525705338 99996.1917753062
704540894.0522272587 100900.8694633026
704182240.8485286236 99978.4690885387
704061679.8838064671 99497.3106717906
704040692.4687490463 99392.8981059609
700140369.3103423119 79253.7808201725
704427466.8644833565 100394.0607760279
703757361.9061691761 98354.2644650815
703794482.7882955074 98527.9057311891
703521976.8599276543 97567.7103919862
704342914.7154567242 100251.4356081812
816978689.7569837570 306685.3340759277
700898761.6995885372 84439.1635837948
703979680.2789325714 99096.3684888212
704316228.5574598312 100029.9437954156
816722226.8493275642 306510.3208923340
816408957.6552872658 306369.0202941895
816838952.1883990765 306629.9745788574
703939349.7150464058 98779.6610928046
703991641.8603878021 99121.6995435087
703893695.1159369946 98778.2690331070
741602145.1149131060 203187.9477942024
741796372.9140006304 203371.6912156936
741503143.3656622171 202908.8060497048
741649315.8776797056 203339.7925343547
816823253.7553958893 306541.4102478027
740878961.4216802120 200807.4454634223
741503884.3605813980 202913.3044774566
741923945.6345990896 203636.2762486968
815611852.1900799274 304811.9057617188
828589503.8404659033 310366.5606994629
741557689.4583557844 203098.8688695465
741194381.0257760286 202447.2275221382
741147645.6116397381 202159.6623976264
815606287.3097381592 304788.4564361572
828489628.6564189196 310321.2143859863
702933557.7641947269 92868.1594472483
703097338.5535621643 93150.9089152666
703147056.0826981068 93328.1631010726
702949695.5642731190 92978.8187153058
702750795.2933154106 92234.2661244005
702870506.4797043800 92271.3569764227
702585109.9392757416 90812.4395999193
702625997.8315401077 90954.3978535265
702528845.9866573811 90641.1844669908
701850437.9783382416 86244.0964100903
701978047.8527746201 86811.1646669006
701708821.4396789074 86188.9805043286
701834951.7211654186 86189.0152656084
701704857.8331980705 85746.4453405432
701499450.6813495159 85277.0509388989
701399185.9396936893 84780.9771024754
701646019.5651726723 85534.8421353867
785446132.3188399076 274814.2737435922
785602267.5228831768 275197.9967279062
785531569.4406933784 274975.4174388926
828127303.0268375874 310218.5386657715
827777099.1917908192 310113.4590148926
828253332.2165223360 310281.6411437988
740828448.1530889273 200700.1627459560
827772703.0271860361 309847.0113220215
828116607.4376584291 310187.3028259277
740705718.0727041960 200230.7257490499
740365881.4313085079 199369.8634056726
740616536.7085279226 200210.5944013937
740253781.1761431694 199347.3266625085
783691002.5958770514 271501.7492872439
783741694.6580524445 271594.1956678592
783130456.7610112429 270554.3638841473
826109427.3244845867 308981.6641845703
782955267.9223868847 269941.9260450564
782615344.1330240965 268813.4888569079
782416910.1366443634 268502.2529503070
739776786.8884997368 198342.1109379062
820397166.5163152218 306776.1885375977
738857883.4927499294 196128.6089712841
739334353.8732620478 196765.4787281075
738493702.2815835476 194932.4076573713
738571783.7523546219 195029.5501333935
738657104.5981647968 195519.1583792431
782298055.2095407248 268128.1223978586
782357650.7667030096 268218.1186825708
738454967.1065049171 194219.6579121708
782208699.3334753513 267629.7816588394
727985692.5450785160 169861.8539685979
728424273.7638390064 170103.2333455244
738356093.8081326485 193676.9145009172
738257619.6842091084 193641.7593820464
738219160.6832654476 193155.0905110491
738475455.3490375280 194236.6344868792
824111141.5697944164 308400.3002319336
824239633.2689687014 308421.6993408203
781901055.4893292189 267580.3529555313
824334095.8993151188 308462.2493896484
824164776.4798270464 308420.4362792969
823952674.8691648245 308376.7617187500
782296714.0252405405 267963.1427809708
736087981.1322183609 188560.2772377760
735373352.3678348064 187003.0308723252
735751660.7090408802 187884.9870490831
735915089.6069574356 188112.4041568589
735618946.7037763596 187474.5117327602
735424366.4924228191 187200.2752570909
735095159.6880114079 186312.3704719346
735054341.0094201565 185746.1308768539
735252697.0964951515 186641.4290656846
733003211.7625260353 180843.7896324921
732990253.5913758278 180331.1147732198
732566778.2807245255 179630.3024091471
732125691.5715112686 178613.4358962475
732170629.7644674778 178928.9151695281
732447564.4312658310 179550.1087234527
730952469.8639042377 175748.3259360299
730589799.8827362061 175070.5450373052
730307361.5754733086 174056.8182056857
730470759.3919069767 174098.4656971408
730200798.7201263905 174003.3582142306
730106112.5304524899 173442.9889090968
729895490.6905283928 173294.9443305446
729791130.6301474571 173067.6912177516
821921924.8595396280 307102.5393676758
823068160.8364607096 307776.4049072266
822125096.5683561563 307315.1015625000
822756575.4128223658 307662.3923950195
822433965.9842866659 307513.1284179688
726105821.2332880497 162437.6340223087
725798885.4404318333 161725.7764592899
725976998.5546836853 161844.6576381458
725528509.5087275505 160731.5474773181
725536218.3397533894 160932.7280727161
725408131.9897280931 160236.0731814040
725467717.0628379583 160301.4675029052
725244926.6593360901 160181.7582865490
722870551.4666299820 153355.4926080442
722768889.8528747559 152917.7604770962
722851034.9545004368 153092.6860447232
723589417.1169102192 154980.3184158931
723524373.4796035290 154275.1153812711
723216615.6233630180 154157.7802219693
722854811.0176146030 153264.9353885953
722328657.7500116825 151585.0892980126
722425061.8612437248 151986.0302868192
713003337.1365805864 104208.8585580832
713189581.7570251226 104401.8821184879
713485382.3721903563 105711.9273475610
713445926.3650640249 105704.4443354727
780952886.1620949507 263384.5273298621
780705731.1853337288 262953.9704226159
781310033.3455570936 263573.5163225008
781207629.0461605787 263561.9250582361
781183162.7751364708 263556.1577852868
780369356.6656843424 262531.8315600061
780563690.0545728207 262765.8609484338
780919266.9646993876 263059.3866140448
780447942.8509510756 262606.2198961877
713799047.6449211836 106047.8383937002
778967684.1069799662 258577.6130633282
721704166.6751077175 141926.5660949527
721677210.2233872414 141545.0985046207
721189875.0463619232 139149.5657424956
720934349.8915538788 138426.9605598479
720925780.9238641262 138086.9294049918
720885523.0132601261 137801.7782184277
720355049.6721217632 136807.4578640826
720579817.3372576237 137185.1718937978
720700020.1598300934 137723.9097058401
720489423.4155476093 137180.6401097402
720659677.2879314423 137544.7973801717
718396089.7971131802 129280.0646729790
718129906.2323558331 128062.6433381963
718176876.1693394184 128511.4985628057
717939696.0008544922 127562.5888972584
718098730.8428471088 127617.6861710096
717576032.5865063667 126263.1702379215
717200727.4957182407 124638.6733430851
717610214.6783647537 126446.3069948185
717610493.6098906994 126636.0800069798
717367110.8207821846 125570.1702150333
717180852.5592571497 121816.5924056884
717006335.0110837221 120983.0309485312
714693013.9022818804 109841.1272116108
716610901.4156621695 119474.9660503197
716474024.8611708879 119040.2482234765
714305621.1316086054 107335.0100051695
714500638.5469492674 108997.6706457538
714384763.4491466284 108153.9941781693
716069963.2212594748 116443.1222872328
716181216.5941997766 116686.1237670171
716091748.0340098143 116637.1403449149
715877854.0803736448 115399.3418860649
715816874.0680986643 114599.9550898607
715872891.6366447210 114765.3104478572
715799132.9935437441 114598.7643950050
715424597.9238401651 113644.8574068611
715172664.0612500906 110220.2481616783
715249389.4437724352 112692.3034029146
715187154.8611217737 111832.3149626766
778449066.6159112453 257315.8317179608
778671037.1819720268 258146.0658945965
778462737.7380181551 257806.3360819744
778606800.7077193260 258054.2377655434
778695072.5676414967 258293.7138285565
778586135.2241557837 257812.1664347576
777588549.2501537800 252844.9736494732
777339690.1881803274 252674.2084879589
777497518.6091452837 252698.5077376079
776835361.2825171947 251227.2941641521
776929114.1334106922 251612.9734244060
777108077.8434101343 251777.0602316570
776831776.7834334373 249430.0704078537
776571535.2274516821 249272.0580139023
776723710.2817672491 249410.8279132706
776740778.8493431807 249413.0102863174
776534679.9711731672 242819.9529938714
776439846.1833676100 242278.5551772134
774454217.5960006714 237459.7024341875
774667241.8647524118 238154.1737896258
774795528.6310284138 238338.7146335894
774706732.1538892984 238295.8821750933
774368321.3235048056 236979.0608860308
774393102.3616566658 237031.0189853960
774424307.9333926439 237294.9301115328
774248873.0742430687 236159.5036999041
774108917.0546700954 236072.2820202166
762347691.0556052923 209603.8751262929
761700259.1456155777 208219.2347606923
760918018.4970848560 205154.2792833950
761260839.8839851618 205529.4896468427
761325458.7288688421 205970.2980727460
761099166.9693741798 205503.6724166181
761281455.6609458923 205956.3103603628
761486357.3198771477 206673.5592922475
761433010.6830301285 206666.6672939565
761357908.0659220219 206097.6921047475
765597909.3123576641 210478.7546842053
766284518.6212679148 211509.5785000701
768410501.4191612005 216252.7987028738
768214094.0385915041 215968.3962552031
768007832.7220357656 215113.2405403038
768094251.5083810091 215540.0031553884
768520749.6699695587 216601.5258452077
768462038.6431053877 216551.7553068777
769078649.8121148348 218229.6058861841
768869598.0623302460 217602.6542336573
768789073.8021429777 217437.5308663477
773697124.7515161037 228616.6815389937
773902862.0606640577 228954.8840536422
773728668.2938115597 228659.7388510054
772492868.6521798372 223494.5387538022
771876181.4882526398 222088.8473422474
772957937.9193005562 223855.4230105823
772241783.1788653135 222751.9148395008
772941211.6538835764 223797.5623271412
772865342.4356650114 223790.5957095569
772759181.0095191002 223771.7657992786
772444331.7651284933 222935.8280780262
773014144.4750369787 223879.6130907482
773079483.8866150379 224299.1792528576
