116783695.7554185688 481440.1020145416
116641270.1274619251 480272.4678020477
114094719.7332774550 318749.7551673166
116423145.7902349830 472733.4992046356
119749874.5108478963 582130.9662475586
121400662.8328561038 606572.4780273438
119826537.1937643886 582889.5133056641
119743327.9023859799 581920.9848632812
119823111.2315467447 582144.5651855469
114262293.9517665058 328288.8384479396
116187022.7997455448 458193.9533229470
120551667.1859217882 597758.9335937500
120369337.6851703972 596164.0161132812
121173126.7736531645 605244.2250976562
114277720.7177221626 328829.3892287016
119906282.4374712855 586870.4189453125
114163597.9989054352 322432.6052382700
114002650.5149262398 314697.8139118068
114829609.5350851715 389929.2443577051
119948105.4491863400 589567.1611328125
120801129.1627263427 600067.7880859375
121094250.3453674018 604418.0800781250
114541447.8178518713 376239.4427395575
114701538.5750248134 385399.7858216278
120134149.3635326177 592657.1791992188
116841315.3772930652 484779.7720584869
113972832.2217290699 308112.6946628913
114924238.2364142835 396624.6595074534
121939573.6198450029 608773.6044921875
114617892.7188797593 382360.4456968326
119656587.0756256133 578534.3489685059
119647915.9268316478 572387.7662353516
120196171.0480924249 592709.6459960938
120567594.1957895011 599519.1904296875
120829822.1023735404 601270.8251953125
121746952.8702985048 608509.0566406250
122225670.8994932026 608843.0566406250
121977638.7784769833 608828.8364257812
114081348.9637259245 315616.9470966682
114130512.5556920022 321741.4921215400
116220842.0781950355 462107.7700801492
120414551.0711520910 597017.4912109375
121622580.1898649633 606780.5200195312
121649282.8607667089 608442.6528320312
121015820.6798998117 603818.8935546875
121003621.7306243628 603255.6899414062
114831761.1496680975 390197.3609559052
114747250.8140116483 386317.7337586395
116193397.3737590164 459420.5513320565
121034481.3173652440 604089.2666015625
121613297.0994429439 606595.3911132812
113990165.4992655665 308507.9237044565
114556731.1478875726 376448.1133057587
116294626.0891235322 465972.5473781228
119854543.6004388630 585650.7178955078
120413710.6689472497 596211.8476562500
120830101.4383493513 602219.0917968750
114123981.5353782177 320430.2175396308
114026137.9067196399 315153.6253345832
114508398.8215447962 374562.4663140289
120750273.5860771388 599972.0283203125
113991931.6718067974 310349.0497196540
116118131.4670724273 457567.9658351541
114662892.1107237637 383029.1112019531
114545329.8039303124 376381.1479241364
114746183.6459068060 385483.2435742132
116246318.4379664510 464989.4655910134
116861139.3594787717 485036.2716045380
120979212.6330997795 602554.2597656250
120812855.3149842620 600949.7187500000
113959357.4704535007 307735.5351246223
114595018.5631854385 382223.9838616364
120685386.9853107929 599854.3583984375
114255613.0513239950 326995.2757399790
114790708.5033340752 389372.4226777069
116792660.8089186996 482175.0721278787
120320719.7112493217 595081.8374023438
120424114.3212266862 597407.0390625000
114150125.6770553738 322111.7408121228
114244146.8981490880 323655.9410804026
120031977.9232068658 589948.3989257812
114694700.8443810493 383779.2845971100
114149531.1253647953 322065.2009911053
120320855.7704515755 595883.0341796875
116220314.0010336041 459973.2562709451
116588253.4921561033 477395.5855556130
120114379.0814085752 592328.3657226562
121909925.6121177375 608548.7099609375
114266448.3984572142 328331.9745276682
114443778.6638951302 366127.8919163458
114426016.5114194155 362851.7870579474
114641458.5481823981 382617.1565200798
116808681.8602113724 482506.2276301980
114817341.9541339129 389400.7255188935
114091471.5688499808 316546.8569259457
120272852.9228346497 593515.8422851562
122286410.1743388474 609095.6728515625
116406704.8539271355 468267.3198428750
114583004.0549797267 377269.6582279913
116396215.8246150911 468002.1858878732
114234696.7101181000 323478.9848788492
116540435.8613682538 474953.1534267068
116349998.8537310362 467717.8679957986
114461162.8836196661 367181.9276943915
114833535.5315877050 390843.4872398973
116189207.9823361784 458860.1445460916
116331701.6523990482 467414.1848292947
116508219.9737878889 472948.8078746796
114439377.1151208133 363081.4037380926
115073115.8097801656 398110.9023209214
122538343.7685441077 609428.1083984375
114908201.9543124288 393641.4450607896
114508149.9628235102 371585.2965965979
117368487.0031717420 500303.5907916427
121617869.2432349920 606618.5195312500
114593117.6066583544 377746.3337784410
114771827.8815094978 389144.9438858628
117101099.1151977628 492721.0678882003
114405117.9863380492 356152.9173489325
114469149.2666055560 370145.8549099676
117181472.8279920816 495081.9793739319
116915812.0771597177 485304.1570472717
116972672.0148492008 487960.1660499573
117238522.3108644485 496989.8056811690
114522405.3200709969 374744.2682400458
114481486.8834744841 370208.8086296432
117035721.5318909287 488108.1708927155
117562987.7642145157 505671.4618225098
114464560.5046582818 367407.5682053678
117613241.6666035652 506728.8274707198
114449808.0755369216 367042.9780045263
115213755.3443496376 398506.0454766154
115532123.2032921165 398669.1221993566
117500708.6498899609 504528.7742785811
117445847.7836085260 501417.9543628097
114180770.9674844891 322985.2279476039
117438880.4820452034 500834.3689135909
117597017.8130262643 506005.7825793624
117542386.8090120852 505203.4544848800
117827485.6026321501 507148.4701232910
114189389.5527318120 323081.6108592860
117263110.3412296027 497674.3273791671
117287727.5744385421 498466.8139819503
117525894.5473858714 504809.8388637304
117149487.6712700278 492784.2016772628
117477696.8009262085 503894.1639293432
117059339.0424350053 489566.1878003478
117488963.7875422537 504227.1507457495
117249531.0281702578 497052.9394702315
122347324.2882501632 609159.7880859375
117092902.3186911792 490692.3676928878
122260425.9510896951 608871.3544921875
117089882.8848969191 490314.7422014475
117078010.6736245751 489817.5069509745
117928352.2341637462 509759.5710659027
117994773.0416602045 512417.5652872324
117962814.4015104473 511412.2115484476
114393151.3597453237 330479.0701639950
118668075.1238063276 526547.0988769531
118347861.9108158350 518872.8406028748
118421090.4919914901 519105.8601951599
118523725.2902886719 522517.7681083679
118284154.8418319523 515986.6331443787
118383841.4084893465 519088.5637474060
118865204.3273919374 531421.5914268494
118187046.1829546988 512553.0002403259
118526138.0508882552 522898.0906181335
118244950.5545396060 514623.3764305115
118810817.5619197637 529964.7291069031
118633981.0922499895 523949.6149101257
118568238.4826448560 523198.6161613464
118515964.7681079209 522302.4990653992
118684569.1811291575 526580.4177665710
118774906.8386617601 526805.3730888367
118788139.5532336235 529610.9766960144
118466518.3117677867 522129.7510185242
118968045.8034675270 533013.7896842957
119053399.6161446720 535018.8892784119
119416560.6370172650 535933.9876670837
119180352.3177672923 535544.5438041687
118760887.6698621958 526781.1999931335
