136501118.3438799083 152145.2760355473
141498686.8621066511 190384.8952941895
136655313.0226119161 152981.6581156254
145154096.2898627818 202887.5596923828
141210637.0246515870 187869.4895133972
143552073.0082884133 200176.2027587891
132967968.5559934974 98780.3670256459
136488624.1423956454 151018.4029276371
136592207.5541732013 152574.0456712246
135179545.7562825680 136772.5480614342
136741812.9506603181 153333.9119737595
142320327.2385999858 195261.7013244629
142443457.3286839426 196224.8162841797
142168457.0272452533 195133.4575500488
143819012.7643675804 200619.9008789062
145115262.6791661084 202321.3305664062
136527981.0315302312 152567.2324564457
136307594.2170315683 149039.8695566654
141863405.5056348145 192674.8283691406
142371274.1971797943 195860.4399414062
141244088.7834967077 187883.8062553406
145280672.7699966133 203029.2814941406
145256763.1844184697 202926.0388183594
145300384.3949213624 203345.2968750000
136280139.1260464489 148981.9856150150
144007359.1247529089 200818.5288085938
143050666.3834678233 198722.1187744141
143048537.7193639278 198568.2141113281
143863316.2336832583 200800.5203857422
132467783.0551954359 86186.1622166522
141586078.4948747456 191128.2407836914
142335319.4324940145 195296.9460754395
135015446.8510768116 134674.1473494768
141905513.4066252410 193448.0665283203
142646902.8598459363 196947.7172851562
142665937.7798593342 197157.3510742188
143244021.6021815538 199224.6358642578
141253091.0124794841 187976.2063093185
142983313.0343781710 198154.1837158203
136313765.6493404508 149247.3531534672
132567399.9424604774 91285.6008878382
136364486.3805520833 150868.2009623051
143518865.7654923201 200034.0614013672
137149819.1079372168 156896.7591812909
142371742.3262544572 195971.2376708984
142504955.4441125691 196443.0058593750
142947505.2091664970 198149.2786865234
134181093.6810224652 121280.8852617443
137557760.1925617158 160097.3728708327
142123472.0132637918 194198.3720703125
136220736.0405014455 148850.2965290546
135080858.4218137562 134878.1753384471
145316408.3709149957 203345.5592041016
132907581.2039180845 98754.0795771807
141692924.7665307820 191941.2469749451
142653276.7994765043 196988.0015869141
146190796.5954591930 204331.5671386719
137613848.6921142936 160582.2693552077
137670332.0952966809 160591.4678437561
144162007.9504241347 200854.3485107422
136614057.1146888137 152588.5626213551
143252642.6358648241 199258.6212158203
135105208.9820394814 135573.3540951610
135142339.7508162856 136706.5067440867
142707131.2311948240 197380.8791503906
143162431.6584367454 199161.7000732422
144200031.3135594130 201225.4564208984
142731067.1308747232 197405.3895263672
143666544.5308947265 200369.0339355469
141311557.9937150776 189198.4366912842
136367526.9932698607 150875.2650139332
135309600.2315891981 138599.0642392039
142615355.9644437432 196816.6376953125
143503294.8849507272 199643.9747314453
132539456.2876467109 89392.9818108709
142148044.8287928402 194723.0051574707
144179269.8857859075 200854.3590087891
143195864.7088818550 199173.8283691406
136199618.1733530462 148842.1231682301
135971228.0131950080 145260.1517937183
142913062.7697265446 197764.5015869141
132489894.6892799735 87345.1480936440
137494742.4428039789 159436.1071847975
142337148.4187926054 195676.5331726074
141975056.3176964521 193942.2316894531
141368377.7778547108 190002.2841033936
141791417.6412167847 192372.0296783447
141922746.0761869252 193550.8800048828
144106035.5833941996 200854.0861816406
137694834.8877231479 160638.9390644133
145388559.7280856967 203410.4294433594
142858589.5631164014 197758.0637207031
143536316.2921310961 200041.8818359375
137225046.1004384756 158087.3187997192
143719347.2694813609 200475.9161376953
134645773.1222459674 129392.1586633362
141439600.5953883827 190379.6253051758
135981494.0626372695 146453.5303947926
132421066.3348038495 84158.2566278614
141528575.4582451582 190456.1401824951
143507285.0225796402 199822.7016601562
143152705.5271863937 198973.6007080078
143433545.7078932524 199609.8131103516
132555000.1538560688 90701.8265181215
134542070.1962796748 127413.5311150923
141880354.2471407950 192741.6213073730
132620416.6619953066 91385.5701795252
143316870.7039110363 199588.2540283203
143300453.7184477746 199381.3396606445
144199826.6945530176 201036.2396240234
134469901.3384644389 125809.2082658187
145492041.9570096135 203473.7152099609
137372616.0554558933 158631.6662057936
137270699.1410004199 158397.2838815749
132827093.9493338168 96822.0341973390
143674795.4274108708 200444.6765136719
141622627.5808864534 191713.8942260742
134233157.4881882071 122913.6277811229
141639030.8944517970 191902.7742309570
142919597.7548331618 198023.7247314453
143323417.1507513523 199594.6029052734
141972823.1553170681 193934.7797851562
141722394.6167944372 192342.3555297852
142114168.3667681217 194079.2038879395
142761819.9892603457 197682.1523437500
132507125.2003896981 89352.4283338221
132736905.5762170255 94943.8793818682
132438902.7193928510 84451.9437243454
135938839.2771275640 145025.0032036304
136871756.6724519134 154553.2971932739
141960685.7898979485 193612.0775451660
137505960.4672425091 159811.9164143298
142095167.0720110536 194064.4933166504
142996396.7083934247 198310.3952636719
132638054.5748805106 91633.4163008364
136910482.4201397300 154641.0153764784
135875284.5805944800 144775.8394768238
132444113.2503971010 84667.1533801071
136003131.7278285027 146808.9813225269
136786205.1205455661 154059.9731859267
145887904.2455405891 204011.0523681641
136836846.8735775352 154483.2017511427
135487387.5068241656 140368.2594587207
143507168.0946577489 199768.3912353516
145911011.6238413751 204075.4836425781
136971740.5739940107 156044.9784654677
134413648.3074381053 125341.1500783339
134488355.9579746723 125885.8999162093
136820332.6263045371 154301.6359323561
137202967.6929635108 157852.0012926161
136982715.1584142745 156063.7233709395
137135017.7468962967 156515.9859633574
132406564.6916355491 82719.3261964954
136845931.9628668129 154541.4776109755
140876326.7698372900 184853.9842205048
141152014.2673880458 187194.0986595154
140953007.0622532070 185359.5885055065
141106656.1142936051 186470.3586692810
141020849.7447724342 185638.4093284607
132846977.2122106552 97307.4321399644
137511638.2480576336 159893.3872823939
137397366.0353146195 158901.5500253737
134563602.1079251766 127614.1212907210
145228346.0258427858 202904.8952636719
137531567.2289636731 160070.4296335280
145580273.9010102749 203754.9688720703
137557914.7197636366 160240.2041696608
132595844.6512814164 91377.3328047426
132822953.8597975671 96757.5734828181
145768311.3756906986 203773.9793701172
136168146.0773190558 147571.4527343810
137398581.4798819423 158954.9277109206
134612338.2851085663 127994.0384851135
134358900.5316098928 123668.2057840526
132467066.3885748386 84759.5792635120
137383119.7044738531 158702.0734867156
140860613.5488721430 184087.6834144592
140925035.7400969267 185231.0642414093
136934721.7046709061 154717.6814073622
135271217.4701919556 137388.7354733348
136628503.3222462833 152596.6802476943
135466431.0355071425 140350.9948102832
137568345.7303928733 160336.9470895827
145289788.8651530147 203064.3055419922
137281686.2635420859 158549.1275095046
141108343.9000845850 186912.4782981873
134144538.6160807759 121225.3919412792
145882697.4609396756 203790.8164062500
137197348.1249023378 157369.1753648818
145147127.2808420062 202405.3381347656
137029232.8748054802 156494.3194078505
134231557.6816195250 121566.3774149120
141001676.5001227260 185471.9228172302
132700714.2776209116 94687.7958857744
145798152.9988383055 203782.5755615234
132716672.4200628251 94720.4109461039
141112678.8917313516 187092.7408714294
134216035.3350534439 121474.5556680858
136937416.3486182094 154806.4659532607
132666048.5502620190 93032.6207384198
136753022.2166416943 154011.8366197646
134574830.8443447053 127843.5888200179
145010386.2537659705 202188.6758422852
132676575.1439699978 93096.5689051814
132751341.0241138637 95058.9599269099
136882784.9364422262 154556.8255456984
145020498.5751668215 202236.6589355469
134429446.9481298923 125369.2387338057
141059552.2640661895 186149.9850578308
136791651.3853330016 154285.3272203505
136866392.8889698684 154544.0987047255
134247007.0251860023 123316.3283456382
132740001.7961602807 94968.2570674150
141156347.0812726021 187209.0910911560
134642328.1714935303 128198.3862443343
136465246.3434838057 150924.5348619521
132677347.2137018740 93155.4382788866
134328385.6469515562 123507.6975137889
136047067.1469475627 146883.7702201903
136185417.6966938674 148484.3241333067
135529022.9519032836 140862.7659683861
132784809.8602428138 95674.4694158542
132972858.5957721770 99348.7900463060
132943738.0944353491 98776.3694593637
135491541.0504388809 140772.7904354930
135315558.7775547206 138739.6485897899
135922461.9914124608 144878.9164499082
132440720.7929196209 84471.6346071400
132758667.9094610959 95608.8185840562
132636972.4079447538 91484.8048579424
132641544.9979553074 92989.1823298662
132750002.4059934467 95017.8104057536
136258101.7612272501 148939.8223070204
141073313.4967440367 186346.3513665199
134238866.9666997790 123258.5337869823
132810211.6244515479 96743.2276136606
132722328.4407319427 94800.0199487238
134374694.9702810943 125333.5712476149
141022380.4086070657 185983.9523944855
134449125.4758560359 125605.7293839827
141104131.0961130261 186415.9951057434
133198100.4492300004 100720.0769802049
136099460.4675008953 147162.8196070530
135892836.9761068225 144875.9423724450
134495103.8737336695 127359.0168176331
135350427.9901472628 138884.2162167430
132710870.3836277872 94712.1735713213
141310973.5521816611 188221.3703269958
133089319.5760410875 100382.1035678118
134492629.1945236921 127358.0377946272
135368397.5006545782 139157.7068173289
135304640.6154402494 137533.9746395946
133069685.3915917575 99877.9486257761
132894537.1628175676 98348.9617221087
134776559.6775490642 129670.4036964290
135415598.6059695482 139157.7099451032
136132759.7374525368 147320.8690455295
136054761.7451553047 146906.7361109592
144747384.9082763195 201371.3614501953
144805743.0551795959 201388.8065185547
134850982.0673897564 131010.6687110774
144905524.8768158555 201447.4525146484
134949529.9503250718 131463.9976296499
133215818.5704074502 101294.1443823264
135360781.2794944346 139020.0604550242
144922054.1411377192 201600.7786865234
134838889.4850006104 131010.6479927339
133183031.6611005068 100707.6499738395
135100766.5705065131 135112.8976685405
135578639.1745142043 141223.7916156091
135714895.9253402650 142812.0164060593
135840762.2964905202 143639.3732375205
135433744.0040926635 139191.4650154747
135784035.7781912982 143340.3818129599
144745911.3703393042 201266.3233642578
135192207.9779413342 137124.5649716258
134709871.7205556631 129440.4974044673
135887369.5818186998 144839.8360671103
135770154.7539032698 143220.8271559775
135421170.2181918919 139158.9455474913
135576702.1817400753 141190.0334174633
135368119.1418635845 139156.8915717602
135277660.3811271191 137479.2213721350
134883788.1316341162 131432.6380569179
134855092.3959775865 131424.9043067805
135711468.2392045557 141278.3479408138
134834194.9518244863 129889.2130625993
134821163.7289576232 129801.1721290462
134721406.2932149768 129478.9923501089
135712152.6279908419 141542.4769691341
