105266787.0017047077 1633.7815618515
106103236.7065645009 1649.0774030685
105753149.2679819018 1641.1002264023
106197517.8154098839 1651.2155523300
100441799.6779796183 1128.9261599068
105858127.5845877379 1646.3941335678
102928160.5257140249 1442.7619743124
99575795.5334637314 978.6054713863
103150236.1630231589 1474.8132138252
106546766.6902868897 1656.0026369095
100627393.4931725860 1154.7876885609
103723506.5038488209 1527.6413711309
98796409.9757305980 687.7833691004
98777535.6418243349 626.3865734849
99555183.7972296029 964.5723001960
102718078.6769757867 1407.5562715307
105234266.0720351189 1630.0175447464
105263626.9521514475 1632.1577653885
99511693.3271491528 961.1320976462
99468263.8788000792 944.0137586959
99435085.5867715925 938.3548343319
103384639.8582810909 1495.0855531469
106346912.2434336096 1651.7526102066
99714877.0595183372 1003.3717442006
99092504.5976272821 851.1262265240
105743002.2928327918 1640.8948602676
99506243.4369996637 946.5758338112
103020010.2392443568 1456.6512435451
103817304.2759706080 1534.0118362904
106519781.1069434434 1655.0363531113
99257806.4434866756 898.5024779918
99564082.6377006769 965.6500121798
105600694.6789717227 1640.2949552536
102840582.7925105244 1430.5463301912
105216525.1566702873 1629.3251314163
105185694.8973258287 1628.4404363632
99636963.1210839599 985.3210239253
100633637.5795368552 1155.4578009995
103547701.4701945335 1513.1380696297
103714094.2920274734 1524.8747230768
99696657.5053620040 997.9659713950
100743333.3701950610 1162.0846659006
103327845.7081487626 1491.4763297811
102832816.2424023598 1429.5784778371
99650423.5114086270 985.5146428194
99678765.7605486810 989.3333488224
105377227.7263224274 1636.1575670242
103951648.5537992716 1551.4473893642
105440643.1926631480 1636.5668153763
105016994.3127162308 1619.2915296555
98789108.0693611205 667.0070874896
99147176.9971269667 855.4822235096
99550475.3975558430 963.8508507776
99703096.0141844749 1001.0674418646
99663917.5035335720 987.1187178670
100463888.9187753201 1134.5856975188
99239312.5233806521 892.7654750806
105150537.9691997617 1626.9743013382
99122787.2975084633 852.7003650643
99770456.1458663046 1008.4289646596
104140757.5168086290 1566.3386547565
102803947.9850032181 1429.3540212885
98813777.2739853114 691.8834144784
98910835.2521863133 759.4456207323
100536461.5185420811 1144.1211250891
100953885.7017099708 1198.1439959934
102871077.8098414242 1435.9757237211
104599562.2526003569 1596.3065052032
104509639.0752719939 1593.6660423279
105087405.6686329693 1623.4208707809
98933266.2804574519 779.4280268866
99465958.7987335175 943.5417548341
105008255.0562204123 1619.2347402573
99255432.3401691020 898.3833393604
104769925.2619002163 1608.7211227417
105061570.3905510753 1622.7916135788
100459893.6721186042 1132.1405346526
102930648.1403260976 1448.4409883916
104105490.2983384877 1561.9835972786
106025740.4886467904 1648.7701387405
98912824.9494464844 760.1844475138
99758328.2981845438 1007.9079198922
104704187.0347950161 1601.6785812378
106095673.4179831743 1648.9763097763
104309706.0125150979 1574.6142082214
98760417.7256904840 605.5966263924
105844263.6007128507 1644.6180334091
103039733.3399832398 1456.6901075616
99138306.0667008311 852.8979305774
106653712.4863602668 1658.3288507462
103089083.5835048109 1467.0665201917
99189325.7268646359 875.5621432985
106193501.2638398409 1651.1314268112
99549569.6805268824 963.2932172120
99518181.9321865737 962.5859765119
104602584.8281118274 1597.9356374741
105252813.2679134160 1631.2546625137
105091082.1929797977 1626.4169416428
105495657.7183358222 1638.5188550949
102898042.7770497948 1441.3871321455
102777701.8541780859 1425.8424544409
102943850.2520779520 1451.5211219564
104849575.1508824527 1611.4372682571
104638404.6290858090 1598.8615550995
106384393.2359115928 1653.3550157547
103144590.4395077080 1471.3628451005
98771725.1126921624 623.8915560276
104744017.9285306633 1606.1942234039
103010191.4963728935 1455.6293741986
106521396.0653102547 1655.8565168381
106603838.7559975386 1656.0906343460
105776718.9040791839 1643.8672342300
104359953.5459154397 1579.0153057575
104150971.3628270626 1569.6525795460
99787921.9351192862 1010.6614032766
104466240.2872495055 1589.7222766876
98800739.7029539645 689.9492969228
99253896.1123028696 893.4663682273
103331535.3055275232 1493.3103332296
103401903.4937015027 1498.5692587793
99855833.4029662460 1019.0386778550
103136798.4647350460 1470.8349802271
99945412.2358748317 1038.7689042470
98796002.3506976962 687.1553961946
98878879.1897949278 754.3824989031
99467401.4253215790 943.7742681625
104395414.3947389424 1587.1885490417
99147527.2870348096 868.4217967895
99233592.9065249860 885.7186845165
103000574.4129583389 1453.0700762048
104176399.6861807406 1571.0338654518
99163997.5133567154 874.4913919891
104272290.4066174328 1574.1674132347
99236418.7971456051 885.7926119715
105587993.6178562194 1639.8807401657
100774775.2902203798 1172.9652343859
103901034.6753937602 1544.8770937920
99160436.5621823072 872.8154467493
103187315.5996970683 1478.8203010336
104353598.3546182960 1577.4076185226
99225331.3580924869 884.7872347820
105541942.6554675847 1638.6029806137
99182857.9097712040 875.3166009324
99087224.2147934735 849.5209910132
100780926.8744333088 1178.0971199145
99426687.3904658556 932.8794130723
99318952.1090929806 899.7928356689
100750013.1502290666 1163.3370174541
99420291.4837175310 928.6862596909
105246848.5162778944 1630.9645357132
99051265.6677497476 825.4961818039
103078024.5599685162 1463.3821180016
103791397.9714528769 1528.0145640373
99334867.1181391031 914.4054512091
106384474.1381553113 1654.0702466965
99498775.5737226009 945.1263752269
99393390.7309673429 923.5608716296
99008674.5218544155 808.0281075116
105056294.8045671582 1622.6443128586
98972043.1374234110 802.1610968888
103318259.4182986766 1487.0779665411
99879188.2830920070 1020.1413410752
104488770.5570167750 1589.7303419113
104582708.1139427274 1596.0645761490
99310022.0022354424 899.5387605114
103276474.7776862234 1486.6339239851
104648918.5634540617 1601.0846242905
99919566.2410873771 1037.2191908022
103045323.2669257969 1459.2293224661
99798020.1643377692 1011.2807872978
103996442.7507042885 1552.9615678787
99298534.9849829823 899.1529974777
103685273.8227223903 1517.9289689064
104873269.2563693821 1615.5746564865
104997748.7995029688 1618.1038522720
100702466.3543808162 1161.8318678011
104268822.9088444710 1573.8795018196
98846252.1041139513 732.1213443148
106618344.6903258264 1656.1907014847
106579089.3181496263 1656.0436582565
99811147.6809246093 1011.4603872887
103547442.2662285566 1509.6156678200
104999742.5625428557 1618.2899675369
104834265.0917416513 1609.8750877380
104925502.5436837077 1617.9769678116
103252423.0476037562 1480.0908673108
100601046.4546217322 1154.7620349993
103240655.4922003448 1479.2549128830
103628904.6542512625 1517.3121533394
100595328.6575165093 1152.9007736315
100853475.2602244169 1184.9933898849
103707811.7449324578 1524.6470890045
103327383.9568006843 1488.2099266350
104037958.2257803679 1554.0169339180
98917896.2829420716 778.8260119736
103483718.9260892421 1506.5540919602
99417429.9839032590 925.4935725828
103471076.2195058018 1499.8123912811
103554985.3049777597 1514.0755257607
98818318.7933810353 708.7909628748
104863157.9312947094 1614.4618883133
105019778.3731691837 1622.5902185440
103932954.3459997922 1547.9657819271
98914736.1125085801 760.6504973205
100997712.0463657528 1204.6613323698
103882789.1056612879 1536.2377171516
103875105.0056882799 1535.2093498707
101044665.4446495026 1207.2338342620
101187641.0757324547 1230.7217425006
104369708.5537773669 1580.4223637581
101145631.3818107396 1225.9047372220
104051016.1154115349 1557.6142497063
103945001.9885239154 1548.8120579720
103893378.7326714545 1537.4724404812
104380749.7281720787 1584.6207427979
100842503.8544886857 1181.5109092183
98896110.2237155288 758.3999359458
98845542.7643748075 729.9248808670
98765832.9045927078 623.8819007739
99932548.0109444559 1037.5152105653
100149614.1905920804 1079.1394066180
100813422.5764523000 1180.5445708437
98905850.9934148192 758.7693657653
98896744.6958633065 758.7542223366
104624857.4829804599 1598.3630485535
106295700.0081249923 1651.7440328598
106272787.0320914537 1651.6942415237
100574070.1568382382 1145.4890942223
98998293.9230808467 804.5267664226
100222114.3913701475 1086.9035164307
100904399.7514695674 1189.3539002342
101562178.5448460728 1272.3275901172
99049337.6387798786 825.4061984698
98935118.6850454062 781.1916815075
101576973.3305979371 1274.2546369415
99909026.4628533721 1035.2244630763
100028663.7797694206 1055.7793204016
101499742.9805995971 1262.6409501435
100258714.6555427015 1089.2216426323
101638582.4926149398 1275.1770027759
99061156.2248558402 827.9289449188
98851494.9752780497 732.1496207851
101079209.4558209926 1212.0436327858
101388031.3342796117 1251.0540886475
100593181.1995144486 1149.1000634647
101504165.7739341110 1266.8290063720
101484884.3658208996 1261.0403921525
106177913.5688554496 1649.0964117050
101466083.2133847624 1256.4131264631
100203028.6677339226 1084.1853803956
98784970.8506783247 647.2169856890
101426078.7271858305 1254.0422718422
99060364.4923848510 827.8734594132
101353521.3113863617 1250.9091779692
100986865.2821362317 1204.2133545773
100208938.6933900565 1084.2929330238
101049764.5304317921 1208.4253235562
101283741.3389226943 1237.0388445752
98846880.2167373598 732.1260477900
98857907.0703423321 734.5886052581
101152633.3031438738 1227.5484394925
98783335.7178993672 644.9571441873
101014413.2142931968 1205.6910324912
100963870.2125877589 1201.0353517518
100965189.4181437045 1203.1985800667
99004694.3084393442 804.5383744980
99966228.0572755337 1041.0985168650
100753726.1050402075 1168.9699291312
101318182.9220849276 1241.9210115443
101413290.5008094609 1252.0510017069
100767529.7183532864 1172.5034958445
101457120.5229162276 1255.6043849080
100518040.2792487293 1137.3553753962
100363817.2952858359 1113.8547146610
100365197.6344055086 1114.1003204455
100482046.9477663189 1134.6955834498
101549652.8719581664 1268.4395721923
100462599.0758922547 1132.7244361510
100050708.7423623502 1063.4304455950
100421293.1470037699 1127.0976248888
98841456.7528575510 711.8241262361
99978956.9915494919 1044.6615847538
100114045.0956462324 1068.3909911106
100254234.4353757203 1089.0200221014
100295772.0364093781 1104.7526690891
98865553.5605484545 735.1592111513
100398894.7036246955 1120.5371430157
100329369.4118963182 1109.5668128514
100166974.2210717797 1084.0876647423
100286241.8264106512 1104.1975382627
100111936.1326080263 1067.8220979036
100086560.5511827022 1066.2856482457
99990081.9608935714 1048.3663804575
99990972.5887377262 1048.9437374456
100007024.3197722733 1051.8274255585
100282040.6693814993 1098.1581837833
100274393.2902104557 1095.1716425724
101922246.1043045372 1285.5295730857
101988794.2422780693 1286.2214232758
101920584.1460142732 1283.2348642275
