535226004.0833424926 23171.6388905654
554984155.1293253899 26049.0979728699
510312919.2744818926 13128.8872475616
510462337.5471168756 13237.0296111838
516902438.8122904301 17221.5491621971
517303975.9823778868 17527.3464161141
517040687.4496436119 17439.9549900277
517104962.2887768745 17440.0877189904
516990085.8228902817 17374.8518077721
517410651.4091389179 17582.9633962635
517115149.1248363256 17459.9131695015
517699228.5968947411 17586.6977784028
517276653.2339227200 17494.1407715668
517154670.0288277864 17477.2376343598
530616228.6654449701 21887.6274461858
535107362.2241306901 23156.4975960860
535465985.8319806457 23209.2296574721
534776087.6898763180 23066.0129025588
535016168.6490309834 23142.5640118727
537378352.3583143950 23589.2744016647
538243148.7766677141 23760.9711760283
555072276.0384587049 26054.3743171692
555610843.1789442301 26069.4416313171
556223689.8085446358 26081.4825477600
510387637.1113420725 13142.9129403667
510440294.7487257719 13234.2637313441
510270344.5895811319 13059.9905594371
510282964.5341731310 13124.8035873012
537420958.7672580481 23590.8395013809
537861538.8806682825 23694.8621702194
538054148.5295594931 23705.5740385056
556150505.3795121908 26080.2651710510
509968072.1430900693 12730.7287605133
510173473.6552553177 12973.9060238383
510178039.2469879389 13023.4498766444
516910494.8304978609 17297.3763943230
536564253.1944342256 23431.0398440361
537695241.7281268835 23677.4985342026
537504694.3748958111 23647.9513082504
538163321.1205266714 23741.3482664824
553551989.8180913925 25873.7879905701
554681593.4559786320 26014.0167465210
554777303.5714007616 26018.4423789978
554903123.7454379797 26042.3562736511
556484800.4733651876 26084.5303611755
556609211.3371921778 26086.8275718689
556091182.2426501513 26076.1437950134
509998162.1404014826 12816.3381213926
510080767.4575307369 12925.8320663951
510056181.3504655957 12819.6916974567
510825791.9486910701 13298.0640386383
510786872.0114251971 13292.6019225565
511121704.6309230924 13586.2178103875
511121547.1567956805 13518.2844794344
510994955.4307697415 13472.6931902973
510975434.1100410819 13405.4448811619
510836577.0707781911 13308.2464627905
510910339.9209926724 13391.7443682758
516678096.3514449000 17187.9984219551
516563519.6635529995 17150.1276968002
516386090.6808139086 16996.3043604136
516518468.0747715235 17144.9114201546
516339767.4851366282 16980.2794904948
516279497.8861272335 16974.2975139857
516417689.0295469761 17077.8422899485
516395523.7239668369 17062.8251315297
530387441.4798243046 21779.3537836187
553996742.4565492868 25960.3053245544
510984241.1966221929 13411.9462061506
511300817.5274494886 13636.1349028620
511366943.7987117767 13740.3906249079
511508358.5525623560 13833.7072142633
511335360.3323054314 13677.7921484979
511567831.7131163478 13850.2363610315
511437261.2886850238 13762.0183163370
511446715.9629316926 13766.1807079996
511574551.4516261220 13888.7650600160
511766005.6790798306 14008.9654861177
531061898.7512838840 22041.2908601873
530690485.2057701945 21938.8373079412
530749847.3709575534 21964.3545045964
531060131.5097150803 22020.1723938100
535291533.9352524877 23176.5056012282
535008312.1019960046 23115.0519008585
537931287.6505423784 23700.6463842392
538570628.5035403967 23782.7666853666
538082148.5107235909 23711.0547837019
553962853.2505809069 25953.4066123962
555468351.2739776373 26060.7819099426
516277618.4479274750 16865.9293531121
516139015.8586759567 16804.6856266946
516200461.4729542732 16857.8925091714
516025686.7361449003 16757.7169548959
515836637.3236850500 16543.7536280841
515914438.7194416523 16651.6238579244
515540829.9354794025 16419.5314683110
515908544.5887932181 16595.0568530384
515856224.7848786712 16566.6346170098
515699027.1417194009 16526.6905182988
537945736.6018217802 23701.7978094816
538169406.1051080227 23750.6194685698
515577558.2464690804 16449.0173839421
530865460.4421245456 21970.9063978307
535328685.0300436616 23180.5187678942
515697871.3941225410 16468.9383739323
515503478.5841210485 16365.3908637852
530865471.8184745312 21988.6567487828
530551940.7624927163 21858.7274885289
534983745.4999498725 23110.0574353347
534907091.0162655711 23109.9225628981
515405802.0147626996 16300.6995086462
515369732.3922958970 16193.4269618985
531460543.6973094344 22078.6865167730
531660114.9012800455 22108.7188253514
531414026.6826208234 22076.1595983617
531200428.0798286200 22057.1968698613
533512171.2484073639 22654.0719405413
534197676.1413719058 22900.2337360382
534461730.6028531194 22965.2200555801
537088000.8696231842 23559.0684041977
537182564.2673730850 23560.8948447704
536994916.5699572563 23531.7457160950
554479482.2239849567 25986.2792015076
554672208.8446863890 25986.9473991394
555315186.7885016203 26054.5700645447
554381231.2247239351 25985.8042716980
537302500.1037797928 23575.1052436829
511894617.2303693295 14088.9043548303
512094145.8376039267 14218.8105895119
536319882.6615797281 23407.5140633583
537455038.4583640099 23611.7084674835
511969488.4759241343 14185.8083579736
512057243.3140505552 14189.7320336896
533771895.7018076777 22801.5064316988
536856319.1652272344 23486.1811327934
536638603.5389620662 23473.7482905388
512717801.7080113292 14665.1856439484
512409511.9320983291 14497.3914502394
512246327.2254918814 14340.7984173577
512664954.6114633679 14646.0519883204
512580849.9747115970 14635.4275612962
534304023.3156257868 22933.7880830765
537371314.4777630568 23577.0147776604
512086577.2929089069 14194.5847042995
512199939.2001888752 14321.5572414743
512171520.2873696089 14288.1244744259
512323044.0820012689 14381.0251165450
512475661.1340753436 14555.9092735183
512365455.1806053519 14444.0383120310
512422890.6951846480 14525.2074232828
515275674.0701304078 16129.9166259763
536794464.0778666139 23484.9686121941
513050826.0259739757 14868.2477370631
514869712.8789425492 15963.3004838952
515203706.7093176246 16113.0045986173
515307035.0011510253 16192.2159061429
549472571.0606517792 25401.0299158096
512727753.6752378345 14682.4755627643
512831968.6707828641 14758.0275990497
549833628.9463385344 25465.2669029236
515263711.4979980588 16115.9853609201
515089202.4666017890 16046.5687639245
514906508.3711282015 15990.3907513820
514734439.9029521942 15887.8281281122
514660809.4192278385 15749.4990767964
514565197.8265116215 15738.5796673425
514667972.9520170689 15773.7734725603
514698397.0135492086 15848.0398113855
514679876.3079465628 15783.2932102808
514448372.9795770645 15553.2941925806
514470165.5953297615 15671.6751816553
514242287.0142428875 15538.2424871605
514204973.0983861685 15479.2379099423
514261510.7635973692 15550.1076638979
514012669.1810604334 15441.4566510004
513900791.1950642467 15306.8499081638
513989798.8135039210 15396.6907303837
536123716.2574135065 23309.1190512180
512699284.0310028195 14648.5674550068
513336932.3262071013 14898.2059938442
533764212.9351934791 22770.7679902315
535758441.6236361265 23252.6325666904
536148979.8118731976 23316.0296194553
535945294.0804690123 23301.2534048557
535644853.4910538197 23237.1630365849
550542130.1167300940 25559.3530120850
513382112.5712714195 14942.8731930820
513431326.8802779317 14996.2387016323
513517408.2095133066 15003.4951511976
513162606.1426022649 14890.4309511432
513189092.8787239194 14894.0350071546
512978824.0525383353 14774.1529156696
513807446.8555130959 15103.8055022156
533602889.2678717971 22728.7706071138
534671482.8916457891 23028.0180187225
534476415.5925316811 22985.2040185928
534336275.1858103275 22946.7539911270
534194712.2542927265 22886.5758256912
534057944.3537721634 22861.5835180283
513636117.5862625837 15097.5317726030
513851115.0996286273 15198.2467758159
534081195.4341965914 22879.2488908768
550118302.8330297470 25511.4158325195
550687820.2679635286 25587.1181907654
533211210.7124046683 22566.2665308714
533187603.6153014898 22551.8370231390
533377535.0675500631 22641.2886790037
533334823.7966563702 22619.1938380003
532988256.6915527582 22510.7342442274
532544007.0328219533 22307.1135720015
532804203.4511813521 22333.1679095030
532881213.1136390567 22411.5185497999
532879411.5302546024 22408.3774937391
532921826.4148373008 22464.4236782789
530115566.4931089282 21621.7190981023
530176697.2715935707 21669.0743880384
529996093.1680295467 21563.5077452771
550400482.5510082245 25544.9730644226
550361539.7929279804 25541.7990436554
551900118.2333201170 25657.0862770081
532978825.7165304422 22491.4851635695
550646455.6731075048 25586.4665260315
550865429.7281663418 25605.8370170593
551348186.1451064348 25633.0121116638
550226974.0665446520 25521.5260467529
550059328.5247745514 25510.0837478638
551541421.8202286959 25645.4134178162
551271574.9013801813 25632.0861015320
551113799.8814933300 25621.6265602112
551143149.8785705566 25624.0859031677
529960147.3944498897 21561.2450127713
553081563.4305986166 25711.9541358948
529914143.0402106047 21548.4777808301
529826575.1398106813 21497.3829283826
552648362.1424392462 25671.2136955261
553129527.9687480927 25712.2746162415
552846409.9247194529 25695.4771690369
529997953.9301196337 21569.8727698438
529887591.0296868682 21545.7888693921
530025276.4327862859 21611.1854491346
532351567.5697135329 22230.6977396123
532403134.5599887371 22277.5700063817
552456617.0627603531 25665.2125892639
552409048.1084074974 25658.7726898193
553081306.2908747196 25703.1970024109
552760259.4941601753 25682.8729591370
552746024.5302796364 25674.5693244934
552807150.4776477814 25691.3663063049
553450542.9281660318 25724.9405479431
532156384.4729213119 22179.9669580571
532235155.4152660966 22206.9291219823
532059897.4648182392 22168.8184821606
532134649.1392664909 22174.5449247472
531907184.8059524894 22141.8624906652
549319203.4339494705 25040.3493099213
549453098.2331207991 25052.1616458893
549283308.4667935371 24972.9611835480
529199276.1168019772 20869.4605042834
529358406.6792587042 20966.0404584308
529248047.7086250186 20909.6505782504
529649779.6350569725 21052.7139505446
529706887.2420561910 21056.0518710513
529759660.9205707312 21080.2408187289
529419304.3542988896 21004.0867469211
529339126.9678450823 20959.5355527301
529601973.6503220797 21030.3027446170
529489162.4014567137 21027.3505332370
529600778.6824951768 21029.7034385104
529714066.5586103797 21076.3077323337
547896366.4819750786 24599.9133644104
548891069.8179161549 24767.5126419067
549279926.3159446716 24813.3440971375
548884868.1069139242 24764.6065673828
549231996.1243044138 24790.1438789368
549103074.0396685600 24786.1424179077
548087991.0361446142 24640.0104503632
549083360.8749828339 24779.6714553833
548835814.0534902811 24750.5341377258
548697721.1499248743 24727.9011726379
547681228.4472825527 24419.8141603470
547873894.7490780354 24423.8380317688
547298416.8878810406 24137.6559944153
547296627.2799923420 24105.1016445160
547400504.4856563807 24223.2291717529
547284474.3356972933 23937.5479211807
527365307.4459562898 17914.0614391378
527255408.8509507775 17831.4772258810
527504875.5391514301 17972.6754237226
527678575.6133681536 17991.6430191806
527809833.3438934684 18009.1896062475
527694113.9030750990 18002.4109662360
527439133.5021374822 17948.3061634115
527351061.0249591470 17893.8501773885
527967509.5281143785 18034.3552648834
528364891.3299902081 18114.0233314297
528077927.3757060170 18065.7692034057
527991044.2621899247 18051.6970522216
529112540.8860418200 18212.9106871894
528799890.6612687111 18196.9033925346
528734658.0387001634 18142.1136405281
