146815503.7375234067 1519848.0849609375
148609262.4799380302 1523887.8740234375
132414628.8785532713 717777.8861389160
132792768.0647922754 797438.1289978027
143663345.9796096981 1474518.9150390625
144600016.6762329042 1499029.9501953125
145987400.1582771540 1515426.1318359375
132692675.3854464442 780601.3172607422
135877083.4391749203 1101143.0211791992
133563832.0930134505 915191.7886962891
135984788.2326141596 1109048.9009399414
133863738.5429963917 938270.5255126953
136051693.1742752790 1112724.8682861328
143669171.9925713241 1476445.3808593750
145425056.2373408377 1511940.7617187500
133453425.2871922553 905838.7955932617
136115609.1860510409 1117341.5032348633
140117866.9494605362 1350571.3566894531
149830656.9675414264 1525825.7099609375
153338740.3323211372 1526833.1123046875
136207929.3979854286 1119256.8753662109
146838938.2535595894 1520488.0878906250
149104190.4414358437 1524766.2617187500
153315665.0125188529 1526565.2724609375
144955709.5208006799 1504509.9218750000
136255032.3028072417 1120239.6526489258
150158164.2197226882 1526111.1230468750
153567366.0307778716 1527652.5693359375
143696038.1213755906 1477638.6416015625
153621606.3263657093 1527709.5048828125
136635677.8833280206 1150075.8704833984
153445347.3226883113 1527644.1123046875
132477254.6209968030 729797.3917541504
133796644.2788809985 935716.7745971680
139565716.3616627753 1320211.6833496094
135916097.3194764256 1106083.6427612305
145106059.9828819931 1506347.6337890625
149518258.6316576600 1525202.2099609375
154191466.7336800694 1528172.2695312500
139400092.3347919881 1314098.2565917969
147221902.3174385726 1521868.9365234375
136426621.0060282946 1138830.0516357422
150672041.9999125004 1526175.8378906250
133141524.4634507746 851807.7604980469
146628299.8307124674 1518917.8105468750
133772583.6812809557 935113.7603759766
140822038.6392248571 1381310.2971191406
153796264.0738528371 1528095.8623046875
133228582.9085304290 873223.8559570312
133720935.9461172521 928742.2587280273
139204113.6605056226 1297288.9479980469
133874228.5253349990 938934.1497192383
135753929.2094487846 1093262.8972778320
146980093.9827920496 1520683.0039062500
145021872.3332057297 1505937.5498046875
133890751.9733586758 939121.8408813477
139152768.7912951410 1291300.2546386719
149236526.0542041063 1524993.8779296875
150819877.8990717530 1526234.0419921875
136026314.6397811472 1112127.3602294922
136345463.2584834993 1129108.0438232422
136458849.1581996381 1141462.5565185547
136108126.6978193521 1113810.7345581055
136479444.1320157051 1143610.6790771484
135461838.1097365320 1070528.7457275391
135709481.7748053670 1086619.2501220703
137020283.1980933845 1174716.1240234375
144554231.3764088452 1495450.0507812500
135871054.9755486548 1099941.1596069336
135637637.0757084489 1084647.5103149414
135870738.8399304152 1099143.9425659180
136606013.4267291427 1149781.5472412109
144961164.1159827411 1504968.0351562500
132919589.1479254961 808065.9822387695
132758675.1266630292 786159.6262817383
139185272.9101229012 1295233.9909667969
149692066.4552626908 1525541.2431640625
139285010.9713365138 1304216.9716796875
139062692.1299535334 1290179.7314453125
139225310.8882236183 1303976.8659667969
133527812.3692197949 910746.3648071289
143569574.6078575850 1471789.4531250000
135819104.3332701027 1098660.2955932617
143375994.3233161867 1467355.1528320312
143428853.6471392214 1469917.6152343750
132771093.2344742864 788691.3110961914
139500430.9242592752 1319414.3437500000
133638680.6365586966 923506.7058715820
133611354.8152533621 921821.0575561523
139478622.1388063133 1314182.1057128906
139349338.7613531053 1308366.9064941406
141448212.7579583824 1403413.0073242188
146894355.6725314260 1520497.6962890625
149820853.8296276629 1525818.5019531250
139587606.0131565034 1320553.6657714844
148639286.7396080494 1524280.5068359375
141566313.7634777129 1403508.4409179688
146801309.8879810274 1519336.6621093750
132491322.4866599441 731962.4259338379
135730834.3493796587 1088856.8093261719
133278996.5502177179 879659.7722778320
141414244.9455855191 1402475.2475585938
133350976.8505872786 890046.2656860352
133671868.4482155293 923603.8885498047
135592192.5417959690 1081637.1055908203
135590837.9766202271 1074230.6460571289
145550386.3105874658 1512594.0439453125
135405548.7195053399 1063717.7620239258
132438137.1018757820 718808.3590393066
135517795.6119887531 1073726.0244750977
148115955.4694446325 1523221.4345703125
132933673.2431616634 808521.4253845215
136592638.6555985808 1149565.8670654297
145020567.4799562991 1505025.3964843750
133720519.8928007483 925282.4108276367
149830937.5618012846 1525839.8457031250
154674633.5352081060 1528188.7167968750
154871757.4769036472 1528188.9736328125
145834570.1512745917 1514213.8808593750
132501358.4327212572 734040.6761779785
132970448.1878479123 813624.0282897949
140021767.9551298320 1346349.4772949219
132571100.7541857064 745267.5133361816
133512029.9118243307 910142.6089477539
148753397.6504437029 1524412.1093750000
139535357.7005468905 1319851.0681152344
148986367.4640984535 1524477.4199218750
143826232.0230446756 1479738.0976562500
140743550.9112032354 1376839.0480957031
142678099.9822813570 1441815.2758789062
148194547.5799309909 1523293.1337890625
140138318.9085069001 1351461.7238769531
136784450.3254950047 1161029.5164794922
136646870.1767063439 1152728.4222412109
133338593.4356239885 886970.7238769531
133163352.0148746073 866420.2673339844
140748730.5029958189 1378268.7795410156
133305018.4779172391 885908.2417602539
136661941.7077617347 1154277.7182617188
141208144.1606069505 1392696.5415039062
149729701.9763310254 1525549.9746093750
133427362.8613789678 899729.3449096680
133365470.7807059884 894847.1452636719
144474020.3184795082 1493982.1933593750
147509763.8888180256 1522229.7490234375
149559008.9483501911 1525450.0400390625
141328244.7912541330 1397313.8457031250
144656582.0029664636 1499069.1435546875
145694062.7010803223 1513981.8017578125
145525592.6563353539 1512417.6054687500
140304277.8213736117 1358447.6047363281
147063701.9171309769 1521146.6171875000
140501759.6279509962 1369008.6828613281
144939833.2415716946 1503278.3720703125
139483003.1818402112 1314393.7299804688
145022987.1332648098 1506197.7763671875
145371191.6951781809 1511378.7128906250
133243143.6318075955 875596.9956665039
133305444.3442337811 886635.1738891602
133495066.6672690958 906586.9059448242
148027382.6220388412 1523090.0332031250
133945781.0449552089 939808.7866821289
136696575.1834679842 1154720.9287109375
132887170.7856237143 805879.8645629883
133991626.3758252561 942515.0275878906
140971725.4996321499 1385410.1796875000
147361656.8012307882 1522050.5068359375
147338453.6056725979 1521979.8681640625
146425010.2541874051 1516181.1015625000
132777701.5144512951 792472.4514770508
136711589.4805260003 1157695.6866455078
154129575.1660729945 1528169.6103515625
133954219.1256487072 941197.8024291992
142953369.4313992560 1455576.3842773438
133934842.3377412558 939417.2098999023
140974834.2423410714 1386890.2221679688
136935158.3672492802 1168490.3641357422
142939764.3276876509 1454837.5639648438
142933481.0789809525 1451637.0400390625
132522422.8207152933 735506.2828674316
145179157.9616374969 1507258.6611328125
136660016.5184192955 1153415.5992431641
143591917.2049142718 1474153.1503906250
143245374.2797152698 1465071.4121093750
141067136.4289900362 1389097.0488281250
143733551.8337751627 1478216.1845703125
146475761.8391925097 1516683.5439453125
143669293.5564863682 1476834.0839843750
136539993.9496196508 1147026.0867919922
140176278.2890368998 1354906.0671386719
146366230.1869436800 1515482.2226562500
140864161.2166436613 1382770.2568359375
146375248.7791744173 1515487.8886718750
132691832.6166607440 771562.1179199219
136358204.5772382617 1131375.7250976562
139652987.8827395737 1326763.2966308594
139587766.9141748250 1324032.3259277344
139685303.1245920956 1328833.1179199219
144753259.0524582863 1500021.2685546875
144501404.2800737321 1494644.1914062500
143490710.4724531174 1471028.0083007812
148553510.0926060975 1523829.9804687500
147892121.5142104626 1522988.1171875000
144528900.0994672477 1495014.2255859375
132529824.0989146084 737300.3874816895
146228200.7177350819 1515443.3242187500
148218403.8640779555 1523493.1933593750
144146979.8472566605 1486019.9267578125
140859781.1497108638 1382127.9243164062
140789704.4120002687 1380071.7749023438
139924018.4637434185 1342838.0871582031
139848675.3963162601 1338331.3937988281
140708737.9690018594 1375381.9218750000
140666773.1123419702 1374728.7812500000
144166186.5908512473 1487570.1669921875
148007659.7176393867 1522996.4316406250
137283984.8878941834 1188293.4678955078
137499480.4718436599 1197064.4985351562
147641630.7180482745 1522580.9296875000
137598693.3540606499 1203637.1979980469
136259186.4095301628 1121783.3367919922
140272371.3232557476 1357384.9475097656
140146525.2222956121 1352390.8430175781
144039104.9269052148 1484721.2480468750
136295273.9085405171 1124488.7604980469
137698917.7331278920 1204740.0672607422
137912661.9632128179 1204787.7313232422
137273026.8307814300 1188045.9409179688
140068564.5889921486 1347706.0302734375
143798731.6526015103 1479179.1542968750
139785804.6929015815 1334162.8381347656
137157506.5680230856 1180869.8525390625
132689324.0287580192 760437.3698425293
137243954.4089994133 1184849.9453125000
132640919.7451862842 759394.9864196777
137456429.4587569535 1192868.3134765625
147629951.3618409038 1522552.6396484375
147630673.5247566402 1522573.8769531250
132556116.3755753189 741426.1006164551
137446238.0129926801 1192694.0336914062
132591403.9237453789 749264.1708679199
132585858.3471323401 747497.0075378418
137485618.3734333515 1193736.9407958984
132611559.3793628961 756215.2355651855
137400356.6225324273 1192212.1292724609
137473439.7643772066 1192996.7944335938
137370545.4801790714 1191500.6131591797
137345795.6903003752 1190990.9411621094
137104101.7489400804 1177520.2761230469
138774825.9484272897 1267834.4960937500
138486119.2113645375 1253662.2968750000
138547973.0859362781 1258593.8820800781
138777005.9821511805 1272414.8811035156
134143763.4009321183 951811.7936401367
134159466.5998174697 954568.2946166992
134369961.2496325374 959658.4680786133
134225150.5467156768 957108.4302368164
134319849.3731314838 959618.1881713867
134413599.8391416669 961162.5281982422
134274987.3084388375 959551.5123901367
134040593.3640486002 944323.4718627930
153371495.5287069678 1526970.0888671875
138909462.3425339162 1275326.1520996094
138505869.8942130506 1257446.2871093750
138615857.4099945724 1264127.7128906250
138582962.0963087380 1259651.8649902344
138432732.9883668125 1251922.3918457031
138319871.3940930068 1246247.8442382812
142556762.4963606894 1426919.2543945312
142518308.9713641703 1425290.5083007812
142467118.3388998210 1424117.4648437500
142008301.1696548760 1411973.3813476562
142541766.3426035941 1426907.3447265625
142284464.8599174321 1420842.9057617188
139031692.4793804586 1282221.1254882812
142154986.3427073658 1417560.2749023438
141841951.9467797577 1404483.8803710938
142614702.4723590612 1429077.6054687500
133140002.8597597629 826457.6448059082
138841449.9003367722 1273704.5187988281
133125795.5659141839 816366.6859436035
138158227.7976353765 1225769.8259277344
138254607.1481300592 1235679.6174316406
142613590.3249008060 1427833.9296875000
142655932.2472763658 1429871.4736328125
138143136.2947831154 1215115.6977539062
138089545.5699174106 1213244.7275390625
138146208.5098196566 1218294.7060546875
138035772.7143854797 1208421.4575195312
138153904.4752263725 1220626.0737304688
135076750.1183449328 963254.9923095703
135098359.0098990202 967587.0906982422
135182288.0795515776 978071.5572509766
135294013.4597714245 987820.3841552734
135127488.2985167503 971686.1751708984
135233369.4478123188 986577.4078369141
135270087.2547704577 987189.7985839844
135388421.1766073108 999404.9464111328
135306594.8380671740 993827.3834228516
135232831.8106934428 986526.7769775391
