68483127.2133637071 2737447.2695312500
68782393.2917613238 2783322.8437500000
68807780.1759219021 2785541.9375000000
69395812.8111355156 2866215.9882812500
70889456.6332975030 2986548.3242187500
80501220.3225779384 3147119.1562500000
70285622.3378595263 2950934.7187500000
74869472.1144975424 3118849.2734375000
80719459.0960377753 3147481.2187500000
74674229.5874075145 3116221.3085937500
67968401.9675722867 2609484.3398437500
68027815.2686044276 2633891.0976562500
68449265.1985791624 2735600.8593750000
70693885.6309658587 2978323.4843750000
83631173.9816870838 3149656.2226562500
71920723.2823906541 3038401.5351562500
68390164.2415916026 2721885.3437500000
69537997.9602177590 2885408.7343750000
72538323.6727849543 3059817.8164062500
68742531.0754150152 2774307.1718750000
74321076.5159096867 3109425.8554687500
75899416.6329533458 3131483.7421875000
78799589.3324306160 3143374.8828125000
80952856.2621633410 3147593.8593750000
84756646.1885116845 3150574.7656250000
71904626.5995287150 3037183.2500000000
73699943.5187276006 3094056.7578125000
69750511.7239049822 2906985.8984375000
70268761.7600981146 2948812.8515625000
78163256.0515405238 3142322.1562500000
81218030.5996568054 3147656.5117187500
72384060.9478377551 3056419.7734375000
80488434.3018510342 3146845.6640625000
86040258.3858353496 3150897.6914062500
67951870.9935268909 2609483.9882812500
70156337.0594626367 2941975.9804687500
73009633.3542570472 3075494.9218750000
67883253.0560564548 2569967.2148437500
71261793.7655273080 3008931.0898437500
78068502.5364454985 3141918.7343750000
84344467.9344309419 3150444.2343750000
78406512.0191974342 3142879.9687500000
72865001.6461381912 3068139.6640625000
78207223.3487058580 3142481.6328125000
78997560.7103388608 3144635.2500000000
70070074.0078783035 2935559.1171875000
73743654.5814952850 3095158.2421875000
81128996.6644290835 3147623.4101562500
69859466.2542090565 2922025.0625000000
81266430.4344893694 3147683.7539062500
70101558.6405402124 2939859.5585937500
72595749.7841442823 3064104.0390625000
75514255.6130899191 3127787.9609375000
81268777.3394300044 3147895.8398437500
69943220.0262566507 2925251.6757812500
70079513.5001840144 2937233.4687500000
76212801.0619475991 3133743.7265625000
77134973.7165813744 3138173.7421875000
79267525.4713782221 3145143.5507812500
71255091.6214887798 3006604.3828125000
70204753.1251800805 2942385.1328125000
76644879.7309083641 3135740.9648437500
69299350.3586261421 2850473.4648437500
76096646.3201069385 3132456.9726562500
71243813.9798084944 3006483.5664062500
75246726.1300531179 3124761.1015625000
84330903.5928161740 3150337.8398437500
84999647.1256156266 3150711.7656250000
68901979.6875063032 2794079.7226562500
70031192.1899449080 2934727.8007812500
70262681.9696131051 2948227.6406250000
75948979.5590409636 3132003.1445312500
67885839.8608527631 2587211.8125000000
67910451.2335705906 2601169.6523437500
75660298.7372940332 3128992.9804687500
84933766.0261428654 3150615.1757812500
71835602.3560201973 3034591.2578125000
72997880.5098433495 3072756.8242187500
67985387.0891384780 2626811.2929687500
70758445.9499866664 2983442.4414062500
72461672.4252485037 3057100.0898437500
75819810.4053522050 3130489.6054687500
75368038.8172593117 3126225.6796875000
77324675.1813419312 3138995.1601562500
78129645.9029984921 3142168.9648437500
67898823.2452272475 2594286.2460937500
67970054.4959367961 2621788.6250000000
77859999.3394226879 3141259.5742187500
77731980.3229199797 3140496.4335937500
68656672.7337138802 2769186.3398437500
80649407.8397264034 3147445.5156250000
71843941.6684875190 3035011.7617187500
71355263.3707978278 3015297.3789062500
72116110.4051044881 3047489.3046875000
74146027.8853751123 3105720.8789062500
68571867.1669092625 2753153.4726562500
75046722.8790504783 3122181.0742187500
83778341.7398907542 3149679.2500000000
73670110.4435795248 3093830.7304687500
70646079.4933008403 2972558.8281250000
74422052.3031938225 3111159.2304687500
76365950.6156676561 3134404.1132812500
75881941.3084516972 3131113.8632812500
68025573.5953223705 2628981.3007812500
73829131.8869749457 3099185.0273437500
84147546.2968323231 3150039.9765625000
68540584.9169698805 2751725.9726562500
77777416.6109712273 3141102.3828125000
68006310.1011676192 2628212.5000000000
68080899.3449012488 2647689.7929687500
70683184.2399031967 2975917.2968750000
72791392.0102797449 3066588.3984375000
69564349.4222642332 2890936.2460937500
67946542.3677607626 2609252.9257812500
84446136.4812496752 3150470.6445312500
70734922.8487119824 2982529.7421875000
67914895.2072570175 2603815.1679687500
69715205.7839324027 2905485.0468750000
70132282.0546826422 2940668.3320312500
77527683.0942744613 3139914.0937500000
68446947.0970159024 2731014.4375000000
72764822.3992680013 3065982.1328125000
67936056.8099893034 2606390.1132812500
72655670.6526334882 3065636.6328125000
76051295.6138578951 3132334.3710937500
79650422.8867646605 3145604.7773437500
74487894.0363161713 3112286.0468750000
79335657.3420365006 3145295.4335937500
72310504.1674086750 3054856.1718750000
74554705.6855853051 3114527.5000000000
77578254.4396870732 3140074.9765625000
71938567.1575485319 3040527.6953125000
74931414.7584750801 3120318.5859375000
69651544.9927377403 2897082.3398437500
73554970.6082949340 3091726.2460937500
73813010.0123093873 3098487.7500000000
68337794.4956125021 2716755.1796875000
76774965.7176149487 3136729.1484375000
85941617.6897965670 3150858.4843750000
67933290.8297578096 2603993.3476562500
69589504.9450829774 2892008.6289062500
69632509.3518710434 2896250.5546875000
83961603.3033674061 3149786.5546875000
72168749.9734666497 3048850.1601562500
70709453.1039224714 2979417.4531250000
75352865.2236000150 3125697.0585937500
67905950.5315559506 2598671.9179687500
72016353.6412321925 3044990.6015625000
85490914.9087242484 3150820.4843750000
67920191.5662243515 2603895.2656250000
73781528.0968191028 3096350.2734375000
73920973.7314276397 3101076.9609375000
73771954.8635925800 3095537.3242187500
75723030.2182889283 3129010.7148437500
68684999.1687282473 2770825.9531250000
85405300.7235421538 3150746.2812500000
68614101.3688134998 2760897.6601562500
76868788.9583748877 3136811.7812500000
71922434.2910900861 3039333.6835937500
72448725.3735588044 3056756.0625000000
77660827.9314111024 3140307.6210937500
79066281.1611191332 3144723.9375000000
68862240.2780148834 2790605.7734375000
74054950.3926600963 3103958.2812500000
74098882.5964434594 3104003.9062500000
71302117.6530557722 3009722.0703125000
68673010.2658314407 2769491.8320312500
70011424.3303969353 2930697.0976562500
68839155.7003235221 2788125.2500000000
68760786.9989351034 2781656.1835937500
84675086.3583158702 3150538.7929687500
69823621.3961674571 2918576.9921875000
70208403.8114307523 2946125.0664062500
76987271.5041454881 3137916.6914062500
76153231.3736693859 3133054.6484375000
77071397.7912053317 3138096.4804687500
68157910.8811213523 2667254.5429687500
69801542.2843862027 2915226.2226562500
75987743.5195771307 3132211.8945312500
77247367.2788919657 3138639.0781250000
76947781.5463251472 3137577.1640625000
68094948.8201474547 2648821.1679687500
68048998.7208270431 2641981.9218750000
73983836.7793319225 3102082.4609375000
76688979.6517340988 3136280.7617187500
84190460.2650147974 3150158.8125000000
68284317.0691654235 2697019.0742187500
69439745.1216866076 2874788.0937500000
74168415.8031629920 3105765.0195312500
69336103.0627172291 2861427.4257812500
73323387.4353598058 3081583.8398437500
68275273.3166040778 2696606.8281250000
69455280.5935642868 2875909.7968750000
78889691.0805841088 3144172.6640625000
79410043.8588470072 3145504.1289062500
68123637.8259908557 2660688.9687500000
68326073.9897048026 2711335.9101562500
68479292.1681256890 2736935.8867187500
79106750.3695897907 3145096.1445312500
84111494.5220696032 3149848.3359375000
70805663.5252532214 2986525.5742187500
68247741.5875044614 2691222.1523437500
68210508.3387727588 2683973.8789062500
69960443.0759446919 2927693.7265625000
69708748.1302903444 2903386.2031250000
68518855.7122773826 2746139.3437500000
76128203.7430828363 3132929.0625000000
76318028.2248908281 3133985.1679687500
72191463.3639430255 3049066.4062500000
73382095.8781055212 3083437.6171875000
73414762.3201149702 3084529.5117187500
73376039.5282290429 3082953.3632812500
76522213.6342336386 3134951.7382812500
68286576.2565049231 2702680.6171875000
69789472.6083493978 2913360.9882812500
72879694.9992006719 3068479.5937500000
69516022.7818318605 2881668.3593750000
70934652.5889099240 2991764.1757812500
73129120.1974318773 3077992.9960937500
69653808.2162595540 2900456.8125000000
68099508.7368838340 2653155.2343750000
76342087.2235089988 3134189.2539062500
69426945.6274460554 2873645.5781250000
69538887.0876221061 2887789.3007812500
69497750.6154845804 2880667.1835937500
74774086.6108724773 3116301.8164062500
70718795.0381297320 2981354.6953125000
74759177.2420086712 3116228.7656250000
70377291.8329525888 2956222.1796875000
68522549.8179278821 2746689.1679687500
69412973.5096790045 2869576.8515625000
73118060.2895741016 3076030.3945312500
71194086.4855244905 3005899.0117187500
68489357.2935204655 2738488.7070312500
71109137.8379851282 3001953.5625000000
70950169.1739417613 2992816.4882812500
71156625.3555321246 3004934.7851562500
73272483.9255546927 3080410.6054687500
68400667.7485330701 2725014.2500000000
68566560.6689067632 2752016.8984375000
71524999.9126135707 3023624.9335937500
70427115.0174782574 2958991.7343750000
71408503.1175608933 3016792.6757812500
71059661.8928048462 3000314.3750000000
71541216.8974425048 3024080.6562500000
68416960.6433903128 2727498.7500000000
70487984.6657868326 2964359.1875000000
79934197.3031454086 3146329.3593750000
70407279.1941417307 2958527.8710937500
70659004.4758983105 2975222.0976562500
68310824.6786555350 2707353.9687500000
71862904.0215493739 3037168.9726562500
69180971.7381608635 2835410.5468750000
69193688.1550164372 2836862.2734375000
80223567.8117530644 3146619.0312500000
68318645.2119974196 2710730.7148437500
80078838.3891008645 3146567.5156250000
68489673.4364720434 2739755.2578125000
68352393.6678437591 2718546.4453125000
70465642.8887965679 2961246.6328125000
71756387.4392534345 3034097.5625000000
71692560.3775350600 3029996.3906250000
70502786.2804710716 2965484.8164062500
79827241.3100375533 3145966.3085937500
69333908.7196967453 2857526.2187500000
71498997.9487958699 3021552.3593750000
69207642.0955572277 2839500.6132812500
69269107.1519276202 2849035.0273437500
71957956.6685751081 3041292.4531250000
71420320.1736893356 3017587.2109375000
71173960.1611083150 3005509.4414062500
68201812.2103978395 2676803.2070312500
69204655.2211983502 2837043.6015625000
69206675.0644150227 2837261.8984375000
68169885.7980452180 2671189.2031250000
69253291.3580312282 2848417.9960937500
71742335.9023079276 3031320.1835937500
68042683.3788199872 2636173.7734375000
79800478.7860788256 3145774.7382812500
79800989.0628915429 3145911.5273437500
68111951.0366995335 2655359.5078125000
69304015.1356279701 2852933.0039062500
68157771.5417357534 2664613.9804687500
78704483.9248660654 3142947.7265625000
68089434.3481035829 2648021.4218750000
68151622.5799164772 2663792.2695312500
69482825.7872209698 2878353.7343750000
69109844.4777065516 2807514.5078125000
69004138.6040895283 2798637.9570312500
69042673.4161410481 2798829.4960937500
69047128.0239343792 2799783.4726562500
69000244.7515045255 2798131.1171875000
83370108.7341038138 3148430.7031250000
83127048.3998296410 3148022.4882812500
83198108.5674716830 3148195.2851562500
83060797.2372043282 3147984.6562500000
83296734.8137276471 3148322.2890625000
83194136.2352950126 3148059.8554687500
82714970.2715772092 3147911.1093750000
82856175.8183869123 3147969.7187500000
