106039924.7837505341 2528196.0585937500
108980224.9083004147 2549849.1875000000
99142202.8574831635 2036326.6220703125
100642713.9104247689 2325546.0312500000
100717020.1655945331 2331338.7812500000
105161062.3134997785 2511917.4238281250
106255829.9943159819 2533702.4355468750
100932931.8256838322 2342402.1406250000
102050062.4088273346 2401653.0722656250
103054964.8857741207 2448361.7773437500
105388221.0382000953 2516344.5039062500
105461745.5298826993 2516690.3828125000
114165661.1457672119 2553715.8164062500
105177518.5906139910 2512846.0820312500
98984044.1438392699 1960511.1591796875
99853803.1275729537 2222669.2294921875
100788364.7564675659 2335016.7773437500
103158732.5876851827 2451006.2031250000
105254884.1039924324 2512863.5449218750
108494788.6792488247 2549444.4121093750
108806881.1597998142 2549715.0351562500
99962512.6487883329 2242106.5839843750
104470332.6141746938 2495332.8242187500
111842884.5846856236 2553480.4218750000
111486682.3908892423 2553048.2968750000
106589102.2235417366 2536388.7343750000
98932474.2549762428 1953204.3886718750
102641089.8189898133 2429282.3437500000
106356597.1527842879 2534942.7968750000
106765771.1112864017 2536839.7109375000
114458312.0084980130 2554272.5195312500
98865274.9300332963 1914205.0468750000
100795883.7695996612 2335467.4218750000
104270474.9201410860 2489513.8945312500
114464859.1740704775 2554382.7871093750
99203753.2945385128 2050431.0429687500
100004204.2465012372 2247034.9101562500
105545448.9342089891 2517102.9785156250
108111974.4563485533 2546651.5800781250
100754728.9091964960 2334056.2949218750
101293407.4908046722 2365892.9199218750
104804650.1002632380 2503704.5996093750
105145686.4271512181 2511387.1562500000
106220350.8931592703 2533332.5800781250
108053339.4994019121 2546136.6796875000
98831699.2733579129 1872945.5537109375
99270971.4487968534 2068354.7734375000
101881121.0015395433 2395586.8613281250
104304723.0742128491 2490002.5703125000
104732090.7295801789 2502272.5351562500
105312448.0723298639 2515021.7265625000
98905920.0434716195 1942759.7724609375
99010170.1695255488 1966762.0820312500
109918704.2718305588 2551507.6718750000
111683213.1645386219 2553371.4414062500
100069821.5861245692 2254443.3925781250
100108479.7736517787 2259610.7167968750
100821695.7249595672 2336907.5273437500
105016493.3259280771 2509163.2011718750
105702986.5371470451 2522348.3984375000
106133341.2207555473 2532826.7285156250
106663513.9331347942 2536722.5625000000
114337545.8795209676 2553831.7675781250
98928033.4496889263 1950018.3076171875
99790868.6014704555 2206578.7910156250
100062152.1961850673 2252152.1523437500
100872600.5416616350 2341020.2421875000
101399619.0699793398 2368595.6035156250
106118770.3427221179 2531818.4628906250
108663585.7227792144 2549546.3164062500
108169751.5402956754 2547717.3242187500
109782801.3131470382 2551316.0078125000
99003624.5320610255 1966499.4482421875
108365614.4407843500 2548798.6503906250
100777323.1434728503 2334218.7441406250
100689163.6486156285 2329873.8476562500
104569193.4131901413 2496385.5507812500
103864051.0747927725 2474692.8828125000
98901108.4282570183 1931549.9775390625
101845480.5781132877 2394415.4824218750
101919319.9582363963 2396788.1152343750
103298355.2076601535 2456634.3281250000
106878056.9330610931 2537134.2167968750
108307014.8875454515 2548143.2968750000
109713411.1607446074 2550958.5625000000
99248123.3712634444 2061235.7001953125
102293366.9725217521 2413688.9550781250
103271869.7346250862 2455634.4101562500
107897908.3403762728 2545693.9218750000
101758684.4131577015 2388775.5683593750
108249932.6110319346 2548044.9238281250
108343986.8394135088 2548335.7695312500
108286778.4088637680 2548116.6015625000
99766424.9218003303 2203818.8984375000
100678176.1502376348 2328870.7910156250
100863372.6575823873 2340427.6484375000
102231206.1847599149 2412143.7753906250
104064793.2822064310 2482085.3359375000
99851916.6207569242 2219626.8017578125
100052534.3177928180 2251059.8320312500
110850780.4564587176 2552493.9082031250
110171308.5663162470 2551773.9921875000
100031352.3453866690 2250357.2148437500
100294921.5957381725 2280617.7304687500
102389205.8735191226 2418178.8515625000
99840004.1050383896 2214956.3701171875
99954873.8430613279 2233310.9306640625
100267986.5496469438 2277303.3203125000
102648030.7987588346 2429817.5156250000
111739826.1326327026 2553432.7304687500
100509892.4758466780 2310156.5820312500
102308405.2737943232 2415700.2910156250
103338639.7845132500 2458101.2421875000
99909832.5595166832 2231470.5009765625
99980640.6593541801 2242342.2939453125
99270261.3006520420 2063375.5498046875
99898853.3191855997 2230286.5283203125
100217184.9738742709 2272402.5839843750
104298235.3685510308 2489825.3750000000
104807760.9571882784 2503836.6757812500
106832261.3426001668 2536870.7929687500
98902641.9802879840 1934720.7080078125
99195426.0263855606 2049724.5312500000
99764627.9675385058 2198627.8750000000
102607688.5962393880 2428829.6894531250
103099511.7621601373 2449957.4453125000
104877026.3499270380 2504903.5878906250
98879530.9100491256 1929608.9921875000
99819798.7158129513 2213999.2431640625
100279296.6347742081 2278328.9550781250
100402319.8910188824 2285088.1484375000
100839438.1885121167 2338552.8906250000
101786267.9586630464 2390092.5742187500
103393025.5896210223 2458803.4375000000
100366751.0891444236 2284597.3671875000
100832127.5628136247 2337289.1679687500
101273021.7435839623 2363373.2285156250
104839651.2232318819 2504425.2753906250
104360528.8813619018 2492194.8769531250
98861497.3137443662 1913204.6259765625
99164685.0075515658 2043710.6093750000
100362988.5250769109 2284380.9453125000
100593096.4815101027 2317430.3847656250
101219011.1917520612 2360666.2128906250
101697172.9847047180 2384492.9082031250
103238747.3828743696 2453797.8808593750
103094672.6718989760 2449850.7500000000
106433320.9023041427 2535242.4160156250
109047750.0641342103 2550053.6835937500
100264275.1353789270 2276609.7050781250
100540022.0523297340 2312750.8632812500
100548967.0848127306 2314061.1054687500
101055700.1363556832 2349824.6445312500
98829684.7561245710 1870848.0625000000
100967662.1269342005 2346007.9199218750
101241684.6621957123 2362615.2050781250
101725609.2734118551 2387591.2382812500
100199135.2932073474 2272270.9023437500
106305695.6320678890 2534218.0390625000
98861317.6604044735 1894447.2792968750
101726563.6548557281 2387901.0605468750
103020252.2706399858 2445707.6875000000
104773139.1865257621 2502982.1132812500
98875753.2937601954 1921909.2685546875
99792086.1370989978 2209917.0244140625
104616145.3572761714 2498069.2421875000
98859782.7810270786 1893366.5771484375
99739221.5932998806 2192113.2958984375
100850757.7260607630 2339740.3769531250
101411549.4115950316 2371911.8183593750
101334704.3577182442 2367545.1621093750
102651911.5262661874 2431343.6386718750
98849787.4223301113 1882201.5273437500
102959984.2435674369 2443738.8183593750
109165585.9745622873 2550247.3300781250
102428452.0633959174 2421121.9042968750
102891253.2199197859 2440226.0996093750
106105561.0226186216 2531563.9257812500
105934776.1556269228 2528021.2988281250
98837148.4721073955 1875322.3779296875
99719194.2341220230 2185597.4326171875
99870652.0470150560 2224097.0576171875
101703827.5986524969 2385413.7324218750
104332284.9058368206 2491511.8085937500
102208936.3264821768 2411473.6757812500
102169186.3748173118 2409146.6445312500
99756619.3333748877 2194742.5898437500
99691413.9943770021 2169762.5410156250
99744956.9501633048 2194107.0527343750
100899656.8215728551 2341755.9882812500
109548149.7949635386 2550639.1425781250
100602559.0811557025 2319265.9394531250
101318703.0174936801 2365925.2792968750
106193127.9448770285 2532969.7617187500
103008769.1306526661 2444099.0253906250
103207879.5872326791 2452803.5585937500
99246036.3543282747 2060736.1562500000
99256982.3189257979 2062841.4912109375
100569741.5173413455 2314536.5976562500
102125478.1379365325 2406828.0527343750
100161961.1711696535 2264221.2226562500
98829769.2698394954 1872645.4892578125
99175740.3170370907 2043937.1406250000
101742464.0213734955 2388700.8769531250
102956993.3719941080 2443098.0507812500
105789606.2458293140 2523225.0722656250
100570980.4209830165 2315295.3984375000
103231320.6780701578 2452921.9609375000
103029406.9827369452 2446315.3007812500
110027076.4675993919 2551550.7812500000
99306547.0384167731 2069335.9472656250
101425216.5539443493 2372128.0371093750
98853230.1602071673 1892443.8037109375
102522110.6797594726 2425446.8203125000
109208865.9562473297 2550490.1054687500
100674240.4375270754 2328235.9882812500
102782496.7141758800 2436862.2421875000
98842389.1212088168 1881309.7626953125
110663828.3342827260 2552133.6250000000
99100019.3976278305 2010358.5683593750
106123857.5352803767 2531972.5742187500
110177054.1118893623 2551817.0761718750
101150649.9392305017 2356713.0488281250
110468202.2928652167 2552000.6757812500
99091443.0392097980 2000718.8857421875
99108764.6953761131 2012383.9609375000
99086436.2338826209 2000625.8330078125
99403066.2688191533 2079551.3271484375
102565038.3631895483 2426846.7812500000
104142056.4935913086 2485304.4394531250
106527762.9281203151 2535736.0644531250
99343509.5250276625 2074139.7617187500
101813096.3052854836 2391618.8164062500
99345760.4980078042 2074627.5039062500
102496193.3451123834 2424648.2910156250
99097663.4881796539 2008674.8330078125
99313217.4849674404 2069920.6328125000
109578589.7737814784 2550669.6699218750
109441294.8404468298 2550606.1171875000
99139850.7058832645 2020439.5390625000
99362124.6960103661 2077477.2929687500
99332749.9076748788 2074029.2011718750
102692985.3035159409 2432195.1855468750
102286651.3909552693 2413160.2753906250
104320523.5335947871 2490758.0019531250
101838982.8507492244 2393053.4765625000
100327656.5495941192 2281411.0820312500
101911936.9874017686 2396474.2636718750
102447708.5951194167 2422284.7460937500
103645230.9471096545 2466421.2285156250
103792682.1713506281 2472950.6914062500
103860795.8334852457 2474278.9921875000
103906342.7797373086 2476573.1484375000
99369857.7255652696 2078845.1796875000
102075052.6445440203 2405078.2382812500
111469265.8328321725 2552773.9882812500
99428707.8164019585 2089020.9169921875
100917971.7627619952 2341843.6601562500
99327763.5169847012 2071011.0683593750
104358536.5515010208 2491575.1992187500
100253626.7667702734 2274968.2402343750
100162855.5495134890 2265649.6679687500
111260225.0047869682 2552518.0683593750
100292480.4388162345 2279660.4648437500
101648679.6758006066 2382996.1621093750
100163774.0686528534 2265667.1132812500
107014370.4399947226 2537601.7363281250
99094504.0118113011 2001592.3730468750
99083372.1534226686 1976827.0546875000
99035566.1866839975 1970494.3955078125
99084380.7500616014 1992288.1298828125
99039837.5274513811 1975819.0332031250
99070838.6637936831 1976006.0380859375
103739105.2008402199 2469434.4257812500
100449866.3331373781 2291227.4765625000
100451280.5731932670 2292753.0605468750
111316477.9564085901 2552553.8066406250
103671574.5753825605 2467081.9179687500
103779167.3236894161 2471005.5703125000
111322088.0050067604 2552627.9902343750
105576417.4115200639 2519332.7910156250
107745097.0746588111 2541909.4492187500
107478017.4901326895 2540743.1347656250
107558050.1473305821 2541359.1894531250
107420267.4495036602 2539833.6582031250
107291714.6744868457 2539460.7539062500
107433291.2466068268 2540089.0136718750
107271085.4917083085 2539204.0468750000
100470914.1391246468 2293956.5292968750
107383406.1183955073 2539629.7109375000
105558867.4168756604 2518516.5175781250
99531327.9055426717 2094159.4003906250
99521043.6717112958 2093455.2548828125
99529560.1903564632 2093583.7714843750
99681363.9846175313 2139421.2812500000
99566974.9947118014 2103520.2480468750
99638238.2316100001 2107519.5166015625
99621349.0431569070 2103884.9326171875
99653080.5346120000 2112075.9707031250
99659650.7835844606 2114658.7246093750
