559540105.7316802740 197948.8191680908
560466276.1326310635 198712.6096038818
560189945.8906863928 198566.1533660889
572138004.2974635363 206667.9032897949
585810129.5432603359 211247.0920410156
503816301.5135879517 63852.7137198333
534199787.5907500982 160952.8235476911
551152572.0281358957 187930.6429901123
551557565.9383339882 188427.3044586182
511916856.6714738607 102242.3613106795
517416040.7490911484 118929.8499869378
517205579.3363308907 118903.4285199989
527920059.4697155356 148766.9550179389
534356389.1695022583 161685.6036456525
534995899.3957936764 162940.5054843575
534574648.9324213266 162256.3647603391
551635442.0774286985 188799.9434509277
551041732.9121841192 187685.0026702881
559719316.9572160244 197954.6753692627
560905545.5414221287 198880.4116973877
572103614.8044558764 206661.5801239014
576129201.9837659597 208538.7338562012
586209057.3436080217 211248.4254455566
503867741.2233804464 63991.4812415321
503701419.4972302318 63126.8389168577
512005275.1255023479 102258.3425743903
517090938.0310581923 118531.9392027829
534471925.7765352726 162020.8692798615
537723949.8718280792 167575.3151169182
556296052.2624680996 194708.3145599365
559980470.5848090649 198351.6237640381
559762575.0504875183 198043.1082153320
560217617.3520973921 198579.4025726318
502389263.4564800858 52399.5309731752
503919591.6586259604 64015.3895030299
503967991.6060807705 64391.9013513965
505352293.2878339887 72463.2871375050
505477885.0565074086 73205.8326218914
536909040.0344645977 166407.8368738490
503667953.6088297963 62707.6824810547
503775141.4826489091 63573.6664110464
502406086.1446887255 52425.0580671817
503688926.3069671988 63070.0183397573
505741148.3241040111 73708.8910956196
511856828.1338843107 102065.9269860114
517067508.3980580568 118358.9233452578
537673876.3003749847 167537.0690536858
572237035.4051457644 206756.1953125000
538064494.1489478350 168197.5620043935
501384870.6867680550 36389.6559466719
505619293.9357599020 73261.2250494771
511347121.1291161776 100220.4339745368
537609478.4111759663 167521.7881241204
556209621.1491829157 194637.1168670654
538020906.7312772274 168143.7192917229
505647617.1048353314 73458.6800970845
511702646.1361980438 101449.9360344734
534237830.6933466196 161299.3168274406
571767822.3035913706 206269.9555969238
517420117.2425308228 118931.6153483365
537857816.8651278019 167913.5890913294
517148677.1665462255 118637.6544718717
528932268.8486461639 150689.8940731582
529116613.3216472864 150792.2815830335
502447872.6183156967 53291.0902665645
537914624.5098729134 167970.2110519768
537989119.3495897055 168103.2325516106
510764130.5670638084 97317.6495841767
571949932.4873815775 206452.3264160156
572337114.6710497141 206960.8841247559
536632327.9607548714 165894.1691059667
536895198.1016687155 166402.2419577004
535146050.1151945591 163065.4717116833
503633040.2413306832 62403.0437138276
503589799.4507226348 62180.3791636252
511156213.9028922319 99571.7064155366
534912913.3630607128 162832.2896960676
535995890.9378296137 164619.5056455928
528754933.9515054226 150578.4536824166
572907152.3197902441 207221.2664489746
501411349.3308537602 37703.3512660262
528993428.4572356939 150750.3651058301
536051799.9070307016 164919.6507566768
551335416.4612584114 188422.7879333496
502231239.6302717328 50730.7162304223
502504778.1236408353 53531.1347812206
511532221.5557382107 100856.6387682806
536284039.6453610063 165288.1162412959
583393454.3615881205 210086.9659805298
527177743.3085619211 146668.9793156758
528321293.6560071707 149666.0834629163
516415111.9860113859 116303.2564913260
535827829.5989322662 164396.4098663368
551970581.2019422054 189295.6773223877
516630734.3027992249 117313.1250013255
527514027.2183501124 147357.8563517779
528128750.6043999195 149093.1193668470
555548907.7786915302 194017.8042144775
502360166.7830801010 52379.1607011348
527701984.3787261844 148052.1317075863
527330989.9106512666 147168.7193364277
528011751.9216213822 148787.7745182142
501522214.5426990986 39505.8242554893
503623032.5287166238 62308.4214877808
503995775.6408419013 64460.0767957126
501779501.1680628657 44367.0716721219
502312990.9935746193 51719.6368876696
574964992.0840636492 208007.3825073242
504006753.4420306683 64745.2114752405
554867452.6012957096 193229.9617156982
574091977.9379622936 207753.2621459961
505121306.4590641856 70640.0187085494
511110536.8826515675 99346.3388311330
535505662.8100972176 163813.6902240217
527584761.1631512046 147800.6973733082
535353405.1192102432 163640.3401111066
551791295.5615873337 189058.2901916504
585745106.0657310486 211223.6852722168
551955587.9300971031 189294.8763732910
559787144.6726679802 198147.5452423096
503926289.7644443512 64110.8488406115
530104983.9791111350 152701.4006096164
551952758.7137469053 189184.3172149658
529932495.7088806033 152645.2056709567
529973089.5685538650 152661.4868780265
501790877.0599532127 44443.1322775808
559277314.6729159355 197653.6423492432
584918218.4567649364 211006.4970092773
502212253.2708985806 50429.6747829011
510563352.9088207483 96630.8953483279
584134730.3007023335 210804.0432739258
584625223.0524473190 210919.4019775391
526582272.9421327710 144995.1905239869
583519510.9422624111 210415.7162170410
552195213.9336508512 189493.2972564697
574529698.9332743883 207930.0255126953
504190935.3716056347 65620.8499584296
504459775.0682228208 67244.5554315299
501885846.8391721249 45478.0758621291
526654308.4010503292 145175.7773844630
526735995.8328245282 145335.3549094826
562403766.1516169310 199414.8422546387
504532008.9186863303 67383.4034387134
516222527.9880050421 116001.1050584626
562829023.5487874746 199889.6405944824
584501657.9637221098 210867.0553588867
552652939.2613998652 190215.0282287598
552808294.1910408735 190300.8831634521
552499672.2305430174 189968.5643463135
552409462.3487406969 189881.0340881348
515746984.4033107758 114360.5315720153
552297235.8804614544 189722.2349395752
501625228.7444738150 40526.4379961703
504155737.9330692887 65279.5797252753
562192025.9718182087 199413.0865783691
504341478.4979403615 66408.0793144852
501562155.9291838408 40239.5063967918
504302629.9393399358 66332.6258661002
515796320.0813140869 114530.0341381740
575647767.3531336784 208368.7713623047
530842212.3278614879 154251.2755957980
530460674.1253620982 153720.4765215282
504254737.2436135411 65869.4448053092
552215874.3101224899 189556.6999664307
562453751.3907330036 199726.6639099121
575216961.2063536644 208169.8596191406
558016064.0363694429 196354.5030670166
530564512.6046336293 153753.1569561184
526871053.7167332768 145692.2391387955
576807804.2753785849 208689.6266479492
501645080.5253536701 41027.5659794154
501648016.2293810844 41343.3218494911
575376608.8374860287 208303.4689331055
576289352.5799497366 208615.5040283203
562935425.7974385023 199950.8376159668
515557992.7285015583 113711.2932924536
563078770.8469743729 200081.7006530762
501682981.3685377836 42076.8366098894
515436923.0939171314 113159.7556585578
576539395.7096439600 208617.7918395996
556964199.8074430227 195301.1451873779
556858916.7251360416 195218.1399078369
576177414.6542776823 208591.6181030273
556939564.9353169203 195287.3193206787
530688518.2622086406 153956.7381401480
557167782.9327837229 195465.9335174561
556801766.7352938652 195217.8953094482
556528228.8813322783 194811.1736297607
556579417.1732621193 194839.3855743408
515129602.1016918421 112307.5735515174
514898797.8436846733 111616.4366949615
515136845.1826081276 112308.3772162017
514565098.3473855257 110303.4656739612
556079413.8457062244 194404.6060943604
502100101.9282016754 47566.7172775324
515115758.6824307442 112185.0170019683
515202419.0514234304 112339.0039557037
514842872.4712718725 111427.0743902740
529834847.2018070817 152332.7616602377
502037078.0213124752 46565.4082897315
514179387.8289309740 109046.1654927340
502012751.8087770939 46360.7283786871
534164242.2547410131 160556.4827995069
512872845.6896346807 104377.3612084717
512982625.1308214664 104894.6333895598
513047260.4472253323 104985.5357224506
512695772.8189374208 103911.1501063977
513162932.8069465160 105346.1388744873
512950464.2180489302 104665.2749570124
568302290.7263890505 202665.5200805664
507322455.3147795200 77637.2538889754
502002651.9472713470 45552.7069682919
512621534.3189381361 103618.2051881687
507364497.5466738939 77644.6945144332
533932271.0458121896 159886.4780181234
509725357.0170822144 91119.1474310469
506613095.4230051041 76672.7387665904
533031482.7487140298 157858.6328702933
533416850.6248753667 158649.9557538993
532075399.4131568074 156419.2009565673
506401739.0262076855 75214.7033914271
532468447.7655676007 156936.2639113656
506371355.1485012770 75108.2571244047
506459122.7831337452 75754.4761327601
506458106.6787987947 75347.1471148724
568927067.2819076777 202972.4033813477
568400030.4216759205 202834.5190429688
531628921.4931392074 155167.6137890913
506272042.5316618681 74317.4861395520
531559677.8190417886 155062.4929821095
509832186.6944686174 91694.7680871527
509694051.0230742693 91048.1943532721
509685880.0688952208 91041.3133970992
503347898.4779399037 57610.4569735531
547623601.7123634815 180444.6229934692
503251620.4162247777 57188.2642105226
503263894.5841665864 57193.8181072755
503268839.7441318631 57193.8213989625
503275784.8738661408 57236.1682022218
580818529.3879349232 208828.9850158691
509807268.9809553623 91359.1639223029
546158891.0213742256 177374.1510772705
546426741.5429537296 178223.8956069946
546567109.5856195688 178517.2477722168
546513227.5432888269 178494.4370422363
546324958.3562797308 178173.5369338989
546178269.8670324087 177843.2962341309
546579926.9930233955 178595.5904846191
510459444.6756331921 93129.7840077467
566670716.2079845667 200495.0490036011
566719938.9296654463 200900.8529052734
566977148.8766149282 201216.3074340820
566897139.8379788399 201162.4369506836
510524250.9890834093 93978.2456244724
510295121.4990983009 92975.4649377130
581449972.9178797007 208876.4137878418
581497774.9986443520 208878.2532348633
525706896.5377283096 140457.4574877449
582269470.1280875206 209124.3490295410
509029068.7639617920 86617.4904754208
581789377.3041241169 208949.5889587402
525564047.0604245663 140059.8278742520
509251104.9693343639 87702.6013627518
509177366.2715071440 87475.9345206665
509243959.9497245550 87625.2604646930
525660637.4814187288 140209.2202468601
525588828.3372723460 140105.4459244696
525733550.8123785257 140526.2098495451
525849119.9194041491 140987.6749984709
509136313.5903490782 87265.2516999491
582933664.1181952953 209310.3914184570
507681041.8957161903 79114.5235416934
507538594.3145896196 79073.1497078769
508737212.1205605268 84683.6421265704
508300760.8052831888 82376.6376522694
507396021.2223790884 78128.4200042084
508459589.1128638983 82964.5132885656
508466889.9718204737 83149.6063978830
507503371.1975886822 78608.0069897927
508582617.8327406645 83845.1379419937
508655471.6680489779 84114.9316541877
508241621.4475818872 82218.0184783329
550012078.3967105150 182096.9101409912
550083295.6470223665 182103.1857376099
550754529.0837795734 182775.6234130859
550229854.5247232914 182167.1478271484
525146802.7533787489 135000.1380691912
524971020.9867916107 134525.2431161787
524858282.7985879183 133992.9745026018
525362330.6889505982 135423.5450455052
525562910.4737878442 136184.7917438847
525548431.3476026654 136095.0850774915
523510526.7485296726 127228.7202424914
523746023.1891869903 127826.8358760708
523615280.4442947507 127682.4207467944
523144276.4541320205 126182.9305535903
523119184.7840074301 125798.8411182685
522967254.2506661415 125069.7436027343
523092975.6418461204 125403.8874810378
