261020362.4537845552 1755187.1513671875
260903970.7635818422 1754407.7773437500
262976306.1963666677 1774716.7304687500
265864295.7268182635 1790199.7475585938
271119601.7403978109 1797599.3276367188
262107865.4213970304 1764583.6767578125
247895609.1219199598 1261692.5271234140
238803065.5411795974 557754.9408103924
239247543.6456448436 666294.7131839264
239547620.0738372505 697494.1469730139
241406592.0474815667 871323.0329522491
241213949.7510053217 859788.6435933709
241293826.7874297500 861054.9712978601
242043366.7450264692 917840.9024281316
248026097.9680688083 1275404.4813382626
257324109.2313525379 1660589.0898437500
260765097.2690089941 1747018.6245117188
260816330.7121155560 1749715.0214843750
261409544.1046315432 1758581.5009765625
265747155.5511010289 1789966.1513671875
271365194.8959683180 1797957.7236328125
238669111.6962359250 520459.0625824369
241152137.9770948589 848457.0895947218
260136268.1414769888 1732243.5175781250
261209603.7254676521 1757043.8115234375
239487665.9357530177 696510.7910797447
250101342.3411968350 1342588.5113735776
262291998.4348998964 1767497.8349609375
239193949.5796121955 654380.9155028113
241785547.8125498891 904295.8066988699
266292142.5640363991 1790342.3735351562
260891454.9984263480 1750406.1757812500
262561213.7303914428 1771789.3535156250
239328279.7105287313 673758.0490189027
239459651.2352927029 689676.7933668131
248023443.8293678463 1269271.7808482647
249078085.6122384071 1320842.5028140452
257626513.2346366346 1671711.0673828125
249377205.7532402873 1331564.2742371485
249189825.4433276653 1328743.1800601389
239394977.1474415958 686708.6205026358
249128756.7637586594 1326049.4690146893
249110224.0599724650 1323082.4100887775
257758608.9478414357 1672473.7490234375
257554487.1790896952 1669846.3652343750
261320676.5142494738 1758478.5986328125
265319520.9419268668 1787151.8989257812
241318728.8273952305 863214.8547032475
260335386.7298575938 1740049.3496093750
238681258.1914294958 536728.4707271713
257439923.7579193413 1664158.6406250000
262381801.8210346997 1770242.2490234375
263966053.4711971879 1780218.1923828125
264141658.0269345939 1781993.8554687500
266088428.2664962113 1790291.2539062500
239228234.0996048450 661165.9339229420
257264993.0718835294 1656358.8090820312
257126417.2550677955 1653978.4365234375
257205332.2116174996 1656198.1801757812
262688307.7877749801 1773263.9541015625
260370710.7211835682 1742896.1210937500
263407171.1895122230 1776602.2900390625
259978434.5844233632 1731909.7207031250
259950282.5642448664 1727666.7148437500
260173506.5797958970 1737460.8247070312
258156168.0387166440 1682784.3837890625
265399296.9277757704 1788333.6997070312
265717471.6066438854 1789368.4350585938
239152376.9148662090 653933.9580455292
242025469.5587021112 916734.5497392118
249078795.4824282825 1320894.4197635651
249067991.4661649466 1320650.1853885651
264959878.3594906628 1785703.5771484375
270877643.8936392069 1796582.8964843750
265612391.5031193495 1788756.4008789062
239561667.6643478870 697630.7037665617
239522500.4074748456 697298.1976955961
247951133.4229751527 1268264.3622977734
262839404.6878598332 1774259.4199218750
263012782.0114555955 1775166.6166992188
241694307.2530578971 895302.4250244908
241780544.3848755956 904159.5483155064
241644848.1460573971 892315.7986817174
257331732.8311400712 1662411.3603515625
248157170.2018223703 1275970.3865663409
271358974.0185047388 1797874.5830078125
239290754.7386113405 671689.9022633675
258224223.0831105411 1685394.1245117188
258328455.1653029025 1686688.4755859375
258205069.9294500649 1684541.3037109375
261890394.8395067453 1764453.9750976562
243600109.7347485125 1015301.5165437367
244223522.1036498249 1058164.5278584277
248189743.5698173940 1281432.0623929501
241219046.6401954889 859842.4451088309
244263498.6431788206 1060861.7270189747
248568833.1557473242 1299837.7895200253
248747371.1861139536 1305679.2291622162
264670598.3278436363 1785077.5273437500
243730321.0502689779 1029172.6923249867
257530289.3343301117 1667277.3505859375
248536430.0678314865 1296741.3194661140
248303842.8007096946 1286065.6677339077
241672152.6288002431 892696.0569214635
264229967.9092662036 1782312.2172851562
238737509.6843068898 553183.4473710699
265276411.3376835883 1786722.5214843750
248262653.3201306164 1283679.3713471889
258114428.0596283972 1680947.6518554688
248259538.1587850749 1282264.5034654140
262187602.2968486845 1767042.3447265625
239091143.7254806757 616861.7205101755
264275521.9022208154 1783029.8076171875
247876657.1644604504 1258390.8439773023
271191550.8628758192 1797632.9238281250
271830317.6622994542 1798007.5107421875
241721767.8047570884 897414.7524242215
238807830.7238536179 558608.5036000892
270997876.6675252914 1796804.8911132812
256447415.4270197451 1621338.6221923828
239570076.0663497448 698965.1011389866
243832064.8801556230 1034213.7581295781
257944358.2854005396 1679082.9497070312
258579235.2638243735 1692024.6538085938
256607358.8174978793 1630567.0048828125
268496599.3049492240 1792149.2753906250
247861546.9899111986 1253787.0581870079
256483597.8278853595 1624984.8461914062
241351827.0949308872 868432.4050383414
243858198.9808960259 1035209.1191222046
239333093.5174659491 674851.2194748888
238956348.5371130109 600006.9580756178
247827874.7971897721 1252952.7993979454
258278243.7858807743 1686313.0490722656
258745375.4618400037 1695162.3505859375
263279036.6189925373 1776045.4345703125
239024499.4507686496 612141.6077486310
244115008.7761913240 1047355.4019534674
244016232.6102985442 1045816.9005991195
256694327.1705327928 1632808.1118164062
265132958.8164499700 1785763.4418945312
267427089.6124558747 1790722.7275390625
247811142.4972631931 1248329.0642905235
242017630.0885336101 915786.4459527531
257034478.5171363056 1644844.1472167969
268685784.3409551978 1792986.1708984375
238843255.6676327586 566835.6485216606
256999148.8127011061 1642845.4035644531
267955267.9414701164 1791778.7773437500
247733004.2707798481 1244773.8423666954
238830717.0599963963 562344.1847324613
242112280.4217994809 918983.0443511084
243721262.0568149090 1026453.4692156240
268014534.1084013283 1792072.6904296875
243777302.9959976375 1030512.4126797002
241845006.6822892725 905643.6484561041
263598942.8750359416 1778292.8046875000
238840421.0785125196 566478.5043146232
247556703.9210879803 1232676.5755209923
263640439.9904689193 1778340.0273437500
238976452.0423417091 601811.8169164676
267495537.8494011462 1791049.2187500000
267712043.4636346102 1791058.2119140625
238877254.3466098011 576728.4557013450
238925856.7217851877 599620.5402393244
243649634.1505445540 1022768.9367047399
247471778.2656031847 1231431.2033502758
257082195.8845382035 1649570.0871582031
247246256.1983928084 1220925.2344946861
247412559.1687459350 1229538.7358374596
241603697.7996300161 886788.6203787322
262274405.6711582243 1767123.8349609375
263743874.6499797106 1778879.5200195312
243991525.0896606445 1043660.4962046649
261813169.0711168945 1761352.7841796875
238832873.8047159016 563942.8530695060
258905168.8446286023 1700860.6162109375
254011829.8298008442 1496324.7517852783
258894668.9009533823 1700079.7160644531
263494804.3340583444 1777313.6264648438
259001927.8608457148 1701068.0371093750
247015176.9513969719 1201699.4251890182
253611772.9019008279 1490621.3709030151
253666006.4975237250 1494542.8038558960
256581776.7150253356 1627439.7686767578
256854460.0780883133 1640080.7182617188
244131554.9407785237 1048908.4895945396
243876063.7941159308 1036677.8812711984
253621228.0312896073 1492282.7341308594
243964468.3253868818 1037363.1737333722
243966344.3830437064 1041919.5664267763
246766497.3138167560 1183942.3070910275
241548728.5181626081 880801.2764852006
241503426.6980693936 880159.7731152768
246531813.3992534578 1174875.1789171994
239127966.4955824912 628397.3881609318
268644272.1589853764 1792356.1645507812
246666968.1532817781 1183851.6508410275
246946246.8345092833 1196412.6349046826
258687522.7878066003 1694362.1218261719
258458935.7389056385 1691075.9670410156
267874622.3993085921 1791489.7797851562
247215991.4923149943 1205817.3617429733
270245022.8887002468 1795512.1025390625
269467407.1825614572 1793145.3911132812
269666442.1914072633 1793491.3139648438
246857924.3887402117 1191492.1847133636
252901365.8685349524 1465146.1777267456
247153487.1800585091 1204677.0338623524
253004665.5855167508 1466773.1013946533
269788220.6768220663 1794572.6987304688
243423227.7241590917 1009186.7130899150
243216971.0893808305 996072.3038685694
270359282.7961037755 1795555.4174804688
269882309.3050553799 1794922.4916992188
243205500.6921692193 990415.1264224797
243102667.9008130133 983638.7731680297
242993184.0439532101 979854.3788788663
256020885.5478711128 1594922.1550292969
270618783.8249674439 1795865.9184570312
246529649.4125882089 1173265.5963459909
252515855.6742042005 1441942.0864181519
242873395.7180164754 969469.7469265806
246389114.7290469706 1165255.6432209909
270180165.3593510389 1795439.2299804688
245921048.4235409200 1140665.0979336575
246241317.1499709189 1155878.8244534656
243101513.4445984364 983560.9159980677
246094271.1617163718 1147471.6052595451
252638912.1441945136 1449204.4022140503
242748879.6638875306 960034.5319607602
252576277.7876314521 1447492.9266128540
246272961.8394397795 1157040.9322313969
242813141.2784987390 965257.4955618223
246064956.2341428697 1144599.7017625908
240262278.3535681367 742424.6202458747
256099507.4564213157 1596979.1823730469
240164018.8724067211 733703.4080561679
252460033.1724659503 1441681.1734466553
259795323.9514458776 1716732.9604492188
252783279.4603904188 1454941.5131759644
256043313.5785645843 1596740.6413574219
242974606.4916536808 975887.5595486509
256354901.0165307522 1608693.0363769531
256218222.8920444548 1604958.2712402344
259879150.8080368638 1718164.6333007812
240010656.4703226388 712456.6490496824
240136554.1732695699 730822.5019230158
242437205.5584331453 926372.0457115062
242606282.3848018348 939769.3312953543
245697055.8807296753 1123549.6407776326
245676437.5460752845 1121591.0255432576
245515192.2223192155 1107209.9266617447
245409872.4230944216 1102152.1519385260
245418628.4761141241 1102221.2782963980
240030096.1453693509 719645.6277827304
245493752.1280263364 1105018.1267630104
245232512.2605267465 1095976.7307821754
245014285.9328016341 1083851.4568758626
240056231.1197579503 720867.8493203804
239966666.4680100977 711495.3987457242
244909159.0242391527 1075301.3220696519
239919246.2774859071 702435.4627762586
242563951.3483308256 939665.6223109793
244997980.4143000543 1078921.0025239061
242638448.2930890918 943389.4925822187
259756174.1022240520 1712200.4301757812
259633322.2826882601 1709308.9125976562
251953188.6996516883 1412273.4213943481
252026734.9153692424 1416511.6382598877
251819794.4191325009 1408602.9326934814
252294552.1843941510 1430789.3214607239
251694423.1786304712 1399795.2622833252
251772428.8885252178 1403525.4256134033
251684379.5775268376 1397589.5932159424
251899777.9380444586 1410494.5692062378
252384438.0652074516 1433296.6795883179
252446441.6187576056 1435848.6409797668
240825919.7926332057 758569.5645192824
255977135.9870755076 1577917.3986511230
241137794.0406303704 778006.2495417199
241126169.3146506846 775717.9813532433
254373083.3275285363 1503963.8516082764
254658718.6967474222 1522224.6702880859
254583883.3979053795 1519517.0689849854
254390385.1605272591 1508851.4267730713
255443154.7978127897 1549393.2776031494
255541434.9749710560 1552215.6241760254
255288523.6311935186 1543482.8297576904
255190646.4298723936 1540065.6423492432
255365344.8896944821 1544832.8479156494
255386445.5084640086 1546349.9185028076
255320187.8704706430 1543883.2844390869
251338071.9549296796 1354747.6656894684
251383594.1116010547 1365018.9518222809
251369098.9926146269 1355490.0380039215
251182097.8310092986 1354606.2582187653
251130141.6925676465 1348667.1974277496
251067407.5685973167 1347399.1337070465
