320609219.9537087083 1822960.2475585938
320711458.3197868466 1824344.8828125000
320788577.9029557109 1828304.9257812500
324200138.1852204800 1852117.1376953125
324169869.7111007571 1852078.4746093750
303809554.0127454400 918559.3380002975
303765950.7541199923 917641.6033201218
303851551.3381518126 928407.5390806198
306360785.2831522822 1213972.2754402161
305954823.4648018479 1194066.9668846130
306276647.4312027097 1213944.0504646301
306683140.4925954938 1244081.8176841736
306609324.1057099700 1237135.8342857361
308862574.1479164958 1401159.3388519287
310769165.6207951307 1519940.6103744507
310918414.8219037056 1526000.4897689819
312953668.3654887676 1624915.8737792969
312702167.5683641434 1616828.5153808594
312811024.3670533299 1621593.7265625000
312618148.6253844500 1613056.6135253906
313222241.7865858078 1629638.8325195312
313058405.2104114294 1629372.3813476562
313336458.4510440826 1632788.4448242188
320585698.5155642629 1819176.6699218750
320925306.5857970119 1830329.1884765625
320540477.2895760536 1817813.9790039062
320745706.8984043002 1826271.1074218750
321044283.7859452963 1832066.1767578125
321737436.2804988623 1838286.7529296875
324143287.0462773442 1851390.5224609375
313407161.9593262076 1637925.9118652344
313376772.1716192961 1636720.6142578125
312592784.9842451811 1612432.3095703125
312549472.7029538155 1609548.6896972656
312674543.8258888721 1616239.3342285156
312983102.2792863250 1628056.9926757812
312876155.9266787767 1623165.2351074219
312760851.7084429860 1620080.8269042969
312722414.1371979117 1619821.6804199219
323121924.1836961508 1847409.7578125000
323004551.6552627087 1847331.9765625000
303726419.9635419846 915178.1490964890
303830749.7610607147 923256.3791542053
303751687.9713799357 915838.9647254944
303912876.5512450337 936158.5783958435
304122445.0723156929 949229.9240226746
303940408.6391754746 936933.6260681152
303957287.0082572103 938026.9903831482
306910380.1920792460 1252807.3323936462
306739654.7597424388 1248839.4070396423
308684563.2544997931 1392002.5658111572
308682892.7455047369 1384306.3528137207
311080563.7399806380 1534130.2022933960
311113369.9435511827 1535703.4918441772
312510608.4493443370 1601172.4635009766
312466542.9062305689 1601168.2037353516
312239131.4945836067 1586152.9569091797
322863977.7196848392 1846779.6025390625
324683109.2874326110 1852319.2441406250
322860058.1974459291 1846174.6113281250
306162748.4952295423 1205242.3063240051
306186073.2804229856 1206000.4926948547
322400157.4411653280 1843514.9189453125
322254460.0526558757 1843021.1953125000
322674120.9546963573 1845764.9013671875
322738785.7398750782 1845998.4345703125
322572865.1326085329 1845660.4892578125
304093428.5363007784 943855.8452415466
303979995.3384979963 938170.1468009949
306664868.7104957104 1243568.8149986267
306958173.8721657395 1253953.4668579102
307047564.8775969148 1254340.6151695251
311922829.3754576445 1574264.3840942383
312017605.3009167314 1574906.4719848633
311910006.4785906672 1571812.0090942383
321165808.5129486322 1832347.2656250000
321196356.4243346453 1833589.2587890625
321299843.0017933249 1834659.9638671875
322482639.0700048208 1845131.4453125000
323812257.6472416520 1849787.2050781250
323570795.5106198192 1848521.6826171875
323939176.4573301673 1850313.0273437500
324099872.8302862644 1850743.0156250000
330224397.2390935421 1852526.3808593750
304135063.0926447511 952306.2669334412
304113071.0198056698 947843.2976951599
304047556.2180968523 943529.0508689880
304110551.2685185671 944715.9954490662
311090568.8644768596 1534607.7354965210
323469903.7309193015 1848209.4023437500
323664617.3054691553 1849459.8759765625
323946935.9529522061 1850474.5791015625
304377568.4155557752 957168.2382278442
304156838.6147481799 952973.5132675171
304007955.5073820949 939635.3259353638
307068373.3464831710 1255692.2253990173
311244181.3845793009 1539378.6176910400
311011756.8830378056 1532124.9259262085
311318164.1617259979 1544828.8333892822
311832647.2071559429 1570471.6617126465
311611134.0123587847 1560758.7202758789
312095663.9753852487 1584097.0161132812
312030999.8646328449 1579360.6926269531
312405665.3492766619 1594469.0081787109
318939788.3645809293 1773103.5136718750
319013396.4967314601 1777263.7983398438
321820233.0116090178 1838946.7177734375
312275399.9395788312 1588349.6126708984
312461061.6992796063 1594957.8304443359
312267059.4899793863 1587672.0059814453
312309431.2257776856 1592320.9464111328
312042393.2240050435 1581817.4916992188
321495220.5137889385 1836687.6708984375
311632998.8404517770 1561872.4387817383
311766666.9634099007 1562468.7058715820
311771653.6518848538 1569885.4754028320
311574894.0919511914 1559100.4991607666
319066493.9725477695 1779369.3359375000
318937118.5453512669 1771029.5766601562
319085374.3717592359 1781389.7373046875
321480317.1629579663 1836677.1308593750
321893082.8306138515 1839580.6845703125
306716350.5458277464 1244386.4998741150
306625117.3624169827 1242526.5374107361
311507571.4354643822 1553579.7401275635
311559826.2457007766 1556551.7159576416
321871835.4174665809 1839226.5078125000
321684857.8360056281 1838148.5820312500
322040334.1795476675 1840580.4238281250
322324371.0217179060 1843298.8984375000
322139622.2777263522 1840739.9003906250
311531524.5214307308 1554025.9740142822
311208500.9353529215 1539178.8838043213
311405838.7249411941 1551137.3827056885
311127478.6405323744 1536143.9658355713
322167528.7140743732 1841839.4814453125
308768920.9879907966 1395568.0321197510
318989795.8017122149 1777049.3564453125
322160355.9734652638 1841836.0058593750
304879083.0461605787 1025779.9534301758
306160118.8728107214 1194759.0453071594
306409307.9344223142 1222238.9783287048
306537433.6339608431 1235955.6138267517
310765100.3859775662 1505248.8555145264
310595444.3309215307 1490465.0360565186
310490739.8716892004 1485338.1859588623
310436351.9559931159 1479710.0891571045
319409988.4266449809 1787535.6074218750
319902211.0743858218 1797194.6240234375
319460943.8961569071 1790004.4106445312
319446865.6422275305 1788399.8745117188
319580130.7775797248 1792116.4326171875
305000329.1041806340 1027173.7191772461
304748551.2676732540 1018448.2443847656
305014143.5900241137 1029996.1423950195
306389781.9999209642 1218814.5232505798
306481110.5849066973 1226630.2548179626
306374015.7573041916 1216463.3291587830
310294449.9936051965 1473872.2638397217
310423479.7737076283 1479613.2273406982
319459929.3695824146 1788817.2358398438
319814430.0981299281 1796770.7187500000
319603464.0764315128 1792725.0136718750
304438868.3623728752 960890.7859897614
304519337.5938022137 973740.5759229660
304447109.0234285593 961670.0663166046
304826405.4286056161 1021948.9893627167
304709695.5595378280 1011141.2514038086
304618916.6910401583 999977.3654174805
304679607.3555465341 1010960.5925903320
306482889.4427511096 1227370.7730064392
319940018.7620964646 1797784.6308593750
304551446.0903810263 975411.8998413086
304650071.5820599198 1002125.1121215820
306435501.1466318965 1226520.2258872986
310327788.8070026040 1474134.5315399170
310488439.0598975420 1480445.3679656982
310440007.3189450502 1480387.6313934326
319285034.0741427541 1785051.6420898438
319330684.9331312180 1786919.4067382812
319694050.4855128527 1795615.6835937500
320329862.7049737573 1802347.1904296875
304611676.7438277006 984505.6945800781
304612013.0229881406 987466.0168457031
305085170.3027144670 1037942.2365818024
308803227.3359431028 1400020.4954986572
310381493.1709651351 1474297.6841583252
310245996.7269242406 1473812.1985321045
310370319.9495816827 1474229.4408569336
319894876.6636633277 1797114.5502929688
319540239.1027483344 1791388.9423828125
319547776.0901052952 1791651.7011718750
309981878.8638128042 1462346.2764129639
309925230.2900737524 1455970.0759735107
306496744.1204458475 1229354.6736412048
309845155.3752486110 1455702.7087860107
309670996.8765084147 1444810.4921112061
309687520.3796167970 1446667.9657440186
309751687.3580260873 1448610.0529022217
309718425.4411648512 1447862.6012420654
319993636.0171331763 1797886.4775390625
320269356.4786411524 1802039.1962890625
320037887.2067235708 1799309.0576171875
305069432.4644507170 1031237.2156314850
309610470.8239017725 1443712.6531372070
309785227.5604261756 1450717.9059295654
309738876.5534154177 1448550.5367889404
309553744.5557153821 1441820.6436767578
308987759.8490725756 1407751.1732330322
309571584.7689383626 1443278.8361053467
309382840.8730955124 1429202.7275848389
309286062.6169751287 1425979.4814910889
309513894.2531958222 1437064.5107879639
320342990.7816294432 1802891.8662109375
320010097.5718347430 1798615.1386718750
305247655.1554131508 1057750.7823696136
309387405.2941895723 1429231.9160614014
320060315.7828278542 1800494.6562500000
305220538.0155426860 1051985.8141078949
305282859.6114494801 1060134.5813808441
305198490.8173565269 1051982.6800746918
309366741.0570110083 1427540.5220184326
305110597.7810474038 1040122.1358852386
305141705.8470694423 1047464.1507778168
305308401.4459622502 1060719.8261718750
308952835.7774126530 1406206.2073822021
309042344.2702938914 1411764.8246002197
309395690.6621264815 1432986.4399871826
309238279.3664489985 1418178.6103973389
320449350.3941670656 1804839.3183593750
320127527.2140502930 1801504.8662109375
309029033.9298729300 1410771.4244995117
309244274.1822116375 1423304.8721160889
305345048.4673183560 1061843.5906219482
309022794.5816696286 1409828.0750885010
308899446.8735848665 1405115.7137603760
308879527.4991180301 1403304.4100494385
308887363.3852623105 1404879.3866119385
305491172.6377325654 1069277.3413543701
305400722.2310505509 1062095.7198638916
305444602.5266132355 1066798.9420013428
305373547.8747295737 1061971.8538665771
305473712.2663688064 1068474.8904571533
305420743.1149321198 1063900.2537689209
308615175.5721184611 1364958.7763671875
305511525.6450291276 1081433.1660614014
318641559.7835129499 1752535.8144531250
308675253.1692367792 1366340.3551635742
308598739.6746025085 1359633.3127441406
318623519.4257369637 1748651.7929687500
318883257.1605724096 1759587.8271484375
308506213.9420716763 1356028.3342285156
308575584.8130145669 1358305.0874023438
308567053.2008696198 1356343.5136718750
308434512.9473245144 1350064.7636718750
308294602.0873904228 1337850.8161621094
308342298.3101988435 1342995.2310791016
308307972.4953619242 1342089.8623046875
308304541.2717471719 1341375.3156738281
318861982.6284400821 1758207.0190429688
307980273.4857003689 1320066.2148742676
308146568.9675233364 1326403.5752258301
308268524.8341068625 1335756.4897766113
307940650.9600325227 1313470.3061828613
308153547.6865503788 1326730.0068664551
308214092.8545745015 1333792.2158203125
308101005.7977959514 1324624.4281311035
307996956.4631514549 1320405.5198059082
307933571.2591865659 1313034.9106750488
308044628.9297116995 1324466.9609680176
307896104.5044660568 1311377.5725402832
307832968.5772765279 1308502.6368103027
307945417.1276968718 1313895.4148864746
307877368.0588566065 1308796.4783630371
307783075.1924847960 1299899.6493225098
307711949.0426411629 1289433.1539611816
307674388.7748222947 1284612.0594787598
305700735.3246216178 1091621.9844818115
307654094.4467132688 1282582.5426330566
307755122.8001988530 1293090.1398010254
318745106.7144223452 1757290.3950195312
305751775.2503960133 1098083.5824737549
305793095.2537537217 1103322.6377105713
305904905.2136393189 1109873.3223342896
305767191.6720820069 1100056.5740509033
305742171.2489701509 1097053.8087310791
307634547.0314192772 1282355.8192443848
307536045.2071161270 1276157.5848388672
307499870.3528528810 1264183.7254028320
307404020.9534955621 1259505.8845977783
305885350.2399485707 1108183.4391021729
305894389.7939085960 1109860.9670867920
305856930.5188794732 1106158.0081939697
305938744.1762586832 1119393.9884185791
305931954.2333429456 1115239.4442901611
305914460.4770879149 1112994.4535675049
