384559622.4816625118 79258.6757939537
384466723.2963989377 78346.7462285240
384416413.5175068974 77511.9702437897
384426079.2424326539 77578.2691824143
386331151.9063810706 93430.4253849033
413695372.6384612322 184958.8657572269
418059606.9699010253 191752.1084594727
419796964.2208783031 193483.9097290039
389033529.9551112652 109716.1954000102
389070753.4811204672 110324.2741406467
405178554.1957654357 169079.2525342712
420134475.1731668115 193524.7913208008
396039577.6065675616 143140.5622201236
405721820.4702506661 170453.5549634704
405687414.5821548104 170247.4932542304
419399496.7850655913 193287.1666259766
405075242.8058870435 168807.4071820984
405378374.7862133384 169742.7709211120
385819878.3429959416 91225.6107578520
386016454.3765041828 92518.4958194736
413618989.4416543245 184864.4061591625
418315183.0356977582 192241.9074707031
425590861.9152725935 196191.6927490234
403103332.1549008489 164262.9737838786
403284837.7923167348 164463.6694516856
403136304.9848722816 164307.9137710612
404854767.7159503102 168415.4311498413
424505109.6451458335 195769.9696655273
431131869.0385997891 196665.4999084473
418995971.2663297057 192789.4136352539
418905900.7742435932 192625.9048461914
388836135.7054411173 108708.8325126674
394330391.4775545001 136706.0435547130
417986674.9055327773 191569.7405242920
417930796.6789036393 191557.8862915039
419701530.9775567651 193433.3505249023
425066348.4157826304 196005.6820678711
424998374.9745891094 195798.8233032227
425406917.2479830384 196120.2184448242
427349597.8038769364 196453.7124938965
431642930.6860501170 196749.7920837402
394620885.4357630610 138231.6131338896
395008052.3485838175 139437.7919475297
404843011.1299222112 168401.3171361694
395527849.6079964638 140915.3641428202
396367107.0063853264 143535.6778108328
418774712.9948834777 192495.4149475098
427247989.2252709270 196434.5199279785
402255424.8235890269 162333.9637741130
401684117.6805067658 160593.1366051496
402247723.4952136874 161996.3890670817
402045870.0139101148 161477.6836212934
418829998.0343796611 192527.7681121826
401894092.6307417750 161134.9589508832
405093688.8302299380 168960.8226086255
394970044.9081941247 139330.1754319491
385943162.2569016218 91973.5430206303
394563270.7106326818 137493.2479109587
396173847.1239933372 143509.6027514189
404490605.1326049566 167522.2717641601
384161596.7448886037 67811.7947277979
384146667.1055945158 67770.8471422635
425314073.6436112523 196096.1476440430
395645462.0990417004 141697.7916577728
405487729.2695068121 169821.3531398531
384072876.4395833611 66858.9175768339
388853241.2539376020 109448.8847973850
395790595.4142119288 142262.7209069105
401563943.3324874043 160175.2569702924
425789351.2802184820 196223.9371337891
414104446.6004104614 185632.3580935001
384270246.2459152341 74873.2351120305
402081693.8354102373 161662.9927505534
414219785.6773675680 185761.1800882816
404647715.9476041198 168083.3269628296
394430736.9375938773 137058.8777634921
394747465.2239830494 138548.0382062132
401481554.8559644818 159810.1352356733
404472998.1700395942 167346.8684743652
414385136.6723002791 185955.3962709904
401889753.5290161967 160724.6341370405
414140729.9859619141 185653.5578958988
388695968.0684009194 107948.5409482736
394413827.2617749572 136896.4583756747
396145344.2312080264 143496.1426636427
401729353.9487889409 160722.0648011030
394279251.6646626592 136006.1856438937
394295152.8810667396 136667.4663445773
394410109.9156564474 136853.6513764681
414446031.1831740141 186093.8822329044
412875880.0997623205 183579.9943377785
419175999.9737871289 193114.2081909180
426948403.0135962367 196404.0658264160
385798135.6812024713 90509.5706160502
412682221.4021319151 183205.9214770608
427006231.9957411289 196404.1313781738
385768760.9060143828 90452.5335095320
404247114.1907553077 166716.9313469213
404709497.8965898156 168106.4595922241
426908934.1656790376 196324.0018615723
388709543.2216570377 107992.3162659947
388598633.8705220222 107866.5840461757
417341804.4908357859 190021.9482269287
388488609.5208622813 106955.0852893218
395585269.1521767974 141685.7436205595
403238544.0859466195 164318.8549270909
385479424.3100873828 88250.1126238350
395562501.8852621317 141290.0952618988
403558732.9884721041 164859.8012256306
419831706.2960663438 193521.6233520508
420153403.5388209224 193608.4073486328
419603359.4946771264 193424.5373535156
385608020.3897233009 89177.9632978141
403092082.5493900776 163939.9664383214
417447743.7942479849 190732.6049957275
419426471.0035181642 193307.1984252930
403502782.8083353043 164846.6992934626
403371120.9547021389 164520.6189041417
418971746.2169800997 192766.5152282715
419757575.4900889993 193467.7200927734
426936401.9931734204 196366.0779724121
384228575.8372486830 73997.6527498555
385640469.3795602322 89532.9764340315
403290950.9250440598 164508.7601738255
384387757.6507532001 76756.7393294168
418521637.5326377153 192288.5275878906
425366919.4250044823 196115.4560546875
426044739.0021927357 196262.7000732422
385448411.6149780154 87728.1149093788
384196023.0420646667 68698.2167093844
384840638.5372287631 80925.2794622770
384956935.0438878536 81716.3987611346
384848995.9939797521 81606.1428407244
431247701.7084065080 196685.6140441895
431048706.3080442548 196595.0290222168
385607278.8633577228 88693.9195569139
413416870.4928838015 184584.1922213845
423977564.2229695320 195064.0905456543
384262014.1701010466 74155.9261832084
385691696.9112646580 89580.9552281145
395324242.5866477489 140785.8620923432
431062232.5288214087 196604.3716735840
385546678.5468078852 88632.2301536174
395131574.2308902144 139699.4902776154
385532159.2572475672 88626.9047190528
395217817.7500646114 140271.3813861283
384753044.7105815411 80586.5285638086
418643854.2063244581 192401.5000610352
426735682.1000540853 196312.0841369629
384334487.7059282660 75093.3313891972
413470319.9295930862 184785.5053729825
384244219.1323230863 74107.9086702657
413813716.5345405340 185274.5750274472
413014076.8170634508 183895.7012202740
413368908.0283067226 184554.7617842965
396393935.3883436322 143570.1672006873
430908051.6723143458 196576.2853088379
418849403.8587229848 192549.2485351562
413741924.1603397131 185152.8905563168
396597262.8504402637 143592.0549229002
413337296.9742358327 184450.8126831055
413762127.0860431194 185194.7229537778
384259497.1001402736 74128.9686372322
394093986.5639693141 134283.7664875882
413227535.7825369835 184285.8147628121
394130969.3941264153 134842.9687886136
388437568.2060751915 106205.3128507957
401353283.8673706055 159062.6439933935
430737619.5341550708 196515.8312072754
394222395.5380496979 135112.8603291409
400978653.3999717236 157913.2848625341
384303506.4157956839 74930.6422822517
411193404.8192855120 179781.3826274071
388458551.8164421916 106611.8537458107
411350060.8247169256 179900.2891239319
394214376.4618316293 135039.3121495144
388363361.8023072481 105719.4715304337
384137850.0872166753 67446.8489968355
384715859.6633276939 79848.4577244036
384310894.7327232361 74944.1293816967
385437205.8912573457 86946.7846843163
400454275.7745879889 156121.1992246537
399809400.5028449893 154378.4925857792
400473442.5864788890 156189.1836895132
400051588.0247160792 154997.4911989355
410827565.4975868464 179245.1822718773
399938109.6782048941 154524.3008150244
397795165.1352375150 147321.4962837126
388290177.0030818582 105042.1206459962
417442465.8589984775 190084.3528442383
421450688.1690151691 193682.7568359375
385361514.5467929840 86150.4030743698
393911723.3063362837 132507.3615323203
384207909.1269910336 69137.5626164875
385265695.0309507847 85337.0666260580
421343787.7657167315 193630.0811157227
397730111.2626304030 146959.0088294358
399632969.4770390391 153390.3965772772
397597703.0342971683 146824.6313575120
411474117.8785009384 180071.1698781867
397497266.5047813058 146104.3877016925
388211311.1804646254 104406.9701418839
385255650.4254837036 84641.7978797117
388101166.6468606591 103640.3777553700
387948978.2132096887 102727.1292521916
397211309.3334791064 145343.6563622043
397157257.7209766507 145228.5368172214
410815249.3102465868 179204.7864667792
399261594.5183746219 152273.1866605664
399045797.3556419015 151579.8564927960
412091021.8695930839 181492.6268141009
412260565.7062218785 181873.5814115927
412394080.4507214427 182174.3296186663
411727403.1650548577 180685.3444292471
385106098.0923755169 82779.7431983622
399313104.5725466013 152327.7832865166
411932523.0080046058 181076.0817529894
385168354.7832205296 83619.6849846253
411853404.9268198013 180853.1630322933
398771200.2129646540 150261.8057134198
411874441.4290736318 180913.8269252777
387774866.7915652394 101178.8200025866
387849685.9677685499 101216.5125007937
398975779.0469490290 151037.1041219281
409890645.3231258988 177095.4624374313
398664161.2272056937 149971.4174931208
398535902.8238680959 149362.4540929357
385161452.3369873166 82865.5165813342
398416211.1740385890 149238.5115880528
410069586.0442047119 177536.2562962323
393796573.7131891251 132385.9741181955
387773523.3132113218 100536.7267753938
387702592.7842295170 100391.9450981477
397534537.5359399915 146362.3745681033
397514718.7969960570 146321.1235915408
410005092.3889030814 177298.1692430060
397320907.7618291974 145684.3487478052
387514152.0379804969 99226.8268926419
387350372.3819087744 98027.6348451013
387363201.4165763259 98444.7012323970
387264952.0530430079 97799.0608181590
410272496.4001260996 177857.9010374472
409954491.7762774229 177159.6234389860
387101019.7188786268 96078.9695629710
396874975.8275282979 143593.1470325147
387212042.7825354934 97129.2300586039
386999277.2084165812 94512.8757775377
386951182.2871088386 94355.2340424608
387096419.0447570086 96040.4374650072
387024022.3109120727 95780.4746964525
393612499.8135036826 131009.0519221462
393440248.9394044280 129246.1509925849
393508611.5358751416 129833.4736377425
393326521.4119658470 128590.1703979499
393443909.6923108101 129552.9420654303
422413817.6071535349 193815.0533447266
409163137.7827420831 173726.0456779436
408995441.1873878837 173599.3583610491
409051957.8923811316 173647.6903922991
408874390.3552046418 173127.4406821006
408916780.1253669858 173221.1182944053
408640842.7984184027 172529.3281833385
408542378.8115140200 172312.4561452107
393251194.4799359441 128092.2925628112
393312797.4024259448 128271.4847679571
408145541.6805227995 171427.8421608843
408170872.2545238137 171431.1196578681
392887041.7035163045 126224.0170555548
392746872.6804646254 125312.0874901251
392884165.6057850718 125319.8734725178
392354613.9460090995 123348.2040561638
417244897.3302642107 186984.9972152710
392737726.4679539204 124996.6685755909
392370453.7257543802 123449.2931094305
392216235.2557553053 122631.1173402728
392667164.9847215414 124320.5121808173
391969075.0693210959 120695.3002893389
391850547.4900301099 118861.9674888697
391864684.2553040385 119599.9562889185
391808549.6138637066 118561.1889797297
391900431.0783892870 119801.3546043482
391788902.4369294047 118451.3316436020
391724512.5917469859 118303.0624023523
408331778.3231607080 171634.7684891783
423938821.6907853484 194194.2115783691
423872458.2854343057 194163.9745788574
423387454.1509868503 193904.9794311523
423739061.3584161401 194119.3517761230
423515317.3090981841 193984.1389465332
423249329.7581942677 193884.1527404785
391086233.5626574755 113401.8477936724
391178228.6804159880 114162.1070043409
391389097.5307474732 115407.5880226382
391529617.8403365016 116165.5409156187
391475897.0114240646 116092.0741066226
391249579.1711301804 114861.0703737066
391110103.2611731887 113998.2171479204
390805011.1466789842 110539.8146802321
390899291.9545453191 111169.9353337152
