825979852.0375564098 520468.0591305085
826887792.0484366417 544780.1778060533
863562611.3200470209 1062106.5506802080
863896423.9486862421 1064414.7093716143
891507686.4511666298 1303128.5139729832
928568133.6895251274 1506305.7683105469
929324913.3039553165 1508415.5067138672
933663262.9131019115 1519542.6234130859
933873735.9493838549 1520161.2620849609
822045082.8324358463 346430.3327191677
928860208.3705053329 1507415.1148681641
960973249.9275438786 1555041.1418457031
961260572.7998869419 1556056.5656738281
891429443.5804884434 1302029.2274972247
890370155.2339265347 1294826.0629204963
822039929.4252278805 346053.6629319992
890231164.8104751110 1293836.2899712776
933367346.8149781227 1518889.3726806641
933186438.3628611565 1518772.0684814453
932970503.2880592346 1517414.6271972656
821513163.6334825754 291510.2730823690
914476011.8772656918 1440173.9484958649
913977908.7756670713 1438829.0440769196
933141710.5731220245 1518423.8209228516
933373221.1106829643 1519533.3331298828
826986570.8777194023 546337.8418611366
821983147.3116719723 342866.3017123854
826724253.0987313986 542657.0618734509
826664539.9016265869 542056.5685912706
844677586.3790193796 857537.6592532174
909820222.6178809404 1418920.9590070248
910132066.6688262224 1420612.9338605404
822125836.5809843540 346715.2077497449
821926287.0871829987 342050.9622929301
822360637.1282089949 353557.9374010917
822560168.3481485844 353719.1772412416
914224296.3538067341 1440146.6558933258
890668409.7862973213 1297028.7975701545
821646871.8643277884 295666.1484270487
826489574.5960197449 537153.8615994789
890494980.9653439522 1296384.3304070686
889852403.2953617573 1291306.8873632329
959568510.8775599003 1554119.4455566406
821690716.0246771574 299780.0763412053
845954300.7478833199 870949.0060552817
910355249.5487576723 1421867.5957449079
835702459.9340443611 713836.0566167432
826340028.6642767191 532054.3326972909
908959527.0040661097 1413140.5911350250
910278527.4998713732 1421501.1626203060
826412207.5324320793 532890.6829971373
821551116.5535696745 291678.0729277069
821777632.6469825506 303264.7683135439
826356572.2563390732 532466.2324243821
826188442.3929749727 528345.9476875253
822232599.2576471567 349535.1248500701
825892182.5499570370 516967.5022162609
826081393.9371201992 524175.1041559018
891357117.1930418015 1301597.2360858908
826171855.4137084484 524932.5148848705
843977902.8663086891 845488.4596141067
931561338.7599836588 1513845.6665649414
821672075.1645544767 299172.2086016694
821582258.7278155088 295412.6452270085
825907351.3994735479 517911.6296881847
826124601.7080969810 524435.4116131477
826067373.2647998333 523495.8928145580
890211701.7196589708 1293800.6618383306
929377294.8156526089 1508855.4837646484
931814150.1537292004 1514626.8433837891
826148690.4739034176 524453.4470709972
863635478.1869930029 1063225.3265743731
825835391.8176329136 512488.8329731422
843880879.1070810556 844728.7378935379
863187438.6936873198 1059603.3448696611
825780510.7822279930 511823.9983768659
825889740.9969491959 515233.8949608596
914816596.1823377609 1442846.7113857269
825838811.7349154949 514797.3676279576
889503234.5611568689 1285726.0845074842
931737405.6472306252 1514436.9864501953
821924006.0447887182 305573.0951460069
843766677.8146091700 842678.4607828718
844340364.7112634182 851246.9833540034
844269443.3900867701 850138.9465016883
825826536.3769922256 512192.5654514821
834962899.7088097334 700744.5552486974
932602019.9442003965 1517213.5614013672
843754272.8768787384 842146.2460450812
821742613.6497306824 303073.1105782967
913662488.0924587250 1436727.5396823883
931833746.8290729523 1514776.0457763672
844004061.2705626488 846610.1913206738
932089338.8288099766 1515801.2960205078
864162341.5228531361 1067203.9031480169
959956587.8897027969 1554367.6750488281
959194376.7336010933 1553391.5209960938
843724574.7394688129 840022.2320157525
889238131.3255276680 1280063.0420727918
843509038.7274917364 837973.5352601719
843373936.2581301928 836040.5482415867
913222317.3574485779 1433944.0818271637
843366182.9469510317 835949.0586976719
908451997.0578974485 1407708.0428103209
908789940.4080940485 1410437.8255251646
914526906.7226188183 1441570.9981288910
908763205.7891002893 1409968.6214236021
930907304.8488526344 1512053.9161376953
843173048.3399897814 832260.3632561874
843153781.4739580154 831509.2716340732
843082547.8203303814 830568.2551850986
848504169.7974081039 893284.9610827024
908375698.5867282152 1404935.0863283873
914092136.6634314060 1439537.6285495758
931117251.3310003281 1513177.2274169922
931029236.1862714291 1513032.7811279297
913828116.7618281841 1438049.5870456696
847960557.0046541691 886266.7296948786
930911560.8733820915 1512723.3900146484
930551163.1835544109 1511794.1185302734
848100307.5306652784 889162.6500475461
848599123.9136207104 893383.3456869503
912443077.0107164383 1429381.3749790192
913471368.5657591820 1434587.0945100784
912865900.5396630764 1432191.3053989410
913521441.8402799368 1435808.2783479691
913303611.6125521660 1434541.8829298019
848711972.1567641497 893544.9797938437
892468641.8144433498 1303824.4305662028
834653860.7362767458 692315.8885137636
834468396.8955757618 689091.8318158287
848354778.2550016642 891334.7265934915
834438896.7340534925 688531.9682607251
834360017.1040219069 685605.2062702972
842807006.6994707584 822496.2798417682
834543461.8298350573 689394.9491177398
834645452.4143693447 691173.9839802581
834642527.9729950428 690748.6702807742
862166167.8037568331 1043757.2557773311
862276772.6277886629 1045249.9120355789
825762553.9760261774 482349.5084649045
842285011.5234915018 812947.4934297582
862228098.2522000074 1044676.0659311898
906106380.2548631430 1390330.4652733803
861863102.2539023161 1041347.5347403307
847710573.1478778124 883890.8614356800
905720862.0215598345 1385865.5842919350
847474698.6383982897 880732.2697654130
861194464.3759378195 1031286.0015123812
861421630.9326206446 1034385.5764635531
861341284.5492383242 1031847.0564651606
861178346.4357036352 1028757.5044113290
860690840.8294354677 1025616.9418594134
825730463.9793063402 469233.4793291764
825598310.5782680511 460414.1390757040
859885817.2450906038 1016311.9892270025
825610492.9435757399 465017.4075064586
907997150.2658900023 1401147.4219865571
907937122.7423713207 1400978.8183488618
859696785.7174687386 1013578.0423907815
859495290.7106258869 1011598.9154519616
924961619.3052451611 1479759.2243652344
924623078.6174142361 1479579.0419921875
924345136.9347183704 1478043.8841552734
907158608.0162304640 1395449.3964768695
907652909.7976614237 1398363.3018693696
958212055.9976607561 1549809.4482421875
957858833.7405661345 1548499.2624511719
907870558.5050040483 1399875.8089524554
824198405.7177666426 374206.6767140925
824279406.9859874249 390117.4627914354
824253629.9965376854 383410.8544126227
924422457.7224092484 1478268.6302490234
825375435.4435408115 439418.1553081386
825348986.8784031868 435475.3246913888
841880699.0278834105 803165.7818873657
824224852.7921311855 382919.3676619306
825269561.0672783852 435058.9546183757
825270796.8997411728 435336.1655623056
841436788.8863854408 792200.1689117088
824076463.5790175200 371765.1251162291
825153228.5253500938 427617.4401931725
923906063.5521245003 1475724.4909057617
841513550.7102230787 796209.5113103597
841475621.0561330318 795057.4263579978
841696688.2062687874 800319.4968755452
841576622.2402015924 797400.3260162009
858133769.6586964130 994573.7440560833
858501038.4248712063 998850.2783847824
824234104.4586073160 383015.4126045816
825092211.3877205849 418675.3422264867
840341221.1710190773 773372.4571993202
839971363.8612281084 768965.1610824913
839913641.0171495676 766798.1207907939
824982937.1871275902 413923.6993858851
825051349.2932157516 418541.4231128730
907017182.0346403122 1393869.3093320178
923782476.2018685341 1475034.8806152344
839749554.0574375391 763374.2881885022
824231286.7196475267 382944.8567818776
923843236.7152549028 1475299.7667236328
858388979.1512546539 996711.6832078472
857957959.7303340435 991714.1741136089
838727611.6467649937 747289.9295446947
838718084.4315863848 746721.3612128352
838457480.8364222050 743345.7232638672
902334523.8945357800 1362669.1540217996
902170520.4975049496 1360694.3036800027
903036240.6021070480 1366969.4819527268
902560308.0487673283 1363597.0430598855
902297890.9416379929 1361684.6531673074
854734447.5662193298 949598.2792255483
923608830.1985790730 1473564.3908081055
923479274.8607140779 1472804.8052978516
854126997.4743318558 940674.2863214812
854276030.7725739479 942577.4392454228
923231119.7585361004 1470489.7439575195
854305744.4394521713 943192.3427755437
837348227.2937551737 718120.2425452089
923729094.8774011135 1474214.5241699219
837307917.9010626078 714861.4301383635
837237786.9475848675 714634.9892918607
837224224.3376419544 714477.8087601587
902813356.6722846031 1363874.0381738842
902675706.4996933937 1363660.2763330638
853617172.2968719006 933241.4091732204
853420951.8827769756 931604.2187740505
902204198.5748603344 1361207.1117670238
853040344.0987602472 925183.9784489863
900182111.2910268307 1347483.4371647239
900448651.4481999874 1348556.4785249904
853332526.8625682592 928560.1203387075
853245754.0680612326 928311.8785344355
899830186.9571716785 1344544.9398152307
851040214.2982172966 897119.0675468757
850776918.0242867470 895039.5424508317
833321188.6952649355 625355.0591912949
833765563.3789089918 640265.1255497793
833486287.8804517984 632267.9405042678
833465615.2763552666 632014.7882623895
833549454.3581591845 633511.7483751476
833468219.3838517666 632155.1760430634
833421376.4385894537 628855.5725274384
833452079.0144573450 628986.9051665515
898338669.1144245863 1330068.5469900481
898481902.5458477736 1331087.2557302825
898426464.9857734442 1330257.8165212981
898559489.2115277052 1331145.4702383392
898670595.3564184904 1332181.9579092376
927294096.9586678743 1483457.4136962891
895445217.2410082817 1305832.3830389951
926657855.1095377207 1482497.0069580078
885405302.2670164108 1214633.7258870029
926685150.6580091715 1482712.7886962891
926538245.0244810581 1481996.6920166016
884401931.0956846476 1208238.3099805652
884744479.5984201431 1211443.1167280017
884273319.9695905447 1206213.8519727527
884183994.4168817997 1204686.9438154041
950982434.3773312569 1527531.4638671875
951312906.9817315340 1528675.6767578125
951543002.9959332943 1529844.3720703125
832834338.1431232691 577226.7231109731
832875912.1873914003 578341.7178619497
832868440.4836081266 577937.6738315516
832360656.2145451307 558015.9926157594
832408171.4003793001 559082.9791346192
953323161.1642042398 1531127.6091308594
887845077.5670536757 1224959.4314724719
953586415.5245840549 1531264.7180175781
955797699.9289269447 1533107.7077636719
887038176.0879350901 1217511.5418787515
887315900.6379705667 1219183.6099837339
887122057.9066931009 1218247.8313735044
887430870.4277433157 1220727.6346419370
954061056.4366092682 1531539.0114746094
955482432.5328829288 1532973.4287109375
955070512.5917803049 1532184.2958984375
955134561.5015089512 1532473.5683593750
957802434.9195996523 1533424.1503906250
883608312.8472640514 1182005.9261825522
883587728.7622368336 1181021.2854407951
883545352.6054141521 1180560.8366744956
883415292.6925507784 1179255.1686688098
882633389.9650114775 1170083.0000931653
882233406.3409970999 1163421.1810213360
879326838.8905420303 1130523.5443757996
881312039.8311585188 1149276.8884130076
881437621.7938579321 1149643.0980563329
881502762.9172745943 1150847.3698458837
880074657.7404792309 1137325.2949013875
877030944.2051569223 1097471.4117691573
877167721.8549519777 1104421.1648490601
877321644.3279706240 1105965.1013171845
878077632.4837080240 1112791.4495019321
877978356.6004203558 1111999.4670437579
877889209.4128800631 1111080.9218243961
877594357.5109573603 1107817.3521564179
876287725.7485707998 1081543.7770239769
875821514.9876259565 1077054.5014769493
