180340956.7747219205 46025.7726649869
191558890.0073410869 85647.9149322510
191811130.7176918685 85653.2838439941
191522943.4733286500 85236.4016113281
191556586.7359102964 85609.5292968750
193625816.9367417097 89850.3900146484
193435485.3506579697 89103.5809478760
193711162.2158847153 89944.9984130859
178520208.1040536165 35291.5707716327
183140485.3195744157 59044.0460218584
183413501.2755092978 60106.7374793403
189341017.5910845995 79710.7164795031
189633482.3253166676 80522.5832817187
191279494.7832408249 85029.7236938477
191464839.9564873278 85149.4193267822
191231314.9017987847 85018.9023437500
193476785.1170291007 89646.7097778320
193120610.0392670333 88781.4708518982
195446661.1469504833 91963.8503417969
196011163.0534019172 92229.0475463867
196023181.9060454369 92243.8411865234
196044313.1399452090 92254.4578247070
191230686.6903164387 84743.4149971008
194755869.6061358154 91029.0564270020
194634340.0638265312 90912.7505111694
195599048.3011864424 92142.2685546875
195778288.7149028778 92213.9630126953
195704274.6170463264 92168.7578735352
190776736.5894326270 83712.8786849976
190662994.1564565897 83526.0863075256
190938197.5212550163 84326.8826332092
179129288.1307795048 38944.1799327661
183757137.0180988908 61491.3039802705
194836857.9383381903 91278.2495117188
194969269.7017034590 91702.8792114258
196401184.7640966475 92307.2301025391
198921182.9911682904 92701.5507202148
179018053.3073399663 38900.2705136817
193844202.8799293935 90072.6223144531
196651850.1103194654 92369.8125000000
183405672.6495669186 59904.3353367840
189835123.8717237711 81236.8978530993
189346052.5506509244 79866.9099618546
195295132.8572984934 91940.6373901367
178757213.5136249065 37106.4139249306
183411497.1389944553 60058.7821714001
184706981.5987028778 64141.6336563026
199177177.9280486107 92743.7822265625
193176699.8699291050 88939.7241973877
196462201.2436254621 92331.1375732422
198838526.3704795837 92647.2797851562
178505598.0204753876 34657.1892713886
178537191.4948375821 35303.0688282829
179795377.0285062194 43429.5546666034
195642440.7211395502 92159.5023803711
179744055.1291407943 43257.9384765103
194809050.1487348676 91196.3064880371
179470524.6892169714 41752.8879924775
179686315.3983163834 42602.5147252465
179753345.7752510309 43403.8990300545
183456444.3070945442 60146.1278399937
178103232.5798669457 27642.8555012115
193135493.2116819322 88920.7736816406
193208411.5873377025 88972.0000762939
178826268.2115661502 37273.6648265649
178736284.1429163218 37076.4113828223
179444227.3107638955 41652.1464179256
195111262.6403176785 91703.7661743164
194830918.6428825557 91226.5385589600
178491211.7271475792 34567.4817740750
189530641.9292764366 80492.9512207140
189767545.2249974012 81164.1359283556
196880934.4085881412 92402.3547973633
179559771.2240290642 42491.9694646248
179398397.5430842638 41578.7311473847
180424277.5205629468 46816.4236942868
184529381.9398319423 63954.3939106847
184048183.9954293668 62363.5233662511
190570780.9005838633 83197.0922255516
193755745.4353733361 89957.0507812500
178453180.6680486798 34532.9852308612
178854013.0909243822 37353.9594480079
179246245.6565948129 39954.2884259732
179453347.3476669192 41652.8847539225
190882427.5753744841 84103.4295082092
183353426.8600720763 59903.1573706977
189887299.0946364105 81396.1030990710
189327996.0543821454 79706.9143249621
193212338.9660549462 88980.4973373413
192716174.8776550889 87835.0568084717
178363377.5801873803 33467.7116407733
178775935.6513090730 37229.7554074805
182887968.5505719781 58026.2730280272
180544870.4678837061 47434.1617008786
192963930.5439629555 88521.8790893555
192780799.3103538454 88011.8809814453
198884747.0535970032 92690.3794555664
195352370.7905435860 91948.7629394531
184756064.5208033025 64149.6969142939
192873596.6857349873 88457.9365844727
198593252.3582700789 92603.8287353516
178112510.0182842016 28933.8075544967
190389046.9217548370 82705.9438018799
180359719.5318536758 46687.9098567594
179385842.1604045630 40899.4658167870
182909220.9413757324 58091.4913477413
193232913.2943964005 89061.1853637695
196549930.2569570839 92360.5570068359
182823743.9205069244 57470.6180292479
193097823.2858516574 88618.6745529175
198652657.7271718383 92626.0740966797
179345289.2494082749 40888.5094262310
184789891.1477528214 64190.9842265035
178072985.0264702439 27637.3021742918
179325969.3244724274 40828.3305133171
183417025.2175551057 60107.9981562011
190531281.2965472043 82811.2676448822
184133589.9141235650 62469.8332695747
178141864.4638152122 29189.2321997697
178450898.6739647388 34391.1392628532
178908526.3368753791 38081.6328865867
189185210.6122526526 78796.0841827989
190797924.9006031156 83738.0856838226
197022733.6572858393 92410.0321044922
189193554.1784360409 78899.9431305528
189176504.8698465824 78683.0013580918
196408747.8350605369 92316.8331909180
189179587.5037989616 78713.3386536241
190088942.4918808341 81879.6565139294
182977763.5560390353 58401.3834513818
182948162.8420621157 58332.0645624511
193873726.8390833437 90093.3710327148
189000497.3655397296 78587.9020786881
193157500.1614710689 88932.8140869141
178341527.6499829292 32720.6241566520
190117361.6756430864 81922.7647533417
190563927.9426982105 83073.8153925538
183154421.1948908567 59196.0685907714
190840682.0750827491 83818.2407131195
184026880.9075675905 62193.6891274239
189722600.6910272241 80989.6955997050
196274345.0777276158 92298.3812255859
178709114.8536947966 36393.5398814064
189216237.0889285505 79441.5868988633
196791991.0549241304 92372.4025268555
180493821.5469142795 47009.9955631833
179513811.0422917604 41841.8406112269
178708927.8858558536 36372.5174037199
180562256.1479550004 47603.0025913008
183246130.0187963247 59372.4827335792
179612779.4908708930 42549.3177348211
180921951.3216325641 48798.3875451261
180987855.5027743578 49429.5013824776
190240106.4534500539 82063.0244274139
183137505.0188519955 58908.7689157836
183294855.1112486720 59724.8247858397
190592924.0014232695 83299.8426113129
180931948.6901379824 49022.4768551927
190300048.2962394357 82593.7683773041
178767404.6941561699 37126.9279591423
178725720.1907739043 36446.9070698600
184212272.8444433510 62869.9328355576
190247226.5575348437 82405.6549339294
181167418.7727097869 49447.4515078965
179433489.3821721673 41582.3604450659
184424635.9137223065 63587.1150435348
194254801.2685396373 90209.2189331055
180987572.1409121752 49306.8191266343
180767750.3345757127 48509.8663059179
179285166.2591291070 40697.7892115624
180602086.7243005037 47638.1479060836
178649182.7377596498 36214.9983937126
179276352.2966074944 40517.3365433724
180783362.5109481812 48537.4246241677
197116352.8942557275 92426.8847656250
178618221.6513083577 35534.9775044303
178317637.8304136992 32609.0651852788
190414583.5186907649 82757.8583679199
178390819.7903451324 33661.0715279263
184154651.6804171503 62621.4528984810
178188381.4130963683 30007.2476009113
180644392.0186225176 47732.0180091858
178244902.3361331820 31697.1356198491
179225370.2427672744 39791.5850785286
189703227.7255186141 80869.4931488037
184114709.8180584013 62426.0253472115
179898720.1892642677 43979.7101042829
180210796.5455091000 45802.8510130387
180132338.6644054949 45168.4687458239
189437891.4184097648 80095.0437968075
180060587.0334475338 44357.6527302824
183507524.9894795418 60394.3665032173
196800153.5799464881 92373.8867187500
179283831.3030983210 40517.5982038886
189674428.6986532211 80824.3604670167
179194074.2672433257 39715.5989029915
189728617.2031575739 81006.7415094972
178189420.3111109734 30044.4078371060
179131473.8909804821 38971.0254776985
193062379.5228865445 88542.1829528809
189955812.7883798480 81570.2536973953
183826637.4718653560 61498.1368954723
192523141.2628073394 87421.6894454956
179013572.5681524277 38693.4774125130
178414490.8977454901 33665.3877980094
179693007.7516448200 42903.0821305476
190148512.5544153750 81996.8683071136
183987549.9088428020 62090.0663476735
182559747.4029443264 56251.3434230089
192420313.2365952730 87162.6859359741
182524080.5541529655 56130.6806991317
192493633.6135174036 87302.4662246704
178300079.0849252939 32567.2801319938
183873672.7883182168 61671.9476686512
183942414.5926095247 61791.9201417958
183933227.6366896033 61758.2171665580
192294221.0462444723 86864.6028156281
192361509.1412597597 87089.2514266968
198761472.3647623956 92647.1347656250
178204267.1313799620 30765.8331416828
192310585.3799077570 86957.6204376221
192392001.6550851166 87146.0950851440
178221849.1771764755 30937.7467515414
182568371.2846187651 56255.8552476168
194556677.1459855437 90627.0823364258
178260102.3904219866 31705.8946722691
178260919.3838177919 31711.2159375903
178213902.5954018831 30837.7367469427
182608311.0465656817 56502.9051448107
194315509.5474063754 90294.8742370605
182689036.6193803549 56720.4114772081
182723972.4518755078 57163.2729884386
180107166.2412680089 44977.0535549372
180104530.1247700751 44959.1834564395
180094227.8815468848 44898.8294425122
194470641.5111921728 90558.8952026367
194456916.1281197369 90553.8338012695
194487539.4761671424 90626.2190551758
182754748.1996402144 57193.5050593615
179918262.3709668815 44007.0684362091
180085533.8699389994 44897.3651021086
184853723.3517310917 64419.3759196401
180030418.1208803356 44292.6800694899
184825977.5852985084 64264.1594703794
184978687.8310495615 64637.5128783390
198489886.1784629822 92539.7265625000
185189986.4277725518 64638.1434989572
184921369.2521797717 64590.0787477195
192022114.7032501101 85744.8243255615
192161306.3021463156 86302.0669403076
198109863.5244570673 92451.5940551758
198368840.1123754084 92455.9378662109
198422944.9904537201 92499.3124389648
182519271.0340073109 55337.5853102915
182327687.3628137410 54307.7215659022
182405061.1641575396 54782.7855101824
182329214.9876250923 54430.3522511721
182371508.6492266953 54464.5773093646
182135626.8100244105 53382.3074150031
182038834.2129054964 52571.4877909963
181552569.9510630667 50534.8396017551
181541638.9923954904 50268.9337418079
181759659.0519370139 51624.2900885289
181495323.8656317890 50257.2915365696
181668592.0734504461 51091.3021523356
182115698.6063023806 52719.8078076451
182091310.2811383307 52590.4994214785
181878601.2564934194 51713.9459803700
181663820.2449700534 50845.6247656345
181416596.4377372563 49854.8187124729
188693292.3909418583 72655.0653395057
188782534.1787413657 73651.2923159003
188938586.1526679099 74333.9354547858
188896810.9833872616 73670.8031305671
188958433.0173780322 74389.9346155524
188727440.7432660460 73646.0185846686
188934113.0501253307 74276.6342386603
188230377.4149223268 70790.5082736090
188218245.9150934219 70565.1726794317
187803338.8044911623 69332.4468315914
187993301.3431491256 69955.5027737692
188124556.4688097239 70060.5793337896
187708763.7172640264 68631.2029561177
187925089.0470522046 69829.8139758185
187670435.3175944090 68109.8996443823
187734058.2115975916 68922.3259897307
188653832.2353996038 71298.3753528669
188532782.4735454321 71130.7975788191
188401971.5588063002 70993.7089696225
188174213.2287372649 70433.9424457625
187684136.4356615543 68225.4162312672
187872087.5153361261 69527.9982519224
187652997.8759922385 67040.4477183399
187461702.9482721984 66303.9440028248
187440327.2781011164 65902.8087489186
187575549.4257562757 66541.9052760182
187170414.9231007695 64769.5776221333
187327291.0739173889 65669.9561570538
187343711.3127072752 65706.0525652943
187182232.0783264637 65090.3010875759
