360958487.6485821605 2049084.6650390625
413354001.0925106406 2190114.7026367188
412793481.1893644333 2185191.2666015625
286905698.0731490254 1258469.4919239134
261368487.0862349868 516927.4790820392
261036525.1578280032 504651.1160052816
393387414.5636494756 2154885.7314453125
288756426.6831745505 1294219.3565052520
310271237.7679411173 1627347.4899291992
375503196.2126984000 2108733.9858398438
287902621.7063753009 1280812.2124769012
272446555.4452101588 956312.9266961822
272638780.6276336312 958163.1187399188
272231938.2438015938 950374.1434438266
289365735.4969260097 1297354.2513111602
288918262.3703916669 1297067.5742786895
357505883.7332584858 2037270.7651367188
394083362.3055307269 2155777.2109375000
377879536.3542358875 2115849.0473632812
393815292.1615483165 2155751.5546875000
265927182.3393938541 750637.1987395508
288704811.4218586683 1292191.4689036240
288581438.7750850320 1288840.0399335395
288275459.1946904659 1286605.6823304077
301467478.0900182724 1503754.1616821289
378003935.3165658712 2116207.5102539062
378041679.6531417966 2116913.3369140625
287680650.2315098643 1277321.3418568145
261025283.6936149299 502117.6577890316
272602135.2166712880 957870.2935347864
287409529.6845030785 1268704.0584938894
289136873.6749078631 1297162.8467109799
288395168.7768968940 1288705.2623790274
288068072.4105243683 1284839.6943958770
301834011.2025488019 1513612.8953247070
309476716.8560651541 1616870.7926635742
309783882.5020659566 1623489.0790405273
311011758.3482162952 1635879.6199340820
375664729.0856723189 2109951.0087890625
416738808.3489287496 2193449.6284179688
287896718.8467284441 1280060.8552539498
261454510.8588064015 522452.3867718283
268628737.9527521729 840742.9994929766
268025282.4746882021 827073.0141414141
287331023.4597193599 1268667.8204419981
302808503.0044687390 1526250.5930175781
265983283.0946566761 751785.7434885777
271922679.3521822691 939589.2809087406
287045406.8677858114 1263219.0062060724
287096672.7732794881 1264525.5068581472
355003158.6690660715 2026669.2158203125
314054783.9766303301 1674258.6190185547
416022825.4581906796 2193027.0131835938
287615157.7642455697 1273610.9754350553
286348419.7272865772 1243707.2531466852
302982781.6405541897 1526887.1876220703
313658304.0108426213 1671333.4727783203
358286927.3061726093 2040137.5263671875
271669817.6064302325 929975.5231220140
354275667.6692134142 2022252.5981445312
265730451.1294392645 745516.5097503883
358662153.7939376235 2042357.8930664062
391855209.6171417236 2151008.6083984375
415372110.3610503674 2192469.2583007812
261497248.2951208949 528308.6382657463
264367996.2696348429 684073.5562102831
266025837.3181616068 755283.2060523254
395116127.3143292069 2156298.5693359375
415220667.6896557808 2192134.4272460938
260873911.8271981478 481799.8356611081
269354973.3634021878 854303.2831093342
311845715.8727107048 1645491.0504760742
317020735.1604744792 1702417.2181396484
358133570.2709888816 2039200.1337890625
261271648.6924717128 516078.8337558011
359903775.8387437463 2048555.5551757812
358877253.4036675692 2044386.6323242188
358379033.8425149918 2040886.2587890625
302172253.4727904797 1520592.4195556641
343965084.5318369269 1956905.7517089844
344277881.4077324271 1958842.1833496094
394674721.6663565040 2156277.6845703125
265571166.0952657461 736149.0019507629
357654721.4882484078 2037293.4487304688
265630206.0174266696 743055.3261695129
335227641.8861434460 1886339.0983886719
376366247.8815716505 2111765.2446289062
286511155.3882960677 1249673.0810327712
300815338.6251086593 1498387.4434814453
268752711.3327624202 846497.3569912991
299229596.3091257811 1477400.2917480469
300124426.9672136903 1488014.6024169922
315578881.7447279692 1692780.9783935547
315404993.6893405914 1691005.6685791016
335045806.6995339394 1883163.4155273438
375811183.5783634186 2110818.9204101562
430971645.8500593305 2199162.1411132812
336037169.8717153072 1893343.2253417969
357735825.2763995528 2039083.2714843750
356154852.3706200719 2031472.8916015625
422195351.8803803921 2195832.1801757812
344645644.8435907364 1961014.8464355469
300695680.0747520924 1497919.6434326172
420894853.8737196922 2195070.1938476562
273652819.4262500405 978602.1615493610
313039867.3822201490 1661995.1411132812
337251901.7231891155 1904679.6315917969
420705328.4147500396 2194860.2573242188
356841539.8457347155 2035043.3476562500
299746599.0632876158 1484990.7941894531
300542867.3729551435 1496977.2077636719
377856765.2387129664 2115262.7905273438
357678008.9376948476 2037541.4843750000
356775443.3067656755 2034395.1103515625
273428482.8085252047 971121.6818256243
300366800.1749900579 1494730.4902343750
301514461.0063695908 1510538.3273925781
357678161.3546444178 2037702.6577148438
264248977.1398835778 682071.3934385515
313838063.2351986170 1672588.4176025391
334792689.8663624525 1876801.5852050781
357285312.8300386071 2035755.8383789062
391925737.4946159124 2152100.5625000000
392495138.6031900644 2153504.9912109375
390952343.4360172153 2148157.3701171875
313257354.6967931986 1665527.3238525391
265402481.7073217928 730942.0220466440
313347043.3917993307 1666148.7290039062
269214708.1657401919 853364.9597914305
303661407.9392566681 1539621.7841796875
268547020.5810632706 840585.3275374335
267230874.9099540114 797767.4550177865
373997224.6943256259 2103869.8300781250
390144932.2179580927 2145735.1923828125
264196680.6032735407 679971.0159434085
335071297.5073543191 1884448.8217773438
313423746.8103651404 1666302.7606201172
313790245.5332521200 1672071.2716064453
317323801.8886473179 1707216.9309082031
317764019.3360596895 1710396.8000488281
334839343.5998554230 1881608.4252929688
263963892.3543363810 670846.8970548845
265602498.6363355219 737729.1315018458
304343834.5131984353 1548873.7841796875
430029706.6511843204 2198187.4536132812
304605170.4676448703 1551895.3874511719
304194244.4788768888 1545630.5217285156
263616164.0323998332 644047.3331975942
303878408.5319184065 1542563.8205566406
342787020.0981475711 1948841.4760742188
372787345.6491918564 2094498.0810546875
311554345.6260110736 1643737.1450805664
264593509.1343834698 698354.8872535971
420487569.4413120747 2194351.4174804688
267666643.9510108829 811084.6817050104
266643494.4028185904 772271.0880590579
341789462.5189352632 1939356.4582519531
428303337.8718020320 2197405.7778320312
271593612.0515260100 917718.6263443979
351608851.2141914964 2002771.2729492188
419534349.4904923439 2193972.4848632812
348482472.7994499207 1980896.1147460938
266831649.0128842890 783353.3135211144
274731822.3793887496 992746.6997126068
266594141.1834549308 770989.8427693751
266613422.7076373398 771508.0495778008
303101618.2345080376 1529923.1101074219
340057383.3952342868 1927362.4020996094
263711345.7721284926 655041.4785996067
372827415.5838283300 2096211.6474609375
419481016.2891593575 2193915.6079101562
266364952.6555012763 760505.0086951461
390583882.1839008927 2146432.5068359375
340182373.2273464799 1928811.6643066406
352298550.1641252041 2006233.6655273438
266451776.1639636159 768803.1561560836
352319249.8658108711 2006897.2719726562
262320733.1910718977 566911.1917105141
371835764.4830244780 2091572.2148437500
266089987.4381808043 755995.1852126773
371488067.9685189724 2089559.5493164062
339682674.4677467346 1923725.2575683594
351573670.3574683070 2002579.5532226562
339968826.1522662640 1926085.4240722656
318490949.7676817179 1716096.4051513672
339874566.7745751143 1925900.5881347656
351079524.9134668708 1998968.6625976562
427727313.2079339623 2196988.2143554688
271275514.8362861276 906195.7567384478
372011793.7467500567 2092893.2666015625
389032953.3929899335 2143249.4248046875
389124134.1993848085 2143452.3378906250
350743830.6859187484 1997684.1284179688
263712707.3568286002 656295.2325058567
340962041.3033136129 1933878.7133789062
263424253.4298737049 632741.9025844416
274772640.2430877686 992930.4108070603
340744613.3032523990 1932391.2700195312
389846117.8802999854 2145159.5458984375
262560407.4813048244 580166.8211706217
370831540.4179114103 2085753.1630859375
262514923.6009765565 578134.7423725809
262409987.8199611604 569596.5647669520
350376819.2784052491 1994563.1274414062
303479165.9571568966 1536010.5017089844
318801192.1357519627 1719974.6624755859
419348604.7831817865 2193760.3461914062
275151414.7827695012 1002246.3682080584
349884785.3231483102 1990996.5336914062
318781984.2608923316 1717239.0895996094
263025420.0478802621 588772.5777027599
349770186.0001412630 1989903.8916015625
349499956.2726197839 1988738.7177734375
263502482.8337247670 635061.9190121879
262388719.1441568136 568253.5571850750
429247350.7797898054 2197971.8481445312
263386884.3489181101 630809.4357021071
271195239.4486888051 898664.9676714402
347051912.2080034614 1971107.2734375000
318657504.9956352711 1717017.4102783203
388072445.9476270080 2139359.7939453125
370909043.9642089009 2087847.5151367188
387572540.1276257634 2137362.5200195312
371197541.9430781603 2089320.3295898438
263227712.3524300158 618928.4858119704
348024853.2444518805 1975733.8715820312
388081505.5311679244 2139672.5786132812
263046815.6613628864 604125.4368615693
427634143.8430258632 2196527.8452148438
347405387.0340914726 1973494.1821289062
389524806.3450940847 2144115.9375000000
348809756.1458290815 1984122.4116210938
262807744.0223932564 583847.4965768403
349265933.3600909114 1987608.5708007812
348162640.3226257563 1979881.3808593750
383148327.0665963292 2123987.0317382812
271476613.5791944265 911734.2787053224
319915354.5369390845 1726877.8145751953
319341902.5321689248 1721084.1254882812
319404499.8376974463 1721879.8044433594
305318363.7574027181 1557658.5889282227
304889111.0198552608 1554550.7294921875
369708125.1491279602 2081378.5410156250
426899176.4741665721 2195839.3159179688
277771309.9904323220 1051144.9671751410
381166609.4606703520 2119828.4794921875
278800579.7865347862 1064619.2697950751
319744891.4395529032 1724574.2766113281
270884754.9560859799 881036.2164704676
277825977.0914668441 1051169.5246626288
271046661.3870176673 889153.6711823817
270717740.3572045565 877832.7238246526
270334945.9227200150 867578.7325985334
277289064.2169201970 1032628.0935353357
382493840.7083763480 2123340.3144531250
277702059.2768554688 1046974.2479847986
330830679.7372806072 1821476.2048339844
367596481.1397274137 2067801.8325195312
331092927.7821934819 1826175.9577636719
386326702.6287484765 2130346.8598632812
411000053.9597241879 2171065.8354492188
386033368.2382711768 2128942.5688476562
285991904.7175403237 1212345.3892382225
276583232.3368730545 1013540.9344218005
306415226.5454691648 1568733.4631347656
306903553.9957833290 1573974.0800781250
306593777.0680528283 1571685.4853515625
306541242.1003943682 1569366.5197753906
276802814.5120698810 1016601.9174893014
325536922.2425578237 1774101.9448242188
326855045.6527514458 1784672.9373779297
326875318.0344274640 1787011.1072998047
326566115.5990329981 1782981.9217529297
325335768.3550730348 1771150.6102294922
411656861.5286256075 2173414.9477539062
326271612.5684163570 1781740.8089599609
410618960.9185649753 2165214.0712890625
411043494.3602492213 2172077.0932617188
322419059.9341260195 1743968.4355468750
325158382.2831611037 1766865.9566040039
411831265.9588950872 2173706.2534179688
385618690.4408329725 2126569.9692382812
284563832.1063855886 1179303.7526381956
284255923.6225539446 1172669.4318158003
284099880.2070056200 1169725.3956430368
284699442.4230030179 1183507.3749526488
284369078.2442680001 1175331.6167303429
322300390.6921540499 1741093.3978271484
324303980.3861822486 1759775.3957519531
283416526.4773316979 1156149.6517055444
283600772.0578355789 1159384.6615932398
282902231.4858416319 1117161.3793457814
282231588.0584596395 1102983.7216444530
282208477.0406290889 1101380.4828215160
281795758.9992195964 1091579.2001066722
281874314.2835392356 1092842.3499260463
281113973.9022018313 1068741.4836803172
281510493.7130687237 1077664.9817271922
281347084.0667233467 1071128.2089210246
366879019.9424493909 2051941.2016601562
