533667225.7347334623 977958.5456542969
534065270.7591358423 979794.0378417969
533852279.9578773975 979236.9665527344
533900739.0030739307 979474.5920410156
533905906.3126889467 979597.0458984375
510413086.1058971882 626896.2851334829
500735396.1388602257 300432.2461730517
500985965.1656133533 310630.7708375087
500924628.6570943594 308984.2818417326
500892977.7864651680 305615.0668311497
502931406.0609608293 397784.9158811131
510461833.6715364456 630419.7269669790
510573833.9371484518 632544.7978131194
511933515.4063710570 658347.4005087037
531882657.9339175224 967087.4838867188
533355057.1722724438 977170.8437500000
534372845.7195150852 980888.4233398438
553861013.7758952379 1003039.7683105469
553913678.4576909542 1003193.5949707031
500808269.0893548131 304861.9710460833
500731443.4246709943 300422.5383581198
500727357.9917538166 300320.3538793601
503175280.4850022793 398886.1230302462
510458561.8098772168 629778.7323975731
531956174.5928171873 968516.6411132812
531763328.3140960932 966768.1547851562
541626683.1833413839 996318.5917968750
500369382.0905349851 270060.5807156687
500328150.8973330855 266033.0604637883
502982892.7642764449 398619.2387303421
511877783.4947513342 657675.8390689511
526705287.1103888750 905974.5867919922
533177728.6651530266 976833.3986816406
532956471.3574913740 975163.5729980469
534506636.9924072027 980964.2622070312
538012232.4502333403 989714.5651855469
510329329.6297106147 626715.1151224393
531905749.3885846138 968395.0268554688
541206826.9547261000 995969.6254882812
510554286.8741591573 631365.7025705595
532399231.0402579308 971247.0529785156
534714968.5958951712 981549.1093750000
540643454.9179853201 995095.4868164062
526795703.0656001568 907638.3909912109
509954538.2084766626 612954.3676859010
510466567.3524876833 630477.2140451688
511792918.0809090734 655249.1291080136
526828196.2917074561 908230.1583251953
532085921.2226563692 969039.6694335938
541381533.7072349787 996121.5246582031
541009802.5387260914 995690.1098632812
502832154.6431282163 395734.3442216525
510138375.0809673071 620600.4992014039
510676693.7908855081 633838.1972923297
511869750.9422925115 657458.9890933651
531357942.8725359440 961815.8519592285
531854937.6465215683 967030.7888183594
502882614.5231078863 396419.2285071919
502795706.4749451280 394484.7882524142
510629648.8397237062 633071.6334787626
510631051.0129135847 633836.8575998563
531728064.3131861687 965791.4835205078
531567464.8835500479 964711.9786376953
532217255.6403994560 970246.9091796875
538350723.7727370262 991256.4245605469
538258798.7794101238 990374.4201660156
540719673.2815539837 995381.3767089844
541278442.5370157957 996027.2824707031
541111872.9326220751 995716.1579589844
541097225.0675817728 995713.7575683594
512045915.0612840056 658367.6768574286
511467310.4244688749 649983.4100413695
511654741.8290067911 654228.3695865292
500474424.0524885058 272762.4543414240
500323730.8906385303 265518.0108107351
504006473.5118089914 430871.3978340727
510064343.0764201880 616584.5543008912
510003985.8917881250 616022.7082315553
510189072.0733282566 621722.5999857057
511294886.5502693653 646491.2396922484
511559191.5427159071 650867.1716380492
532161129.7042566538 969740.9335937500
510088052.8744843006 620328.8789163698
534251330.0521690845 980300.3461914062
534369064.1145716906 980719.1323242188
540289325.1199276447 994745.7932128906
539932171.3255048990 993929.0886230469
502524431.3608641624 380778.8915768759
510189201.3365289569 621832.2224069703
526874982.2945445180 908353.4843139648
534154096.2815148830 980185.8078613281
552408611.2950483561 1002412.7072753906
552591793.2925750017 1002743.8134765625
504054451.5940153599 431517.0735833746
511210928.8764290214 644315.4483286161
500671725.7062926888 292974.0434727824
510236033.2290799618 623793.3094736207
511153775.2519127131 642902.3305917997
540177470.2541947365 994682.5788574219
553749399.6070541143 1003001.9096679688
511121788.3502112031 641663.7143808622
532721347.6118309498 972645.5666503906
500508777.0641031861 273978.1338573457
534683427.0886598825 981019.9558105469
552637998.9103721380 1002749.9414062500
552674691.0385531187 1002826.2749023438
504318632.0062426329 435922.8612931658
504160544.0950404406 432231.5230233771
504251801.7794448137 434445.8100024861
500640227.6631328464 289663.3344776189
503967302.2506005764 430317.2186029059
504264255.2844467163 435228.2041563764
532429498.8905651569 971306.7802734375
530165810.3834239841 946535.6453247070
534858450.6435184479 981687.6362304688
500555633.1623604298 274869.3406578065
526928408.4646739364 909301.9979858398
532833182.2095969915 974022.3784179688
500631603.9698032141 285197.1412409401
510854104.2733523250 637221.0071359891
500599917.7456022501 281658.2706698422
502537019.8986088634 382139.1568743484
502469024.6605598330 376849.8048426406
526638789.1864059567 904255.6330566406
527920759.4267964959 919796.4658203125
530335072.0457056761 949046.9009399414
534330198.6183737516 980356.2651367188
530391772.9180356860 950286.0896606445
539562842.7464102507 993179.1000976562
552116918.9929755926 1002159.8471679688
530213204.9778279662 947262.9363403320
500566744.8070704341 277167.3336392884
539548746.9540659189 993061.7404785156
539522930.2071709633 993028.0354003906
539051926.6846674681 992348.7834472656
513433714.0273119807 679449.4464719255
530419530.3029301763 950401.4548950195
527180770.0592128634 912119.3579101562
539018809.4659014940 992079.0788574219
503665540.5488054752 418866.6894817129
539318366.5006469488 992505.0637207031
503720278.3335626125 419790.7056941763
526981250.1127363443 909762.5833740234
552175515.6208701134 1002320.7863769531
552083700.2876938581 1000754.7114257812
513693073.9556678534 683261.9494884675
527086176.1277659535 910923.8922119141
503526837.8503323197 414672.0153599456
552550511.5663018227 1002727.3176269531
552991886.2838112116 1002852.3413085938
536975703.1386739016 986505.0295410156
536670731.6511943340 986415.6945800781
503636544.3475077748 418793.9704112783
527324915.7979257703 914378.1248779297
527374683.9086394906 914516.3006591797
537695104.8076781034 988811.9965820312
537929454.3141452074 989470.9165039062
537917312.0805863142 989465.5578613281
545211405.4951183796 997925.4965820312
537373572.1921060085 987895.6855468750
545143838.3998997211 997630.6960449219
544751275.5759932995 997520.6948242188
544556657.6696053743 997276.1140136719
544444834.7007652521 996883.5402832031
536358393.7980348468 985185.5898437500
537665112.2108464241 987919.5068359375
530521830.9618901610 951120.2827758789
537681962.0231610537 988336.9978027344
502441359.0527935028 369520.0199128599
530717113.1542527080 952917.1743164062
530590059.2133569717 951739.1316528320
536595453.7293211818 985910.1560058594
544155138.7954055071 996733.1481933594
503780105.8697489500 423038.8836637065
544507093.7643747330 997011.4057617188
531074336.0968294144 955657.3789062500
530699216.5020780563 952177.0413208008
502420847.4740410447 369169.9792964668
503890563.7703694105 427000.1694735065
503941339.3571673632 427814.6887539402
503782801.7084136009 423101.0395728126
503552776.9985215664 414679.1714633480
530896439.8714793921 954029.9577636719
536193744.1131646037 983541.8044433594
530966326.4916384220 955160.9553222656
544540490.7579399347 997031.9479980469
535999099.3188497424 982632.0520019531
530974847.7743912339 955363.4606933594
535797944.1535249949 981744.7141113281
535965607.9171635509 982630.4248046875
531077344.9813100100 956483.9885253906
544112837.0086528063 996584.5212402344
509912143.2201764584 605498.4850165090
531071177.6541393995 955547.8850097656
528263779.1791273952 923507.3236083984
513235847.3907282352 675470.3189429175
528401358.5256623626 923934.9924316406
512905155.6794849038 667000.0099128321
512526973.3808553219 660146.3248546217
528515440.4349983335 924666.1850585938
513032284.9987770915 668867.1750208322
513032710.5213934779 669254.1111176107
528698833.6613522768 925908.3574218750
512880083.2794789076 666806.9961273763
512861971.9900102615 664541.4156749342
512929432.4540728331 667029.5043688882
503366302.0407157540 401199.4315356398
503377120.6886872053 401314.4026049757
528597912.5492596030 925304.7341308594
528801259.4001632333 926290.5450439453
502385745.9886859655 349512.9700495768
502006015.8331657648 315124.2843377357
529259246.2883765697 926422.9699707031
529377067.6708513498 926477.6774902344
502093786.5007241964 318783.2447388535
502099408.7515548468 319692.2838113075
502398439.4144816995 352700.5709406901
502057828.3022571206 318511.6751992470
502100766.0168246031 322064.0092472201
502136188.1972045898 327266.2185968524
502211522.3770779967 331109.5974735385
502117028.6052219868 325680.9014896518
502317809.7242385149 336689.9011752820
507915015.0172845125 524103.3438214413
508128898.2215809226 530138.6844338829
507947838.0953418612 526091.6173867638
509641385.1472412348 575016.5270880025
509763853.9191100597 576644.4017380041
509900619.9432939291 579965.2791531172
509878068.1368131638 579412.8538601485
507860108.2410992384 511223.3203666488
525283735.3490302563 841903.2248468399
526452485.9231663346 859180.9160537720
526524103.5973196030 860995.8526992798
526568187.4447296262 861419.7770156860
526344731.1400173903 858084.2429122925
525542627.5162822008 845333.1502475739
508846148.7138224840 539260.1819018068
509225610.9923516512 548362.5063685122
509144292.3594633937 547501.5934961977
526125115.5739378929 852183.1696090698
525965469.1417214870 849390.3791141510
509021222.4225523472 543240.9098604860
509117948.4815329313 546422.8992403689
508966157.4555906653 542523.9649141970
526058968.4256955981 851374.4090213776
525819287.7155918479 847874.7008914948
508932397.6517307162 541607.6912172976
509112161.4024398923 544659.8406313601
524700556.2918290496 825972.6774308980
523881108.8523265719 815515.9697091877
524794162.7590529323 829048.3102433980
524650534.0914885402 825920.9725358784
524488710.2092060447 824476.7012346089
524541835.7244672775 825401.4129655659
524298754.3052989841 819745.4897172749
524472995.2544256449 823371.9852922261
524425394.5450598001 822906.9776628315
522855986.4342608452 794517.5940659344
522952824.2502319217 797578.8163559735
522812529.9309832454 794059.4378262758
523074752.5709332824 798884.7990219891
522859385.4605334997 795387.0806485415
522909886.3681223392 796159.8922330141
522725484.4997655153 790380.4635115862
522680893.7942100167 787845.1122342348
521011281.3418560624 753403.3168299645
507034175.4390398264 437134.3064206946
520745606.4213836789 749393.4027979821
507137980.7985758185 439813.4768472286
507445634.9516733885 445186.4998690719
507318940.2523402572 444743.0637422176
507480994.7706635594 448893.2222879434
507479637.7285993695 448683.3655152889
507461882.7584810853 447256.1840425106
522342237.4268358946 771615.1856242418
522056585.0350569487 767335.5390892625
522269842.7262196541 771150.8648234606
521600554.8520322442 759043.4602462053
521996780.2532534003 764402.1945296526
521987341.9325174093 762637.7398520708
521838566.1129698753 760566.5463973284
521706648.9950863123 760211.4302169085
520599523.6073309779 733889.8097525835
520617927.5157727599 734011.7058097124
520574366.8953989744 733557.2745352983
520240121.9251745939 728340.4050589800
520149529.2332585454 726296.6138297319
520484815.4657686353 731824.9338370562
520397902.9891387224 729787.2860471010
520357504.0687470436 729473.6113272905
519837405.2442341447 708098.0711814165
519796052.1616937518 705268.5067740679
519837139.2139883637 705913.0711051226
519599664.7983781695 701139.6065512896
519521441.7010750175 700033.7314292192
519555851.4022571445 700689.4044028521
519470242.7625227571 697100.8672324419
519577368.1912413239 700690.1282798052
519000587.9494889379 687715.9589421153
