260026647.5046834350 108106.9294509888
260415963.2878782153 108467.0333938599
259879678.6947200298 107848.9085998535
260075047.8091534376 108241.2091140747
268432199.9073949754 112605.8077087402
268247517.3803582489 112576.6700134277
241886418.6140799820 52816.4027077380
242403288.6042470634 57080.1377443402
242230056.0686934888 56412.5458253949
242475060.6350820959 57461.0274878583
244883702.5462914705 74313.9116627425
244846005.4171952903 73953.2901333328
244877340.2095627487 74143.7513929829
245510952.1132745147 77393.4755395725
245607568.3362855911 77432.4918239904
246868099.3662233353 81261.3734960184
246977081.5252361894 81701.8334889039
246654123.8232374787 80757.3297185525
254991739.0490986407 100258.0111045074
257210981.0880824625 104131.9679676294
260228473.4075090885 108318.6441726685
259646524.3446123600 107316.0191268921
260831378.1027628779 108869.3706359863
261175386.2391930819 109181.9270629883
260998315.6817262173 109062.5284729004
261630887.8425056338 109295.9506225586
267287536.7403097451 112248.4873046875
268776276.8007057309 112817.0717163086
268439656.5981062651 112768.4128417969
244495562.4430855811 72626.3072668537
244602153.4334184825 73526.0530897602
254629132.8195570409 99655.8608054351
259742472.0437786579 107577.3693313599
260019465.9789988399 108074.7392654419
261330027.6235578060 109219.7506713867
261020205.0954936743 109092.4531860352
241860083.9194681942 52219.0482384387
242427494.1132435501 57414.8985287909
242274135.1960329115 56550.6024766705
245717488.3730404377 78008.6969792023
245715059.3751550317 77819.4213615805
246930769.6046047807 81456.6610092744
255041129.2634980381 100483.5953253936
255008336.5698972642 100345.1638817787
257515049.6430940926 104581.0456053019
260414692.7873065472 108339.0219192505
261448006.8335878253 109237.5380249023
261077972.2930697799 109118.2495727539
246526175.9592493773 80190.5136327371
247079596.2066422105 81877.2292237654
257265020.9321503341 104186.5483814478
260530506.7932547331 108468.9529113770
241785189.8388127089 51116.9796806994
242667100.8945227265 57822.6958996133
246816133.5148866177 81129.6517247781
246708135.2602157593 81045.8539037332
257761244.5743808448 104841.5892254114
260917504.9054687619 108957.6531372070
267650478.4564492106 112464.6778564453
267181645.0063868761 112194.0341796875
246623945.3999125957 80359.8211829290
254492449.4841452539 99251.0362357330
254583286.0033598840 99560.6695517730
255410617.4678994119 100747.0877015591
254716821.5348732769 99702.5418509673
268403575.6106508076 112593.2935180664
267834955.4631664753 112479.2785644531
242160187.3043687046 54786.4305446866
242527010.7121031880 57698.3135505423
254780282.1172730625 100041.7942771148
254436632.6074676812 99032.9297904205
254366311.4306299388 98816.1365813445
268035977.6212101877 112574.5786132812
242018001.3355112374 54087.8470361951
257149170.7852565944 103901.0651508570
260799118.4464314580 108771.3088073730
242020808.1630273759 54191.5678737882
242076679.9935522377 54249.5269678357
241853796.6436975896 51909.2042383376
241934827.2061573565 52944.8894013289
241935993.4761719406 53337.5974024060
267940947.4048798382 112537.6217651367
241802766.5483408868 51904.4731423083
241930237.8509897292 52839.9931177768
244745070.0955949724 73828.3072513565
246563724.4074653387 80223.4552373514
254466917.3709411919 99100.8596495818
257568018.3009466827 104753.0959396362
267370708.5886625946 112374.9628295898
241915438.2697730958 52827.3121480766
246651384.2255682945 80373.8035904989
246391622.9227343202 79512.5099961385
260681352.6230577230 108646.0613708496
242333910.4274650216 56749.1724101381
246115062.6135922074 78947.0058695129
246299986.9212191105 79387.9729181579
246150008.8950623274 79202.0205866150
256883497.6179555357 103633.1641651392
257408818.5073747337 104504.5944728851
267330503.4152720869 112293.4938659668
267026042.2394862175 112128.7293395996
268330209.4452161491 112592.4266967773
242210956.8614556193 55590.8420039491
242421393.0670072436 57295.9766364798
242411782.5630625486 57104.4276439027
245970521.2535061240 78496.9577790648
245839855.4481617808 78323.7259582332
256990746.3486600816 103633.7737308741
260781621.6647865176 108656.0600585938
264222777.8544496894 110711.7502441406
263732277.3327777684 110028.0540771484
263830533.2301869094 110271.4804382324
267505470.6093356013 112449.7858276367
244551910.2092476785 72682.9016024098
245986999.3833444118 78513.4297219566
245802195.5878256261 78084.4367977432
257265093.0352031291 104346.1376148462
244451283.7992229164 71663.2231508717
244561516.0154580772 73173.6592928395
246008556.4840796590 78713.2763239197
245817665.2577020526 78290.0910211853
245912797.0825309157 78342.0601548924
257624517.0868553221 104823.5062824488
266949493.1643278897 112034.8078613281
266703413.6178932488 111980.1381835938
245417155.5904002190 76648.9701871052
260580497.9904955626 108556.1669921875
242200586.0941481590 55497.7222572641
245457501.6155543327 77057.7002286091
245991337.9164307117 78532.2674922198
245915452.2366361022 78376.9480320266
264071093.9335480928 110562.3739624023
263987823.3135610521 110426.1017456055
264399228.3263182938 110813.0150756836
265143893.4589360952 110920.8768310547
242168219.1181505322 55466.4059001283
256815197.8176588118 103077.3783756495
257567602.7322081029 104609.1312519312
257091452.9839567244 103879.0877720118
263809998.7112881541 110092.4830017090
241777158.8262003362 47556.1695127133
246101028.0397554040 78713.5494478084
241781606.3976920545 48304.6139468971
242154531.8757608831 54702.0688613701
244983506.1000141799 74642.7392957187
257892653.8317376673 104981.4765735865
265878330.8291778862 111532.0626831055
266947164.8632256389 112000.4644165039
264390922.2417696714 110741.7317504883
242148581.5331442654 54486.5294216323
264088592.3365470469 110671.7633666992
245676274.0223296881 77744.7056547455
245438763.0955462456 76896.3206204548
259637342.3799923658 107004.5254745483
245046207.5984067023 75061.5516965440
258020741.0919292271 105195.6574611664
258308653.3329100311 105523.5184593201
259463997.5921158791 106824.7228240967
263891543.0615097582 110420.5023193359
263830159.5837932527 110114.1353454590
266424440.9039435685 111752.5947265625
258142310.7227086127 105240.5018268824
258235955.6873750389 105407.2017593384
257899235.6796633303 105102.1226764917
244780032.0433397591 73858.7133989385
255429762.6236308515 100778.6466190815
257872683.2780305743 104847.3064956665
259450915.1672310829 106577.1589050293
265231925.0713254213 110965.3919677734
265388326.9544880986 111083.4804077148
266412582.9910279810 111648.7481689453
266624348.1360042691 111827.4705200195
266568032.7401570082 111819.3436279297
259545262.8637126684 106888.5469665527
259585111.4002204537 106989.7113342285
245025490.6666342914 74727.0650788708
245029179.8014115393 74958.5561978868
255726486.5190582573 101118.4345219135
244918263.8528325856 74541.3953092149
255674386.1117633879 101094.5183179379
245264140.8549710810 75565.1827227524
245081007.1932074130 75163.3313052184
256100546.9949022830 101809.7457981110
255897270.0157299936 101495.0941846371
255879048.2103426158 101392.0828931332
255624438.9922575653 100816.9036176205
259122721.3572057486 106063.7379531860
245261221.5228706300 75532.2896301276
245167518.7582242787 75487.9831912047
245278294.5557429492 75932.3780338294
255895833.4600761235 101418.6268384457
258606494.9764620662 105625.0037002563
259381917.3738734722 106556.7846832275
259252497.9237352014 106332.3182754517
245282555.7499894798 76075.3406555182
256463649.8755425513 102205.1432416439
256651697.0027636588 102212.5913159847
265490531.7134116888 111356.9650878906
258968558.9260694981 105689.4271316528
259177452.6626642942 106132.6715545654
258998720.9680218697 106010.2771987915
245378620.6792149842 76436.3392998031
256348766.7462882102 102035.3004834652
256674189.9444316924 102509.2965009212
256810254.0271680653 102580.8946073055
243348459.0096597970 58137.8158508861
263382041.8012327552 109989.5470886230
263227806.6429386139 109943.9722290039
262874410.2932594121 109377.5987243652
262812415.7426494956 109338.1893310547
262957358.0265907645 109608.8863220215
262846629.7768140733 109375.5306091309
262942287.2904377282 109493.7089843750
266269356.2959197164 111607.5198974609
262967391.4417659044 109666.1630554199
263118586.8363508284 109796.3035583496
266004931.1881040931 111589.6391601562
248646356.3264807463 84084.9477010779
248168898.7151527405 82995.1290347241
248594160.1020788550 83920.1567208432
248651056.2940076590 84130.4314398449
248516437.7669512033 83758.4364471696
265432236.8734850287 111157.7114257812
248567359.8223985434 83781.9714831971
248368927.0788234472 83632.9303455018
248175790.4717763066 83098.3631589077
248428109.9890043139 83659.8116128109
243500002.9079034030 58841.0754755416
243561369.1435505450 59399.5666781344
243449161.1789057553 58829.1551569381
248230661.4835755229 83254.9017941616
248322915.8345716000 83397.0370268486
243572202.1136364639 59630.6076228225
247890145.8064783812 82031.6676319282
244054155.2231242955 59864.4579918512
243532335.0655412972 58884.9459829942
243601994.0439062417 59649.4803366280
265062905.0771348476 110871.9850463867
243427374.4290948808 58717.5640009322
243548689.0397494137 59378.6527104654
243415694.7396016419 58577.3250115790
253918762.2191787362 94203.8830194324
254169609.1337057948 95340.7472848743
254039439.9046397805 94802.7278184742
254134469.7679442167 95103.0681695789
254008370.6939522624 94699.7552957386
254182012.6127987504 95487.2487573475
254259507.8281396627 95537.2391595691
254097597.6201097965 95094.8575044954
254297013.7937691808 95627.1515436023
254327458.6372405887 95677.6083917469
252830909.0282177925 91853.1132232177
252942400.8202683330 92175.7035094725
252912223.7150120139 92067.7435943114
252730391.0881212354 91432.0046874511
252771841.4877995253 91683.0137053954
253257349.4272877574 92761.9755047562
253731659.2145846486 93783.2077217570
253207490.9821948409 92669.5729843380
253681292.2937283516 93636.2534872296
253656594.0662093163 93480.1349569561
253299948.3203800321 93058.2771154644
253429378.7377334237 93189.9738110306
253281552.3919377923 92833.7731007340
253074815.7953847051 92524.0261639359
253358150.3863502145 93098.6927746537
252446573.7888498902 89516.6035948985
252284480.2585760355 88852.6723479995
252284155.1799101233 88663.9370503113
252223567.4045282304 88553.5190354356
252143044.8777601719 88535.9318694839
252045519.9486511052 88153.0842551955
252005521.1564224064 88139.0357322463
251866152.0542540848 87624.6996869364
251978909.1782098114 87728.6419781962
251830707.8939703107 87470.5452985087
251684207.0742506385 86936.3543195048
244401198.8926902413 60670.1211696452
251779163.2771750689 87279.8598737040
251671611.1906251907 86818.6926926890
244395506.7146086693 60410.4688380623
244369626.9987673163 60359.9979587213
244438968.6164982319 60953.2742315538
244319777.3886346817 60197.1642337627
244449563.8308514357 61267.3674608476
251516628.2263758183 86229.5983308999
251565709.8510177732 86457.2215298930
251627810.1068451405 86567.5083400205
251427165.6544974446 85979.6249875346
251306189.1281675696 85472.0177602091
251114841.0514768362 84603.6456941798
251385038.9490616322 85771.5582265177
251141226.3698971868 84748.5183171549
251143957.7072041035 84887.0339078226
251292095.4436250329 85157.1574200907
251036950.5961557031 84530.0939626017
251212291.2784752846 85135.9719342509
251205470.5393525958 85082.2200288096
