546483340.1720305681 689.9845173806
546678930.1089708805 690.3883327693
498878100.9334177971 185.1692281883
502650274.0249978900 267.8803751428
510483789.7399396300 400.9001335462
510526677.5004558563 401.2940954186
510249340.0493981838 398.0655778735
510720251.6195006967 403.5431238209
510885405.4220874310 405.8946077449
525406966.9552693367 558.9855676959
546117532.8303607702 686.5450475067
547167881.4052222967 692.6839286387
547529682.5638650656 693.3766783774
502700097.1100293994 270.9101181101
503329491.8115039468 276.1158450834
503009642.1511162519 276.0854903236
507740865.8269998431 353.2582576309
510414260.9458907843 400.4989677463
510633764.4067063928 403.2000814472
525785476.3303075433 562.6561879324
533119039.5840820670 618.5248928715
560995428.8354892731 705.3682086766
561518884.4126306772 707.5273826420
564202491.1938976049 708.4048016369
499374181.9730480909 189.0073999966
498894823.5881024599 186.1553635057
498713525.2994166017 182.6607796774
510206526.8089221120 396.5653482950
546932229.5585708618 691.7409015000
546703631.1357598305 690.6978005618
550808388.0124859810 699.7452599108
498686527.3450567126 177.2693186383
532481974.7172116637 616.5407733204
510768261.7716296911 403.8512763949
546732095.2153909206 690.9952788800
546647282.6276459694 690.0827630013
551053687.3934118748 699.9260961115
498940555.4851083159 186.2311950556
525513306.8623655438 559.6271557616
525788590.5428086519 563.0745036561
532743128.3420444131 617.6240327493
546795854.9652966261 691.4362267703
546791299.5928171873 691.2452076972
547096425.8030779362 692.1009790003
547201703.6115102768 692.7721263468
561929984.6553633213 707.5711531937
498989396.7474173307 188.7995407251
525519363.7664558887 559.9829115080
525645588.5615186095 561.6864512371
525867786.2236629128 563.9273087954
525848558.0668429732 563.8673838353
510609924.6694468856 401.9646142461
510312149.3637618423 398.8795072264
547193627.4346938133 692.6904908717
510298892.9973275065 398.1997243333
525991215.4563221931 564.4774413633
532338043.5372071266 615.4196922117
564595734.7797991037 708.5596409142
565491775.3953430653 708.6354022324
503094420.9118478894 276.0943455420
502638753.6137917042 267.4701226408
502825903.7103687525 273.0172416888
532145297.2917134166 614.0232951105
533208538.4555525184 619.8635772936
512717894.3160993457 425.7025540853
532265498.3140429854 615.0455087149
532643427.9653204083 617.1327240555
532825592.5444136262 618.4914432217
546777988.1658040285 690.9985657036
564913903.8000738621 708.5670326054
565383141.8724573851 708.6020319760
502648364.8875834942 267.6895162320
512511896.7152180076 423.0902268128
547159893.7995816469 692.3596258461
526005302.8839076757 565.1750386732
502552104.8649818897 267.2237534380
502656346.6464687586 269.8896209454
512578004.7876792550 423.3312336779
547467139.4800586700 692.8135257065
526358261.6540259719 567.8004924583
532003263.8807308078 611.2853299585
510090667.0158757567 395.1226204801
531995262.1411736608 611.1196124002
502940553.0080334544 273.2122594523
502780309.9397582412 271.8829399460
502511127.8268964291 265.9864345305
502689041.6695404053 269.8897472137
531968025.2289397120 610.6843304583
531570021.5359717011 608.4917042192
561258782.4205034971 706.7938013375
498561413.4482182264 161.1090435690
498636598.9949594736 166.1612001776
498602753.3840664625 163.7092360535
499941199.3403171301 201.5829142697
513256937.1415111423 425.9314319102
498676011.8842192292 175.1452192932
499721255.1961118579 201.3770009270
499675529.6664270163 199.5421279603
561887390.0838518143 707.5350151360
545484289.4277595282 681.0782485753
545567216.1781059504 682.6577868611
512896490.3628620505 425.7994649694
531853559.5357165933 610.4287707421
499834473.8044200540 201.5581951486
507319895.7288829684 349.5547248486
507240575.0534188151 349.4955012458
545546840.4003080130 682.0289564282
498648117.9701226950 166.9299943500
512600478.0950298905 423.9126169669
545583260.6679589748 683.4168606550
512319302.7310430408 421.0531188615
506979244.0056167245 342.8965924954
512401510.3408576846 421.7851195354
499559874.8867774606 198.1579751892
545831486.2289426327 684.5511803180
545951705.1253669262 685.7158056051
512438998.9880466461 422.3136707143
545857550.0005444288 684.6779200584
499813219.9674881697 201.5552706977
499501022.7327090502 195.6192406753
548440306.4898703098 693.7331812680
562399168.0889196396 707.6537227929
499384213.7239259481 192.5421368221
499430461.9778481126 192.6084976290
499441178.4190979004 192.8764083120
507084004.8128718734 346.7092425650
507081936.9881951213 346.5336520499
507039292.9995675683 345.5469595517
506924854.3417825699 342.6449761759
502478659.2321159840 261.1337481687
502412911.3962570429 260.6033893820
502354938.9195318818 260.1111832807
507054641.6757158637 345.6743418696
562876161.4383147955 707.7215211689
511082833.3811388016 405.9775221081
502291430.6411089301 257.9140862248
563255905.0147119761 707.7991612256
563262398.7844222784 707.8235175908
526578092.8735103607 568.2038021901
563680370.4423902035 707.9666469395
563910323.0888940096 708.0368507206
525280802.0984853506 557.7596737298
525226651.5883426070 557.1892059001
511835734.1245341301 414.7792542668
511643044.8891435862 412.4124447373
511516677.7618331909 410.4626727673
549615299.5178269148 695.6054997742
511634955.5006465912 411.9834399792
525089069.9629025459 554.7546220357
528820395.7458535433 584.7330630886
502211697.6323050261 254.5654141412
502078838.5857566595 251.5990399004
525162734.2567003369 555.1368568325
541766174.9000115395 660.2632543258
549879725.6963250637 696.6675825417
511789174.8190171123 413.3316098617
511603805.1397942305 411.5986900899
525053124.5660525560 554.5424860502
525047420.0701128244 554.3556739695
511553996.7730938196 411.4274273488
511355469.2614599466 408.7283345806
549082685.8234890699 694.7795164883
542371045.3537005186 663.3493667017
541798028.0846518278 660.2695137630
542785166.7747106552 665.8398266803
541889668.4626764059 661.5637178831
549796850.5898681879 696.4964043200
502048831.4006665349 249.2954237165
501919850.7416344881 248.1628800074
530203374.9285519123 594.8018459813
529923982.5502006412 592.8641465442
529592200.5524333119 590.6626564847
549718005.2086644173 696.1268811524
529816875.4597977996 591.8489936121
530072270.0214033723 593.4906336558
529774391.2019361258 591.6884142743
542719476.8157074451 664.5927641224
509592762.8840243220 381.9254290642
529915127.6665470600 592.3079940216
509394615.5403569341 378.6435957424
509794912.5051581264 384.1800751820
509531944.6283285022 380.8968947545
501765654.8003351688 242.0548157682
501574988.5346756577 238.8699064692
509662050.3843001127 382.7769492864
530058379.4622688293 592.9544140799
509675201.1953151822 383.1708955592
509422625.9424963593 379.9543034308
527830753.9300849438 576.6608681341
530070568.7726256251 593.1309223161
501521863.1477858424 236.7037075434
501527200.0658215284 237.1601579713
501451342.8756580353 235.7801380365
501363535.6756834388 232.6870450309
501237197.5538188815 229.0205708078
501345224.8572961688 232.0976746610
501317051.0876368284 230.2044071524
501040772.3514563441 222.8241090125
501130964.8402796388 225.9012128657
509312445.7047100663 376.2491651711
549353059.4384143353 695.4774597585
549258733.8092064857 695.1586504281
528237581.7538383603 579.3598050644
528255477.5814331770 580.1839471889
528319132.2980487347 580.8060130675
508709635.5842968822 365.9766218038
508768434.0306777358 367.1028140504
508512753.2873752713 363.9851799579
527638920.3395282626 574.1510445042
527667186.5430323482 575.4503465077
528022376.5245612264 578.6223054189
508171866.7885567546 358.2312375193
508445121.3154610991 361.8719049466
508319797.4010816216 361.1286706094
508253590.4382621646 360.2287554221
527747322.1371189952 575.8791604096
501105118.8654806614 223.2611956525
500842149.7436464429 214.1647683318
500905352.0910868049 216.8307993944
543387442.9957488775 667.1470801067
543345903.9216144085 666.6803853940
543715517.8725183010 667.2474017572
500681895.4474375844 202.5786471121
500590844.5048303604 201.9877289756
543080843.4040222168 666.0834474992
560537203.8280998468 704.1018152535
560458463.0532790422 703.6395246089
560874338.8553097248 704.5202745497
500791535.3734622002 211.7420544461
500817752.7504234910 213.7603396610
560882987.9070869684 704.6722817719
560402210.1670923233 703.2668313086
500761542.8613765240 208.9108719842
505203425.7677650452 290.3456082949
504422912.9504258633 286.5131871016
504536722.7924394608 287.9607239844
560480831.0726050138 703.8619955480
504320076.2566413879 283.7561524251
504583090.4212900400 288.5823776028
504366991.7118749619 284.8836201311
504285128.5298635960 281.9027087992
543731958.3498994112 668.1358488034
504278485.0503013730 280.3802015203
504227525.7835533023 277.8872210992
506202027.8325029016 307.4267473272
506325842.4662316442 310.2808204373
506372868.8202674985 310.5913134253
506259813.8073847294 307.5133939609
506377667.8616785407 310.7073040800
506321772.0561040044 309.4852979136
506359186.9477236867 310.5038511805
506088400.5271845460 301.0954100659
505896694.9509508014 297.9715072561
505874149.5479454398 294.7473749225
505759507.7593824267 294.7199095362
505629404.3131421804 292.3399181553
517183538.8465180397 431.0987673720
517042795.1655364633 430.2699982993
516883837.6461684704 428.6144424848
516843370.0892482996 427.4556063584
517206220.7181459665 431.4946484358
524785858.6111225486 516.3041539623
517234686.4095730186 431.7246772818
516986358.3524727225 429.7248218750
524426979.3239352703 512.8340030593
516861686.1670192480 428.3983560971
524753361.3863093257 515.7736527891
524365168.3143781424 511.4119431459
524341047.7604884505 511.2074354352
524592543.0921645761 514.8701282801
524327673.7487868071 510.3519371043
522762479.0843732357 482.7190413049
522535845.4243037105 479.3149158529
522608669.0696782470 480.3076455066
522732217.0181481242 481.8350061046
522490079.4342100620 479.1836808267
522610167.6967719793 481.7937550119
523203661.5081558228 486.4539487603
523856206.6667490005 491.6821148968
523881302.8007696867 493.0668349907
524069161.9912354946 494.7637270186
524046178.3110325336 493.8531308863
521783553.6981078982 462.8088280831
521999349.3033014536 464.5717569267
521621954.4515412450 460.3674200639
521753132.5253211260 461.8778455123
521395018.3264542818 455.3530224317
521173908.2890782356 453.8234484120
520728071.6084259748 447.9123554656
520781524.9095129967 449.4726344773
520507293.7957929373 446.6814908832
520030200.3150794506 439.6811105911
519985938.0461323261 438.2737775853
519895749.9190520048 436.8352891932
519556951.6482852697 433.4195734129
519736002.2998180389 436.4608289153
519675227.6914600730 434.2402293311
519731222.1797714829 436.2540040241
519686484.8673880696 434.4442230866
519652929.5141300559 433.5476026092
