582392300.9457889795 190223.1429862976
587147199.4176133871 193752.1533355713
596700204.7819583416 197863.7650756836
598218905.2308315039 198108.4351806641
598146612.7512252331 198054.9757080078
598225621.9453185797 198238.7288208008
527283343.0509774089 54257.4365651411
526971026.4917072058 53548.4574391646
526840104.9232293963 52587.2069110934
526923041.8001810908 53059.7817375137
526913596.3914263248 52784.9095370796
526808104.2911027074 51758.1910033850
526830972.1867104173 52577.5351044003
527281553.2358356714 54231.5349852471
582518866.5408834219 190274.5676689148
582595261.9201269150 190296.1156425476
582299039.3980777264 190091.0857772827
582887278.0723500252 190666.3458671570
529194161.5534150004 64424.5197929381
534538834.5974229574 83162.3182961853
534555585.3269763589 83188.8871429717
534305424.9698405266 82500.7194014346
581899361.8868016005 189427.3911705017
581975984.3421736956 189457.2782707214
582675930.1802382469 190533.4008140564
582007162.5965043306 189749.8067893982
529097753.1348572969 63575.7631693124
529115167.2802474499 63674.8821249171
529006642.1195944548 63515.1823657989
528931242.9967510700 63512.5902275085
534223385.5372373462 82438.7985602176
534418561.7330424786 82520.1503679684
545099795.6052646637 115293.3016283382
545361411.3444362879 116107.3158261702
544988969.3677124977 115260.6676409115
545633862.9217988253 116428.3878368065
578969319.1474816799 184354.7986907959
578739253.3872127533 183904.5294036865
578799206.5746153593 183989.5902328491
578666184.7029696703 183769.7405242920
580829618.0904685259 187989.9047851562
580784762.8793014288 187973.3276214600
581050979.0800203085 188625.2174987793
582067642.0196385384 189843.2424736023
582131118.4362064600 190048.3019828796
581985311.1780781746 189486.1088676453
586889989.6900721788 193688.1866912842
586822013.3167207241 193678.6910552979
587297640.3305355310 193786.1110687256
596500744.0808347464 197660.6669311523
596763103.4353892803 197908.6907348633
598606122.3059349060 198244.6679077148
528580950.0303929448 62027.2926136735
528715122.6368843913 62653.2925790786
533981262.3209571242 81245.0793536833
534152627.1322619915 81837.3440466678
528517467.6192445755 61774.4726380869
528468807.6719743013 61254.8456998612
528365266.7435911298 61122.2162005946
528346047.8604137897 60903.3793987273
533891256.4634882212 80921.2136009490
545670328.6658427715 116576.8640234396
545688987.7598788738 116601.5716141618
545491034.4058892727 116342.3430721866
545395914.3494168520 116181.0170867369
545210477.8348933458 115825.2579924986
578395890.9887135029 183579.7901000977
580962139.0648969412 188237.1648712158
580972412.3657228947 188469.6633300781
586732404.8132607937 193560.6273345947
586981987.9261028767 193744.3246002197
596441381.8750116825 197549.9237976074
596227310.7408871651 197243.9748535156
596158477.7774027586 196830.7379913330
596322119.7456748486 197446.7072753906
596590297.9437129498 197834.5632324219
597004565.0687444210 197961.4563598633
545203056.7072734833 115483.3018786013
581184336.3557243347 188627.2017822266
581200515.6492960453 188837.4588623047
581987391.4142255783 189686.8830680847
597144079.2605288029 198021.9911804199
528250835.7422484159 60388.8886270090
528305222.9395021200 60862.5430726572
533952754.4819257855 80961.5021356834
544798723.3173947334 114244.5610720217
544940886.7995569706 115072.6893145143
581285253.5898060799 188990.4055480957
597942837.0838799477 198054.6811218262
533863342.7894369364 80464.0454103850
586758008.6759579182 193604.2200469971
586131364.4305367470 193164.1535186768
586444695.3122168779 193454.1238250732
533806071.0312687159 80353.0959067248
533684453.9511858225 80046.7334886693
543897773.2682939768 111602.9687571823
544399401.4820361137 112788.9398439101
544161036.0064972639 112187.6969027817
544722414.8883571625 114055.6971346437
544534212.7905187607 113476.4039446413
586414477.7202625275 193371.8626861572
527625543.3335818052 55209.5841715040
528223147.1329645514 59690.9037537127
580401917.5759904385 187424.3199119568
580603926.3213841915 187536.9949302673
580158019.6772238016 186955.4012413025
528165823.4710096121 59017.4715544879
528099088.7673367858 58993.9298064410
527982392.8802723289 57674.2483819555
527823367.7678787112 56282.5422080587
527897949.9890335202 57021.9890159200
527675441.7399918437 55286.9914574799
527900087.6478855610 57024.5150063703
527782220.7908649445 56060.1766193378
533632476.3082295060 79660.1753764169
579314612.2753049135 185018.0020484924
533485763.7756702304 79213.1805711888
544699477.5693334341 113955.9920336306
544625939.0816152096 113717.8709990084
544166843.6068931818 112569.1963992416
544491196.3902528286 113422.3800646364
544052365.0816634893 111905.1518349586
593171947.0082978010 196009.9174804688
532884655.8456320167 76413.2182329687
532951838.5855585337 76896.6125505957
532791853.3335191011 76387.5702227148
532944101.8740453720 76801.6163759063
581616068.5949207544 189195.4799766541
532922182.2391000390 76744.2760417118
533055584.1457827091 77271.8609591433
533381926.0825067759 78447.2354789561
580916925.5597803593 188175.1901054382
533447419.1088404059 78556.0888301450
579474528.8093451262 185315.7983436584
580705961.7168276310 187859.4311332703
580093187.7421834469 186631.7602195740
580644188.5057047606 187592.1361656189
579872893.6318812370 186284.1232414246
579939161.6489890814 186446.6828422546
585901186.7328647375 192828.4344635010
585323183.7210110426 191943.9202423096
593160304.2836622000 195839.1250000000
585172868.9837677479 191813.9524078369
585187715.3534305096 191837.2847900391
585329405.3209658861 192176.5860443115
585501243.2945308685 192318.5224456787
593317935.6708110571 196110.5450439453
585148584.5583777428 191783.6316680908
585352031.2643049955 192232.0963592529
593379641.6609863043 196135.7601928711
584842525.4748072624 190974.5393066406
584902393.5194810629 191191.1666564941
584427731.5457530022 190704.4951171875
543664002.5975753069 109168.4489367051
543658790.6387128830 109103.7328984780
530752189.0390222073 65720.5964887702
530614097.8448731899 65144.0522637829
532686783.4648171067 73581.8386394682
532768767.7601208091 73889.7832653394
532647654.0606594682 73540.7455141416
543109025.9860842228 106302.7609458417
542923370.4272121191 106229.6076713056
532567828.8037398458 72969.5011003297
532437162.0052599907 72652.4585687986
532274661.5279061198 71844.4042574649
542778001.4054423571 105476.1009268825
542650711.5239769220 104993.4270419484
542725786.2049794197 105135.5059446018
532366646.7257581949 71909.5094417816
542865576.0629351139 105704.8480542820
542734360.2046701908 105323.6260083836
542328692.0432627201 103888.0557919209
542516028.4824764729 104618.9847355549
532412966.3734880686 72133.6134380584
531786323.4924110770 69764.1012033427
532006845.4300059080 69843.1640253665
531631820.0553562641 68284.6959543764
532002563.4018182158 69843.1617807352
531645317.8613097668 68931.2322153056
531385587.8166676164 68019.1079861724
531473693.7419798970 68198.4265354924
531181493.0202722549 67284.8929713252
531361826.5310445428 67683.5857039812
531174841.7873401046 67269.8893189719
531163475.5186726451 66629.4969762468
531046058.0794222951 66305.4397350864
591256836.0414652824 193896.0175476074
591466285.6836999655 194064.2399597168
591400093.2482101917 194063.7980651855
591638752.2283726931 194294.8204040527
557667282.4228072166 135904.0447696447
592306877.1773654222 194722.5762481689
592546942.0576512814 194934.9312744141
592597413.5578111410 195134.0773925781
592737238.7159539461 195298.2180786133
540797373.1718548536 98688.3514723987
541141863.7192350626 99403.3467386276
556129558.8260499239 132591.3065419497
557532900.9257036448 135506.6111859197
557456070.8991113901 135321.4012516851
557683498.8652287722 135934.2058719397
558206318.3553845882 136522.5135495181
557874783.7557654381 135986.8101117129
557882026.2070503235 136217.0633465762
557403686.1715720892 135291.2950915212
557617333.4261698723 135717.8328312750
541405624.6330823898 100149.3988844515
556000198.0548505783 132135.4848184886
542182721.6383908987 101900.6106869783
540323541.6110502481 96332.9841812146
540416245.9113266468 96816.0123881339
540445323.1780874729 96915.4832330723
542017656.2819010019 101595.6717376951
542087402.0600692034 101893.8015655633
541817413.3129632473 101140.6130727883
542194311.0224757195 101955.7726054471
541930706.1930620670 101296.4462859910
555622242.0432350636 131121.4071910738
540104612.6917166710 95733.9500096818
540361785.7621501684 96731.2138849278
541866560.7798494101 101178.1357391160
555956314.0823130608 131973.1046091432
555928683.8097724915 131953.8394334672
541662213.3589756489 100467.3850639742
595701103.5293658972 196295.3146057129
540245630.6242842674 95865.6991478651
540085059.5050780773 94498.5245819609
539964948.4460474253 94317.0554500564
555595657.8259050846 130709.7808528545
555371058.2748404741 130474.4723964336
555736731.4979454279 131266.0876823368
555283863.5067368746 129971.2183624210
555546664.4623988867 130672.6003395023
555454062.5031702518 130537.4939552250
539923712.7104126215 93726.4806678285
539794801.4448107481 93566.5191810121
595864074.3500438929 196371.4937744141
596107937.6908214092 196444.1099548340
539930886.4899855852 93766.2360160340
595610275.0100108385 196181.2792968750
595803129.3670320511 196366.5106201172
539344523.4367378950 91510.8610921851
539172777.4937256575 91299.0817661038
539244137.0594117641 91331.9292300060
539030385.4042663574 90811.2779496661
538924609.6582319736 90316.7280647782
555138703.9921172857 128893.7225190848
538767449.6374002695 88559.2874536056
538491653.4607508183 88151.9246653367
538504844.6828548908 88160.5878733445
538304445.6669427156 87300.9211777497
538201948.3343082666 86345.1684122844
538286985.7337599993 86633.2283309264
538046168.2380577326 85927.6653512818
538292582.8200168610 86993.4550598426
538109027.1992129087 86288.3476837440
537839521.8286182880 85277.5749978013
538016566.2531169653 85389.3501169267
538000097.8103315830 85387.2774043884
537620842.1551175117 83529.7603758182
553928238.0879049301 125353.1423655190
554248471.2998371124 126170.5160818733
554405671.1745969057 126610.7586741783
553989776.4985424280 125724.4587717690
554176556.2996528149 125804.0527506508
553988892.4005897045 125686.0363321938
553315644.5175815821 123379.6253253222
553121037.1555081606 123044.6977053881
552981077.0407749414 122426.3983058333
552830716.3123347759 122308.6060199142
552518080.8525109291 121374.6769974828
552384579.9725477695 121233.2260239720
551910164.1577775478 119222.8835779428
551914044.0577942133 119480.5293451548
551303159.4485281706 117352.3028606549
551171789.0745891333 117176.0204550400
551550556.2935028076 118018.2070273533
551370591.2031745911 117409.1864389554
562954318.4532592297 136959.4918422978
562970771.4652477503 137135.5645962041
563172983.8292742968 137319.3189926427
562969950.5162879229 137041.7419662755
562837380.3502039909 136870.6368637364
562825681.1985595226 136782.0074291509
571290473.0219233036 138673.3558175564
571735409.8154696226 139402.1909351349
571089534.3469351530 137772.7522068024
571402859.4751522541 138897.0831928253
571118758.2974382639 138091.2492008209
571925247.6249318123 139548.1755924225
571614865.6005718708 139028.7481021881
572350410.5365988016 139736.5677385330
572437602.8418552876 140057.5563678741
572183904.4353359938 139664.4974994659
572597617.3535315990 140251.1036720276
575196699.6581315994 140329.8557085991
577154471.4186675549 140701.6316847801
576986386.7166191339 140442.0165295601
578312577.3510887623 141550.9621100426
578241787.9432556629 141244.4585623741
