158433182.2782315910 1.6209006105
159621286.7545658648 1.6415842632
158673285.5941632092 1.6258786060
149733137.4771227241 1.1458684626
158260437.4131748974 1.6208864395
159651282.0436767042 1.6422138391
145561146.2946948409 0.4870135788
153711739.9473717809 1.4093318365
147671924.2744308710 0.9334731921
151977812.8251611292 1.3140312392
160773258.8717725277 1.6571222590
153636589.6874827445 1.4043820696
153255948.6032614708 1.3910788491
156711523.2277536094 1.5557232159
165334169.1654542983 1.6830964787
153452756.8722668886 1.3966494852
153141018.7037770450 1.3878807880
149359398.5891864300 1.1187185934
157816563.3196246326 1.6039239746
159016524.2857311666 1.6310204156
159381364.9167077243 1.6381228594
146494908.0844267607 0.7717369376
146415685.1371181607 0.7684906901
146414232.4730815887 0.7665913454
147332915.6134809256 0.8934791371
157890783.9115847647 1.6116917972
159719883.0120747983 1.6451433590
165775872.5208087862 1.6851788899
152403755.2761310935 1.3378613470
157848375.5461268127 1.6067169663
147427414.1544699669 0.9120221435
156480123.5185417831 1.5488794011
159502094.0972888768 1.6399973929
161715423.7663835883 1.6672868291
164109719.2914499342 1.6789332340
146036200.5287684798 0.6847079905
153412659.6828932166 1.3932296752
145474492.7542443275 0.4185936117
149543613.9585783482 1.1288574925
158024859.6231302321 1.6154760849
158828991.2301323712 1.6278894898
159135246.9564888775 1.6363091040
158182419.3401217759 1.6175087988
161071872.5477307141 1.6600125143
146677267.5675403476 0.8018073519
146476413.0051142573 0.7697570113
149267856.3761022687 1.1055641954
152913877.3520113528 1.3719219945
158059493.2681238353 1.6156107746
158205685.0178054273 1.6190351807
164774310.2335018218 1.6804664480
149467963.6793474555 1.1261577933
152081390.2086974382 1.3188628324
157538868.2568642199 1.5932925601
161457462.7068609893 1.6646423033
161555653.7137936652 1.6647288213
152752727.3561705053 1.3578484963
165211547.7752907574 1.6826136960
146141453.2808843851 0.7029164889
146002643.9516660571 0.6643318513
147912245.4565494657 0.9350981172
147881575.9046329260 0.9347214195
149307412.9965245128 1.1114482210
152387271.4427500963 1.3349142522
164969761.9557855725 1.6825488592
145479752.1603666544 0.4209806824
156113518.1303330362 1.5327255339
164575339.9558400810 1.6799764214
147416382.3955099583 0.8960834680
152435503.5362222791 1.3385487627
158510809.7109875977 1.6221621968
160686759.5379850566 1.6554111587
162936831.2907426655 1.6741014132
152986149.5736050308 1.3755679399
158562645.8709923923 1.6238475945
147727502.3782958984 0.9345195509
147491879.1937181354 0.9147562946
149440924.8596739769 1.1244419298
145483552.2466644049 0.4389697509
146147128.2642329335 0.7061590391
147731932.4051304460 0.9345824180
152168502.8385538161 1.3251558570
147615229.1730524302 0.9155470936
147444708.8001719713 0.9131313695
149243903.5934121013 1.1055588552
152643689.0328964591 1.3519815185
158906377.4915231764 1.6285607126
163336379.6757217348 1.6763032032
152128379.0353182554 1.3242383870
149649541.0314421058 1.1430931045
149610998.0581993461 1.1323033026
152978176.9067335129 1.3728844549
161360196.3671685159 1.6644845931
162782662.2160764039 1.6739738742
163142426.0407809913 1.6745868390
152906376.2006113231 1.3717777345
160566589.2386661172 1.6512666978
156185264.2614293396 1.5336105407
145509447.9956194758 0.4493370465
151962738.2969775200 1.3014890040
152264052.6459396780 1.3322765960
158864247.4460631311 1.6279273685
149362508.3764464855 1.1207669518
145591480.1361924410 0.5184748416
152542135.0335255563 1.3503266860
158595279.4665758312 1.6239113230
147200763.4947065115 0.8750970523
156503590.4735052288 1.5495019400
160525196.1583727598 1.6511955950
147632445.7058184147 0.9156770392
152679426.9098038971 1.3520241541
157409944.3403883874 1.5918095257
152378116.4388287365 1.3329038499
145617745.6421357393 0.5289040336
152203734.4278625846 1.3305114778
158993956.9252881110 1.6293921219
156529067.9478091896 1.5541523856
164377483.4591471255 1.6791267944
147290930.3345509768 0.8929868191
147367651.8857427239 0.8940603579
152480779.4970718026 1.3463869134
149319165.8521502614 1.1122390719
162593388.9125213921 1.6714430777
147234956.2072116137 0.8763968807
161654826.1460406184 1.6651497530
163613869.2526154220 1.6772078881
147132801.8578497767 0.8726093093
157869451.1726950705 1.6071894392
161074102.1086371541 1.6615143968
162367235.9762029648 1.6711589629
146643680.5149068832 0.7925930818
145582359.3018841147 0.5079754002
145739859.1601729989 0.5538452505
148183823.9995174408 0.9900675454
146381916.3760659695 0.7501518554
161746695.6928011179 1.6675161989
162208171.9478588700 1.6695907889
163526013.6756818593 1.6767030386
145550462.7638949752 0.4666124892
146618085.7017403245 0.7899231977
146324295.6914192438 0.7483059628
156739679.4947799742 1.5576691863
156719374.7468225658 1.5560975389
164760502.5747005045 1.6801726492
156962733.9727247059 1.5715953398
145724985.7779009342 0.5532302931
161025933.3598266542 1.6597147854
145667384.1850526333 0.5343392787
161985782.4600753188 1.6682666084
162754807.3491391838 1.6737962170
149234199.6089320779 1.1052996908
160603714.7578343451 1.6532572387
146519694.0585374236 0.7881542476
156859776.9876082242 1.5658468034
157283608.5889812410 1.5858821204
146253963.2762997150 0.7248395944
147400215.3778983355 0.8954350452
148535898.5052489042 1.0294294730
160754740.7611239851 1.6567815496
162298881.4711318612 1.6710476009
165320015.3217248321 1.6828830419
147182486.6466865540 0.8737076094
152691696.7043853998 1.3537367827
157669407.7616942823 1.5994176540
157953708.2339618504 1.6120402627
156858781.4565144479 1.5597149420
160939630.6876519322 1.6587470463
145621106.2896509767 0.5313535844
147086714.9055681229 0.8637599163
149983623.8559123874 1.1632605676
146996283.4644067287 0.8364978257
146317385.6056523323 0.7433827045
156895409.8008754551 1.5663243409
156923719.8500818312 1.5715411033
146119923.1092651486 0.7022614390
147341545.8288188577 0.8940208410
156904860.8218602240 1.5685174700
145561341.7221367955 0.4988589228
161569360.4682295918 1.6648484683
146740247.8234962225 0.8106178697
165576641.9030131400 1.6835015276
157243489.8061802089 1.5819973733
157378835.7602206171 1.5911869436
160229893.8925145864 1.6462362902
146876061.5476272106 0.8318621247
146823647.3245089054 0.8306138973
154224836.1199744344 1.4211547530
146941941.3500095010 0.8337663608
157554603.6646061838 1.5959082703
149640992.2479197979 1.1407328055
149477169.5808361173 1.1275037761
162621058.7003745437 1.6717755469
162129367.9474388063 1.6692031091
160340201.9462745786 1.6469321111
154350726.8593779802 1.4304154111
157579206.7006456554 1.5970900105
154100997.7899544239 1.4200817402
145539811.7498307824 0.4662845816
153678659.9394319654 1.4089453708
153674021.0385647118 1.4053108599
165731627.1074797511 1.6835770691
157682716.7654831707 1.6025654385
161905836.2886372209 1.6677443227
152880275.2727029324 1.3678379620
153818755.7898632288 1.4107802971
145532109.4046614766 0.4504041981
157887367.9114725888 1.6078646826
154387274.6859065890 1.4305088050
150090640.8068000674 1.1655885956
146016940.7376717329 0.6644509189
146897466.7653261423 0.8336867611
149970299.9172871113 1.1599334717
153674309.7487702370 1.4089453704
148499112.2384001613 1.0214251663
153600607.4681486785 1.4022553898
146023484.2539452314 0.6646967418
149906926.3405007124 1.1586872761
154233785.8805305660 1.4303955229
146707478.6351430416 0.8092952487
145974826.5765649080 0.6626164155
145678957.4541350603 0.5522248762
160326429.4914531112 1.6466485234
147012178.7814610004 0.8512000616
164393013.4613229930 1.6792847915
145637115.8070905805 0.5329236463
145946024.1767424941 0.6463618622
151681450.3253261447 1.2818112801
146089177.9821892381 0.6859019675
150133640.7489572763 1.1692390578
145617812.6428548098 0.5307738276
146803116.3132276535 0.8227924010
147995793.8021880388 0.9524061442
151738274.4051869810 1.2845604599
146077205.8529704213 0.6847436777
151655589.3331016302 1.2725929063
146764983.3531939387 0.8140732245
151699714.8340963125 1.2841696797
151884694.1990752816 1.2918898042
151769188.8666563332 1.2868258163
146750128.9816681743 0.8112112441
146865811.9329905510 0.8310066845
164561549.9987755418 1.6798429964
146718400.6730745435 0.8095556360
146688030.2421782613 0.8081574318
164951147.4345181286 1.6808844795
148739560.7872385979 1.0492935846
164391407.2080518603 1.6791583328
164744719.5872639418 1.6801503571
154491174.9965372682 1.4316937290
148882139.5920854211 1.0651428042
148776231.6108250022 1.0519476193
150025084.0129325390 1.1646092490
148415982.0927878618 1.0141121029
150165795.6635872722 1.1701851363
149840542.2812884450 1.1519775071
146095680.0523145795 0.6859504012
150239112.4675936103 1.1712618498
149779474.8677047491 1.1487340877
148277097.8921052814 0.9934244674
148052225.5856790543 0.9574722887
151754990.1017509699 1.2859479051
146277859.4764593840 0.7296464487
145560558.2402075529 0.4710620767
145550821.3065232038 0.4709098292
151754215.8761796951 1.2848440184
149064373.1031604409 1.0836385701
148557395.5185560584 1.0318365582
148899290.1902380586 1.0707446332
146254641.8954671621 0.7281527528
151843339.6208691895 1.2889130993
146164296.6280446649 0.7073422307
148072758.3472939730 0.9692716978
148610155.8064464927 1.0321357049
149187841.3563744426 1.0925271812
148996842.0453593135 1.0747025022
149127573.7897204161 1.0905471801
148842104.9011078477 1.0537135400
146204379.0219703913 0.7088392337
148931521.1962950826 1.0709189989
148343807.2461944818 1.0096079429
148182088.3152183294 0.9888929795
148520694.7174461484 1.0273281840
148711072.5927600861 1.0335744253
148287837.7253573537 0.9944689040
148701670.9003909826 1.0323738019
155759187.2992500663 1.4757443039
147991410.3464160860 0.9463936842
155501627.3769570887 1.4629459859
155680726.6284006834 1.4698086489
156037851.0560485423 1.4777707309
155430447.1186819971 1.4563682667
155504117.1541481316 1.4667533539
155471005.6445313990 1.4577442776
147987354.4601939619 0.9375829206
155013813.4302086532 1.4400484767
155478742.5145856142 1.4592940913
145927045.6337816119 0.5625609539
155049740.0478119254 1.4428845919
145917792.5328529477 0.5613396707
155023501.0348156393 1.4422033020
