169261207.9912298620 5847851.7539062500
169709653.0770694911 5874013.6015625000
175468757.6409902871 6143547.1953125000
175464405.0888172090 6141504.4531250000
176401592.5246778727 6167152.1445312500
179580168.9847447276 6235055.2578125000
164015931.8273554444 4745352.8476562500
175507830.4240808487 6144892.7148437500
176137681.4446578622 6163262.3242187500
163993589.0720254183 4741460.0000000000
164077182.3630509973 4779865.5859375000
164084919.3189167082 4794001.8984375000
164604413.4441804886 5025296.2148437500
167124593.4769159257 5665673.7265625000
184822759.2646704614 6292917.0273437500
166063789.9739383161 5530759.8085937500
166238637.1252222359 5556199.9023437500
167066214.5535043776 5661229.4921875000
167984835.9573399127 5748279.9648437500
171882423.9808102250 6002230.2656250000
175954629.8544908464 6157772.0898437500
163988460.2942814827 4731776.1406250000
166122700.2424524128 5540560.6523437500
167311333.6478771269 5681911.6093750000
168231227.9229152799 5760581.8593750000
168100508.8718044162 5753549.2695312500
169297865.0112473965 5857951.1367187500
173151755.1512822509 6058890.2031250000
175287414.9453072846 6137385.0664062500
177133664.3345580697 6183758.0390625000
164415609.8600440025 4941833.2304687500
164553354.6181462407 5003010.9609375000
167170831.8792071640 5667890.0742187500
169346083.8625309467 5859387.2226562500
169456579.3815286458 5866676.0273437500
172764857.3731400967 6039578.8476562500
179522660.6947578788 6234044.8398437500
185408426.0138456225 6293318.1796875000
172875874.8047611117 6045274.6640625000
176302150.0627155304 6166116.5312500000
165917142.8357830942 5500490.2265625000
175659720.6671983600 6148100.7382812500
184178912.2782188654 6290737.4531250000
185421192.2398287058 6293384.1835937500
170300416.3559263349 5919346.9296875000
164129546.4487854540 4799478.9687500000
170438211.8740359247 5928070.8046875000
176016474.3256333768 6159524.6367187500
182216000.2210077643 6273632.3593750000
170780941.5772889853 5944191.2539062500
170665612.4932533801 5940665.7734375000
172881207.4633562565 6047590.6171875000
175890844.9089896977 6154786.0312500000
175705487.4573059380 6150159.8281250000
167880386.4227814972 5743008.3320312500
164054273.1319454908 4775611.8906250000
166932216.1672888696 5646058.3203125000
166860481.0711141527 5636463.5937500000
167198575.2107079327 5674958.0468750000
171318850.6832948923 5971063.5351562500
163956562.0043012798 4710922.5585937500
165871655.3647235930 5483326.6953125000
172129997.7412971258 6014458.9765625000
183223876.7185378969 6283571.2343750000
167085251.3641399443 5663622.9960937500
171173877.5276555419 5966639.0390625000
172849465.8626332283 6043640.5742187500
175752417.3513218760 6153272.1679687500
179351554.7599354684 6229909.1132812500
163965947.6807802022 4726165.4882812500
166190778.6150254309 5550949.3476562500
167036269.9632633626 5657779.8398437500
184013999.8862247169 6289281.8281250000
163986614.9671456516 4727290.3671875000
171048299.4701166749 5959126.2734375000
171949439.4204899073 6005232.0703125000
185442725.9981558919 6293549.6601562500
167986574.1201789379 5751511.4960937500
179372727.3796987534 6231484.2890625000
184281798.9584354460 6291532.3671875000
184740306.9267829359 6292653.0000000000
164338314.0974366665 4916112.5742187500
171961672.9475420117 6007733.6914062500
169471899.9564473927 5867366.9296875000
184134754.9933384061 6290396.2929687500
182280229.4170797467 6274328.8750000000
165945553.7684785426 5504463.0273437500
167758772.2437461615 5730200.1367187500
182059282.7284865975 6272588.9101562500
165937566.4167487025 5502670.5351562500
166262070.4467906356 5559770.7812500000
168697208.0142127872 5808809.5351562500
178863394.8277424574 6222145.5273437500
165942237.5334073007 5502879.2578125000
175061965.0836704075 6128804.8085937500
175158078.5180606842 6134003.7578125000
175411467.5266028941 6141452.3125000000
183433155.0235812366 6284561.4765625000
189685491.6083405614 6295406.1289062500
164283587.3235408664 4885384.8671875000
165924720.2210551202 5502596.7812500000
178496993.7508630753 6208455.1679687500
171558319.6844118237 5984633.5507812500
177414790.6143200397 6189791.4101562500
164406444.0404129624 4941393.8906250000
164450314.9339864254 4943715.3320312500
165994784.0508708656 5518254.5390625000
170509803.0503355265 5930287.8671875000
179190031.4467255473 6229481.8437500000
170428655.9546366632 5926939.6562500000
171374327.2136904001 5976586.2539062500
184588848.6057878733 6292388.5000000000
183464289.1743426025 6285444.2343750000
167508967.9979089200 5704003.9648437500
166251354.0843198597 5557079.5585937500
174899328.3320311010 6125125.1445312500
167467449.4701718688 5702324.0742187500
167766675.0205839872 5731090.6093750000
171626637.7593643069 5991062.5664062500
177388120.3835126758 6189775.4960937500
176744087.1900612414 6176879.6015625000
166289223.2284087241 5561500.3984375000
166112282.5390586555 5540440.1835937500
164782076.1541613340 5085656.9218750000
175503374.7029438615 6144393.5546875000
170333678.4565076530 5919804.9531250000
164320796.8326498270 4905203.6718750000
171433793.9730142951 5980599.4687500000
164720063.6667122841 5066847.4062500000
182191835.5924309194 6273185.0742187500
168994455.3847232759 5832340.3085937500
167568989.1445063949 5712549.2031250000
171840523.6913843751 5999875.4882812500
174995646.5863432288 6128007.6796875000
170271836.0095120370 5916255.7031250000
171723905.2356985211 5994556.1679687500
174701792.3673363626 6117495.6328125000
179016523.8543289006 6225909.9257812500
176825114.5209693015 6178578.5039062500
178531431.1768009067 6215473.5625000000
172785061.5634891987 6041542.8945312500
169007686.4383121729 5834624.2187500000
170194720.0122855008 5909901.5546875000
174417846.4364320636 6106786.6718750000
164761612.5196844339 5082908.8984375000
164145826.8058888316 4801596.1250000000
171102705.3665184081 5962390.8437500000
171172592.0290458798 5966079.6835937500
174604513.0883239210 6113245.8945312500
183970452.2807547152 6288023.7421875000
185309915.0699363649 6293147.8476562500
176986830.1969764531 6181936.5312500000
177164671.2075930238 6185570.6992187500
164622587.0717243552 5037181.1640625000
171133932.0797993541 5963640.6757812500
172568290.8133516312 6031949.0781250000
177326435.1364651918 6189393.2460937500
189519488.7071118355 6295241.1757812500
164746073.6010057926 5078562.1015625000
169435199.3486876488 5865426.6210937500
182386122.5635537207 6275883.3828125000
169273142.8001336157 5855356.1210937500
169925487.8867733479 5892678.6523437500
171912996.4251948595 6003624.3398437500
178797291.0835528374 6220724.3359375000
182622808.1822396219 6278424.5000000000
166685637.3891767561 5615108.2968750000
170214206.7536954880 5912367.0234375000
174301036.4132260084 6098753.9531250000
164308659.7526808977 4895956.6445312500
170033689.1820085347 5901781.8242187500
169797396.2214145958 5885836.8203125000
170013576.9629504979 5894947.8554687500
189732845.3913916945 6295451.3515625000
179669975.0445612669 6235341.7500000000
189208092.1036433578 6295074.5234375000
166408994.1427349746 5570677.3789062500
166435341.5858528316 5575160.7617187500
164285686.3654074669 4889542.0429687500
166388983.4219762385 5568878.1835937500
166353047.0206562579 5566003.5078125000
166759314.8559718430 5624619.3710937500
166627555.5104381144 5609667.4570312500
167349853.9699759483 5687854.1718750000
174393120.6039371490 6102406.8750000000
174381581.5808507800 6101279.1406250000
164818166.3050103188 5095915.3750000000
183919141.2050664425 6287674.8906250000
182498660.8531454802 6276529.3945312500
179277875.3919627368 6229615.2421875000
166733692.9396138191 5622025.3046875000
176562583.1854477525 6172514.9257812500
183597354.8347357810 6286056.9609375000
164731097.3363324404 5074681.6718750000
174162880.3300331831 6094982.8710937500
173285852.9430443048 6060158.8750000000
182822407.1742932796 6280543.5390625000
183040280.1155036390 6281713.0039062500
168787426.2021092176 5816127.8203125000
168809878.3875141442 5818106.2148437500
164172097.2834413648 4806266.1093750000
166485049.5917208791 5581176.3789062500
164552786.8728315234 4997561.2226562500
164667835.7057496309 5048946.2226562500
166451364.6883282363 5576386.0117187500
166478360.4528990686 5579270.3671875000
168794252.0172876716 5817078.6484375000
164547780.0964835286 4994809.3906250000
177809786.1012541354 6196170.3867187500
164270468.9459436536 4872805.9609375000
164653301.8366564512 5045841.5742187500
182742160.0912305415 6279148.5937500000
164651562.1095559597 5044525.4648437500
168826459.9287427664 5818466.3828125000
164629202.1787233353 5037940.1171875000
164188767.8309012055 4813557.3085937500
187786313.0919886231 6294099.9687500000
172968380.6718288660 6048126.6250000000
173031225.2078298330 6051610.7382812500
168514779.2495867610 5794042.6679687500
172991487.3772709966 6048402.6796875000
164261743.5030862093 4859525.2343750000
169835189.2056810260 5887493.1875000000
170023664.1882778704 5898234.1406250000
177850301.5021316409 6197709.7734375000
178176086.9883976877 6206564.3281250000
164210076.5170056820 4830187.7109375000
167348655.9982219636 5683528.6835937500
177926393.5615105927 6200412.9726562500
177679605.4307845533 6193642.1562500000
172290171.8528071642 6020599.5859375000
164923091.7321105599 5125769.9921875000
177730641.4903810918 6195753.0273437500
165023504.8221142292 5128958.5546875000
178147759.7747330666 6204532.7148437500
164921639.7158496976 5122891.5546875000
164829681.2921802402 5099814.1054687500
172512385.3746757507 6027755.8515625000
180914884.5369718671 6254302.1953125000
170964892.7136254907 5951696.7539062500
168707922.6417800188 5809761.2851562500
188641547.0910428166 6294642.3476562500
177999649.5666523576 6202195.5859375000
167269876.8570674062 5676001.5664062500
177696283.5085152388 6194734.0507812500
188820321.2132151127 6294752.5039062500
188348901.1905484796 6294214.6328125000
177901856.6133301556 6200351.0195312500
164202987.7059277892 4815567.7851562500
173611016.4672938287 6071676.4062500000
181178846.8264996707 6257849.0039062500
173791684.9889230728 6076123.5117187500
174092322.4790903926 6089337.1289062500
180164304.7101976871 6241319.4023437500
164485163.4564597607 4955070.5937500000
164223387.8162814379 4836591.4453125000
187207724.7354622483 6293713.3867187500
180766980.9598700404 6252237.7695312500
187865077.9418003559 6294106.4843750000
164225460.5537627935 4838622.8554687500
181256475.4259433448 6258580.4882812500
173695494.1843777001 6072825.2578125000
180926568.8647895455 6255043.3867187500
173821854.7397575676 6079108.3515625000
165152822.2169079781 5180349.5117187500
164469652.1698339581 4952659.9492187500
165717921.4379393458 5320701.0546875000
165743903.4342234731 5326876.9570312500
165619473.3240640759 5307542.7109375000
164520287.1004346013 4969416.9179687500
180721853.5403682590 6251577.4531250000
180418242.7988471389 6245308.8906250000
180273081.4290666580 6242826.2500000000
165170625.4159415662 5188383.3867187500
165701505.8275229931 5312455.4023437500
180278473.3437663019 6244093.6406250000
180600197.6024013460 6249469.6875000000
164504004.4833020568 4966835.6445312500
168967626.5666108429 5827246.3984375000
165676264.5290057659 5311712.1210937500
180456500.5840660632 6246687.4921875000
180552656.2883333564 6248687.3281250000
180434283.6628281176 6246073.5742187500
165276513.7199557424 5214058.5039062500
181613095.9977629483 6261716.3437500000
181703579.9522498250 6262389.6992187500
165502448.3915062547 5276232.2304687500
181525726.9338759184 6261443.3554687500
165533900.8760751486 5282895.3085937500
165456496.0086624622 5262215.9531250000
165166813.6528171301 5180892.1132812500
165405016.3068112731 5243546.2968750000
165434264.8669643402 5250113.2656250000
165307688.7683507800 5223045.4765625000
165304279.4390053749 5222009.9921875000
165355901.1426126361 5231692.5117187500
168407837.5383043587 5765671.9453125000
165086293.8282827735 5145286.0664062500
165081523.2826902866 5143099.1171875000
165106613.5071635246 5147737.9453125000
