137078772.6328280568 2990867.9677734375
137226751.3069949448 3002886.5888671875
134735364.8386309743 2703208.7568359375
137778942.9823222160 3032126.1298828125
137687299.7930159867 3030987.4501953125
138524493.3676582277 3074875.6181640625
139494978.6798823476 3117926.6689453125
145587732.6101547778 3250117.5908203125
136124203.6269544065 2903520.9521484375
138603089.6720856428 3075596.9111328125
139287735.3367970884 3110561.1455078125
133112596.9211043417 2169407.1689453125
134377793.1761561036 2631886.4541015625
136122748.4596899748 2902730.4873046875
138429027.1102403402 3069790.7744140625
141323124.8764652908 3186559.2314453125
144592454.0841583908 3244413.9775390625
136063670.1228925884 2894936.2939453125
138294032.0682981014 3063962.9931640625
138480571.0801687241 3074378.5673828125
141535426.8992764950 3191858.2626953125
144623215.2933555543 3245138.5634765625
137961873.4723106921 3045462.1767578125
138191557.6557716727 3060013.1572265625
141815099.0385347605 3197898.0166015625
133611541.9812492430 2427998.4736328125
135131899.9867923856 2772324.5576171875
136708185.7436506450 2959827.7998046875
136629895.5825634599 2954242.8388671875
137409342.0967009962 3014921.7880859375
144712962.3187209666 3245461.5322265625
133562189.0528575927 2408372.8349609375
133680021.9351390898 2445992.2119140625
134851038.5140390098 2730457.8017578125
136000368.1559979022 2886134.5732421875
142771353.8921268284 3216838.7626953125
133566551.1235112697 2417055.8115234375
134425430.4284068346 2642531.7802734375
136044776.3108261824 2893810.6904296875
136425829.5454781651 2935466.9716796875
135992983.4429893196 2883192.1201171875
137567189.8908927441 3022291.7998046875
146857450.4737715721 3254197.6806640625
133213101.4042528421 2261301.3837890625
134984694.9337937832 2747279.9306640625
144684848.1907928288 3245265.6767578125
144372552.7556487024 3242167.9228515625
134440364.7154820859 2646411.4208984375
133876948.7290430665 2505429.6474609375
137903819.9505424798 3043783.1181640625
139363591.3627252579 3113282.7001953125
136803838.3744075894 2968545.1357421875
144462833.3227997422 3243894.0869140625
141854635.3000632823 3198820.4072265625
142624036.9498285949 3215757.0517578125
145973021.8579962850 3251791.4501953125
136091292.5264817774 2898450.5830078125
133426419.1369387805 2369528.3505859375
136140105.1621818841 2906730.0654296875
138962758.2395533621 3097120.0087890625
139433700.0873448849 3116476.4189453125
134854380.9903375208 2731432.3935546875
145144245.6987796128 3248123.8095703125
133231549.7548391372 2274626.8662109375
134430718.4352520406 2642944.3525390625
136176972.3488292694 2907012.8701171875
137802632.0564046204 3037396.2744140625
147253429.8640216589 3254618.9462890625
133141287.1366581470 2204138.2822265625
136263817.6021433771 2919118.8095703125
138759359.7540835738 3087866.7119140625
140054002.4074955881 3141777.8955078125
142285729.6651175618 3208964.7197265625
134034957.2805055082 2539329.8271484375
134759774.2045845687 2715510.7626953125
133836698.0943432748 2494501.8759765625
136658155.4713917077 2956920.5927734375
142833194.4736611545 3218102.5087890625
133555250.3736472428 2407129.3603515625
146115695.8622807562 3252590.0517578125
133410216.5964339674 2365352.8271484375
134415762.6660645008 2637417.1318359375
138043514.9281834364 3048756.3447265625
145729058.7127998769 3251237.3994140625
136191689.8353083134 2911920.7822265625
138729087.6490285099 3086067.4541015625
142581026.1548655033 3213697.3486328125
136856981.9820037782 2975743.5263671875
146251683.9447127283 3253010.0478515625
133609165.3785047382 2422515.1767578125
144193070.2166609764 3239760.4189453125
146558823.0733372569 3253527.1025390625
146274713.0128024817 3253143.2548828125
136755328.0857889652 2967772.8544921875
137103373.2385958135 2994815.1005859375
137093233.3434101343 2992718.8037109375
143679316.2106595933 3233274.5205078125
137210281.4945067763 3001248.5341796875
138065832.9004968703 3053547.5361328125
144149791.9311201870 3239682.7666015625
133085298.9399522394 2126004.2978515625
133455885.7344033569 2379410.3408203125
136277250.3651715219 2920618.9345703125
139273750.3567053676 3109516.6611328125
133431504.9495763630 2372008.0146484375
133401807.4036779106 2361774.0185546875
141453306.5868820548 3190428.3876953125
133973575.3434570134 2528972.9970703125
142592646.5136789083 3214955.5986328125
146791892.4501080215 3253975.5048828125
133533272.2539754957 2405534.7275390625
137789289.4524251223 3036393.6962890625
136961490.4624761939 2982977.4990234375
134457973.0572597980 2652675.9208984375
134918102.4487707019 2741728.3642578125
136311210.3445575535 2924782.5205078125
141282276.2037005723 3183572.2939453125
133519292.5277528167 2401115.8818359375
141356836.7874773443 3186694.1455078125
138901028.1938606501 3093465.3173828125
141411343.5825829506 3189476.5166015625
133928096.1811605692 2519263.2451171875
141298277.4140198529 3185309.3251953125
139392806.8896507025 3114297.0478515625
134408564.1808005571 2636621.9365234375
142884544.0759904385 3220143.1962890625
136910358.2230657935 2981383.0224609375
137288099.1242336035 3008218.6357421875
137504165.9859578609 3021289.2216796875
136594797.4781032801 2948340.2158203125
139316641.4715348482 3113240.2900390625
140296853.0695102811 3152693.5986328125
141290368.0181467533 3184174.9228515625
137644448.0633076131 3027106.2294921875
142931751.7021043003 3220441.3994140625
136601041.4803908467 2949255.1220703125
136573243.0386714637 2947706.9111328125
141155140.1391678154 3180118.0673828125
137465518.7752087712 3018469.3583984375
137012308.3716792464 2988383.0185546875
137169083.3664633334 2997752.4248046875
141196996.7386398613 3183223.0517578125
136972347.5721219480 2985443.1396484375
137370267.4031875134 3010362.7998046875
133156244.7764468789 2217794.5927734375
139132357.3511545360 3104207.1337890625
142300417.3119317293 3210068.6142578125
136460120.8242007196 2937626.2041015625
136543025.8533912301 2946263.0751953125
140235451.1059145331 3149943.9814453125
144435966.8307698667 3242465.1455078125
133218423.6541737765 2266704.7314453125
141735949.0995715261 3197328.6572265625
136981301.4785382152 2986788.5419921875
146389172.8004455268 3253147.2392578125
146435788.3191680014 3253365.4306640625
133873093.4392943978 2501139.2841796875
141723635.0506131649 3196291.1728515625
140322606.1758292019 3152991.4189453125
134398384.1006582975 2635861.1044921875
133094625.7691444457 2148122.9287109375
133955318.7473355234 2525689.1259765625
142933971.4573124051 3220985.9345703125
142835468.5696198642 3218765.5712890625
133832016.6707314253 2489165.8583984375
145308094.4205234945 3248998.0087890625
140740802.6036743820 3168581.4775390625
146659001.9180564880 3253644.4775390625
134825254.1398962736 2727787.4892578125
133518368.9449261725 2395415.2431640625
142192245.0492607057 3206328.5634765625
133499434.2025663555 2391929.3134765625
139402836.0139267445 3115162.6923828125
133113749.1428627372 2188920.1787109375
134891038.1997662187 2737796.2333984375
133967720.9986412227 2527292.7060546875
140008731.3383250833 3138988.2431640625
143657427.4791994691 3232172.9462890625
135179404.0352618396 2777832.5654296875
139222047.5685608089 3108453.3134765625
133978803.0692537129 2529928.6787109375
134362330.0797248185 2627281.1572265625
140152627.9518858492 3147319.4736328125
133942785.7781842053 2523079.5146484375
133381861.1747251451 2347197.2392578125
143920932.9734297693 3237150.2158203125
146097027.0138659775 3252428.3798828125
134789891.6965828240 2720555.3896484375
133291865.6385482401 2294534.0634765625
134020674.4560262561 2538408.3603515625
135328809.7417575717 2796315.6455078125
142067813.9607390165 3203762.0908203125
133167611.4826363474 2224571.8447265625
134388442.9667102098 2635462.4091796875
133090259.6561918408 2141981.7197265625
133124631.8901421726 2198519.3232421875
133123258.4518907964 2193076.2236328125
133348048.3894624859 2323920.7861328125
143569218.6175499260 3230964.2119140625
134489005.2991766930 2659212.1103515625
141068188.0292333066 3178633.0947265625
145811500.5413608551 3251312.9892578125
145661216.6419081390 3250891.7236328125
146766749.2238787711 3253813.8330078125
141000467.0503149629 3177239.5908203125
138832224.9521329701 3090672.1884765625
133492676.2378332764 2389466.8427734375
134948891.7109155357 2746627.9912109375
134888050.5052659512 2736031.4912109375
140116833.3668538630 3144759.0244140625
133706662.1949923635 2453388.0615234375
134044662.7938919067 2548723.9794921875
142467149.9402944148 3212513.5009765625
145431666.8958478570 3249769.3876953125
135390757.8348205388 2802501.2431640625
140198030.8794142306 3149445.4033203125
135281687.4270111620 2791567.6259765625
142380126.3213039041 3210840.8955078125
133183715.9133728594 2242017.9951171875
145394269.1544227600 3249602.6650390625
135336894.5124292672 2796594.8740234375
138625569.0794718862 3078943.0400390625
140866970.5813754201 3172892.4306640625
133939922.0337463915 2522221.7431640625
140421423.3199726641 3156880.1181640625
143705187.4375794828 3233844.9501953125
143193142.6993276775 3223700.5517578125
133177548.5115204602 2238574.8212890625
135232420.4527710676 2782626.7978515625
145904328.7120396793 3251428.2626953125
144019200.4160560369 3238438.2900390625
139715756.2410078049 3127506.1923828125
133194901.5598895997 2247464.4775390625
133095885.0894301683 2154205.3720703125
145001386.7162380815 3246966.2783203125
143113296.0931043327 3222307.0478515625
133102858.4856152236 2168366.3115234375
133101961.6317272931 2157625.5029296875
143675181.8220824003 3232297.6142578125
134899063.7000149786 2738281.7822265625
134542215.5502125323 2665599.2177734375
143875812.8678217530 3236511.7978515625
144136283.9340884686 3239544.5361328125
135361581.6840478480 2798707.5693359375
140731584.9073757827 3167466.9150390625
135242561.7431631684 2786430.8427734375
133757149.8292412460 2468802.1611328125
144957073.6055874825 3246630.5947265625
134698332.2365371883 2695856.9970703125
143999600.3172580004 3238165.2236328125
141270699.9735416770 3183303.9697265625
140645408.5069471896 3165307.3369140625
134647174.4352547526 2689982.5126953125
135082572.0839690268 2765182.4619140625
140585200.5722566843 3163407.8876953125
143168359.5333987474 3223476.3759765625
142050911.8411672115 3203542.4345703125
134555784.0256618857 2670015.4951171875
134577979.4539987147 2675142.1376953125
135588692.4568015635 2826752.8896484375
138717066.0499220490 3083308.3916015625
134204462.9189988375 2564455.2822265625
134087363.8213575184 2553161.7314453125
134144465.8483179212 2555945.6787109375
133997757.2278547287 2536276.7607421875
133323982.8403877616 2318148.9384765625
145115038.7742240131 3247089.8564453125
133746671.3800612986 2464702.7412109375
134703412.7987279594 2699031.3447265625
142782341.0456813872 3218017.7158203125
133903212.0129495263 2512311.9833984375
133303650.1181609780 2305546.5771484375
141934770.9178504348 3201427.8642578125
133720586.5954522789 2460570.5869140625
135837466.9725409746 2850643.0224609375
135720261.4685758352 2837210.6044921875
134632127.3315935731 2682964.9091796875
138609105.4773972929 3078197.6142578125
134840872.1066058874 2729245.8232421875
135556733.0114633441 2816677.2626953125
135706096.9283136427 2835815.4501953125
135846376.9019821286 2853035.7119140625
133398630.9755054265 2354698.5810546875
133176246.0363529027 2230302.6455078125
135928086.1579220593 2861527.4267578125
147141576.5326063633 3254321.1064453125
133798392.0950743258 2478191.8369140625
140106993.9718440771 3143687.5712890625
133356127.5940468907 2333533.1279296875
135822562.0397792161 2849268.5908203125
133363099.2336330861 2337606.8232421875
135779895.2763722837 2844476.3896484375
133664655.3915568292 2439495.2412109375
133650136.4825503826 2434227.8291015625
133297243.4396722317 2302037.8291015625
133275426.8687635064 2291668.2275390625
133151103.5354140848 2207330.4052734375
133292211.7839857638 2299713.2470703125
139701412.8604838848 3124810.4775390625
133272360.5859169960 2290395.3603515625
