102501191.3676975071 177734.4480917454
98959685.8965432197 92860.4742608890
106445343.0744646043 215691.1689453125
105975090.1806843430 215159.2287597656
99390674.5926164091 110315.5996900424
99677074.6449735165 118455.6212886795
104114260.0692639500 204538.7986450195
98514128.6335863471 69909.7929340154
102590575.5601958483 179072.9070034027
98153173.4248478115 38514.5218603490
99329860.2337813526 109115.1212348370
102533768.4332700223 178867.6361732483
98145765.4636357427 38295.1364778159
104617482.2997178137 210157.9019775391
99467235.3252845407 113843.5358854160
98128334.0336112231 38150.4716589330
102467474.4730900228 177554.7226942778
98493562.4868323356 66402.7243940532
99750320.1339472085 120882.1134286523
104847651.7853725404 211142.4034423828
98917796.5606276691 92360.4354745969
99570357.6331503093 116681.7327700406
99899723.7066851258 124554.9664818645
104370342.2174040675 208220.6540527344
104353186.0525797755 207961.8854980469
98263516.0587611794 51632.9407310188
105382973.3383984119 213465.3359375000
100974283.9685611278 147564.8344683051
104171702.0988714397 205572.7382812500
100711529.8992951363 142298.8293413520
99724298.7370914966 120804.0438051969
99547977.8081654161 116658.9816402420
103001836.4081511497 187290.6190338135
99549179.3595363349 116659.9287038669
100295631.0484141409 130766.1976153255
105835524.8355560154 214471.0927734375
98995687.7867247760 96739.5970197544
104092571.8201882094 203767.5881958008
104912579.3632997274 211200.1992187500
98159436.6243131161 39864.5952040432
99282553.6422941685 105627.5373706017
99787518.6440222859 121179.1986814737
98345405.0624421239 56240.6433382332
102531844.5224635005 177760.6460609436
99061454.8831795007 97934.9906954393
100072976.7333320826 128997.4164835215
102406158.2045024484 174641.2682094574
103956634.5534899384 202191.8152465820
99201816.3386766464 102490.7614096627
104730123.4102042466 210933.1695556641
98234863.9122606665 48437.5297656683
99993560.3489260674 126015.6099897623
102596433.0902765542 179731.8519191742
99822111.2072558105 121837.0704237223
98303173.3491791934 55668.0299349129
102882109.6706260890 185010.0287914276
103458867.0194732547 195145.7376708984
99190746.4675668478 101611.6482835636
99787601.5460834354 121699.9219709635
103442071.4944071770 195086.3448181152
104293450.5555202663 207355.4145507812
98282201.8928407431 52551.3642875580
99239052.4781842530 105446.9016887769
105911175.2679746747 215123.6723632812
102740176.6557106227 182628.8807582855
102654970.9515417516 181853.6131801605
100063737.0749788731 127679.2344824076
99288225.8424939364 105812.7992902622
98230656.9266041070 48140.6656299261
98370561.3069514185 60029.5906648934
98644967.6759759933 76929.2569107413
99207286.5680468380 105305.3669172153
98526488.6169458032 70036.8694423437
99329193.5553392917 107205.9074941501
100146522.8650951833 129068.8999229670
104311363.5036068857 207494.8400878906
98247958.0947697312 48502.0018039374
99990069.7220528573 125395.5583688005
103222396.4824665785 191114.9581604004
100829710.0610673279 144090.6756314039
105269359.5356813967 213128.3286132812
100054610.2693189532 127512.3956152201
99899855.2973998636 124946.5888878107
100067422.8400109410 128625.7582308054
99874204.0102195144 124503.4471956491
99362911.8861267269 109547.8686452731
100963333.4386316985 147379.5246843696
104784687.6982084811 211109.5394287109
98282180.9934204072 51725.4032449722
99595269.6295836419 116988.4178742170
102765363.2448343188 183054.9944190979
102750951.6147248000 183049.0378932953
104136287.0686178058 205331.6420898438
104383247.3147768527 208462.4046630859
98630628.4645437449 74205.9019214511
103760857.2399607897 198772.7855224609
98249371.1098452657 48545.4642748088
100820336.0019710064 143601.0978350043
102700015.8825479299 182612.2847118378
103528610.9924307615 196584.8126525879
98468976.1469100714 65644.7655240893
98562581.0671211928 70072.9618076086
99875376.8823857605 124533.7786718607
100557893.6974657327 138385.1397734880
102686970.0035962313 182057.0453624725
102664189.1312149763 181948.0043067932
102994375.7664270103 187159.9511260986
103936432.0792699605 201164.3767700195
99168072.7405170053 101292.2322202548
98765814.6013143212 78025.9555912614
98195541.4826823324 45171.7058861582
104231928.9944137633 205677.3073730469
99408313.6484506279 111922.5785686998
102645373.7390301079 179966.2477989197
102461485.3856218010 175666.2151718140
102893075.6942128539 186056.7666072845
99410981.0301871598 112537.6176687106
103134340.6769382060 190223.4940185547
103438514.9048361182 194869.2623596191
103462085.4422193468 195505.1044006348
104648951.5349757075 210205.1531982422
98500329.8761141598 69652.8574624062
104014232.4544983804 203274.3371276855
98311435.5826142132 55828.4402132332
105564331.5648179799 213969.6076660156
98217336.9903063029 45320.7863304941
103201625.8544571549 190923.3222961426
99700619.5182430744 120411.4676367044
105022761.9850357026 212245.2597656250
99124081.5034059137 101107.1045006514
99439538.8701921403 112891.6303063243
103772393.1218793988 199749.1077270508
99053883.5514932871 96810.0641828403
98233622.4272398353 48206.3208237318
104980523.2283004075 211816.2384033203
98600308.0196235031 73905.4610148072
100976112.0620961189 147705.0391498208
102958234.9281374365 186978.5735321045
103376496.1344398260 194128.6784820557
99334120.7778834999 109322.2423649654
99565750.9235256165 116672.0827110186
99097911.5443260074 100861.9080549106
100562949.6671279371 139320.2123979926
102694251.6307018548 182419.8538131714
100913256.9275154620 146561.3450580239
104096680.7701213211 204055.8581695557
98749579.0900834650 78014.6005853713
104263792.7939269245 206064.3288574219
104086817.3729030341 203571.7392578125
98586389.3006466925 73578.9097552299
104549562.6625658870 209339.1693115234
100471650.4319267869 137862.8824419379
99320040.6615225822 106410.8891028389
105636084.4487598389 214348.4047851562
104266723.8541854173 207186.6179199219
104235793.8994527757 205820.8450927734
104538536.7829896957 209284.9234619141
105782950.8250429034 214395.6560058594
98663175.4531817436 77556.5559715033
102838373.1558287144 184067.5407257080
100995761.2088546455 148046.9043643475
98568957.8706221730 73434.2449363470
103568015.3215734810 196845.1448669434
104474621.8702800274 209237.6722412109
100738490.1433364004 143529.4144082665
103333303.6729900092 193426.1151428223
99199163.6467342228 101858.3144040927
99928316.6683379114 124956.6065460443
103846581.3504420966 200623.6986083984
103938368.2065836638 202061.1473388672
99541189.9843066931 114004.5402884409
98223976.6762063801 47530.7866067886
103191054.5204304755 190767.7167663574
105909614.7755700052 214537.1042480469
104766373.6597949415 211043.5758056641
104265417.2391162068 206181.6363525391
98718708.8795232922 77828.5266746283
102795480.1016508788 184033.7334518433
105530951.6321650892 213903.5961914062
100379084.6789024770 134443.8527178168
103246547.1211888045 191722.1081085205
103182686.5752128214 190739.6533813477
104933514.8837922066 211277.6951904297
100585168.7039752007 139664.2003579736
103595298.0788633227 197338.3959350586
103123321.0112724155 189024.5581817627
103003397.0820674896 187694.3440618385
103150656.8122511655 190709.6487579346
99604607.9929176867 117001.2554803714
103905017.6330773830 200722.3911743164
103042588.8764898777 188046.5982284546
103650665.6065501869 198642.1176147461
103125651.9270862341 190207.0959854126
98257261.1760866344 51473.4132967293
98176853.7664509118 41198.6208939431
102858126.9018190652 184577.3544769287
102795266.1981922090 183573.4130935669
98192246.2965234667 44233.0902329115
104418442.7856813371 208509.6558837891
99087328.0007146597 100094.1770101413
100362767.7369546741 134048.9470781684
103002612.4160256386 187396.4339523315
104301989.2501807064 207411.7027587891
98248065.5561382771 48530.0992845744
104083859.0947986394 203424.1908416748
104265000.1830212623 206107.9810791016
99872478.7761193067 123798.0546308756
100940309.8387947083 147273.2499911189
103202704.9048071951 190961.1859893799
103510398.7160060853 195836.8269348145
99402343.6895808727 110552.6944509372
101009671.0888127983 148157.5938823223
98173692.9177004546 41198.4752953378
100840993.7380054146 144145.8047441840
104938554.2421203852 211469.9921875000
99374039.2490041554 109619.2948842868
105220372.2715819776 212353.0610351562
99618733.8131275624 117011.2731386051
104072326.2441999763 203377.3126831055
100391072.1775313765 135096.1467241645
100726758.3102444261 143442.5234331489
99047173.9417769909 96767.9256654605
103542978.2418517768 196843.8598327637
99621019.3289545327 117036.6939475893
100842536.4317941517 145056.8026079535
103388671.2006768584 194729.8368225098
102903201.7554073334 186084.7849502563
103099530.4970793128 188731.6779098511
103388544.5151155591 194561.0401916504
99826258.3276774138 122496.6919756681
103270918.4717973322 192466.3256454468
103146688.4018647522 190611.3498153687
100711503.9579353482 142045.5280852169
100670504.0151470304 141985.1934770942
99628684.2536343932 118045.8917701617
99764080.8549953401 121145.7381809130
99523856.4860514402 113904.9550290927
98466912.4173019975 65301.7683110833
104616728.9968853891 209695.7620849609
102942804.9974323511 186502.5875148773
103242397.3256999999 191517.5924835205
100547234.0115744025 138360.6759104133
103091172.5245791078 188483.2748336792
104239135.2822167873 205993.3024902344
104676072.2139523923 210268.3082275391
99575738.1810094267 116682.1003692523
99426409.8763218075 112547.6353269443
100569011.2745164931 139370.8642302752
99656694.1524281800 118060.3970586006
100706590.2382857352 141988.9643684030
98594774.4542082846 73687.1751703322
100503992.0717852414 138273.0127519965
98439880.4003310502 61579.4488574266
100891912.4442221224 145689.0664433241
104438517.4029148817 208572.8109130859
100627305.1460025609 140529.9858583808
105172492.0939168930 212263.6519775391
103287156.2625554651 192678.7853240967
103832143.7840435654 200140.7637481689
100647267.5165773779 141426.5507266521
100499076.7453196645 137863.8295055628
100328081.7106565833 133915.6015420556
100438310.9046491832 135303.9506375194
100562108.8705144376 138470.6466326118
100205227.4425480664 130379.6902193427
100315380.8484165072 133740.5714067817
98399065.6023437530 60668.5136741996
98442306.2971336693 64916.8448508978
104901248.4786906838 211151.3770751953
100247792.7535885721 130458.1234107614
99327473.3790761977 107183.7554441318
98480079.2778342068 65686.0289406776
100178979.4616551399 129929.8722350001
99980009.1142099649 125365.9070540220
98454182.1711587906 65200.1813333631
98362290.4566743225 57337.7159832120
98421123.5049535036 61560.1315371394
98417833.1145461649 61217.3028274775
98400434.9934920520 61175.2080769539
98352117.9652929157 57052.8970417976
102054997.8224879503 153549.6380375731
102249769.3282273412 155277.4886533841
102327568.6085940003 156154.1647771299
101818296.7747181952 149403.6347381771
101895588.1498659253 151993.4919775798
101813849.2931018174 148870.6412140205
102054927.8553165793 152927.4116607978
101862229.9702046365 149962.5206793620
101852631.5614578873 149702.0901459754
101743777.4808884114 148299.0031202547
101885203.6570663005 150463.0939619876
101722085.7613235712 148184.4043612313
101970666.1508609056 152287.1543530732
101798529.7726278305 148733.0452019348
101787455.2773049325 148525.5306490733
