730864013.6100767851 135485.6215484510
730983892.6355351210 135512.7066653043
731234600.5471171141 136420.1191549762
730794415.3270902634 134985.6008527032
730632517.2348395586 134663.9550979505
730842692.9217995405 135474.0299102231
731117837.5581671000 135813.1844457551
731030549.2069748640 135690.8635098948
730694103.0742090940 134827.8042715951
803383391.1155087948 283100.3598403931
803731629.9430046082 283442.8445205688
803100045.7120808363 282768.1247482300
803006636.0812498331 282349.0893783569
730368131.0034646988 132947.2663128595
803649520.8995982409 283380.2766799927
803820209.2541584969 283604.6571731567
803399248.6566263437 283333.8583755493
804459902.4022706747 284344.1122665405
803935148.3834848404 283655.6661148071
804207077.6595547199 283747.0114212036
727145447.5606926680 113855.6136748379
726904277.3158303499 113436.8885421341
727056378.7690135241 113634.6174496522
726709771.6851319075 112426.6287209576
730198809.5369188786 132027.4389629974
730459999.0797915459 133776.5481755952
730438058.2911971807 133047.0547351627
730369911.6415975094 132998.1061154022
752282354.6298211813 200907.3302182197
804796735.2871828079 284402.8247909546
804322794.9563089609 284152.7948074341
805135066.6632479429 285033.0739669800
804900196.3610471487 284790.0974655151
726580992.4210523367 109358.1238316445
726619828.0855311155 109519.6348103432
726719943.1999946833 112654.4934660977
726826075.6046795845 112726.6167499867
752498566.0276745558 201137.0027365922
752642261.4266873598 201415.7413946330
752584738.3745607138 201310.9912656783
752320970.0188568830 200915.7996553420
752693824.9584726095 201625.7698877879
752007725.6858035326 200092.6199003696
752198965.7724651098 200876.1885103225
804837517.6961538792 284685.7227249146
805067552.1904169321 285028.1359176636
815032002.6254920959 289699.5611267090
816000508.0493952036 290196.7097167969
816430406.9595288038 290208.0350341797
752126497.1705163717 200529.0261134147
726637093.7388359308 111354.1072235068
743513318.7712889910 178843.5478941922
750950103.6050505638 198368.3858196381
726665103.7652448416 111817.3985329287
744382801.2844115496 180800.8405882840
743686528.5978688002 179686.8717772489
751084741.4981257915 198517.3444797639
751663692.2487308979 199302.1988031510
805399106.2582368851 285199.4975204468
726648250.7265862226 111698.2629911488
750646370.9503808022 197371.4381606961
750770755.4038803577 197579.7137954617
775455986.2046451569 239180.8671089709
805444447.4144046307 285221.0567398071
805917282.1156334877 285583.1258468628
806133979.4839603901 285618.8457260132
806244161.0845023394 285963.6240463257
806820185.2674807310 286441.4882888794
807481115.1504642963 286710.6464767456
815407609.1764841080 289919.9138793945
814926223.6567475796 289529.9635314941
807631457.7636070251 286773.9355087280
744077593.8303425312 180548.4365351287
774969950.2031736374 238249.2798563540
775126358.1226730347 238645.4233433306
775655603.5479290485 239506.3270765841
806344382.4708948135 286115.8385848999
806496489.4969902039 286265.2248153687
807525017.5756827593 286724.1290206909
806655642.6506130695 286437.6576461792
807162461.2875062227 286705.7891769409
814928461.1019842625 289622.9800415039
815504390.9975486994 290049.3394775391
815724640.3543109894 290097.0613403320
727363179.3724321127 114658.4262272588
727532656.5670267344 115823.6677651545
727536414.7013806105 115939.0922382460
750040747.3398593664 196133.4275328498
750059930.3314681053 196183.7490507942
750352414.3098243475 196801.6884429837
750165756.2662693262 196366.7379523199
814734476.5626225471 289290.8337402344
814841374.7996655703 289508.7537536621
749618439.6148360968 195219.1258789878
749689974.4125417471 195226.5066126433
749294680.3604106903 194307.1963135581
749268966.7071704865 193684.6496275398
749027462.4125165939 193414.1714771721
748647399.9394270182 192078.1601694557
748993274.2627031803 193304.1609562370
748929838.2588300705 192954.2734087440
748880064.8135483265 192262.0923478338
748825981.2052662373 192216.8640887100
728321862.1236370802 118317.4040590567
728157530.5868924856 118269.1103840583
728305256.9196817875 118307.9973233715
728354910.0904325247 118358.6644464778
728198631.2825251818 118303.2701537833
728393077.6178086996 118370.0988115185
748851275.0006940365 192227.0149196345
814340657.7850172520 289072.2434082031
727993029.8612385988 117396.0677579418
814302344.5920972824 289031.8562927246
728410553.9996033907 119061.1637760291
728445694.3413101435 119271.3275201620
728405593.8849884272 118453.3082318531
744763356.0158977509 182146.7691523869
744614083.6218597889 181529.1971454759
748023295.7692170143 190155.3452844802
744700052.5309031010 181652.5685612916
747942951.2032494545 189610.1291856948
747624808.7443497181 189211.3116655532
747362328.6923935413 188416.7131440821
747182968.6935954094 187749.9126775447
746671171.6009428501 186701.5499625388
775809955.9019184113 239619.0816542208
729565191.3084089756 124059.1269444019
729280035.4810814857 122800.8179118705
729307097.0456819534 123143.8953960013
729428055.9060289860 123445.2298047948
729662451.1939189434 124349.8069859454
729820290.1570339203 125826.8143486525
730152945.8832726479 129546.8777653806
747107008.1826279163 187377.9213374141
746808300.5296614170 186864.7298160889
746811639.5282166004 186871.8261771384
729721452.4861388206 124447.1358362115
729749258.6860730648 124828.4900545026
730116468.3594133854 129509.1761442207
730034965.6624372005 129453.6785245918
730153897.9892200232 129600.8139338487
730079693.7078197002 129494.5377036178
746833705.4259006977 186916.7301764670
747124599.0815086365 187499.5231528464
746975210.6756658554 187235.7095131013
746756445.9936287403 186837.7577872458
775756722.2402144670 239561.0445143282
775296426.1417089701 238781.4359394610
775524857.4063113928 239350.8445021212
729930754.1711332798 126288.7953808005
730025674.3427863121 126576.6535963641
729804641.9051899910 125558.0248840298
745169446.6474205256 182652.9340210323
745289203.5626153946 182833.5605654511
745733506.0791063309 184039.0822409573
745400053.1536049843 183321.8923401971
775924500.5480165482 239777.5927626193
775537388.8133846521 239415.8542372286
776609250.2641267776 240653.8293959200
776506385.4365950823 240208.9290701449
776119089.8007104397 239850.1274401248
813037825.3054190874 288303.2883911133
730022615.0273261070 126375.1742657493
745518466.2551054955 183338.3759439354
745027595.3001532555 182426.4463785057
744726441.9363448620 181741.0044556026
776290689.9256118536 240183.2811590731
813398189.1955342293 288531.0931701660
776125686.3671010733 240028.2724691927
812625345.2101286650 287919.1337890625
813145706.6683938503 288440.4654846191
812834423.9650959969 288213.3279418945
812582699.1644062996 287919.0505828857
813230109.9362676144 288451.0414123535
812807053.3353734016 288050.9876403809
743409412.3131020069 176147.7134750802
743064951.7164285183 175173.4230141458
743344528.1776623726 176100.5062012491
743009719.7109688520 172426.1860913642
742832079.2049735785 172185.1503873475
743035302.9455028772 173125.6955823310
742341773.0768940449 169604.2807580833
742244735.2716562748 169067.2099452619
742038478.9057749510 168124.5338782970
742197603.6314492226 169055.9834937755
741952863.2427573204 167125.0263215904
741981643.7956826687 167255.8837015037
742004123.0276162624 167264.3698770408
742012326.3203840256 168040.8567926292
742010467.9005889893 167624.1954527054
741892572.3234627247 166984.0551938419
741406490.9462975264 165653.8775510710
741812463.4667122364 166734.4377783608
740739241.4363347292 163195.9255143028
740693996.0613255501 162935.9203091484
740693170.9628314972 162883.6200900833
740578002.1285731792 162205.1500728127
740560330.7522039413 161686.0848506239
740255385.0046281815 159647.8502934934
740305636.0402922630 160356.8482734920
740399732.8195884228 161010.8081781627
740306020.5930395126 160419.5196220637
740246455.5830851793 158988.0601707683
740024373.4832525253 157476.6395081130
739840679.2409794331 156751.6373611537
739738594.0708951950 156639.6672988978
739603699.8581728935 156157.3234981445
739901051.9939002991 156814.2465950099
739391179.4509378672 155216.1165686917
739517850.1001765728 156125.9388164130
740082492.7017638683 157576.4666880217
739484160.4963431358 156024.3781753627
739382073.4989500046 154647.1096201618
774705686.0887951851 235238.7079555988
774547649.5024186373 234966.5533393621
812513434.8921892643 287569.5339050293
739016554.7642538548 153128.3208374423
774080741.3550463915 233555.1807076931
773790888.5474541187 233020.0623109341
773711274.8909498453 232854.7700135708
738636392.5227490664 150738.0999824912
773538742.6955949068 232443.0468385220
773597608.2689487934 232636.6324250698
773984764.1159411669 233271.2695125341
738775765.1743716002 151217.2930300147
738528627.8526831865 150533.6933789761
738296800.1740337610 149690.6018220992
738400051.2402538061 149725.7429809636
738366423.7998350859 149713.4789888472
738150964.6622453928 148885.6409217925
773948000.0710180998 233050.0738072395
737830074.3019725084 147553.0800255598
738149088.6428300142 148828.4212686629
737815735.8152545691 147009.2093743146
738123098.2620728016 148432.9737938703
738095984.6594308615 148380.9927503155
737344091.9680714607 145992.5326729701
737168486.3173648119 145130.3010442243
736990036.7104042768 145124.7144356654
736668435.3284233809 144136.8074471042
736160723.6690222025 142217.4999190704
736424017.6917158365 143396.7932170914
736398788.3628207445 143271.6069605560
736182317.0371364355 142341.6512445644
736245372.6483186483 142414.3502163426
736369121.4533456564 142533.7244464220
735711663.6207544804 139384.8219721285
735683044.8278248310 139328.4815436774
735571246.6932399273 139254.8080737093
735743840.7562322617 139639.3394561508
735115096.3521113396 136637.6665299488
735559519.1173264980 138817.3660316449
735281753.0903141499 137891.9356592917
735467644.9521820545 138291.4125643470
735333256.6867556572 138134.0172878006
735108280.1404809952 136437.8539145542
735201455.6022367477 137386.2743603983
773086341.1837376356 229582.5708008111
773015788.8312914371 229265.9352159798
773336661.2603369951 229673.8933077157
773344291.3527693748 230266.1222925484
773081635.4487948418 229467.9043984711
812265573.6833671331 287208.9530944824
772786676.3882339001 226189.2099193633
772946849.5077422857 227425.4425109923
772878350.7556918859 227168.2681774199
772847739.2769122124 226653.6540261805
772692197.3704231977 226067.9395941794
772682885.1891984940 222455.5857746899
772564590.8966759443 221751.0637926757
772165607.6714925766 219419.0191015303
771789851.6295033693 218507.9701220691
771188278.4284838438 217148.0033407509
770992706.2278870344 216257.1305910796
771449140.4311854839 217827.7365331948
770795190.3158926964 216077.9208208770
770975797.7642077208 216088.2753054351
771320097.0389126539 217179.1496378630
771420458.5180444717 217469.6122986376
771145141.3229458332 216967.7710177153
771122555.2889941931 216760.7200228423
770770631.0422452688 211904.7078819238
770677290.6979540586 211333.9796838723
770524334.6521533728 210396.1407489739
770336335.4037406445 210106.7814044915
770053922.9813181162 208611.3760697921
769642150.7028216124 207680.8872201522
770034548.9671490192 208044.9036603053
769838054.7382690907 207905.0584817012
769789850.5578565598 207830.7430367549
769943978.6916531324 207936.5718674739
769444748.7622592449 206035.6753668864
768255860.5285865068 201846.3164235132
768733813.4255989790 202959.8289207802
768412530.0277301073 202097.8993391381
768953317.7253257036 203172.8230002006
768697418.6677650213 202600.3424467430
768999807.1202241182 203268.5497574196
768590164.0264397860 202383.4847196923
768654833.5536289215 202589.3622221337
