770999299.9131152630 2464180.6522438526
812045195.2999335527 2736568.1665039062
683361483.0576992035 630823.6990549497
683729734.7602643967 655054.8214206628
684494088.5843704939 708005.4076611779
730695033.6590780020 1887034.6077494808
730367022.5368589163 1882628.0075411983
731321581.4550347328 1899858.1280365176
737958445.0525745153 2009007.8645366430
738103829.5878676176 2014660.8162955046
737921473.2928344011 2008905.3653483838
737833026.8173049688 2007403.8907583952
738376105.8019152880 2017193.9602774382
739279273.6412290335 2022995.0042837858
738710991.6348119974 2018298.3088492155
738851031.5224801302 2022068.7626379728
738886445.8108874559 2022086.6829947233
699959413.0148385763 1238371.4926208225
737875026.9924010038 2007804.1156119108
738242801.0744918585 2016400.4632681608
771364744.0516757965 2467450.9748563766
684387766.6372455359 707213.8108562462
684340334.1059767008 707152.7748055689
684173978.4608110189 699491.0305208198
686668371.8131622076 796478.5420405825
700752622.9667717218 1262018.6267891047
738061384.3272200823 2013657.0299185514
700075874.0465153456 1240188.7697149632
686482890.3070698977 793336.9604386201
700119175.5607126951 1245731.1250616428
714001871.5025391579 1575117.5150114559
731931841.1405745745 1911022.5493998714
737645653.3407124281 2004516.1358755827
713958107.2294481993 1574057.7690129541
738531835.6646357775 2017487.1644400358
768367324.6928150654 2432444.2271528840
811953804.1473101377 2736442.0566406250
686394754.5725232363 788032.1642010889
683532904.6458637714 647297.5022042475
702397563.3278082609 1307619.4087494072
713739493.9295008183 1570228.9309981074
713954250.0354371071 1573514.4284367822
713851857.8527132273 1572174.2481748126
713608792.7971072197 1568063.6025090478
683979181.5069717169 686071.3479529999
713335072.6986582279 1561177.9838567041
686203392.0042470694 778890.1602959444
683730564.4000473022 655057.0296982906
683882729.9715322256 683410.2011072568
771517263.8092267513 2470038.4797585011
793063127.5859065056 2667257.4572753906
793952860.9794175625 2674908.2775878906
702181926.6290217638 1304597.9741790947
817269787.1914696693 2743451.4819335938
683868404.3864444494 677957.9521753720
701967454.3692182302 1297536.6159619507
798867685.1834872961 2701108.2075195312
770930602.5177382231 2461964.3860085011
771787730.1785802841 2472012.9739296436
811646641.6309922934 2736223.0844726562
713236624.6684248447 1554497.5483796261
737990018.2460497618 2010612.5594161749
798340482.7306281328 2699750.3378906250
812089935.3654423952 2737256.0629882812
817193166.3406355381 2743181.0449218750
770384504.6760996580 2456747.3990848064
769956027.0519123077 2454542.4625613689
798361879.1048728228 2700082.0712890625
816616091.4117958546 2742680.5268554688
769843731.9977347851 2452472.6424930096
713267990.6658207178 1558820.6577546261
770129966.0489721298 2455797.9093387127
769327933.2145043612 2447248.5799930096
684637452.3881114721 716612.5575829081
684571449.6696816683 715605.0584886603
684542190.1308151484 713882.9204106859
794005614.0721940994 2675289.3376464844
700585486.8652402163 1258657.0603828547
700975022.6635506153 1269730.2571601984
737032961.1423257589 1995154.6494027972
737505926.1756097078 2003299.8241080046
769491433.9431537390 2449952.9237430096
686073356.3302935362 773287.1035332491
737574728.9055665731 2003431.7192270160
684084793.5826915503 692331.6704888872
737361950.6673208475 1998868.1889535785
702951209.4046345949 1318069.6150680599
703057147.7838038206 1318259.5183883724
737037007.4874628782 1996358.2953988910
683794417.0974656343 676318.3179275773
702925770.3869527578 1316369.8845993099
793512478.3229732513 2671498.0346679688
686034654.5383728743 771630.6001152804
685973462.4737521410 771390.8580498507
702881946.8981999159 1315025.7581344661
737189313.9892085791 1997267.5439612865
737142532.6994704008 1996465.6350911111
685971769.6391884089 771158.6052880099
685899148.8798946142 768098.3849155714
793623075.7506031990 2672474.3359375000
811331072.7414644957 2734888.8085937500
794305344.0103003979 2676251.3239746094
811753774.7294181585 2736262.9165039062
811463257.1202826500 2735382.8369140625
685195092.3257147074 737315.7999484052
712663291.7700003386 1543393.2359649129
731107219.9458783865 1899069.3369975276
769171753.5629698038 2445703.5907351971
794515236.1421189308 2677243.2126464844
794404278.7597465515 2676732.4230957031
811795772.1542421579 2736314.8662109375
701890877.7954667807 1295492.2330055353
701227683.1757749319 1276474.4677486536
712532931.7754658461 1537469.0885039754
730189412.8384281397 1875602.6506679058
730783278.2373672724 1891921.6977870464
811172449.8019062281 2733878.6591796875
701559634.3253148794 1285942.8316993830
775721401.8345959187 2503023.7777338326
701112806.8763211966 1274380.1581611750
700908119.1629401445 1268200.6430244562
794648065.9011766911 2677321.0314941406
712942092.5205354691 1548060.7354351841
817171169.1430487633 2742791.6499023438
700359916.1692374945 1248929.0963325617
712623166.0635608435 1541578.3823162876
689663836.1461634636 874898.0178468267
775985015.1647063494 2505623.6756830513
776490665.7361242771 2509286.7266972363
776234783.5515661240 2507756.5013666451
689539403.9717221260 873088.6183001811
699242084.4617372751 1211299.5837894341
689464531.3646392822 869743.8935179154
689379961.4153571129 866452.2401976029
815483640.2085639238 2740528.0576171875
699844950.3590675592 1226962.6090359350
689133074.4724783897 857481.7236723343
699877701.0558780432 1230115.1644774338
689450835.6546156406 868031.4958211372
734794987.1543885469 1956832.1290564947
699441572.6132608652 1216942.6859666666
734246005.2087510824 1942023.2083845101
734448758.7547522783 1949821.6932477914
733643982.5512560606 1933321.4934797250
712145775.9467896223 1522616.7664238401
733791505.6124783754 1934864.9395246468
733548223.0374237299 1931744.4180402718
734255522.7685486078 1944545.1475558244
733844531.7039057016 1939320.6355695687
712310917.5286878347 1530677.5479179807
712275859.2325321436 1530541.0581718870
732530979.5447903872 1915281.4257661458
711951892.4993644953 1519808.3892412032
712188262.0435055494 1526508.4934892501
733733367.5551611185 1933780.3050031625
733443479.9875580072 1930511.3635969125
773667517.5082093477 2483738.3089838326
732896741.2002063990 1920129.2158052083
816536518.8321371078 2741239.9316406250
815103376.6757003069 2739292.1538085938
816152512.0135225058 2741040.8969726562
773796614.4634280205 2485287.1117182076
815727981.0219224691 2740698.3027343750
796815739.4766163826 2682171.6394042969
796413898.4213680029 2679216.9211425781
796543852.7316226959 2680436.3265380859
772909355.3908132315 2474178.7079096138
773095207.1270865202 2476890.2422113717
796644124.8226754665 2680696.7977294922
773057485.9734398127 2475408.8675775826
772973755.6039469242 2474517.7807855904
796684688.2848035097 2681503.6323242188
796935865.4708528519 2683698.8017578125
772682749.9996575117 2473287.3727045357
698821701.3845043182 1190868.4485878309
688996794.2460653782 837302.5432838872
729718625.7671641111 1863060.1800631639
729824426.1221412420 1865303.4230344053
729720861.7649582624 1864536.2833605167
688941375.8366742134 834954.1349851117
728287904.9906489849 1835979.9092984700
728979760.1910083294 1846792.4860303083
728539043.2211475372 1840166.9617887044
709418455.3157598972 1456061.3152605146
709116200.0156018734 1449127.4235850424
709946147.0694872141 1468289.4113762071
709503052.2955298424 1459016.7230082601
709352763.4277704954 1454402.6283675283
709223777.5113531351 1453073.3881846517
708707046.4624898434 1436119.4272330473
728050997.1199982166 1826755.4157109761
708569004.8551776409 1432641.7873404692
708732997.9684569836 1436937.2377645760
727087205.1177778244 1805770.5215573066
688823080.4342546463 826978.2106219009
767040339.8377654552 2400548.1349265575
708218696.4816480875 1422103.8628038089
707970643.3320840597 1415448.4007612965
707694877.7401814461 1407372.6445191405
726794005.9315433502 1797645.9048284290
688660367.6289186478 814967.6143036000
707331389.8071343899 1398320.2206910155
707474364.3171932697 1399438.5803101561
764670066.8630799055 2364370.9926958084
726442866.5056641102 1788580.6689679094
688617363.4755105972 809344.9489983050
765260506.3090540171 2374336.3093087673
726020475.6886316538 1775285.3183033206
765974108.9098924398 2384355.0505197048
764709029.2970005274 2366039.3822832108
725456531.8435565233 1765234.7010917105
705454002.0748025179 1337727.1735691591
697981169.1411409378 1137359.1556052649
697745699.6225273609 1128923.1482228721
765141567.3406311274 2371823.0412797928
764939671.1258752346 2369798.6022233963
705989765.0120975971 1351875.8772690794
697645740.4126720428 1120071.5218495810
697563283.6397840977 1115001.0254201377
807996258.7439024448 2702719.1918945312
808062714.2792873383 2705023.7180175781
808147756.9312069416 2705765.8281250000
808561829.7234528065 2709174.9753417969
697862701.0123169422 1133018.3467933200
807842094.7425329685 2702373.2041015625
808325643.3680949211 2708765.3669433594
808583069.2930715084 2709747.9484863281
726063332.1058439016 1776404.3146171011
705922604.8731476068 1350802.6082261107
705654409.4327489138 1343830.7061008974
705516397.3291829824 1341701.5647434755
725438921.5836179256 1762821.9093894400
725690063.7042350769 1768784.4629783072
808316509.0006539822 2706627.3669433594
705160665.8796848059 1329675.0675816103
765227782.0781561136 2372772.6778154373
765241437.8603233099 2373066.2965288162
705219326.2225228548 1330469.0387730165
705265460.9920605421 1332314.8368687197
725408809.9712988138 1758610.4366491288
778816173.1028251648 2509322.8427005932
697585667.3137865067 1117061.1113816574
720298566.1376873255 1648032.6010478698
720249274.9627472162 1645957.7840117179
720114279.9496530294 1644736.8051494323
719961147.9574419260 1640641.5417216979
751721139.0006653070 2169255.5851126313
750999475.6741392612 2157927.0385055412
720270359.5439218283 1646285.8172343932
720297368.3099776506 1647357.6803935729
720792335.8972066641 1660320.1739088260
724874840.6457449198 1748032.2971016951
724735590.3824318647 1742194.7687813826
724672983.0170000792 1740844.4918515123
724651275.8977264166 1740512.5231477804
720699956.3408061266 1655435.9936320372
752564461.7350884676 2175391.0978340795
723386161.2819961309 1709210.8594702072
752647233.6526566744 2176368.8240814684
722760137.3398259878 1692284.0688436814
721670659.8219066858 1671199.1708076783
722562131.9026409388 1690780.0576098971
722896624.0114296675 1698591.5463805385
721530206.5395785570 1670558.6233951636
721862755.9323028326 1678398.7391315289
721735908.7499514818 1676277.6052559204
753510494.4003443718 2184512.6763140848
753230861.9193824530 2180960.2719561746
752835173.7896056175 2177282.4128253153
752915034.2382777929 2177748.5526426313
695907617.0993323326 999006.3431762403
696563622.6894712448 1021025.3585906078
696585101.0119922161 1023990.3309416820
696332910.1336131096 1016232.9386301201
696208755.1580803394 1011025.7922983330
696063288.4085762501 1005805.1526550001
695917374.8553721905 1001518.4256042188
696514001.2215516567 1017278.0061441606
694914098.6892746687 935624.0894779455
695135307.0335670710 945451.7623548995
694834978.9070886374 928977.7181743871
695005337.5145100355 943390.4313930761
695014678.0154548883 943402.4606760930
762723300.4826848507 2308394.9486250877
694715798.4342213869 928489.9928099461
762044086.6927169561 2297469.1543135643
694514622.8256031275 916230.5314907830
694685243.7325872183 923261.4051250403
758165303.0624237061 2241307.3666348457
749289846.2531083822 2103755.2156450748
758925044.8093481064 2250853.5539055951
749582939.7737172842 2110351.5767290592
757869719.3277561665 2239063.1683658250
757706308.8262945414 2234955.1529239304
755956031.4234535694 2212588.6530518420
756235214.3184647560 2216836.7538819201
756699624.4524216652 2223064.3577629216
756453340.4046535492 2217677.4591431506
694310379.9211448431 882640.2057886396
750549174.8158078194 2120994.4606260103
