439365111.8525969982 5281352.3564453125
439709996.8211402297 5293470.4580078125
442456753.5781901479 5387887.4667968750
444378507.5865194798 5435105.5253906250
443820557.0096186399 5421914.0859375000
444282287.5765423179 5431099.3613281250
443869423.2019214630 5426954.8261718750
443728867.6840976477 5419942.6660156250
446930380.5371515751 5481509.9863281250
461466214.9263786674 5610628.2128906250
464056534.8135789037 5613104.3320312500
464183975.9105220437 5613919.3320312500
446806457.5944768786 5480529.9023437500
415166124.9424484968 3076015.9365234375
415177654.7100694776 3081873.0791015625
416753455.3654459715 3462456.5307617188
417032968.9601274133 3499771.3906250000
419045613.0378373265 3815266.7143554688
421422589.6648166776 4091402.2016601562
425088581.2679603696 4475893.0971679688
446636667.4617776275 5478761.3339843750
446692322.2604475617 5480493.8125000000
446326949.2581665516 5475131.1542968750
455445499.1327303648 5581831.1093750000
457082891.5249442458 5592275.3789062500
445494658.9978683591 5456713.4433593750
461178151.1193281412 5610301.6406250000
414822323.1540122032 2884589.6884765625
421508134.6230162978 4091517.4199218750
461395703.3874033689 5610467.0039062500
461237622.6756522059 5610410.7363281250
419289259.0578723550 3841792.0009765625
416408770.3458390832 3382192.9472656250
416947017.7503156066 3494633.2119140625
424833046.2802593112 4462736.4321289062
425240177.6740441918 4486976.1435546875
436374217.8135823607 5175941.3505859375
436420112.0952520967 5177684.2832031250
443449045.7438318133 5413660.0683593750
448634158.6802461147 5502460.7226562500
456715316.0103676319 5592028.9394531250
415495812.3969056010 3177460.3999023438
418993176.0647824407 3810213.8393554688
421418936.4733797908 4091212.6835937500
421591685.4541694522 4096507.6357421875
455298074.8284437656 5581594.8945312500
460931562.8983083367 5609139.2460937500
416916496.8135352135 3488297.1025390625
419334846.3703090549 3842160.5605468750
419190911.0322173238 3833510.7036132812
421825493.7568722367 4096842.5268554688
421260440.5974806547 4090778.4936523438
425301029.2097336650 4488831.0468750000
446254357.6953737140 5473027.9785156250
446312894.3954685330 5473399.0371093750
455228891.7464371324 5579713.9140625000
455247951.6287862062 5581009.6542968750
414823465.7404608727 2895811.3500976562
434855993.7623358369 5112530.8300781250
436539049.8738672137 5184062.5761718750
420969885.0765579343 4057906.7041015625
429122267.9407646060 4781645.5693359375
434900523.3739857078 5112664.7343750000
436244049.6555953622 5174262.7656250000
442964991.0623675585 5403952.0976562500
443552930.6173011661 5418726.3515625000
434626820.5100718737 5099524.9072265625
421225161.1568530202 4083822.6645507812
421163335.8526834249 4077577.8608398438
424574505.1518134475 4433587.3984375000
434687756.9062585235 5102335.8867187500
434792496.9052152038 5110439.0839843750
415571700.8891907930 3191616.9394531250
436563652.4279731512 5186662.9843750000
436529635.2223833799 5182162.1601562500
436459434.8371220231 5180826.1484375000
417179374.0489173532 3502748.2089843750
416810112.3696142435 3469381.4130859375
421070587.8043372035 4070115.9682617188
435069059.0104181170 5121469.0742187500
435942326.7962774634 5163279.7070312500
428793324.6134073138 4762066.8056640625
428785804.3724779487 4761209.5312500000
416767443.4885534644 3466829.0512695312
448436316.6788700819 5501768.7636718750
416337701.0216108561 3374891.4985351562
416274244.1659976840 3361106.2963867188
421047693.4338740110 4062667.5092773438
421055468.3534310460 4064960.6494140625
456663229.1006271839 5591315.8007812500
456809344.1705343723 5592044.9179687500
463214310.0716999173 5613044.3476562500
416410722.2812560201 3384797.3305664062
428865910.5641926527 4766183.8222656250
454916606.8380233645 5575381.5683593750
416763030.0163420439 3463542.6083984375
435787833.9149112105 5153994.8125000000
456467274.4459328651 5590909.6367187500
416418833.1653017998 3387479.7089843750
421030732.3345169425 4062228.6079101562
444951705.8681244254 5444808.9042968750
428738124.8609881401 4754266.1123046875
445403742.8273684382 5456536.0585937500
443508881.3919036984 5416561.7285156250
456118319.8721059561 5589081.5625000000
416223726.1202278137 3347516.2109375000
428835776.1201500893 4762175.4863281250
448683204.2837175131 5504144.5332031250
419000497.0762740970 3811268.7397460938
444867647.6664627790 5442451.1132812500
456274554.5822451115 5589652.5644531250
448154605.6446735263 5497701.1035156250
415477099.3930654526 3172098.3452148438
428930181.8100178838 4767568.5937500000
416838624.0532771349 3479237.7421875000
462935400.5169490576 5611799.6953125000
415273202.3234380484 3108924.3891601562
448294411.1254245043 5500004.6230468750
415176057.1849891543 3080924.1225585938
415232156.8196651340 3101658.8779296875
415408044.6300588846 3150184.5009765625
419192820.6512497663 3837356.7299804688
415370238.6716638803 3142489.0014648438
445190350.0096960664 5450708.1015625000
416676651.2282316685 3450247.9350585938
439017520.7942057252 5274375.1513671875
429117315.7486567497 4780579.7421875000
415341036.2319136262 3126063.4633789062
448073562.2456038594 5495893.8222656250
419088501.0877307057 3823751.6762695312
428761358.7524036169 4757386.5869140625
420938528.2631771564 4051650.0527343750
447451510.3909823895 5488053.9648437500
462932749.1469942331 5611415.4414062500
414864344.7028816342 2920873.4829101562
435303972.7926670909 5133663.7880859375
444900661.9980090261 5444000.0644531250
419366744.8209220767 3849846.6943359375
450416730.3851554394 5523676.1582031250
440001568.8769726157 5307028.0136718750
462661048.5232943296 5611384.8476562500
416251901.8676387072 3357570.3837890625
463057559.0925812721 5612295.1406250000
418872468.2779140472 3792872.0200195312
457396695.8394154906 5593178.7070312500
440143001.1144031882 5309752.7656250000
440028888.9519998431 5307666.2783203125
415122344.0287176371 3050760.1723632812
415093438.7753862739 3043986.3461914062
418904169.1498588324 3798007.8554687500
419457773.7730062008 3852851.1225585938
419501164.2083863020 3855550.7299804688
445149236.5388954282 5449064.4199218750
444983088.2110959291 5446284.6582031250
444626351.3200523853 5437599.8105468750
416192793.3190133572 3343949.9609375000
439923667.9380707741 5305460.5888671875
437151982.7124936581 5196843.5585937500
436774972.1681642532 5188251.4980468750
439469868.0251716375 5290640.9892578125
439369508.5369897485 5288735.4853515625
439122114.2291043997 5279018.6699218750
444726021.7258583903 5440773.9843750000
444530848.1535858512 5436963.2988281250
444177525.4624239206 5430359.6054687500
425951549.6445604563 4546291.1210937500
420631218.4957491755 4010287.0078125000
438661650.3339917064 5259208.3310546875
420706721.3264288306 4017859.5742187500
439041572.9047808051 5274439.5839843750
453119434.3988060951 5554397.4121093750
416567231.4035916924 3411327.3608398438
420743283.0834857225 4024076.2143554688
450026292.7197436690 5518850.1894531250
415127781.9863920808 3050942.6938476562
450177044.6814230084 5520604.4062500000
420592188.7685348392 4005528.0166015625
438828755.3668578863 5264163.4892578125
427853050.5289066434 4690473.9355468750
419250968.0253629684 3840268.6767578125
438944827.8009071350 5271318.1884765625
452782388.7097828984 5550809.7402343750
428173363.2978444695 4710653.6845703125
425963079.3975971341 4548439.1445312500
427878908.3416979909 4690515.6279296875
416442432.0155157447 3391696.6069335938
415360115.1388295889 3134970.4702148438
425803790.5395220518 4534346.2089843750
416123106.2927154303 3325515.7070312500
416084850.7160055041 3317430.0839843750
452696983.9055951834 5549245.8671875000
462496463.3569207191 5610860.6210937500
427986895.4180683494 4699708.1279296875
450072034.2480179071 5519140.2246093750
450222461.3674395680 5520774.3828125000
418793580.1839967966 3777092.3813476562
420495490.8180787563 3989423.1088867188
416052431.0220401883 3299431.5610351562
425614324.6272130609 4519111.4531250000
450122348.5623656511 5519284.3710937500
425420837.7450447679 4496526.0195312500
449687855.1853083372 5514594.7773437500
418763990.4616845846 3767053.7978515625
425433768.2160949111 4499737.3486328125
449457629.6712565422 5510427.6835937500
460338221.7651882172 5605236.3027343750
460516136.3393550515 5605639.5527343750
427939168.7725012898 4696218.1191406250
428051883.9539686441 4703217.6484375000
452024131.0248072147 5540220.3945312500
459836053.7192124724 5601853.1601562500
452411784.2008002996 5546538.4375000000
427977958.7987375259 4696893.5478515625
460123890.8477504849 5603012.0468750000
438568043.3978449106 5250443.4746093750
427337480.1054720879 4639925.4609375000
438518743.5898055434 5248276.0722656250
415060601.3442208767 2970395.3623046875
415021738.0444084406 2947460.5043945312
415055409.5508423448 2967432.5771484375
426910393.3522694111 4610003.5839843750
426985457.1960189342 4612152.7451171875
459764726.7888723016 5601850.0585937500
415091165.0151945353 2983944.2539062500
426822392.9499552846 4605441.8261718750
415043193.0355696678 2964476.1035156250
415030673.6798315644 2953587.6489257812
459595407.2913557291 5600972.8906250000
452333325.9161651731 5545660.7890625000
426663771.0635435581 4594866.3710937500
426760414.7908521891 4598401.9335937500
426446368.7146905661 4577405.1914062500
426902240.2108514905 4607794.8095703125
420143632.2868185639 3948294.2431640625
420102479.6370836496 3939678.3466796875
426384795.0356777906 4570131.5712890625
420158551.0731211305 3950746.8925781250
426410450.8757427931 4571353.5205078125
437505189.5082353950 5208367.5839843750
415992885.4607535005 3253816.3325195312
416018651.6244370937 3264909.3833007812
419979207.4156137109 3921121.6865234375
416009650.3100000620 3259191.3842773438
437302902.9751467109 5199883.9277343750
451817168.3647573590 5530563.5039062500
437360057.8638979197 5203738.2832031250
437431783.3225958943 5204311.6650390625
420012794.1767828465 3922468.4560546875
437744976.7559884787 5216467.2705078125
442252096.6422545910 5360744.3378906250
442135663.0429767370 5354292.8203125000
419923045.5398825407 3911004.2797851562
442173602.8994252682 5359033.5019531250
415941537.3214121461 3219660.0908203125
415864843.8727322221 3203860.7988281250
442086789.2573384047 5351521.6044921875
420008915.7255223989 3921787.6162109375
453837937.5347585082 5558366.2851562500
454139863.4568135738 5559372.0175781250
442088357.0300841928 5353777.4013671875
442035217.3228438497 5345525.6582031250
454292833.6689558625 5561139.2402343750
453643246.5181042552 5555877.6269531250
431251528.9165406227 4834115.4667968750
431572013.1718538404 4853594.6572265625
431419752.6392896175 4846119.0175781250
419797786.6466938853 3866479.4599609375
419857013.7748608589 3883353.4506835938
419823806.6025499701 3868192.1909179688
431201701.1316311955 4828837.6552734375
431402734.8341214657 4845503.8613281250
430997319.6507178545 4816646.1503906250
431069248.7631568909 4822813.4990234375
454279063.3006414771 5561072.7871093750
418334735.3330774903 3635476.1440429688
418242811.7173423171 3624563.1293945312
418580508.8727807999 3680263.6894531250
418304700.9249258041 3630041.8300781250
418367681.2331255674 3643580.6923828125
418516954.2843442559 3665603.1821289062
418473302.4034838080 3663325.7602539062
418460458.9393949509 3656156.1142578125
418146971.9210870266 3527086.6591796875
424483522.0855577588 4309785.8320312500
424483472.8189968467 4262273.6826171875
424414627.6400635839 4252745.5703125000
424434811.9599426985 4253475.2548828125
424347020.9210165739 4246531.2226562500
424335344.7571565509 4238576.7255859375
424230896.8699871302 4226404.4277343750
423898777.2904981375 4182797.3930664062
423667242.1701739430 4160999.4912109375
423750479.9168713093 4169643.0224609375
423667345.9225111604 4161791.5810546875
423614577.0745785236 4159635.8251953125
423514670.0422723889 4148024.9199218750
423552995.2365894914 4150592.2739257812
434546496.7743912935 4909647.2900390625
434420137.2858526707 4904419.4199218750
434366606.6072293520 4902609.7128906250
