843129805.3100008965 305087.2437744141
746722582.3788486719 46294.1572153446
748814538.8166319132 75695.3552653547
750426767.7808251381 85816.8439923152
780250767.8008338213 193586.4333497798
818417041.7598816156 279314.8344488144
824567795.0226346254 287098.1165466309
841602429.9574533701 304205.8667907715
843200365.3338042498 305184.0603637695
842704331.6906626225 304980.9286804199
758491996.6326839924 125760.3064431094
750427634.6606302261 85997.3748834953
758631485.5095168352 125780.4410671733
758104632.6281310320 124824.1770081066
758205077.4745142460 124836.0164738439
761722333.8266502619 138201.8663759251
761614099.9716097116 137540.8285341283
824653692.9872033596 287527.2540588379
761610153.2394652367 137379.7672436257
748342286.8825017214 71730.3756387091
750571050.2479674816 86033.5961546048
757852856.3019295931 123098.5069070600
757906820.1915184259 123151.0184274457
818046559.4782164097 278867.1295385361
824676093.3813188076 287558.6488952637
837279684.1912372112 301409.5422668457
780602684.0509123802 194214.0163881099
780324356.9731572866 193768.8002512371
780142111.6518713236 193537.2195548117
818024393.4673073292 278765.2344427109
757964582.4287508726 123998.8905893110
757908781.6431699991 123917.4842782758
757670148.1742161512 122356.2421186931
757694443.8537472486 122515.6322924264
780071982.6345719099 193423.4355775630
780349802.3411608934 193876.7521333909
780433615.0413575172 194075.9128202924
817846766.7947430611 278447.7194073200
817520956.4654470682 277572.1055920124
824472195.5862106085 287037.4408569336
838870127.8443137407 302830.2490844727
838587357.1715462208 302540.1349792480
864838644.3873038292 312803.1129455566
780705968.1663178205 194219.4231929547
761637279.9801250696 137659.4421510716
746696065.7574107647 46292.9089759722
747246610.1320750713 54560.5640331496
824944466.1835587025 287714.8055725098
750669245.7643976212 86040.7775181308
750315266.1405105591 85122.2992865965
838373916.8602868319 302532.7481384277
842193065.7769020796 304614.4097595215
779561054.6397272348 191952.3676166451
816332021.3203630447 275648.9312400818
750397780.9015170336 85397.7494264320
750413627.4385503531 85769.8206594810
779955138.3237257004 192916.6213335758
816915914.1546490192 276752.0716209412
838274287.3972101212 302384.7494812012
750554657.5513490438 86026.8929355610
757839285.6993410587 122749.9252464335
750250380.5950380564 85088.6703909263
750618417.3511149883 86034.9738566072
757799071.8915554285 122728.5834310979
842645219.6759819984 304915.8431091309
749112968.7522735596 77146.2253680984
748890690.7379072905 76266.1099559823
749013308.0587835312 76706.3326501707
750707614.1900490522 86121.2640070065
841890133.9999797344 304415.2261657715
841988913.7966712713 304589.3403625488
842506959.1912132502 304858.0678405762
824569219.1365321875 287475.5330200195
779347168.3607885838 191345.6785460627
779874450.8892015219 192726.9595408803
779465056.1821491718 191853.2379332697
779719396.6791139841 192492.9218016779
837761801.1020938158 301970.8698425293
778760605.3644809723 189382.0440829111
746995265.4110682011 53870.5199841843
825021007.1037408113 287881.7019958496
842409178.7009276152 304704.4235229492
837494157.5650122166 301762.8277282715
746849927.5264300108 52081.8134694387
824705336.8544523716 287596.1038894653
824728742.1088633537 287638.9255065918
817375522.9724560976 277536.4415550232
746957823.0719934702 53146.3370580858
824945076.0840363503 287827.7234191895
842196337.0040260553 304679.8541259766
748787703.0909234285 74914.1080038953
746803264.1879584789 51426.7374262958
748504752.1985838413 73090.2488730359
860212538.9378538132 311369.2649230957
757629170.4039674997 121918.7531736188
837953605.0024099350 302149.2115783691
746877902.5191847086 52903.4044399549
746821868.5600489378 51969.8371510793
816338636.6165174246 275798.5430889130
757466071.5721474886 121330.0611101605
825363774.6616388559 288123.5359191895
841203807.6188997030 304053.3694458008
865343287.7418259382 312871.5813903809
816496797.6209868193 276181.5475635529
816755853.8373125792 276537.1995410919
817210866.7030274868 277303.1241092682
815751172.2685693502 274482.3653972149
816115117.4845503569 275063.3336818218
816179260.5183429718 275490.5217921734
748044063.4357713461 67393.4577616671
761381012.6915396452 136735.0493164725
748048338.1697274446 68332.8580993632
840525472.6771168709 303476.8562622070
757260532.2311906815 120129.0230547927
757528133.4243013859 121386.3507700257
825738495.2853795290 288348.4208068848
825880021.3666411638 288360.2019348145
825434918.0327100754 288248.1954345703
825165240.3519201279 288022.2779235840
825693500.8032791615 288331.8070068359
816159697.4382200241 275229.6544761658
820911424.8659948111 282389.1867675781
748211283.1355813742 69417.8091189474
776472490.9958808422 183250.5220091972
750020426.5902419090 82464.5251127407
750106891.9650930166 83379.0995400548
748239007.8476655483 69431.2757731484
864413973.6320573092 312760.1253051758
748249757.1168972254 69570.8968726307
748144944.9613872766 69251.0472575234
757384654.6409224272 120928.7367236160
820029773.8797861338 280876.0870132446
757393603.4967168570 120930.0188936278
748148796.5958706141 69280.5002356678
820453172.5680058002 281597.6915435791
748139413.2979502678 69135.7759899556
778409456.6616121531 188323.3865989363
746766799.4179950953 50120.5814031219
778047814.0026363134 186785.5856701797
840258340.4254084826 303090.0483398438
749701781.5925828218 80111.1263991054
749358326.5197706223 77812.2900458630
819573948.5854490995 280243.6822853088
819411467.7369419336 280106.6706123352
819245353.7508713007 279610.6117744446
776039886.0065500736 181930.2799053699
819279999.3815610409 279795.8844795227
777585196.8082013130 185956.7959803223
760452937.9103749990 132928.5699083242
760383346.7413537502 132610.2827757928
760368103.4532153606 132496.1064965236
819368979.1421847343 279916.7057380676
749985792.4784281254 81790.7927364185
749793484.1023302078 80867.5506239738
819101241.8377971649 279458.3794746399
836523465.3974765539 299672.4918060303
776131178.4160250425 182213.0954226166
760109526.4064826965 131487.5178914872
760304621.8297926188 132457.4535771045
862969243.6096256971 312056.1374511719
760182648.0113500357 131758.9826826300
814627676.0742301941 270574.5914325714
759978802.9926171303 131103.9541483714
777500492.4422912598 185621.7392412262
759887763.1911699772 130449.6783057194
777445546.2517793179 185546.7121508300
824153908.0471084118 286301.1013641357
757178181.9204424620 119328.4926014714
859842045.6616238356 311199.3556823730
777221926.8943582773 184847.2298031094
814806023.3727824688 270784.2603111267
824145174.0777375698 286115.0547027588
777235021.5005466938 184925.8899853019
777071944.3688290119 184566.5378084314
859697847.5217508078 311059.1875915527
764615232.9085302353 144035.7596266290
775928790.2019016743 181353.6172197856
764118192.4774575233 142940.6865483163
862902661.2197668552 311835.1302795410
763843924.1997663975 142021.4657991362
775553261.8001713753 179582.3848349064
775543794.2404005527 179580.2459518774
775536257.7789258957 179461.4509684203
775598935.3433381319 179663.1128390713
775042306.2991919518 177978.3026622219
775252363.2939926386 178887.8485568447
763788049.9592927694 141413.5825174419
763612994.1542149782 140892.5927456436
763608598.9739387035 140779.5417909682
763670190.4103477001 141283.5309359183
763392076.7523429394 140364.0513394145
823311670.5678193569 284114.3153533936
814459487.5324826241 269162.7023315430
757055051.2557266951 116699.7679825727
823831514.5379098654 284875.3115692139
862315675.1847059727 311613.3460083008
862595866.6622051001 311782.0320739746
823415054.1233823299 284374.1118164062
756937847.3835307360 115530.1312602968
789658292.9458578825 211896.0782477153
789958312.2440910339 212574.8863850532
789485626.4220818281 211664.2070318949
789370829.6300593615 211286.7955304054
789026790.5202844143 210441.1956488383
789297479.1521844864 211023.2904497250
789134958.1085361242 210863.5396124613
788664236.4857763052 209355.2710355804
858344414.2080038786 309969.3653564453
822931045.8501372337 282864.4282684326
861935664.4457737207 311527.7348937988
774516274.4822630882 174203.9483596613
822840114.5569697618 282683.3878326416
774415167.9425643682 173984.9443787863
858014041.3607840538 309826.5656738281
747887069.5701059103 56292.0170016778
754098636.1111558676 98024.0476931961
754208637.3295369148 98225.8471742588
754078884.5440227985 97883.2049116277
858475126.8657828569 310063.9671630859
754304771.4893206358 98936.2574965701
858949759.2115441561 310256.9277343750
859124848.9465144873 310272.5122680664
857661123.4072765112 308524.8520355225
756348539.4401172400 108921.0341482740
756618261.8685215712 109971.5714398852
756722550.8515056372 110573.8746930590
774185868.8494788408 170221.0412732735
773849044.7217955589 169327.0429662839
774082347.9588899612 169871.3909763442
773646761.8604427576 168553.7030748585
773413535.4123841524 167560.2698067883
773366938.8013707399 167279.3464625627
773304121.2587139606 167252.1632987671
756089576.3067760468 107026.3601029729
755896102.0068900585 106225.1281083440
773289897.8416861296 166287.3457572572
755870996.0531256199 105656.1164124867
755728058.7408416271 105087.8089091829
755570942.5955722332 104476.3002585567
755398965.3946673870 102906.1545490141
755470617.5488325357 103036.1775055639
755148225.3258258104 101946.6517648324
753692901.4765733480 93203.1719928046
753927965.6929044724 95089.7163634559
770857408.5608866215 158316.9510217169
786368413.7162193060 199216.5980700568
786098753.8436740637 198709.9811764177
785358404.2525702715 196968.6622948073
785162046.7977964878 196020.3612531299
753542736.2772322893 92164.2380988088
784831552.8636339903 194985.2593627799
784815195.7165019512 194238.5684353527
753413305.7779434919 90499.5297283407
753349235.0799057484 89265.7789022948
753359701.6892091036 90145.5630067249
753252638.2572877407 89218.4829412725
753215206.8289196491 88919.0635517755
771337818.8922848701 158829.5588429147
771246661.7159355879 158806.9501426365
772109555.0437041521 161144.0537777509
771386054.5691013336 158974.7201198855
771924985.5842746496 160578.7912022895
772383378.7829358578 161595.3871768083
772253620.5918381214 161485.1726351346
833858626.9840582609 289269.6995849609
834556367.2515300512 290176.7250976562
833388645.4446350336 288674.0664825439
833682781.7135704756 289103.6224517822
769886738.8596657515 150206.6146984797
769355757.4430828094 148350.2134726534
769137765.3107658625 147164.5893306022
769515842.0655797720 148711.2089866230
769243524.8152183294 147903.2593592888
769484769.1781667471 148424.4693607127
768801462.8906178474 146464.0090803902
768951590.4932347536 146819.2987423816
768774322.4941312075 146346.2430630603
807188330.1867629290 227361.5726529589
807324030.5496522188 227366.4243642827
807097923.6410654783 227036.8123942843
806908042.0654640198 226555.9421540728
806864969.6727092266 226498.8061553469
807686800.2135292292 228137.8364726535
808317516.6073703766 229306.9468795291
811238080.6193722486 233843.3213994779
810782413.3342301846 232910.7806737699
811181108.0111453533 233604.6020377032
811012212.6694582701 233465.5301854886
810947071.2031514645 233178.4493062772
810897020.2205004692 233082.2112539090
810777092.1095964909 232348.0521477740
810600397.5248019695 231833.6589507014
806136763.3397675753 222040.9258499965
805372731.1726013422 218649.6139419806
805550360.3889876604 219125.4476707708
805372679.2852561474 218261.9134991560
805511159.7969967127 219069.5455711615
805275135.6557823420 217858.7707559392
805217050.7698611021 217616.6771888063
