163942615.3797538877 758240.9473876953
164042655.5550648570 760868.0222167969
163977439.2301792800 758503.8103027344
164507407.3328318000 772476.1601562500
164433758.4474936724 770376.5434570312
164452445.4905489087 771056.1059570312
165022691.4063908160 775050.1381835938
164929336.5883755386 775030.6684570312
160293967.8925942481 612516.8417701721
164538993.0694214106 772693.2939453125
164675806.3533333540 773559.3408203125
164793306.5894469917 774241.6367187500
164474353.8872697353 771443.2241210938
159447907.3896002769 569188.1244364083
160113442.0556220412 606802.6831150055
160600759.9465738237 620851.3984392881
164491712.2365899980 772356.8691406250
164849520.4480769336 774305.4973144531
165194860.8218304515 775053.3483886719
163787207.6596480608 750720.9850158691
163846817.2654525638 756099.8568420410
163312392.1270999312 736434.9631958008
158438221.8441343009 498436.0739001989
160541895.4713893533 620014.7423725128
163103162.1978364885 728079.7006835938
163981076.6747464240 758862.4510498047
163898470.4644356370 757543.4481506348
164740745.1592116356 773776.4746093750
157999012.3147467673 453753.3849460840
160464522.0543895364 619929.5465015173
163209316.3258925080 731760.3814086914
164648893.0077420771 773440.0498046875
157931339.4101437032 446299.7198844015
164758714.0349968076 774071.8842773438
165019402.5492450893 775035.0864257812
158464043.4219678044 498469.5545990337
158517822.3404130042 498485.6852352381
159522182.4870216548 572999.2022342682
159915665.1089640260 596981.2917155729
164630095.4101740122 772943.7644042969
165217594.7139877081 775054.1918945312
158063536.2664972246 462776.0661095887
165753338.9407761395 775109.5495605469
157953309.1761684716 453037.7333197653
160593814.9242338538 620808.6623553038
158660561.3263867497 499109.4485934864
158536280.3031884432 498704.8090152502
163302219.8654786646 735229.0103149414
164082223.6491198540 761780.2500000000
164188378.8112077415 765091.0104980469
160365806.2424696982 616273.6009235382
158429243.1753173470 492257.6749744177
159971563.2698265016 597883.2614421354
160224773.9622542858 612303.4440326691
164032215.1846802533 759557.7625732422
158305282.9256263077 490707.6368884802
159965108.4007103145 597551.6872794628
163204225.4072525799 730690.2232055664
157776203.9440867305 393146.1217524279
163296587.0734394491 735154.3320922852
160348535.0853903890 613280.9425678253
160312398.1040427089 612701.4158420563
164620069.8606317341 772939.5383300781
160331412.4025846124 613189.1967921257
157812247.5507067740 420844.0030390490
164640959.7160544991 773219.2106933594
157840895.3433060944 430764.7984961905
160187037.0983708799 607291.3649352789
163214726.7202633619 732689.5908813477
159476919.7107980847 569968.3211374581
164173771.0491126776 764985.8679199219
159522433.9231165349 574152.2068796456
159382963.4518928826 567593.2408151925
166169350.3369694948 775135.7622070312
159516944.3403386772 571423.6918706000
159849162.1769489646 593902.9438762175
160067104.0577724278 605292.6309299469
157776989.1617100537 399979.2784144152
159469019.0038425922 569437.4936284125
160023389.8561109304 601294.6995849119
164085201.4448149800 763390.1107177734
157938168.8403366506 452803.4496207297
158004543.8573792577 455694.0548791200
163552978.8708740473 743095.8819580078
159989286.8815760314 599668.6029948698
157780743.9120731652 400807.4443232287
158376718.1804762185 492218.6250738989
164267306.4182732403 767559.1589355469
157887910.5848783553 439251.7554554362
164141200.1514808238 764950.3479003906
164197440.1310192943 765157.9621582031
165995230.2429401278 775127.2639160156
165960210.6529355049 775111.6928710938
157787041.2950685322 407486.2972285021
160060642.7850867808 604371.3803958893
163104228.5469814837 729138.2037963867
164352118.1137187481 769449.5917968750
158235925.8486921787 478262.2307980846
159309590.8058985174 560335.7365899831
160129804.4162553549 607128.6305684447
163218547.4606893659 732714.8157348633
164329752.8931941390 769175.6225585938
163025807.8794537783 726979.3211059570
164037925.5295802653 759564.7414550781
164803649.9045912623 774289.3613281250
159393520.8766981363 567938.3522709906
160048020.4766541719 602197.6082344055
163252824.9550985396 735041.9819946289
164909549.5153726041 774554.3100585938
158236028.9115919471 484277.1534900427
163224980.2883431017 734922.6909790039
157817735.1032841802 424083.6095508952
158126859.7431493700 470518.3361758310
164730535.7353141010 773570.9577636719
160201158.8476534188 607846.5411948827
164886821.5869973302 774547.6821289062
164283110.5146701038 767616.9914550781
159977447.8383867443 598149.7091960417
160049403.4708063006 604314.5956211090
158215297.6139946580 478101.2793247461
158139034.2368471324 470813.5275506098
158159842.1388643980 476781.6429722070
157827118.5107151270 424090.3663868327
160007052.5794335902 600605.4234218107
163610759.6815522611 745228.5093383789
157791711.1014574468 414043.4335810412
158149839.2724581659 470816.6354607660
158180297.2443499863 476933.8062670284
165776697.5929118395 775111.5563964844
157808008.2571801543 416058.1515657026
164224714.3654138744 766618.3144531250
165469754.7263765335 775070.1508789062
158196924.4899182022 476959.6531073063
165336386.1333709359 775061.3891601562
157828587.5614862740 424258.7327198405
158081245.4096977413 469209.0007635563
163711865.3858391941 748119.1053466797
158065502.5541920662 463056.6316598098
159880814.3316552639 596550.8991374479
165367079.4015864134 775068.9279785156
159826241.0146385431 591838.9296473967
158012583.3548611701 461456.0437707215
157830111.7310149968 430762.4624561686
165977893.3657309115 775124.6882324219
164328034.6731687784 767899.4016113281
159760073.4520459473 589881.8310222136
163395932.6800027490 740070.6321411133
159254774.3912711143 555358.5294770300
164447315.3746762276 770382.6831054688
157856295.1699121594 431738.8579639811
163374208.1261003017 738202.5654907227
163432605.2939561605 740189.2327270508
157947195.5560676157 452977.5115136415
157913209.1733568311 446281.1887227912
157869776.4594067633 438539.2178272624
159333680.9272898138 562277.3774270117
165336431.8108644485 775063.4199218750
159040954.6947809458 540417.6690337658
157977693.1237814724 453714.8664197236
165960331.9249057770 775122.5136718750
159665070.6022748947 583469.8582194479
157974560.6526329815 453081.3933193106
157990105.1020105183 453722.4945935517
159756027.2423900068 589489.2104380758
165294991.8622436225 775058.4011230469
157902781.3288292885 445235.3966626435
163367249.4273072481 737003.1720581055
159003281.0617889464 532665.8492906094
160219899.5054909587 608774.5701181324
157911328.6858186424 445264.6364761799
159436087.1774532795 568919.0203007758
163468316.9810036421 742552.0371704102
165320925.7375784814 775061.3459472656
165507818.0336075425 775074.8601074219
159123489.4083976746 545073.7902085781
165136954.8149200678 775050.6660156250
163343796.4296372831 736787.4705200195
159005527.9624762833 539466.2091538906
163507204.7637781501 742768.0942993164
159984040.8578995764 598555.1721289785
159305223.9200407565 556774.9704960883
159821128.8315134645 591257.1034433277
163578189.4721865356 744949.7913818359
159985098.6093282402 598666.4049585568
163393265.1884744465 740069.9417114258
163678513.4370753765 747803.4005432129
163414044.8123120964 740105.1868286133
159947739.8606516123 597394.6580421850
163778393.3634229898 750343.3153381348
163624208.9552126527 746210.5624084473
163647444.3034921587 747683.1803283691
163686330.2190857530 747816.5724182129
163846187.8200986683 750854.6059570312
163659416.8734944463 747696.3522033691
159308297.8453235030 558019.8069218695
159369491.5790171027 562754.6984318793
159123998.2809309959 545753.6719910875
159805350.4975846112 590902.9952279957
159348425.6125183105 562295.2594741881
159722940.3672487438 585223.9995309742
159794998.3740716875 590902.8384897144
165746199.0272959769 775097.1855468750
159679706.9339556098 583648.5829355152
159693778.4454324841 583822.9117544889
159440668.6202543080 568999.9260958433
159178791.8123697340 547990.0596388578
163754733.2316187322 748668.8607177734
159379888.8948807418 563095.9584139585
159612859.5405884385 578282.4669913054
159431479.1591749787 568854.4453496039
165686618.8276599348 775094.3247070312
163771354.5563827157 748875.7781982422
159579054.8859113157 576417.7930697203
159483768.1488496661 570102.6858023405
159297875.3642008007 556023.7800664008
159552975.5635020137 576059.2020376921
159426878.0593258739 568143.6936425269
159319302.6768807471 562276.6538456976
159340774.1888680756 562281.8117026389
159143988.8270550370 547040.9522169828
159288687.6902677119 555698.5817526877
159236473.5666004419 554529.6720542014
159125006.9590677023 546775.7279624045
159222448.0022468567 549730.2119110823
159067629.9116904736 542591.0432298183
165521457.7346459925 775085.1386718750
158997849.8850784898 532661.6899888515
158975955.7959027886 531865.5401780605
159129687.6789664924 547034.4796417952
159226334.4480341077 549817.7862943411
159193625.8353971541 548525.6292918921
159150439.7438766062 547568.5736478567
158991393.1414071918 532108.9634286165
158707109.2654497325 500339.8320023604
158894497.7499765456 515788.4360400662
158806855.8485238850 509710.4418869559
158684923.6067424119 499363.4187119082
158759609.5509502590 508121.6144824792
158940879.3084104359 522205.8924609646
158864833.9569183290 514544.6842471585
158832119.4059251249 511305.6860666815
158900987.5009929836 515942.0521347169
158779042.8688853085 508143.4343744088
158926513.9833420217 516181.4638181496
158795913.9118691385 508990.6837454606
158711491.0079198778 501766.6691261102
158914428.3584536016 516065.3447851166
158767713.3765049875 508143.2602735329
179412168.7781112790 775696.8469238281
179144749.3862440288 775606.1118164062
179241009.0744200945 775655.6276855469
158701947.3885219395 500085.2757809823
179095778.8214391470 775521.7705078125
178821140.2178190947 775337.5012207031
178858089.4209619761 775348.4934082031
178192931.9961706996 775324.0354003906
177940851.9955750704 775304.2612304688
177843083.8765156269 775304.0690917969
177744356.1792055964 775298.1457519531
177548088.7388393283 775274.4189453125
177712567.9472995400 775294.2004394531
177502437.0672467649 775244.1184082031
176892264.9365215898 775237.3300781250
176628751.5799071193 775234.4941406250
176489665.7386249304 775211.0700683594
176371361.0220180154 775204.9133300781
176261157.7702238858 775202.7399902344
175487931.0606319010 775154.1491699219
175352073.3046548963 775153.8540039062
