168462287.6738703251 150669.8602447551
168159963.1381632686 149022.3230719607
179653376.1652684808 210410.2169799805
179228222.6169984937 209342.2252807617
181471578.5120155811 216329.0366210938
185024334.7676531076 222804.8954467773
165773751.3915306628 124161.9951385260
165762100.2978534698 123950.5876543522
165668074.8930514157 122460.9726315737
172562735.1900290847 175873.1327540874
177584145.4852324724 201716.2382965088
178393058.5723017156 205895.7498779297
164759768.9628649652 106918.7583947564
164770612.4159347117 106991.1143144212
165709715.9745232165 123909.2616027594
164775962.7678576410 107021.6311364556
168342996.7611345649 149789.0099029582
168459818.8633051515 150436.6994781535
178211640.7819303572 205104.2846374512
179522102.6057791710 210379.5454711914
179641468.4664129615 210409.1909790039
180965803.4437842369 215192.3327636719
164662769.7864699364 106357.8918176079
167286767.7811902761 141120.8145203218
167635425.8411717713 144932.4186462983
167633164.4392172992 144406.9791194722
168045929.3957770467 148016.2580931187
178265239.6597037613 205352.9537048340
179187240.3852609992 208815.6835632324
179446722.8871888518 210373.2545776367
181329062.7412061393 216093.2440185547
164096236.5025815964 88088.8927805424
164423302.9592497647 98628.3042113488
164700867.5242718458 106556.7354500890
167383741.7475712299 142899.2768005952
168527061.8710362017 150981.2862629521
172573065.7118284106 176117.4755651355
177884780.0705945194 204069.0368347168
167415988.8649733663 142911.6676003300
167698668.3493949175 145211.5402143042
168289713.6805850863 149604.7942741554
177735611.1374303699 202841.1711578369
178131127.7710977793 204540.6539001465
177588078.3595378399 201888.2491455078
177608127.7483425140 202064.3653564453
180040317.7637119591 212127.7067565918
182728529.7427260578 219375.9601440430
164036478.8603693247 86055.7509348392
164798794.5369158983 108439.2340998054
177646877.3589553833 202658.3843688965
181199989.0972135365 215870.3853759766
164457685.9154525995 100503.2114113951
164750140.8141431212 106654.5141410530
171812492.9457022250 172087.8273119926
182458060.6786113679 218541.7868041992
182488885.1000162661 218925.8108520508
178170878.1869036555 204898.7014770508
180111814.3864645958 212684.0169067383
164793122.2195272446 108396.9891121984
186370867.4461602271 223559.2451782227
164670823.3473710120 106363.8472664952
180769971.8126332760 214693.9072875977
185200985.7267152667 222865.6380004883
182693670.6340953410 219157.4006958008
177803669.2462173104 203662.7447814941
177354531.3828734159 201591.9333038330
164644518.2956891060 104608.4073825032
178021539.3043490052 204104.1419982910
184887329.3375863433 222447.8619995117
164410783.0887798965 98465.4932913864
168229221.0382278264 149292.4943084758
177265208.8648748994 200787.6192779541
177408254.7351574898 201692.1782684326
172648599.0857277513 176456.0910984874
183011664.9918521345 219760.7388305664
165868121.2815251052 125886.6743424772
186663194.2823365033 223611.6337280273
180018719.1044930220 212066.0646362305
182704244.6955348253 219207.2942504883
164272063.7045845389 95849.7911413871
168185709.5427059829 149046.6918106116
183850414.9056176245 221530.9977416992
186465193.2303288877 223593.6417846680
164102098.9084034562 88210.5133693814
172396530.9521369934 175210.0913255138
165142820.7466568053 113226.9599594772
164916194.4294429421 110076.8765303940
166179174.5511809289 128854.5837161690
184771097.8704490662 222352.4418945312
168157710.3513403833 149011.6255035441
165136444.3269971609 112637.8996201456
179396802.9888887405 209745.8202514648
164049765.9670853317 86102.2579478621
166066580.4419755340 128374.0471312329
168146452.3200257123 148770.2664327662
166037497.2896209061 128043.0694770901
168905299.3090060353 153461.1998903528
169010020.2440077066 153882.1405260079
172422460.6624678969 175504.0428798345
168972789.4119853675 153494.9389088862
183583107.8410589099 221051.4384155273
184991418.7995842695 222705.5078735352
179543615.0183549225 210402.3073120117
168995542.8422838151 153517.2068712227
182876601.9344896972 219724.4672241211
179785277.9372614026 211536.6973266602
181651820.7840314507 216770.3591308594
171857001.8145550489 172234.8739449901
185344182.2232246101 222943.4907836914
164242646.0112155676 94105.6737852953
167538668.7652824223 144165.5079318065
164170361.1610513031 92286.8485768698
182818386.5410927236 219478.2958374023
164935847.6218141615 110402.0490981787
186371872.7119641602 223576.9301147461
183664571.4100309610 221236.5945434570
184053890.1012521088 221886.2948608398
185552450.6036202312 223280.9547729492
185545726.1781630516 223250.5877075195
168025105.7568753362 147883.3104929555
164129737.3936439157 90253.7067311667
168689920.0988037586 152095.5178787227
167891556.3264503181 147014.1121358912
182460512.1602714658 218654.2025756836
183411032.3918402195 220627.2028198242
167432559.4412054420 143070.3777822297
176913883.8709278107 199289.1555709839
164991715.0130707622 111207.7147406042
180403394.9633987248 213584.4265747070
164539322.5455205739 102642.7139433925
182844654.1884563267 219566.3656616211
168676566.4588731229 151929.0638894737
168590435.7741455734 151653.8268125169
164518357.5648224950 102487.2103743600
168348248.8698357642 150120.2820388790
180861322.6537247002 214850.7749633789
164544068.0180374980 103023.8197362493
166199259.0174888074 129589.5955957919
167672842.8027989864 144950.8480510492
176690487.4579526186 197498.0349655151
179709959.8288385868 210806.6241455078
171977727.3158779442 173103.1943043393
177073899.8885388374 199960.2820663452
182385759.3684302866 218533.8015747070
182617106.8503514826 219128.0390014648
182497052.3952368200 218937.6611938477
168570088.3608182967 151459.1782936420
176703476.2976765037 197545.4711246490
176485014.8454409242 196410.0287094116
180532738.3694854975 214084.5945434570
183221249.8083080649 220062.5485229492
164484513.1610763371 102241.1144225304
171517194.7034355402 170400.7323360443
164594262.2612685859 104307.4412047570
167829129.5653922856 146163.9387755919
164281078.5145528316 95903.5702471994
164937317.1403980255 110584.9364202917
180311506.7455635667 213407.8823852539
171953548.6022502780 172529.9632089061
166466119.5697213113 132210.0855666324
172047267.4126088619 173574.4098641795
167769406.2722000182 146038.8671407740
168302353.6874218285 149786.8004574146
176652727.5373197198 197381.5287971497
179961562.0303511322 211948.7666320801
171775978.3250247538 171900.7750339836
183656473.5503290296 221233.5372924805
166184387.4821480811 128964.8523427024
167467205.1519286335 143424.8113454621
176544243.0865859389 197103.1804161072
176583850.3109923005 197137.6426315308
177145060.3896456957 200460.8538589478
164292118.3105852902 96168.3169668876
171654092.2041164637 171136.1698093743
171250014.8229356706 168708.7223249674
176648093.6231800318 197215.0772628784
181735562.3365672827 216913.6076049805
165772986.0181549191 124110.8965492337
171290880.2633585632 168741.0264097452
181394547.9517977834 216105.6450195312
177175695.5044449568 200629.4314498901
181139377.3721506000 215572.1870117188
186181523.7203911245 223457.8856811523
166502129.3956711292 132239.2515978962
165490459.4816507995 119251.1117238887
167509472.7662550509 143698.1384792108
167690441.6262024939 145109.4062761109
166272458.7798262835 130241.2096228525
167483732.4243820012 143602.5767263215
171239373.5203216672 167808.7582340044
171147231.1678517759 167746.5099429887
165528586.9238653481 119808.9802595004
182013710.9843420684 217596.8430786133
182000092.0897468030 217378.6778564453
165336472.6258084774 116998.2720246390
183980880.1875371039 221791.4594116211
180766797.1291964054 214474.3259277344
166306525.3475264907 130258.9753851965
170714427.0719202757 165019.4734439653
166103024.0625107586 128687.0054632053
170976749.4847485721 166387.8237170976
183799293.5638353229 221465.5890502930
165422119.5993296802 117112.1593284495
166112054.3766680956 128694.5339085087
166038265.4228037298 128064.2271428928
186281462.2151924074 223489.3325805664
164166447.2705524266 90629.5318830870
164192946.1442408562 92301.3183253370
164205940.2453190982 93816.6492956840
184233294.1910377741 222024.1690063477
185892240.7042022049 223359.1935424805
185822399.9296148121 223336.2932739258
165996856.2827652991 127400.4878240451
164166945.8987580240 91783.5074499808
184017362.9080751836 221832.9927368164
164157736.2802742422 90553.7150644325
165468004.1152001917 119145.3011741526
171003101.1678117812 166975.0143375200
174095208.1784083843 182461.1020215889
173874443.8547476530 181334.3356809616
170704034.7727373838 164529.0704408884
165590424.3682943881 120687.2115315311
164114619.0007325113 88217.8802092932
182348738.5697649419 218523.7697143555
164757892.1666140854 106684.0303127170
164838442.6992324591 108552.8597619683
173362203.9616938233 179087.3477907181
173569372.2277415395 179736.5425071716
180997353.1532844305 215207.3005371094
165609555.3737841845 121301.0622869357
173933890.8545824289 182026.5084450440
173921497.6709167361 182006.1045942307
173689641.1174560785 180911.0469846725
173963274.8478919864 182165.1990499496
174139887.9031091928 182486.3652219772
173736314.4647840858 181099.0386137962
164758508.1790764034 106757.9050823897
167081206.2324283421 138533.5233150572
170687944.1980806589 164501.5170230669
167005186.3425327241 138103.4996427149
170679860.4810351729 164378.4195041460
167188374.0785274208 140136.6414884180
167130613.1718223095 138948.6252594264
185875800.3242629766 223345.5761108398
183275361.7482016087 220155.2926635742
173212792.9078622460 178629.7245945930
179114055.3503967524 207151.0485229492
181942044.9221448898 217212.4385986328
170609445.1218364239 163855.2004947466
170258542.0850906372 160963.3662051958
170423954.8706089854 161968.9403857988
165273043.1232928038 115232.9145290405
173021185.7930324674 177318.9366015494
165198256.1513097882 113717.8162319213
170325057.2989181578 161075.9239594680
165327967.9863941967 115721.1878139526
184511694.7446115017 222113.6157836914
165235209.7809370160 114887.4439174682
170059021.7972382307 159633.4526324570
165525617.1657996476 119308.2432357892
173015227.5111871958 176940.5073367972
165313858.4546810985 115494.6976128705
170016901.4595449567 159074.4764361680
170174391.8963003159 160168.0375018418
166891809.9430746138 134523.0763849439
170083765.3296863437 159788.0587115586
170165631.4268556833 160122.0834431052
166958136.5714227855 136079.3470799327
173017895.8434063196 177036.6155020297
166700909.3597594798 133424.2380975904
169801177.0273432732 156709.0255942643
166994180.8513166606 136602.8506276011
166819109.5695830882 134309.7968870997
169754220.7337443829 156696.0913043320
166962974.6091107130 136299.4929756345
166974182.2594411075 136457.5723404111
173096533.9839880466 177676.9060370028
166661575.9160218537 132458.8313140655
169738893.1515495181 156521.2261626124
166637155.1097649932 132324.2034759307
169688247.5189606547 156214.6566678286
169557194.4207007587 155373.6091754287
175855736.4595455229 187593.3672716192
176126568.4835475385 189573.3673274517
176112414.7064153254 189490.7278871536
176062366.3322032988 188418.2254572991
176088817.6995473206 188435.8140269402
175856826.2718605697 188189.3375483635
175571034.6669799984 187082.6833201531
175470329.3946610093 186255.0261117104
175528331.4398173690 186342.5160121918
175515269.2510291934 186263.9326560497
175388483.7449709773 186208.5010872963
175039215.6434214115 184787.3258553628
174805678.3671870828 183490.5334033966
174883685.1565359235 184034.1404610756
174856572.7805663943 183859.8140096664
174951609.6130761504 184146.8029623032
175002302.7240344882 184414.6816854477
174597565.3275994658 182671.6299276352
