636743388.5521177053 3395088.4130859375
640318216.9635334015 3448682.9411621094
660219093.9195946455 3624850.9179687500
660691499.5842524767 3627830.4365234375
660706698.7478973866 3630190.0600585938
662430269.2640773058 3633733.6840820312
662886124.2946043015 3636085.9838867188
640304264.7882661819 3448262.8063964844
688796233.6605563164 3669202.4726562500
584035717.7520159483 1179862.5176124186
586809463.7539482117 1507906.6099852526
586823500.6977105141 1514867.2235106432
587201567.1947946548 1536278.3207496235
587044411.1036666632 1527401.3558348620
600362694.2384632826 2389111.5837334068
616354332.5971575975 2956655.9847412109
636145559.0425039530 3387023.8549804688
646416394.5013784170 3510890.3051757812
646288528.8922045231 3509642.6586914062
674233666.6008012295 3662325.5546875000
676018514.0958025455 3665049.9716796875
601122076.1232614517 2410845.0935345045
585319518.2642647028 1381491.4786191301
600568536.4345346689 2398798.2241172567
587088892.0369132757 1530980.2078410985
587288416.3675757647 1539501.8147496795
587213900.8008222580 1538232.3025531971
600327113.6039596796 2388840.1860313192
600259986.8663494587 2386116.0146446005
615994952.9330470562 2949459.0664062500
618626878.5279743671 3002124.0142822266
662775690.2291916609 3635551.5405273438
586932693.5384267569 1522383.3141676544
587117635.4354460239 1535739.9302367175
585488942.0806385279 1394850.0177216616
586970202.8779504299 1525786.3363036120
616029681.7933392525 2949913.6976318359
636392985.4228901863 3390847.1989746094
659660140.3595788479 3619903.7172851562
662720445.0336656570 3635354.2963867188
662561052.2540005445 3634872.7094726562
586883387.0255764723 1518505.8934325182
586725214.3322180510 1506434.8492430651
639985044.6472766399 3445577.7194824219
639821875.9595730305 3443187.1315917969
646704371.6960110664 3512195.4067382812
674238639.5345596075 3662847.3876953125
616242770.8441287279 2955944.7152099609
616550218.6292408705 2962001.1912841797
616350126.7638614178 2956475.5733642578
662679124.7019774914 3635149.0122070312
584299467.4224816561 1183172.4623192311
646524196.7557226419 3510944.4169921875
640140069.3715497255 3447362.7243652344
600667477.0154831409 2400882.6797453640
600213239.1555896997 2380696.3081016317
615516473.1880277395 2926849.0270996094
616457547.9991804361 2958701.1627197266
640165777.2574932575 3447494.6657714844
600494423.4560365677 2395299.9301719442
646006667.2747604847 3502264.2744140625
585468202.6630810499 1394248.3004217942
600488552.9711019993 2394157.6841425672
616165542.9842723608 2952486.0555419922
646186825.2976078987 3509551.3803710938
585377533.2237278223 1385799.5284463563
600180609.4250489473 2379036.9156136289
652700723.6607533693 3565813.6376953125
584117015.3149347305 1180861.7622687654
635603352.0014911890 3373691.5820312500
653927534.8511564732 3583742.3725585938
688924440.1105793715 3669715.0214843750
640028567.4385073185 3446379.4411621094
652901741.8926764727 3573291.0390625000
586642649.8544766903 1494911.8348562645
645977325.8996484280 3502208.1220703125
585342381.6475456953 1383399.6391021409
635847425.1354832649 3379502.7656250000
646045518.9593387842 3504493.7822265625
676316972.4844841957 3665396.7998046875
615893122.7664932013 2943251.9871826172
674459446.5748862028 3663281.0878906250
616631923.7266117334 2962620.2069091797
598760658.9589083195 2307907.9772186950
646026758.1864906549 3502938.4362792969
653486636.5437562466 3581563.6523437500
585235302.9832307100 1373109.3759185472
615547732.9846037626 2932262.7761230469
615744493.4981476068 2936600.5646972656
615972838.0904018879 2945485.1331787109
599788455.4839805365 2355718.3845162168
639175829.0580954552 3431436.4494628906
639465230.1707054377 3437625.3020019531
635436529.5483555794 3369540.8298339844
674315306.8366931677 3663171.1347656250
673899922.3939367533 3661907.6923828125
586475766.3689318895 1480955.1513661428
639188109.7418482304 3432215.7873535156
659671202.6227991581 3622844.7939453125
675823023.3664532900 3664620.3701171875
676214703.9351611137 3665158.5771484375
583971878.6447886229 1169941.6764564128
586288088.5730968714 1458972.8431700144
639216217.7945187092 3433158.8146972656
615769420.0761986971 2939387.2363281250
637415439.6161433458 3405771.8557128906
639163345.8827245235 3431218.9499511719
638950287.4928956032 3425223.4328613281
646809058.7015720606 3512508.2319335938
646174232.7984398603 3508880.9975585938
659119402.6096212864 3614212.9331054688
586192660.8609020710 1447837.0028564606
586208935.4913184643 1448909.7036761765
599764943.2823489904 2353445.5500881150
637869078.5930149555 3411127.8029785156
583731262.7181811333 1110186.2880676012
639161780.7329106331 3430483.1296386719
639039466.3135093451 3430165.7907714844
639007898.3002603054 3427592.0512695312
583764625.8629308939 1121136.2262669350
585947710.9461841583 1432799.4053806935
646077038.4937002659 3506663.1474609375
583794518.7193577290 1121850.8780330489
659401847.3816335201 3619671.2363281250
583931025.8948458433 1168283.7188453288
638299103.2878721952 3418459.9528808594
618307044.1811549664 3001933.0821533203
599682301.2289992571 2346834.7867741403
585785498.6798186302 1408328.5676245515
585816724.3938744068 1411466.3635470758
617176182.0417062044 2976428.5401611328
672845042.1367765665 3654670.6474609375
637895152.0301994085 3412292.6516113281
646318169.4022393227 3509729.9086914062
599663131.3112376928 2346211.2234625635
599527295.5647069216 2342568.1836247263
599621615.6596221924 2344325.6501119807
599602710.9848555326 2343979.3179037990
673472795.5790545940 3660870.6884765625
654985337.1521285772 3588906.2001953125
616940229.0868469477 2968701.5194091797
617546080.1639983654 2983183.1688232422
616869452.4734921455 2967474.3512573242
616901604.2313561440 2968548.9409179688
611361807.0853114128 2769789.9272727966
611085680.9653445482 2756016.7506523132
654540005.3712079525 3586986.7597656250
598395922.6806778908 2278476.0730497073
598437859.4313660860 2280015.8574735355
686810213.5935040712 3667627.8349609375
585099510.9087953568 1318474.2237302675
598294455.9026788473 2271804.2331846301
598314411.0478140116 2273484.3833524417
687116165.6258043051 3668242.7753906250
658638815.1062535048 3612146.4580078125
597961531.8997225761 2250393.3578397464
594019440.1478811502 2002633.3655708984
687030500.5491212606 3668145.1201171875
629581985.0283052921 3246043.2039794922
656375021.4351474047 3596493.2900390625
657831196.0030374527 3607390.6459960938
634784801.0751992464 3349517.0792236328
687564693.9795970917 3668368.5683593750
597799155.0785992146 2233901.0381681155
647165738.2681601048 3516013.8701171875
658485878.6565040350 3611205.0205078125
658308888.0143482685 3610624.2285156250
647368987.6350227594 3516735.8530273438
672364060.4400579929 3653730.0444335938
657609731.0853657722 3605360.1191406250
647033132.3944305182 3514820.5922851562
584490370.3531051874 1201051.2609834122
634689149.3118853569 3348985.6739501953
672060710.7603968382 3652533.0004882812
671677310.4791138172 3650407.2651367188
672224958.2156636715 3653339.1196289062
684620581.3653112650 3665751.8759765625
634291606.7720315456 3339085.9276123047
634846454.9882183075 3352063.1387939453
685454785.2855132818 3667082.1005859375
597257836.0015127659 2200225.8349699704
585057709.6984076500 1299020.2870649197
686358108.5810519457 3667523.2802734375
596998947.5499197245 2177453.1594176022
596727806.9897813797 2158563.9021544186
596813541.8467103243 2172462.7145933835
635395942.3095924854 3358999.9577636719
686160423.6894725561 3667186.2373046875
628267105.4877854586 3212463.7196044922
655806715.0134508610 3589581.3222656250
596655381.4721788168 2155483.0946898190
596601680.5341655016 2154457.7167601315
655705904.9162333012 3589082.2656250000
603281335.9186065197 2433665.8536051624
603233961.7225310802 2432744.8715129904
611682315.5995328426 2777061.3318634033
635168187.3742771149 3357469.9348144531
584592453.9747003317 1211864.4623629784
593266988.0495738983 1943856.4331549241
628004522.3477394581 3202322.6929931641
584677186.4898259640 1227327.6492113532
593050968.4235588312 1932590.6035831471
596394054.5616775751 2136720.2615657924
592764236.6000858545 1911666.1218555470
592934737.9362939596 1924721.7671192188
628031756.2213613987 3207488.1302490234
628169037.5951632261 3209558.0782470703
628237410.7889012098 3211977.0250244141
628310733.5301706791 3215667.9390869141
596117506.6977344751 2120139.8809072180
670587721.1592813730 3645694.6279296875
584969544.0689080954 1264326.8351379647
593773475.4426559210 1980478.0773939446
584852592.6243996620 1252452.2499481454
584923278.0165820122 1257480.0471740975
584923680.0262227058 1263527.3972717538
584838296.2360777855 1251254.9036346688
628472098.2371801138 3217831.5047607422
595401931.6477819681 2081015.6674805121
656102682.8048461676 3592948.6523437500
670659953.3709987402 3645816.0966796875
595265255.6398115158 2073316.1066279712
595149046.8050798178 2064647.0848902382
595081805.3542339802 2060553.5282496132
595162707.6713217497 2067286.3568628945
594987747.5660359859 2054819.7836207070
595254204.4555089474 2067677.2758845009
593834965.7808971405 1985154.5033964470
593979092.6198266745 1994308.3493890122
593894294.6684955359 1990304.8469251946
669669494.8110872507 3638394.0883789062
613112436.2962251902 2806230.0196151733
630816624.1368467808 3265274.6051025391
651892092.1008523703 3551388.5112304688
612296034.5970746279 2790172.3161849976
630909374.6235582829 3266766.4371337891
593451689.3107832670 1950058.8230595042
593657254.3171566725 1963905.5406269480
593491618.0452250242 1954767.3619160105
612713326.9110869169 2802482.1457138062
630632315.5933247805 3261878.6690673828
612357597.0527498722 2791793.5476303101
612499333.4309426546 2795228.9045639038
651109270.0685738325 3538369.0439453125
590357729.2607340813 1695498.0011413419
590286593.0831825733 1692655.5145261609
650134504.5760775805 3527080.3911132812
650472205.4819704294 3532695.6093750000
632581153.2586263418 3288999.5404052734
632015927.9611288309 3280734.7520751953
589233976.0322318077 1596739.0796820875
589409269.3883152008 1612726.9804633912
589348469.0362969637 1608856.8676480111
632774112.7717072964 3290542.1187744141
649684788.3482199907 3520699.6782226562
592721120.9926180840 1867572.4106348455
592731067.5393302441 1869065.6751669347
632486320.2479516268 3286968.5887451172
632484659.6693872213 3286018.8819580078
632796366.1751575470 3292340.5943603516
632208112.4043906927 3281862.9029541016
592628809.8577109575 1851555.5548666418
649540981.5750169754 3519606.5073242188
613982654.7874017954 2834083.1927337646
614033181.7248711586 2837357.3556518555
614330169.6343263388 2843333.7594604492
614101870.8088093996 2839269.1173706055
613767186.9571415186 2829392.0504760742
613670076.9133353233 2826385.5667572021
613641818.3387079239 2825139.3550872803
592553772.6265432835 1849061.7965658605
592399964.4035993814 1841810.7413900793
633107525.3810974360 3300197.7518310547
589347035.1393848658 1603623.5701689776
590372785.5413516760 1699278.1657512509
590606596.8064161539 1717503.2081091725
592069042.0211502314 1817237.0377597380
591582036.6827136278 1783758.1897734129
591395748.5738296509 1771430.8357623541
591342337.6897126436 1764798.7268756353
591384566.2217937708 1770375.1316607916
591308398.5820076466 1764587.9519732916
590262625.6564950943 1689930.9834955656
591086524.0575120449 1746946.5386298620
590914622.0218724012 1733349.7818282568
590029931.6466547251 1639071.3321274575
590079385.9806213379 1653394.3685656842
589990473.0239962339 1638681.5380955990
589950330.9512224197 1636885.1407567319
624852441.0612963438 3059917.9273681641
625569847.4310011864 3080736.9320068359
627484381.0369629860 3123540.8132324219
627842181.0101785660 3129781.9768066406
627915914.9276359081 3132551.5666503906
627991643.9190572500 3133194.4191894531
627866181.3771749735 3131183.0510253906
626575062.2741737366 3103132.4240722656
624598264.0513827801 3024285.8162841797
624677471.2573359013 3025169.5545654297
624527211.3146141768 3017410.0740966797
