189679809.1734290719 73836.6689545810
198667099.5542104244 88641.5655059814
200344879.4051872194 88966.7739410400
179418280.2787194848 29923.4492180623
179235108.9377229214 28940.0086445982
180345978.3924979568 41264.1924613207
189643007.0756331682 73692.0485932529
189338872.7829385102 73334.5137652792
189148550.1285315156 72944.2653290927
196499605.3029439449 86522.1726531982
180957883.6749305129 45279.8940734677
187261316.8011166751 68268.5834957212
187997670.5149651170 70507.7062020600
189669913.5721083879 73797.6743256748
203355455.8401049078 89078.3485870361
199820522.8942325711 88909.1696929932
198089591.9043670297 88136.0837554932
202077112.2905929983 89010.7442169189
181423759.2419858277 47212.3902220912
199881388.9248675704 88920.7094268799
195423524.0280035436 84812.2318420410
196105793.6906698644 85706.0958404541
200482103.9980743527 88984.3448638916
188176419.2698936462 70694.1987677366
202329602.3083921373 89035.8079986572
202556862.2423406839 89050.9132232666
202374699.8495416939 89042.2517852783
202530061.7429277003 89043.2436676025
179048975.0574768782 25449.5992706396
200389475.5084609687 88974.6147613525
200057978.0291768312 88959.6023101807
199968078.1524976194 88958.6701202393
203120204.8717638850 89072.2210845947
202646711.3357120454 89068.4543609619
202828047.5706614852 89071.8443756104
183829959.6112169325 57721.1744640395
187577330.1376324892 69166.0713039488
195231100.8483437002 84194.4209289551
199872690.4058033228 88911.5395660400
188469006.1291547716 71496.3874221891
180282897.0447929204 40999.5959189623
181057664.2657184601 46161.5737109371
181708714.8897001445 48456.6978247017
181756522.2566305995 48858.5125760883
179072688.3034076393 25496.5305279397
194977080.0635147989 83990.6238098145
179139945.6960351765 27046.6142852778
188007498.1111134291 70509.5038834363
198421213.0289376974 88521.2451324463
179152042.9303847551 27208.4802073367
180165613.9336335659 39949.0230619404
179169990.8429426551 28024.6351640994
180848853.0233517289 44747.1370020658
189687033.9465288818 73990.3657471836
195208458.9772665501 84190.4255371094
179097391.3226555586 26357.3044121839
187406402.1468742192 68743.0587351769
189710667.1021993160 74110.4344575107
195928878.1997814178 85700.9031982422
199407485.2561635077 88813.4509429932
195420306.2030996680 84758.0946350098
195298446.0674327314 84733.4323425293
201050768.9059502482 88991.0720977783
187462543.0067154467 69128.8203712553
195603963.3151824772 85166.8465423584
198351384.9781944454 88434.3325347900
188272187.8328591287 71047.3270301372
197558089.4088594019 87517.6905059814
201485994.2443902493 89003.6439971924
201958526.8526101410 89007.5561676025
179329063.2593277991 28953.6676547999
181577242.4391142130 48361.4792618603
188207274.3682008088 70929.9209165871
196243213.1959662735 86208.3465118408
180307747.6433940828 41079.9036887377
195555823.3203073740 84973.5678405762
181788450.7011489272 48873.6691559143
189817705.5616275668 74341.0515586721
181451229.5144819021 47946.5830106586
195677349.0855091512 85236.1403656006
195869254.4516426623 85550.0113067627
195814971.7098324895 85548.5842437744
197342624.3700212836 87407.1358184814
198552039.5471088290 88599.2096710205
198844915.6594465673 88679.8696441650
189320745.3734118342 73244.3920991123
189755247.5605919659 74135.8863007724
189438685.7059643567 73363.5170971751
189692105.7740782201 74090.6769044101
200802168.6806518734 88985.2177886963
180460648.2722881734 42253.1157729863
187710160.2143698037 69665.8998123258
189362735.0643538535 73358.9056846487
189963735.6028590798 74565.3796593845
189965860.8611536622 74613.9390525818
179352569.6497981548 29078.0224607164
179205155.6972971559 28148.2727096552
180383363.7482081950 41860.8093175194
196125490.7968981862 85914.4876861572
197291130.5216536820 87206.1302642822
201463719.7922030985 88999.6923980713
179194658.2928310037 28110.1745021815
184266074.6922946572 59340.5216513574
187489067.7670484781 69161.7453704923
187457766.0472171903 69091.5587307066
189229285.6996813118 73236.9882905185
195148559.8556940258 84126.8775939941
179218484.6085650325 28208.0876041033
180879700.7310295403 45208.4480067044
184434517.2850036025 60042.2102478445
184385218.5767521560 59734.5791748464
198731774.5633304715 88669.1040191650
199308378.9251038134 88776.9803619385
184174992.3446967304 59118.1295593679
200886655.7719484568 88989.0886383057
187407552.3269017637 68768.0331259668
188876305.7406225801 72228.9269444644
179127906.0091791749 26376.6362794020
180348667.2641170919 41772.4147208421
187456931.5682251453 68995.7143093199
180151422.7784230709 39315.3128376342
179084429.8404779732 25555.0704415419
201189489.0521804988 88999.3053131104
198597156.0587747693 88631.7707061768
189097803.1797567308 72710.9898586348
194389028.9204952419 82829.4527273178
187300999.8642481565 68657.4619649202
184303151.2918473482 59541.7226990163
181199399.8688419163 46554.6284090988
181213225.1881204844 46642.7514091032
197182929.3576977551 87181.3233184814
189179938.5950475633 73054.5178925693
197441807.2738133371 87493.5209503174
197690309.3494684398 87740.8288116455
189076652.5980771780 72629.2626454532
189022469.9658067226 72541.3706910312
196886963.1570289135 86833.5867767334
196849764.6771887839 86766.8558807373
199011452.4707993269 88701.8867340088
179580633.0388898253 33045.7544180816
181047105.4790512323 46102.8742446750
188980222.0139972270 72442.0166127384
184317742.5436192453 59707.2717045248
180220469.8107296526 40137.0641575195
180183305.6466816366 40059.5911960937
181183384.5212603509 46446.5589391813
187789399.2435745895 69996.9609695524
199180856.2042512000 88735.4985504150
187848105.6142600775 70054.0901756585
187609689.1382171512 69345.5495301618
194823937.6274993718 83691.4240713120
196860283.1027604342 86773.8093719482
179491737.7834399939 32122.7788531249
188299389.8994401395 71069.6294540167
188305059.3881718516 71075.0007308722
196784141.0808072984 86752.9526824951
188742682.1916354895 71981.4019276798
187837048.0056384504 70040.1086082757
197102884.8965082467 87035.0457000732
199783038.7531397641 88864.5601348877
199659607.3313525319 88853.8664093018
199466830.5047589242 88817.3994293213
194535637.6058848202 83215.0035400391
197145710.5268382132 87064.0154876709
197049150.7123885751 86991.4603118896
196951536.5627676249 86956.2462005615
188680097.5370185077 71936.8316151798
194728665.3016309440 83580.8082876205
179514934.3067610264 32169.6901080078
197303871.2822131217 87222.8709869385
184457753.7131808996 60105.1382263601
199289196.5335776210 88753.1184234619
197145962.4308406115 87161.3712921143
179663107.6447921395 33115.2431846829
188433683.1260605752 71361.6975040400
180544674.3935290575 42704.4670969038
188341025.8529137373 71153.0816393197
179716499.8242954910 33188.8005246585
180352664.5093299448 41777.4854951887
179652261.8939183652 33102.4379244723
188423624.3752476275 71339.6990442574
194405691.8556831181 82942.9037160873
180255688.7014639974 40861.0940037109
179518380.1766431034 32190.5082518524
181546291.3714944720 48067.1731544100
194274602.7266231477 82786.7563480288
181525950.0187014043 48044.1603007875
183833667.3325336576 57739.0941736847
180974973.8420127630 45425.2123332582
194017937.1063541472 82232.0512787998
181316670.9094386697 47184.9694476686
183717401.3073049784 57214.0630193502
183636162.2205585539 56704.3612066060
179475937.1749764979 31438.5424053138
194706777.2680273950 83541.5462026596
179395493.3916153908 29786.4591200112
180273689.1339911819 40933.9530879050
184641482.1207190752 60631.9193372279
185138700.7324903607 61892.4283345887
179395155.3802894652 29740.4073081969
181351951.3372725844 47210.3497577272
187100753.2037074268 67386.4154171339
197566651.8893817067 87525.3501129150
179451132.2698476017 30608.3556758827
194485463.7565765083 83122.4093313217
179375539.1875833869 29723.6779217480
183666788.4381452501 57201.5613103658
194421645.9763486087 83059.2544240952
183897323.7856763899 58105.3872065097
194937293.6285136044 83850.8399038315
184023615.6493771970 58516.0112867057
186965386.9580413103 67236.5930386289
194246919.8054514229 82630.5685212314
194521345.2886179388 83138.9251089096
187081056.7684887648 67326.0631222121
184839786.4669685960 61095.6672431967
184852494.2136586308 61095.7161415472
183477488.5544117093 55856.9471082469
179800546.3791211843 35199.2057218999
187106237.4320988953 67611.1358761183
179911290.0332663655 35957.1659979075
184501529.7476950288 60183.7865761175
180773770.6739040017 44402.3020707822
180783729.0188480020 44475.7475585739
184173957.6964759827 59077.4750930369
179868300.1467557847 35947.1644049138
187210590.2055196166 67730.9108753904
180633806.3668529689 43118.2774442831
180556135.3190530837 42762.4873315009
180722638.1688581109 43674.6988213757
180684662.3185887933 43637.2828419904
180512410.2692313492 42689.4205607573
179722807.8839565516 34206.7651412934
184172824.2864231765 58964.5780596286
186739339.7637169659 66573.5840454801
186633700.9641626179 66153.2033469826
179794271.9223841429 35081.2017090023
186733791.9769224823 66315.8424714766
186616391.2976481915 66036.1772461637
179746733.5452809334 34378.1473653736
179779123.3703127205 35036.1814446896
186568539.8236905932 65996.1761475309
186252221.0701540112 65143.9628992780
193770723.5787217915 81397.8496394157
186097949.1986294985 64463.6649630815
193568345.3095676601 80827.2243374586
186127668.8603911996 64494.4344015867
193820698.3668678105 81399.1618952751
186128605.8636359572 64597.2794943601
186198835.2129421830 64776.7426586896
185836736.5689290166 63702.9620161802
179974142.7211244702 36606.2248271108
185637037.1254768670 63258.6819523834
179856681.4586950243 35694.3873696774
185438161.6629763842 62612.9697202444
185668413.6444019079 63309.3519834280
180109677.7710120678 36947.0862601399
180037723.9021542668 36741.8628941476
185594465.3261799812 63258.6410459280
180038135.1742058992 36826.3202398270
193062340.9489259422 79850.6535608768
193395566.6975158155 80598.7593042850
179998473.3488785326 36704.2129490972
185370345.1778931022 62434.3454526663
193477541.8825900257 80608.7643765211
193231195.0120725930 80235.3393124342
193494030.2023216784 80812.0578945875
185283679.4270202518 62346.7114804983
192545251.3370783627 78313.8728601933
186249497.3578052223 64909.7782814577
193194316.3421681821 80131.9624356031
185917255.3369638920 63936.5774363577
192761486.1424387395 79130.7703039646
183296853.4195318520 54913.8295244500
192856011.0009571612 79345.6015894413
183466048.5322400331 55300.6173648760
183322073.6073603630 55096.8391640708
183466582.1495766640 55832.7805092856
183417408.3429652750 55186.8208784610
183503504.4858145118 55912.8830427676
192302581.2951319516 78007.0239315033
192688745.6528131664 78914.5216639042
192293907.2589614391 77879.4163176343
192242214.9733636975 77552.1304594800
192218578.0320123136 77374.3789283530
191474164.9382668138 75978.4006921048
191967167.3240978122 76958.5094796414
191914885.7196734250 76887.1167107816
191731275.7646344006 76455.9392434354
191582710.3638251126 76137.8731061216
192080839.2457965016 77223.2273446317
191803501.9023783505 76788.8229562039
191319010.9436861873 75294.7640779018
191320354.9469671249 75352.4480607510
191147271.0148016512 75080.9485308408
183227789.3385283053 49996.1474818885
191208369.2380509675 75225.8152863979
183200038.4047196507 49275.1511140466
183260661.8887825906 50063.0006929040
183288002.2342932820 50098.7492102385
