92159769.9541702420 74921.3751831055
92638277.3885460496 74972.0933837891
92723783.4916460514 74974.7394409180
94109147.9551758766 75058.8802490234
85143755.8604923338 45335.1438982524
86727094.9067107886 59222.2224600632
91356076.8241573721 74674.8217773438
94107357.3221637458 75041.8007812500
86183649.0986427367 55969.3639876824
84990893.5877558291 42643.4364730455
89080156.4546093643 70064.4306049347
89358066.4885071516 71062.4582004547
90130404.3131319880 73337.4931030273
90143268.8873705417 73376.5533294678
90209988.8910907507 73479.0581970215
90648651.2128580809 74299.5531005859
92181114.1884391755 74922.3670043945
85256824.2718654573 47156.6475735195
85364247.0855072439 48626.0744415540
89783686.6750203520 72160.6589488983
92637894.9142236710 74969.9866943359
90397484.6928386390 74108.3871459961
85226788.3599916101 47082.0961261280
86056044.5790501237 55060.3346548062
87099184.6792760938 60952.2229136303
89070048.6081553847 70044.3627948761
90602521.1421939135 74193.3787231445
86519128.3162852377 57678.2250944115
89248444.2163803726 70898.0491275787
85079109.2418813109 44189.0962576121
87037683.7629183829 60514.6743033249
90205287.0069662333 73411.6318359375
92501296.0197453946 74938.4766845703
85857185.3445659727 53390.7016740125
89311358.4522712827 70952.5128726959
90438612.7950284481 74111.0808715820
91168700.7591691464 74616.8375244141
89058799.8315996379 69955.7061634064
85223409.5710499138 46977.2737002857
85989849.1771534234 55057.4344222527
85745308.9728892595 52561.7920977324
86439010.5368430167 57609.3349924069
86687494.0842572898 58559.1852362473
90872256.3010783494 74451.4819946289
85750975.5971120149 53076.9810851980
86931419.1010735631 60100.5633341838
89789332.7214455158 72491.0799083710
85395331.6473006606 49339.7391781108
86387030.3617629558 56975.7650144147
90851639.4499354064 74444.2809448242
92338759.6841318458 74929.9002075195
92843250.9423935264 74979.6427612305
85757788.2697064579 53091.9741305243
86468431.2350967079 57609.7359473053
86232289.7253380716 56518.4632016402
85428446.4935991466 49349.6438971180
94260324.6060798019 75067.0046997070
91486401.4148007035 74699.4805908203
94346818.3796373755 75069.8496093750
86916963.2225194126 60009.6249720622
86863090.1525549591 60009.5053885300
90469591.0733732879 74145.7367553711
85274057.9036198109 47756.0264190203
90942779.5705212653 74456.6947021484
85975863.0832128972 54462.3898971062
92376274.8059207797 74934.5402832031
85353169.1378346086 48479.5518874489
86194778.3990871310 56125.4341745358
93962021.8501054943 74999.9553833008
92155895.1587706208 74900.2679443359
86316733.6239967346 56736.4536529472
86735537.4499644935 59347.2426398117
85726432.5530285537 52334.6362717133
86703747.9577775002 59188.5141852219
94672368.1305120438 75073.9482421875
85530622.1225565523 49423.7996494193
91253121.0792698264 74629.8985595703
92628760.0441679507 74952.8148193359
88983408.3266797513 69323.4138407707
92725626.6028924882 74975.6447143555
85815497.3714734167 53252.9083659630
86469979.3330558836 57648.3832183769
87079777.6526713371 60550.5050223190
89038956.1966658235 69745.6153545380
85178830.9804965556 46957.7080264576
86251744.9335326850 56697.4054269772
86356094.8886527717 56792.7679690579
87170146.0212533772 61213.8006314617
85934654.8976643085 54346.6233260613
85775628.3460839838 53239.7640278321
85479809.8194134980 49359.6665361132
86116495.0569980145 55830.7128239563
91218144.4410319775 74623.8769531250
85389858.2487303913 49336.7186732497
86310454.9392957538 56697.8053567689
86578286.5824770778 57712.8641313119
89438474.5107618570 71164.9143619537
86161439.1389707178 55898.0295724850
85929880.8414981663 54294.1422290783
89198628.7808467448 70386.2015323639
87036134.6628753394 60360.0704981852
85868972.8642711639 54145.5048568230
86169325.4340126365 55950.9710245114
86940883.4194494188 60325.5938971359
94614177.2973904461 75071.1687622070
85830605.9806351364 53324.7369201165
86985626.7764997184 60326.4802570064
89542750.2920178771 71684.3466892242
89511819.0172928423 71632.3306980133
91567738.3994845152 74728.0713500977
89488330.4295464754 71629.8829441071
86810522.5755768567 59549.0620444138
86756784.7959064245 59413.6643317062
85276513.6145162433 47840.0868903287
85830605.9361765236 53314.6511409264
86597996.5985956341 58501.7347662766
89620170.5971950740 71807.2927703857
85019350.6233913898 43225.0542571545
94053451.6378870159 75023.1936645508
85788952.9839191139 53249.4994380455
86516911.5092976987 57668.6914593298
86409778.5013727993 57590.1168615837
85452097.2352382392 49356.1425423194
90340063.8512997627 73849.6030273438
89113692.6986444741 70171.4086182117
86519688.0118270963 57702.2262738748
86406017.1501917392 57556.1487424420
85296097.0859632641 48424.7891078200
86251387.6151110828 56693.1643979596
90985060.5699205995 74460.2943725586
91904469.7046748698 74841.1437988281
91018673.0960939229 74506.4588623047
92045348.1413954496 74856.4849853516
92007218.4107496142 74850.1250000000
91880346.0023943335 74808.5373535156
86265731.1891804338 56697.4238631744
91697805.4067542404 74750.7969970703
90823904.7683695257 74442.5067138672
89193171.6650765985 70312.8479251862
89161802.2654915452 70231.3952579498
91868302.5083700567 74803.6434326172
85263681.6947704852 47753.0059141591
89226475.2322025299 70690.8281803131
90390335.8187473118 73888.0044555664
91943279.9468265027 74849.9350585938
89346889.7902293950 70977.1624088287
89012244.9059680849 69385.6461277008
85159057.1721937507 45964.6488012746
91550649.4251331389 74712.8854370117
91781219.9037934542 74787.3562011719
85927123.6593465060 54245.9310145583
86103736.9944445193 55785.4758615475
85172433.1945813596 46841.0763487294
89557940.8816989213 71759.2460918427
92097535.6627143919 74874.6138916016
91923756.8404933363 74848.9432373047
92546334.2208975405 74945.5021362305
89382888.0065960437 71097.5288791656
91617182.0813473463 74735.1107788086
85907482.2982678711 54179.9837221639
85858830.3825538605 53919.0070550423
85146128.5408863574 45948.0928892568
86319615.3226446062 56789.5667388421
85961655.9168194532 54440.0142943840
91710564.8914171159 74784.0530395508
85022639.4856537133 43311.4854058474
89749885.3734069020 72032.0621948242
89198425.4849155545 70333.9736576080
90287870.2435668409 73568.6356811523
85140335.1107392907 45274.3222480267
89622168.2267627418 71897.8359222412
85698857.2412555218 52295.5258815270
91048121.0189275742 74518.7363891602
89885925.1056130975 72629.6697387695
90731192.2434373796 74341.9053344727
85095938.2426667213 44229.8919059485
85054795.1696593612 43364.8906928748
85059046.6846468002 44145.6469701976
90103599.8466934115 73115.3214569092
90602593.6975628436 74273.0208740234
85139983.5829388946 45147.6172086447
89479032.1863698214 71368.1399631500
92881819.4826657325 74984.0867309570
87548227.1714094728 62794.9958333950
90777376.4401971102 74345.3209838867
85009051.8441606909 43221.3266872615
87335049.5266818553 61517.6874990445
89746814.3722638637 71978.6039276123
92971709.1406008899 74986.7570190430
87257069.3255925924 61253.7385214049
89609666.9680918455 71801.3917217255
89740893.6162209362 71932.1335449219
89317939.9439491630 70963.3026065826
85169534.7614698857 45972.4872533120
91137176.6794240177 74567.7175903320
86099169.4502481967 55197.2815282326
89456499.8302679062 71166.0021057129
89704078.7848060280 71925.5042572021
93004342.9210059792 74988.0076904297
90316575.2635534108 73847.1552734375
85122753.7226613462 45052.3385448195
92850179.5107766092 74981.1721191406
89655614.8507866710 71901.4532928467
91553670.8077844232 74716.0549316406
91744032.1272774488 74785.7363891602
89769357.7092458308 72090.8330688477
91561427.4597546756 74723.1818847656
88029172.0135181695 64931.5138254147
86377686.8029699326 56918.9960870724
90033815.2280086428 72721.9352264404
87388583.7308810204 62036.3279409390
88939503.2262475342 68552.3860737085
85103369.6937962472 45033.9444989003
92854084.8010998517 74982.6615600586
88793552.2545623928 68160.7185016870
87927227.6019391567 64299.0828924160
92132512.3009522408 74881.0435180664
88948153.7862745821 68982.2761493921
90787883.2399237752 74369.5587768555
92361505.3658407629 74930.3880615234
89926834.2279614955 72665.7338714600
92279538.0880988836 74926.0051879883
86063896.9720374793 55064.7907266598
87373121.6363443583 61645.9794454556
87396565.2145406157 62165.6668844204
85978318.0110747963 54912.3343846779
89961456.2696888894 72692.3502655029
89927508.7494495660 72679.7980194092
91616385.1661382765 74730.2213134766
87328433.6283038110 61442.9790029507
87909082.9808677286 64294.2179937344
87953098.5381389111 64606.3666635733
86076285.3480212092 55150.4754804950
87484764.8565018028 62374.8229808789
90501031.7543035746 74156.8050537109
85821305.5877291262 53290.9659621697
88367374.8283413202 66062.0045404434
88069160.5912029743 65078.4391491394
88323997.0533963591 65893.5999389421
88238486.0075004250 65692.9745397549
87441620.4865701944 62297.3249247950
91021551.0414023697 74513.5720825195
85638903.6079751700 51103.5093362164
87803702.4859327823 63978.8538156729
89966492.0700589865 72697.0960998535
88419227.7295690328 66141.4239130020
90062153.6505469531 72986.6674804688
85660057.2294559628 51288.8519988358
88193209.0133044571 65203.5050671082
87930683.4789193422 64475.1431798916
88121757.1546819359 65164.1534032803
87312255.1994115263 61442.3364248499
87440463.4558729678 62222.0719976407
87279901.7157146037 61277.8891820889
87306155.5082321316 61430.2188301068
87885236.7538331300 64249.1071157437
85651401.1487035751 51104.3007049542
88050347.6345891207 65073.6611242276
85688844.2921596915 51313.5762020182
87536361.5859888047 62428.0077234488
87689074.1476168036 63333.3839703780
85691091.8977800608 51410.3001705240
87790691.4558033198 63977.0377145987
91056493.2537426353 74519.4962158203
87634862.0088650137 63208.9318758231
90246705.9154585451 73510.7796020508
87754551.8099759966 63477.1683298331
88026578.5869955570 64888.9672800284
90480292.0162111968 74146.8843994141
87538818.9588291049 62459.9930444937
90353832.6952283084 73858.2233276367
87772136.0900744051 63552.3518056851
87983930.7353342623 64624.5176341981
85620284.1401951611 50467.8621517252
85577862.7080126852 50192.3711395245
85628104.7493982911 51102.2542110514
87647020.8555404395 63210.6026637796
87528665.7296590060 62393.6672998648
85655235.4119879752 51204.7612572368
93162369.7900422215 74988.6892089844
87611495.0188172311 63063.9265085440
87525665.0821922272 62385.3830286246
87739782.1695322543 63447.8177210074
87622095.0680817217 63152.4837061148
87664923.1037206203 63311.0011469107
90485997.5190814286 74147.5798339844
87771286.4154270738 63509.8523813467
90493621.6667783111 74150.0288696289
90125128.5689339787 73125.9402923584
87648896.1806068271 63253.0918527823
85557337.4086291939 49668.6113413554
93150484.4522560388 74988.1652832031
85548781.8450559229 49634.9546242412
85563185.6611983180 49690.7515112814
93679144.7911779135 74993.2363891602
93471190.0060867071 74991.0248413086
93789650.4415400177 74994.5910644531
93825872.8259536177 74995.8577880859
93755412.0945852399 74993.9249267578
93662437.7597527206 74992.5778198242
