396326643.2768895626 3896529.7158203125
396830920.9008924365 3983446.9931640625
399701038.5552926064 4376902.7294921875
405736812.1489980817 4762990.5908203125
410103492.7019727230 4938726.8847656250
418207830.0612037182 5173104.4433593750
435589744.1158336401 5427331.3222656250
435753357.7865092754 5432202.6796875000
435796628.8929874897 5433062.9199218750
444095597.5507816672 5472088.7792968750
462133842.4633209705 5489544.7187500000
393492444.7067070603 3339224.9819335938
393626228.9856302142 3342961.8505859375
393991272.7207462788 3358709.6787109375
409750986.5641049743 4933730.3574218750
409853347.0224063993 4937774.3398437500
418278551.0544667840 5174588.1914062500
393162445.3089029193 3239544.8442382812
426157860.2967655063 5320098.0976562500
399769316.3176328540 4384046.0126953125
404901309.5338349342 4732241.6025390625
412023243.2347177267 5003837.1005859375
425745752.6338230968 5313167.6074218750
397096368.0351525545 3998048.0317382812
399788390.8597152233 4384367.6230468750
400952612.0190854669 4491556.8427734375
406041009.5036918521 4781553.9277343750
393213683.9608077407 3261936.4101562500
401028585.9792372584 4505139.4980468750
401474501.5538353920 4534667.8984375000
404942777.8639187813 4733230.1298828125
410168102.4040951729 4949613.7402343750
412189853.6345177293 5005404.5234375000
417145341.7640827894 5152590.8945312500
437072542.7006108165 5443238.2402343750
399680742.3574922085 4373081.2568359375
399728053.1712045074 4382362.4003906250
401550091.9609510303 4539530.6396484375
396265058.7786316276 3895953.6801757812
399797852.4408186078 4384830.3212890625
401368980.6133135557 4528070.8417968750
406546465.4273556471 4786961.6289062500
397171445.0820937753 4001880.6347656250
405488142.7446693182 4757941.1787109375
405811179.0327473283 4772352.4707031250
417031546.4924818873 5152447.8906250000
416707852.1090493202 5145316.6562500000
392467412.6406348348 2971797.5014648438
392483034.3790097833 2974109.5097656250
393463021.5287034512 3329264.5844726562
396880686.1123399138 3990767.6611328125
396907344.9888510108 3997801.7763671875
400450624.1426602006 4449315.5722656250
410156359.1664354205 4947018.1933593750
436518175.3098744154 5440902.0839843750
396859840.2618783116 3990408.2485351562
400868703.7590407133 4480620.4072265625
405943920.8326882720 4776975.0859375000
406091538.1852229238 4781558.6708984375
406218267.9588630795 4786240.5058593750
411987724.1724061370 5002904.1406250000
417636234.2863075137 5164263.4238281250
435897710.0643638372 5434866.0800781250
445165119.5260211825 5474821.9531250000
392495965.8620512486 2984978.8945312500
396784404.7471073270 3982515.9003906250
405349740.6579352617 4754409.0126953125
406166748.4118114114 4782766.9238281250
406144245.8789651990 4782079.9550781250
436468356.2824449539 5440099.5566406250
393531943.0097026229 3340917.4711914062
393372991.8707286119 3299921.0878906250
393373355.6927537918 3309650.3955078125
394492078.5467364788 3535211.9487304688
394580274.6804576516 3546598.0302734375
405738363.5830405951 4769930.6464843750
425459873.5022192597 5309461.0957031250
401176039.1991106868 4516828.0771484375
411584341.1560266018 4996012.9609375000
436087693.4889128208 5438098.8476562500
445310166.3367788196 5475088.5625000000
392570042.0612949133 3040760.3720703125
401885060.3780465722 4556700.7783203125
393186549.9869415164 3255478.1640625000
393114315.6337710023 3237920.1396484375
393282289.1176076531 3282945.3222656250
401605912.7813907266 4544111.2382812500
416851880.4176679850 5148385.9199218750
401683691.2275770307 4546616.9511718750
401555968.8215482831 4540864.3632812500
394449886.1812074780 3525604.2207031250
427279483.4012721777 5331120.6035156250
438096708.5251404047 5445878.7187500000
444884415.1512593627 5474276.4277343750
394473863.4739154577 3532777.3237304688
438298329.4609022141 5446305.3398437500
405573471.8166190386 4760784.5224609375
400044636.3682261109 4414027.8691406250
405260002.6785588861 4750333.8232421875
411737266.8426463604 5001563.3818359375
393183587.9811353683 3249447.4082031250
396648508.2414312959 3963368.7773437500
394381892.5586482882 3519556.8994140625
400572275.4814488888 4463022.8281250000
400687592.8400097489 4473180.4482421875
405062096.3160141110 4737632.2275390625
443395678.8922044635 5470800.4492187500
393048648.5690759420 3210091.2792968750
400588624.7493320107 4466250.4785156250
396192890.6687659621 3881936.8989257812
425595538.2242832184 5310495.8281250000
443617099.4027811885 5471327.1132812500
392535964.0864878893 3027390.5312500000
401535214.9315420985 4538546.1718750000
446673354.0003457069 5475808.1777343750
393016431.1760137081 3195416.6967773438
394554459.1144887209 3536778.8447265625
396348367.5133910179 3909301.9829101562
400551381.6109933853 4461681.8671875000
405122212.1365557909 4740323.4052734375
437817774.2989596725 5445241.2949218750
443250465.5330820680 5470154.5312500000
426320705.5253012180 5321674.0722656250
425888089.6634273529 5315893.5898437500
446531816.0159073472 5475586.9433593750
393040658.1168439388 3203220.4267578125
401995766.3248736858 4559383.6240234375
401793367.9959489107 4551817.5546875000
442835997.8722161651 5468264.3066406250
443125084.6352701783 5469284.5234375000
394398976.7380884886 3520316.0292968750
393041265.0776653290 3206694.6103515625
420415580.8760604262 5214857.8574218750
415707443.8328335881 5110394.0009765625
425064359.6110423803 5300857.4511718750
415657620.8889153004 5109883.6455078125
415612094.6176987886 5109799.2900390625
411345486.6730656624 4988482.7919921875
415414059.7382388711 5100277.7119140625
415711837.5946023464 5114389.7490234375
396431807.8811040521 3920652.9462890625
400535949.5298612714 4458996.7070312500
420120880.7195159197 5209677.2910156250
396575539.2408793569 3944174.8442382812
415361006.0461184978 5100186.1123046875
437301284.7556025982 5443745.6699218750
419912417.1437484622 5203854.8300781250
400158354.1604872346 4424937.5791015625
442815575.0061143041 5467710.7324218750
405586297.6850790977 4761757.2539062500
405737573.1824208498 4765014.3398437500
415132802.7335167527 5095559.3447265625
414901119.7941563725 5089396.3369140625
392517277.1639698148 2991362.2207031250
392976743.7463094592 3173534.6586914062
394352742.8503502607 3511535.5527343750
396344831.3289218545 3906325.9169921875
396512833.9588506222 3931267.7910156250
396585731.2815009952 3946434.3852539062
420639340.8976328373 5217663.3027343750
420258849.8743638992 5212377.1230468750
392908852.2875483036 3140558.0644531250
392856806.5791302919 3119901.2021484375
392835120.2462512851 3119089.5576171875
392753273.6799199581 3092725.9667968750
442472765.9982867241 5466058.3222656250
392672031.1082207561 3057174.3481445312
414969983.4450704455 5091963.2607421875
415225788.2227067947 5098503.6337890625
434825029.2956709266 5419326.2363281250
414847671.7379112244 5088326.7587890625
392694928.8426889181 3065171.1850585938
400903809.9143453240 4485524.9550781250
394351120.7645738721 3510732.8837890625
392672170.6652516723 3057935.4926757812
396568289.0574375391 3936099.7919921875
414628273.4612263441 5080266.4912109375
400875589.5677829385 4481453.1367187500
420969553.5118969679 5220449.1523437500
403095204.6685308218 4616251.3447265625
434382745.3304355145 5410636.0195312500
439525414.0703691244 5452366.2207031250
403174473.5999442935 4623838.2285156250
403142524.6154652238 4617642.6865234375
419293615.5115076303 5174969.0683593750
438969954.8296575546 5450077.6503906250
394559692.5124625564 3539412.1738281250
397266026.6103732586 4002439.6870117188
434347218.7418773770 5410588.3710937500
461699499.1694948077 5489223.3671875000
421105094.4650739431 5223162.3906250000
413648418.4571363926 5046390.3173828125
397432906.8961462379 4003086.0805664062
434763950.1028093696 5418663.7929687500
434790991.9466198087 5418761.3242187500
434005018.5713168979 5408576.2382812500
438656589.2009311318 5447905.7460937500
419723454.2498252392 5195729.3691406250
434169230.3282229304 5410416.6367187500
434092093.9797161222 5409235.2402343750
421834755.7085526586 5231477.9121093750
396162919.4015191197 3853014.8090820312
460101229.7487822771 5487130.0214843750
461395763.6147496104 5488790.8281250000
459898251.7691777945 5486386.3300781250
412658820.6929827929 5017637.7412109375
412667796.3022979498 5019856.0439453125
433634783.0502130389 5399835.4453125000
421409557.5300868154 5227658.1171875000
421498169.1903262138 5228710.6992187500
412483910.0226686597 5012559.2451171875
413333465.9144531488 5038800.0947265625
396184906.0950063467 3857434.4370117188
412780325.7329843640 5021627.3964843750
413322744.5503648520 5037741.1787109375
412456633.5467548370 5011363.5478515625
442118181.4683403373 5461147.1191406250
413090656.2175988555 5030147.2255859375
396122242.2281383276 3847780.1254882812
412370156.1495535970 5011300.2724609375
441884908.1320685744 5460650.5898437500
441669651.7833396792 5459508.3769531250
403346622.0621553659 4633725.6269531250
421346888.8887801766 5225555.7402343750
394146149.0579140782 3439587.2880859375
460608270.3712071180 5488266.2832031250
460231163.4654241800 5487150.7617187500
403261728.5879229903 4629849.8242187500
394181404.6914914846 3450543.1518554688
394195298.4844568372 3451731.8359375000
440967339.0052058101 5456673.3984375000
394225539.4212163091 3460329.7202148438
394124612.8631600142 3435708.4912109375
394076278.0530695915 3426934.3271484375
440305743.0543189049 5453975.9101562500
403481256.8544975519 4642145.1884765625
404090371.7605864406 4673232.6923828125
399425924.5247492790 4283136.2685546875
403725181.4366533756 4656365.9560546875
403804676.8815845251 4659695.3515625000
423487287.5348960161 5258321.8164062500
440785113.6559464335 5456176.8691406250
423469273.4375002384 5258244.6171875000
403607290.4431854486 4648984.1572265625
423543881.1344842911 5258661.9277343750
423805641.6089898348 5265155.2988281250
423756029.8390746117 5261864.5878906250
399298319.7087118626 4267592.6455078125
399255257.1555252075 4263173.2177734375
399353738.0934184790 4275990.7636718750
403563931.5927801132 4645961.0273437500
399436867.0476530790 4284865.0537109375
399474531.7154022455 4287003.3437500000
440316871.7995058298 5454542.7285156250
422890618.7258592844 5247427.9375000000
423248092.9834479094 5255427.7832031250
394055241.6463014483 3410199.7402343750
408374411.2149525881 4838267.1259765625
408446482.6231690049 4844169.9287109375
408754553.1930893064 4862623.7529296875
409423679.3995856047 4875965.8935546875
408986246.4722377658 4869452.1435546875
409018668.8172224164 4870325.6123046875
459086572.8098571897 5481038.7675781250
430859955.7908188701 5342137.2929687500
431304994.8341451883 5345229.8789062500
457992410.4472051263 5479671.9199218750
430386841.0730452538 5336643.9355468750
430277386.0405330658 5335378.6015625000
457680022.1132989526 5478875.7050781250
396003153.2782988548 3779588.8247070312
395926490.3775696158 3765263.7602539062
459062182.9769621491 5480715.4023437500
458486037.0109019876 5480337.3027343750
457715624.9006267786 5478883.0761718750
458070758.8100274801 5479903.9062500000
395748458.1595020890 3729218.9174804688
395672060.9423190355 3713405.6289062500
395643299.2766096592 3700075.5874023438
456819508.3959791660 5477601.6679687500
395704978.9579797983 3716340.7333984375
395564657.0243689418 3684082.1689453125
395561159.5688354373 3676271.9648437500
432524299.1534699798 5345505.7070312500
433335516.9108497500 5354521.1367187500
432731923.0228256583 5349033.1953125000
433308321.7826580405 5352841.4921875000
433430734.2870760560 5354828.8281250000
395359627.7242142558 3633899.1420898438
395384067.4321923852 3643120.5234375000
395457772.6895146966 3656811.3574218750
433236014.7898997664 5351507.5859375000
395323857.3524323106 3621101.8496093750
395312258.2783006430 3615818.9042968750
395248449.9579084516 3594291.7675781250
395162269.8532474041 3574609.7128906250
395158276.4336203337 3568046.1284179688
399125537.8218200803 4048497.9238281250
399202988.6061993241 4058617.4296875000
399106057.8980842829 4013812.5063476562
