477054580.3131490946 6098228.8740234375
493845006.2769561410 6928469.7519531250
493545995.5826624036 6923759.9902343750
505877014.0806407928 7265969.3359375000
505758899.6118105650 7259425.4511718750
506668678.3468798399 7284059.8886718750
506957063.1207847595 7291435.4414062500
506854694.9788936377 7288487.1777343750
524699386.1855938435 7460309.7304687500
462879758.7442979217 4505496.6381835938
463232824.2414385676 4532803.0756835938
465362574.2710987926 4948272.8198242188
465156167.2635733485 4933384.9990234375
473285378.1777376533 5798283.2890625000
475815233.8560387492 6009714.8720703125
477308479.7659623623 6112004.3759765625
476712366.0677390099 6077399.7675781250
493450916.6938882470 6919748.0292968750
493227478.2555654645 6912852.4667968750
500259095.9277330637 7137079.1992187500
500303403.3139199018 7137894.4082031250
502495313.9581604600 7193526.6894531250
505960629.8389949799 7271691.9257812500
506033927.4961576462 7274921.1992187500
508873699.8122087717 7311456.1308593750
533342075.5562021136 7465723.5566406250
533571249.3519947529 7466374.3085937500
507038594.0852777958 7292268.9453125000
507175775.7177358866 7293388.1132812500
506192889.4489246607 7276875.4570312500
506732502.7511900663 7288056.0078125000
506415572.6994886398 7282205.6601562500
464631408.8481171727 4843067.3603515625
464483762.0518711209 4840492.9902343750
476048456.3286226392 6027017.1142578125
476507827.9364624023 6058573.6318359375
489654898.4654442668 6783811.4609375000
506361833.3567385674 7281615.0839843750
477378967.8077881336 6114145.0039062500
477238260.0921694040 6106608.3515625000
477087669.1002048850 6101165.3955078125
476887873.6584899426 6090762.5341796875
465244670.7174473405 4940152.7875976562
465193866.6118251681 4934688.5444335938
473172943.4538069963 5790323.9150390625
476568196.6012066603 6062338.2978515625
476522469.9557389617 6062209.4697265625
476570730.4399341345 6068543.7998046875
493447136.5918963552 6918438.9804687500
468861914.0757079720 5357406.1269531250
489453797.7221260667 6771511.7929687500
494111786.4861814380 6935652.9843750000
502279808.9471377730 7188471.5117187500
465111462.0230204463 4931481.3657226562
465256470.3709114194 4941122.3588867188
475834611.3388240933 6012001.6337890625
476345887.4162911177 6053867.2509765625
522745795.6429896951 7454559.4687500000
465418445.9116675258 4951563.2143554688
476302276.1260704398 6044076.6494140625
489388360.7623614669 6764362.2539062500
502637334.5827675462 7197971.7480468750
462947095.8019971251 4515991.8637695312
500836341.5573019981 7150374.3222656250
464315675.6130668521 4804552.4423828125
472961684.4984913468 5774019.1113281250
493951248.9415193200 6933523.3066406250
493547967.6162948608 6924886.8515625000
500119906.0384253263 7135236.7578125000
518311600.3600587249 7417689.9492187500
521995080.0437708497 7454254.2187500000
464356947.5434374213 4822438.1816406250
476315837.9903373122 6052016.0712890625
493857223.1449998021 6932347.9667968750
464427801.2313064933 4826149.6962890625
464536252.6578574777 4842657.3496093750
502860635.1154392362 7198047.3964843750
465294230.0022812486 4943831.6635742188
475716520.6983812451 6006732.4501953125
476186396.3318160176 6038031.1250000000
518368387.2476853728 7426923.7773437500
489255407.4677652717 6758841.2500000000
489507886.7827953696 6773848.7207031250
489390031.2893165946 6767499.5546875000
508881177.1564702988 7314596.0546875000
526039827.8511594534 7460935.2382812500
489297269.4904633164 6759108.5566406250
465158098.2879948020 4933654.8041992188
502599399.5245407224 7194086.5214843750
464849207.3980887532 4876058.6137695312
473626289.4661435485 5826940.4863281250
502346481.8793708682 7192212.8359375000
523887066.4555022717 7454671.8984375000
524614358.0985058546 7459885.9375000000
475922658.6817575097 6020899.2128906250
475888527.1983174682 6018835.3007812500
464632399.1433160901 4849936.7685546875
473081083.8490398526 5781386.4042968750
490631453.9758304954 6814331.6064453125
501989232.0448321700 7178033.8652343750
521718623.5758342743 7452374.3769531250
462856903.8027527332 4481179.6811523438
490383662.5573348403 6805236.9765625000
493316384.0999678969 6917030.9941406250
501891184.3858382106 7175315.2031250000
519077575.7106537819 7435749.3593750000
524112196.5543354750 7458961.3867187500
490490305.2233987451 6809551.0566406250
490664208.6345722079 6816815.1757812500
490208267.4936155677 6799516.6992187500
521364405.0265704989 7450859.7695312500
464864021.5628228784 4891344.5942382812
475638466.4264206290 5991141.9130859375
519671750.1483662128 7441525.8476562500
520246654.8159585595 7445551.5136718750
508111957.3140573502 7303507.1972656250
499558695.4634194374 7109843.6523437500
508327118.1515353322 7306621.0761718750
521432550.8806911111 7451136.2109375000
520106899.2851299047 7444416.1132812500
519663615.5059593320 7440704.3652343750
520994201.9986571670 7448357.5019531250
469309826.7686088681 5400678.4794921875
469158304.5391049981 5388304.7392578125
472991834.3767479062 5774744.2138671875
485460671.5151862502 6525298.1074218750
500634603.6785944700 7147473.1152343750
502146546.8482245803 7184993.2480468750
502025806.3572599292 7180623.1738281250
508523796.4140454531 7308893.1679687500
508058355.0103619695 7301339.9824218750
464694727.0807980895 4858890.3510742188
469142246.0270785689 5384748.6455078125
469261250.6624770761 5395409.9853515625
464754088.3081352115 4872651.9370117188
464702825.0228824019 4865128.3666992188
493233168.8746483922 6913415.4726562500
469480829.4370709658 5418228.3759765625
464656956.7916695476 4855833.1000976562
464662501.7753810287 4856130.6831054688
469548625.2360157371 5427922.6630859375
469497708.0552719235 5420007.9013671875
473416614.7377604842 5812743.0468750000
469429037.7248311639 5410375.5273437500
474289135.2214356661 5886015.9433593750
474148402.9857861996 5870073.2753906250
499666762.7709623575 7117689.1582031250
475022326.2763462663 5937935.1279296875
491990890.9525784254 6861013.4189453125
492177839.6073575616 6870397.8486328125
491972766.1409341693 6854517.2490234375
491715067.7037134767 6850565.9873046875
475060397.0519567728 5938134.8125000000
532165915.4355188608 7464115.8476562500
486213647.4433298707 6578396.2900390625
463268229.5195654631 4554160.3989257812
507741991.1551869512 7297619.1269531250
474710820.5800217390 5911245.4443359375
492035161.2439888120 6862276.8857421875
525581196.9075625539 7460633.5722656250
499706073.5876030922 7120270.9824218750
525653663.2737328410 7460758.8085937500
474160283.7625677586 5873121.9355468750
469417049.8031740785 5409596.3613281250
473969009.6344107389 5857818.2187500000
469459340.1571707129 5415472.4785156250
474796516.6128152609 5919394.8349609375
474484891.3127617836 5900298.5878906250
474190103.4357014894 5877919.0507812500
491446420.6772589087 6839722.0371093750
499587348.4765694737 7115446.0742187500
492068760.7172755599 6865038.5683593750
533179154.6751807332 7465225.7304687500
473850766.5364237428 5843003.0791015625
532487786.2413285971 7464872.5253906250
473771915.1564920545 5834863.0634765625
501616120.2871610522 7170716.0859375000
473953964.8871186972 5849450.9433593750
491859918.2126007676 6854417.5019531250
491515265.2644768357 6843175.7031250000
472903345.5702003837 5749352.8945312500
472876148.5873858333 5745120.2548828125
472711722.4853968620 5738978.8730468750
524609486.9632103443 7459253.0996093750
491640348.6773706079 6844512.8593750000
533031715.3953336477 7465044.4511718750
472574486.9537882209 5723644.2001953125
500963594.5638605952 7152904.2910156250
523268762.0477299690 7454613.5820312500
463738539.1255159378 4574885.7587890625
463662492.4236328602 4571241.9970703125
463624195.5143312216 4568116.0146484375
531763651.1655610204 7462153.3007812500
531829115.0396876335 7462715.8437500000
478775992.8194827437 6126198.8300781250
515297351.3398529887 7382598.4160156250
531349662.5920100212 7461986.8085937500
515317748.8226689696 7383515.9453125000
530987186.1627973914 7461523.2773437500
469868668.9930624366 5449735.7617187500
469739156.3366814852 5435687.4208984375
463804645.1597039104 4630335.5117187500
469820010.8136088848 5443514.9023437500
463931902.4796888828 4664933.9824218750
464147205.7888450623 4716643.9453125000
464120977.3153539300 4694275.8603515625
478946528.6162574887 6135593.4453125000
516542008.9839644432 7395973.4550781250
514933472.9146196246 7376374.7148437500
516064954.2277410626 7392172.8046875000
487117533.1074336171 6612521.9775390625
463975486.3556414247 4669263.2177734375
464017343.6462232471 4680550.6533203125
464075039.0795986056 4690373.7900390625
486856270.4857531190 6601015.0947265625
486963156.9648938775 6603341.4716796875
463799853.5660254359 4579672.4208984375
487075076.2858497500 6608593.3779296875
516038789.0906645656 7392075.5976562500
486941475.8746828437 6603232.6220703125
471557211.4992723465 5595240.0937500000
515173679.2349523306 7382074.4238281250
471643175.9959741831 5605532.3251953125
472402340.2438874245 5673198.1220703125
472098081.4445533752 5647005.4531250000
472490980.9623696804 5680822.8564453125
487283724.3419127464 6618118.4570312500
472175477.4995114803 5653220.5917968750
472294934.4037362337 5655697.0761718750
471956725.9285618067 5634368.0078125000
472049751.3771494627 5638534.8984375000
488158903.4496178031 6660555.0566406250
479537359.3325687647 6159970.4277343750
471583549.6584779620 5595383.8886718750
471769161.8344239593 5612581.6962890625
488094123.7060640454 6656346.4863281250
488275006.2946689725 6666436.1406250000
488237970.1562899947 6661371.2246093750
504133443.5982772708 7210508.3144531250
479270062.8000308275 6152241.9101562500
479075832.2598789930 6140679.4589843750
479169611.1779217720 6146672.4570312500
488061726.8617507815 6655833.6250000000
487903250.2975533605 6647855.4843750000
504850142.0113957524 7230430.2832031250
488006015.1148115993 6650634.1191406250
471010118.6742461324 5533207.8242187500
470907184.3694754243 5529705.4960937500
504033835.5876113772 7209086.5683593750
504556131.0812711120 7222161.0644531250
504634357.5267912745 7224533.0273437500
470411092.9272484779 5472390.0019531250
470739831.8643560410 5509129.8496093750
503999043.6369090676 7205080.5703125000
470804307.7872431278 5514002.7880859375
516636759.1088095307 7396067.0566406250
470579441.4696986675 5493566.8916015625
516187149.7542504668 7393124.9062500000
470323473.1481611729 5467776.0605468750
514684001.2727356553 7370154.0351562500
514570359.7869721055 7368530.8417968750
514551932.2560811639 7368463.2089843750
514463811.6951182485 7368375.0136718750
467182919.1278089881 4963846.1923828125
467512989.0048533082 5036511.9277343750
467110845.9618728757 4956575.7001953125
467221595.5726235509 4991643.3183593750
467185224.8510196805 4972455.7490234375
467187032.7379017472 4980016.9121093750
467287127.2367329001 4994705.0292968750
467327788.9195857644 5009113.4335937500
467892934.5573536158 5058278.3984375000
467935542.2620908618 5067593.2998046875
468413149.4609736204 5111618.9091796875
468468468.5088269711 5122268.4306640625
468530999.6674102545 5134322.9414062500
468612132.9572356939 5151266.5087890625
513299791.9028869271 7328912.8183593750
513682435.4148535728 7335200.0585937500
468553163.9888348579 5141349.8154296875
498998118.2207111120 6995718.1132812500
498639341.0394247770 6986483.4218750000
498390324.4430298805 6975634.5566406250
498518943.6286723614 6977644.3789062500
498537037.8029785156 6984573.1406250000
498085222.5357705355 6971394.9667968750
497599482.7333768606 6959702.7695312500
497560508.8211953640 6958148.8066406250
483269062.6839028597 6229535.1289062500
483327439.6676033735 6237777.7089843750
483203788.4200938940 6229300.6455078125
485063675.8736730814 6335469.3212890625
484770932.7067232132 6320165.3955078125
483146649.5422927141 6222816.8105468750
483073405.5618565083 6217904.3798828125
484419615.9620827436 6298492.9697265625
484396158.9792257547 6295362.1103515625
484267671.6857608557 6290235.4697265625
484130614.9245623350 6277501.8505859375
483787114.1982015371 6259673.8789062500
