411150300.5855430961 441546.0084228516
417504938.2583078742 445440.9042968750
423749763.8071615100 446751.7633056641
382418728.6600480676 332954.0655119186
382171956.0977370143 331888.5483028656
363221914.8563092947 155168.6452234997
371477305.3919948339 267818.5250581373
381284871.7996196151 327307.3687558202
393375799.4267134070 386800.1722333878
393619274.2398636341 389038.8827512711
400895803.3749053478 414105.9757886566
400974086.9621360302 415365.2808042206
405643075.2117139697 428857.6507587433
410680162.5275071263 441353.4979248047
423004734.7280912995 446747.5717773438
362710931.5877816081 128655.7012686329
416557839.0765383244 444972.9222412109
392949726.7209290266 386202.3764484376
382140215.6946303248 331274.3408104209
404696703.4915789962 427487.3470630646
404926860.2532553077 428554.8554096222
423862468.7683645487 446809.1918945312
381835176.8715483546 330546.0774430437
403471161.0274196267 424779.3487913609
362764789.7689023018 131250.3030682998
363646310.8476936817 169287.5299571608
381771605.9245124459 330137.1729997424
393714647.6068677902 389360.6910932511
422486864.2725932598 446746.2871093750
367240456.2672688961 228823.9256731882
393411280.3768554926 388107.7851484269
392873759.0488752127 385651.9107778519
366380928.8772069812 216421.8978378214
412949085.5505302548 443182.1204833984
381394638.5371933579 327856.0241053698
363862314.9130665660 171385.7145422134
363919523.1710373759 171510.4872094277
363806636.0389038920 171328.6402969989
381445091.8306515813 328027.7898039883
381584075.1721451879 329400.7876237659
401073168.6067786217 416878.1607862152
404624727.4414896369 427472.0233936310
404494531.1817093492 427422.9893970490
363679102.9916546941 169425.0865345630
422232621.0985636115 446713.5683593750
422394668.5363472700 446740.5972900391
364037026.8629127145 171658.4464799312
416935824.3804254532 445258.9119873047
370810382.7975264192 261158.1685368200
362786574.7230058908 131338.8375304239
401029144.4379919767 416617.3556104340
363903116.1924873590 171466.1301879320
401154581.6752570868 417352.3883252777
363990215.0076872110 171588.5401217076
393045348.7176860571 386665.1364403516
416694790.7794020176 445216.7500000000
417364385.3804684281 445411.1035156250
422062948.9489696622 446698.4603271484
362879332.7964059114 135516.3988433452
362861055.6555496454 133979.7213531109
404279033.6968657374 426552.6530933380
422075944.9407755733 446706.5720214844
380870274.1240642667 324795.0450137882
412650148.5041932464 443022.2833251953
393404937.4478375912 387900.2680283338
401297194.2687290907 417517.9299563048
404300672.7303807139 426927.7774829865
405180236.8638237119 428813.3347167969
404432909.8068988919 427404.7342700958
421529380.1917854548 446509.0473632812
421796475.1917837262 446588.2155761719
420948260.4495877624 446365.7447509766
410321716.5698102117 440667.9030761719
367192709.6222025752 227429.9551262720
421449390.8035362959 446498.3045654297
421545640.9138586521 446534.6103515625
371665201.7525358200 268231.2657085825
432915974.4772204757 447094.5130615234
366998109.8239276409 225194.9442278757
405035919.6480499506 428637.1515522003
362930950.2978994250 135516.5649719471
410530348.0066890121 441019.8289794922
393396109.5188602209 387831.6847916394
402899424.2662375569 422713.4217097759
432204640.8099330068 447077.1770019531
392070176.5284565091 381442.3615486771
403042837.1837626100 423539.5849177837
371738184.5223582387 269348.7101591993
363349568.3818364143 160130.2306428663
371814889.4382006526 269919.8416933306
404043479.6546030641 426094.2689633369
393406179.7511758804 388084.3519058973
363288858.3566932678 158549.5660615675
363419055.3756660819 160782.5875361764
366314614.0164158940 215502.8949422729
366192766.9235455394 213653.4040987683
366955545.0846721530 224046.2770861997
371277249.5018290281 266073.8450899143
362843623.0305163264 133371.2467208477
371670148.0450576544 268616.4955511261
413393289.5378201008 443232.2390136719
417857994.8180310130 445459.6237792969
419191428.7139593959 445852.7001953125
363639892.5563749075 166835.8110902975
416265079.3961948752 444912.2950439453
420232987.7979069352 446121.7084960938
417059840.6885681748 445343.4107666016
419612056.4037213326 445968.6551513672
363486426.9702384472 162426.3569056594
363375604.5238288641 160330.4828993434
394034180.5364288092 390667.1781998426
419096585.6894848943 445699.7261962891
367625301.3808581829 231246.1095382585
371341935.8081804514 266571.2272768039
373004759.0128157139 276351.8558797706
372949356.5862008929 275948.2405106680
394240228.3609488010 390977.0049362928
394543658.0900257826 392153.0812302381
372710384.5057442784 274608.2995343078
409536432.8007155657 438672.9347229004
367405158.2304981351 229288.9513003244
367335538.2534105778 229281.8459884538
409748657.5448890924 439141.3142700195
411651899.3107122183 442211.9877929688
412558268.5990418196 442979.4705810547
370881944.5656135082 262553.1905070860
371071965.8464059830 264123.0003751535
366223707.8619809151 214037.9635739154
419320398.6316301823 445946.3563232422
366106849.5444253087 211790.2012541033
371033898.3052194715 264120.3061150331
372640388.1065282226 274262.7030987609
363029967.6501719952 139337.8902275832
363583119.2914037704 165514.3997656772
410217584.2690101862 440309.4688720703
367145177.1044081450 227255.8094546213
363449364.2561393976 162057.8214340897
393522921.7213951945 388178.5256870836
392390607.5816721320 383156.6475021988
401826441.9574810266 418793.7757747173
401650493.5026316643 418591.7110774517
411271826.1260387897 441801.7755126953
402348648.2710929513 420867.2864253521
401660593.1402568817 418653.3309504986
392795313.7855914235 384944.0385391861
402057058.6177542210 419771.1634089947
401839261.9327462912 418933.3957698345
395618948.8007006049 395692.7566828728
412143988.2028780580 442594.2520751953
401598339.8349105120 418547.3182551861
380612706.5531420112 320707.0422125729
395966009.4000574946 397322.7840577364
408030440.9491609335 433151.1383056641
412293015.7245545387 442786.9566650391
396426265.3844678998 398807.4536159039
367232696.2797266841 227879.8756927433
366238600.1048642397 214270.2746234727
396730157.2530592084 399617.9113795757
431801042.9513693452 447030.1138916016
396375929.9644673467 398783.3655701876
413815110.2509332299 443417.7458496094
396011504.6724570394 397690.3882752657
408039968.2304189801 434680.1919212341
380682766.4959288239 322210.6353406580
395839840.7530557513 396726.7884821892
395865064.8659183383 397045.9358296990
414199584.6504485607 443432.1892089844
413576360.6311629415 443409.0534667969
363114377.1559704542 141286.6286937380
408383582.3298121691 435482.4625244141
408161014.7658738494 435055.9020385742
386479186.0477475524 351687.0161007224
408744547.3150436878 436652.5935668945
369665991.7008518577 252095.5678854072
386595298.6089628339 352276.8803585349
408664308.3885905743 436538.3688354492
408208103.0946057439 435130.0453796387
370110903.7900351286 254801.8681346336
370022005.9667395353 254618.6164976517
395740245.2096238732 396364.8581235409
431434977.3866645694 446986.8006591797
369742886.0442163348 252516.1090579638
369567300.6540744901 250417.6339905579
369613894.2295591831 251137.9766612370
431646370.0444245338 447005.1905517578
369438812.1595235467 249103.3465975840
431534073.9769850373 446996.0562744141
379413235.8319210410 312617.1542911829
379441288.3299013972 314458.0752048792
369385609.6254867315 247614.3745295126
369315111.8052163720 247396.4063343424
369413139.9731903076 248455.3641377706
386636720.3086053729 352873.8763912497
386388784.1003901362 351488.3375118552
386577966.6868035197 352271.2044400973
418788756.1429222226 445563.7590332031
369133732.0486191511 245720.3120708186
430026592.2301960588 446822.3652343750
380495298.5304612517 320439.5119982505
431179736.8680428863 446910.4771728516
368922305.7072201967 243744.9141528811
418766341.5657584071 445535.1613769531
368374094.6302396655 238193.6851262245
368707161.9771990776 240513.1877012840
366537151.2198656797 218559.9405134511
368353712.4272103906 236891.9768612450
368736930.9294176698 240516.5507626506
430516356.5873202682 446832.0419921875
409014430.7141270638 437079.7516479492
366729195.4030089974 220682.7441908908
380504818.3228564858 320523.0158257131
379774616.1727170348 316020.7733087931
409029889.7619560957 437083.1307983398
366654727.6552419662 220388.0570228887
366834505.7083534598 222421.1988685918
367834738.4341681600 233060.8803090407
409511268.6425278187 438142.3378906250
367718360.7572444081 232088.7038699347
378195084.6829968095 305837.7449971142
378336372.7995142341 306556.4528848234
400363644.1728996038 411390.8691799641
400291274.4255692959 410893.2106628418
400042255.3536849022 409949.3100368977
367746947.8862531185 232597.7422951711
399928824.1614849567 409931.9863064289
400539403.7766933441 411410.8989651203
386741140.5930604339 353259.2212951956
399771616.3759660721 408846.6370937824
399980144.7050791979 409942.7846462727
398871149.4359918833 405956.5206692219
378868040.0761357546 309837.6560415628
398625784.1174380779 404711.2084238529
398223112.7194212675 403304.6252329350
379050545.6792642474 311026.4945959452
379140133.0409583449 311804.1540911052
378792717.2428544164 309724.5631307962
387414309.6873283982 355879.7569599329
397764014.0503550768 400548.0401210375
387482115.8870601058 356071.0156269250
397668488.5960879326 400506.7859706469
397781167.3650790453 400947.0811366625
397469332.7351632118 400474.1524257250
415547819.4944261312 443725.9270019531
366089173.3193176389 205855.3878751732
366045206.1799404621 204837.7293374741
387508615.0949404836 356836.4648456750
386964987.1595560908 353887.0990854083
387589617.5414554477 356896.6850605188
391480116.5735047460 374598.1269676872
391209988.8165922761 373411.2210731693
391037269.6777064204 372646.5592873283
391308414.2315451503 374119.6305616796
390927297.7639753222 372583.9711125083
390904788.9968085885 372570.9141457267
384429964.6550403237 340156.6012459463
415284207.1794131994 443557.6867675781
389205123.9765779972 364326.7737793322
389417477.5213811994 364712.6936171949
389166023.0868082643 364324.7198431189
388945875.0800116658 362650.1951373364
389037213.0523613095 363631.1774386279
388982565.4281371236 363008.0349572445
388141681.7735727429 359619.7681701928
388794818.2707219720 362393.6545395404
378134621.0509811044 302884.5941901512
378020265.9934156537 302082.8135352009
365616562.5542996526 174816.6750883311
384308665.5531054139 339272.3210665146
365496364.3343892694 172895.4509198219
365398057.2036674619 172636.3580006212
385727565.5694004297 346138.6943733757
385527579.3702431321 345283.3404991692
385372059.0265556574 344762.4748985833
385267030.6877020597 343241.0504750935
377573887.3465152383 298558.5029477128
385020424.0306930542 342782.9460539587
385667153.7406672835 345552.6923159719
377958974.3346769214 300956.7249121540
384829958.3227348924 341897.7809334463
384300576.5954547524 338465.9469021885
365534431.9869018793 173783.3439444294
384226609.5341487527 338436.3701199619
383545929.1977612376 334685.4165757075
377483455.9268905520 295832.5816764790
377348013.1599733233 295536.2702281519
377234311.1286823153 293522.7382089500
365913565.6872444153 176122.3165005795
365998266.9531044364 179635.1777748824
376981590.4925680757 290963.6000939686
376884703.5946148038 290418.1171903093
376636139.0222697854 288467.5736607764
376547587.0655507445 285977.8324109376
377141566.9767746925 291003.5959376103
376340947.0059083700 280157.7522634295
376414858.1670251489 281476.0191549090
376423057.2907121778 281966.3920797136
376196450.6898904443 279901.8243321888
376132512.4970833659 279296.3433751576
376038447.8401086926 278118.4946813099
375894940.1618040800 277117.3014440052
