225851079.9808582664 9860.5926804789
226324541.2646993995 10019.3352044052
229782506.5930591226 10960.6769738272
233101824.9279325604 11711.2963745892
237768331.4009840786 12641.7855930328
240584730.4767669737 12991.3827629089
218937975.2095898688 6787.6384744229
219906237.0027996004 7413.5883566384
229231826.5708102584 10829.9964763609
238067788.8571662605 12682.2904720306
226018850.2361767888 9910.2188647832
229401553.1571678817 10848.2778242398
240198668.1760895550 12953.4249954224
240434918.3659775555 12970.0905456543
219408966.0698993802 7116.5098879193
237017667.1852730811 12484.0040588379
240576573.3459343612 12980.8128013611
243819357.2714849710 13126.7788963318
222074693.3997642994 8517.5481857019
240269879.8569534719 12958.7179565430
252396896.5068132579 13249.3224220276
217503476.7435407341 5157.9830103584
222361469.8406954110 8632.5305231151
240686578.8937762678 13004.6963996887
238688989.0791321099 12792.9110221863
240906521.7528659701 13018.2322196960
217540504.1665176749 5170.3201778170
219458090.5256630480 7176.9135026387
222151990.5177587271 8580.6928044515
233482773.7853957415 11798.1263169199
233523270.8383654356 11798.4733678102
237190290.3604928553 12513.4896984100
240306932.8230085969 12967.3963928223
240455643.8293733597 12977.4516944885
233909320.2895040512 11883.0260426998
237594242.1387313604 12593.2383098602
237380252.3705671132 12586.6431713104
241732953.3083285093 13039.4990119934
243781406.3243223429 13125.9189338684
221935276.9209198952 8498.7561284261
226461459.6866294444 10070.7908279103
233373220.1775265336 11773.1296403408
240821182.4672772288 13009.8044395447
230202639.4102920294 11038.7953286637
239980375.3422594965 12940.5859680176
252649834.8089733422 13253.6568260193
226602798.2305995822 10116.4427099545
228753859.3662372231 10720.5360385433
237869438.6997109950 12661.4981155396
241537055.7232163250 13034.2149009705
253009002.8128198087 13272.9708061218
229869213.2314530611 10987.4817760754
239676217.1572757363 12910.6440887451
240654255.0250642002 12996.7550239563
253219043.6384640634 13278.6976203918
228448464.4803252518 10622.6376916424
233107426.0270540118 11734.0652028322
217424026.9869794250 4966.6936037951
217545786.6810722649 5267.4431544013
217794008.6086501479 5507.2376606568
221838814.5936251283 8429.0225324002
241267684.8242518008 13031.7722358704
254044489.8863002062 13282.5745506287
226914493.1674791873 10195.3548846985
217160469.4556024969 4195.7729883961
219663748.2237089574 7303.7938148324
221444611.0729237497 8209.9669550615
226508639.2556796372 10099.8945105500
229710901.8172998130 10943.8136833478
229788282.5336017907 10978.0704372693
239895077.4718616009 12934.7093734741
244107781.2711763978 13129.5369834900
233497551.9531988502 11798.2766131414
233781677.8590797186 11831.6431653500
239031905.8464027345 12845.3371887207
252532655.7265451252 13251.6166191101
229937470.0284052491 10990.5657461453
229640743.1356439888 10940.8610110357
239145723.4883478284 12848.6540737152
252358687.8737993538 13220.1837387085
222563634.0157264769 8726.4896898803
226295282.5903184712 9995.4227056927
252782007.1492721140 13270.8189430237
229987344.1586126983 11008.7977571562
217735602.8114638031 5401.4487186534
233784408.3948035240 11834.6241074800
239363440.7211705744 12883.3687896729
241703536.2460111082 13037.8013877869
219514820.0515707433 7217.5400025789
229569838.2680249512 10907.4401305486
243170297.0647265613 13101.9332160950
233826077.5338138342 11843.8970947564
233262730.8324146867 11770.7436218560
241455974.5710159242 13033.9453315735
241428247.7751978040 13031.8837318420
240543008.5857497454 12979.8799858093
241006178.0606229901 13019.4970817566
225618925.8724087477 9814.4132922734
226333064.4261609316 10026.7323420546
238330394.5004284680 12728.4324455261
238558294.9501414001 12777.6907081604
217422636.8328796923 4950.7194016390
229267407.4654443860 10832.2332240597
237221828.8517860472 12536.3257942200
239396900.8892346025 12885.5557479858
239863339.2859745622 12926.3000106812
221929942.6697006226 8454.1601649557
237626110.4511606991 12620.2439117432
226168864.2539248466 9965.1354020680
226078405.5009949207 9933.2560199345
232847378.4903078079 11685.5913048089
225529949.3638243079 9735.6151274289
233260410.2779985070 11742.1964702904
219878504.0764246881 7397.7905104435
233406416.9725407362 11781.2642456591
243680311.2822942138 13122.9339485168
243746698.0764699578 13123.7354698181
219331326.2505819499 7107.9405931984
219295925.3954910338 7074.6519511371
221523579.1484206617 8281.9321268754
243486529.2746205330 13116.7116203308
221761172.9678672552 8414.1525422292
217095807.8643991649 3873.1246562666
225573931.2969843745 9790.4845002736
217120664.1354656219 3873.8782800915
219863374.4930249155 7395.3439547832
228535304.4540761709 10649.4102698818
221599808.3129257262 8318.3625040216
221518247.6195923984 8263.5679985242
232243419.8287665844 11527.9192962945
217075792.4980136156 3857.6344668105
217463522.7570160925 5060.1795456820
221654469.7357527614 8331.2467420709
253502121.0298561156 13278.9375419617
221606374.1257466972 8318.5053913551
222847291.8980851471 8819.7800076336
229944513.6055755019 10995.4305491564
217115378.2805192471 3873.8357779735
217738553.8853634000 5488.0092465944
221560720.3700223863 8318.2387980180
228502550.0502994657 10626.1354781643
219173935.6669864357 6955.1808900289
221613132.3358999789 8329.1125002589
222771473.3296327293 8804.5865733754
225343587.5780627131 9707.8244348340
217049173.4643760026 3763.6973243042
219321082.0311250389 7092.0050310544
238844543.7814855576 12809.6508598328
229336422.6840167940 10841.1068097607
229583374.9579138458 10910.5174346749
217542736.2099258900 5178.7492630892
219363011.9620812237 7112.9689209966
219503594.7821210623 7199.4543361033
238021676.1148777306 12680.0765647888
222281332.8342142105 8618.3576491643
229149500.6997703910 10816.8262416378
229616750.5095177293 10913.0857764736
222466894.6844025552 8692.5619591605
222205835.9347989261 8601.4620589148
242818969.2065992653 13075.3498191833
242696694.2687878013 13070.6382255554
228938923.2472578585 10748.8265258327
217645835.8099007905 5378.5491025515
242951249.0050279796 13082.6144523621
217950374.5224975944 5659.2099619648
228938686.6021303535 10748.3983184353
243350942.6531793773 13106.5746192932
219489345.1888969839 7197.2637473992
221704357.4370787740 8374.3330129901
232575250.9490660429 11617.2224617302
217994929.5362068713 5725.2238581390
217929831.6831400394 5619.2646901817
231971404.4931951761 11462.9756685197
238926295.4722643793 12821.9185066223
218037377.7542492747 5738.4249139866
219242851.9714882076 7003.6897244878
232123714.5545338988 11482.6499868333
219330681.8022165895 7101.1813150316
253940129.2988093495 13281.2123832703
217156435.4895007014 4131.5551229494
217866628.1585322022 5615.7637140960
219300992.6810967028 7087.7887467794
217683006.4070384204 5396.8434260101
221738344.8043033481 8388.4666970955
232155903.6880599260 11487.9210363328
232294510.7935804725 11531.2225976884
237967030.7273221314 12671.6267890930
217128837.5270036459 3968.9053832322
233560265.6107743979 11799.1178889573
222938031.3527813852 8833.5904600648
217835852.8344273865 5571.6986161998
217538978.5266670883 5167.5010699570
232308623.0449941158 11552.2788339555
232026114.5001594424 11467.1672407091
238237074.1084716022 12720.5725898743
222880081.6137883365 8825.0250348391
225327565.5114464164 9695.2300921515
217923918.3826915324 5617.2575720758
219005714.0384952724 6788.8227717169
219182835.5655054152 6990.4557287209
217772697.4347541034 5506.3035700530
217696345.3821093440 5397.1452891738
217200082.4518306255 4298.9871235805
253984945.7954521179 13281.6528282166
219015168.0471814573 6823.5555027596
223196157.8710550964 8949.8698136520
222988399.0333089530 8884.6506108583
223681140.7346587777 9077.9137277049
237956396.7365017831 12665.4499931335
219105201.1832202375 6914.8764904302
252197681.9330593944 13156.6196136475
217534698.0000091791 5159.9540454347
221438851.8713075817 8206.3191667785
225192631.9151427150 9643.4668355756
225139403.9281232357 9633.3907562070
238338880.0457146466 12738.0746040344
218921324.4320254028 6702.4901946060
221397981.6049956381 8205.3726305302
217400839.8946568072 4841.8754600464
218921108.6805488169 6691.0774352164
225297735.7687107921 9695.1675935559
217383452.6203011274 4793.2224358042
225214075.7199926972 9656.7897024923
252272963.1733772457 13210.0090980530
227507767.8032744825 10281.3546706028
217133610.4176095724 4040.7162731170
221300848.8388254046 8140.6703746944
221226450.2335675061 8106.2298135723
225046874.0266203284 9586.7861228757
224987622.8723040819 9573.0645581060
219013401.6428088844 6811.9503386490
221342502.5709318221 8167.6952057510
227505596.8684079647 10281.0828352757
242681041.0676085055 13043.3610267639
217148745.6925002337 4129.8688379939
231336883.9449919164 11296.4245824204
217306888.0670381784 4601.5587802698
224700883.1238616407 9466.0767992311
230921382.0283636451 11176.5379642831
217238897.2462977469 4406.0439043007
224740470.4502443075 9483.6037828748
223364305.1484964192 8998.5969614706
224740309.4759337902 9474.4150372843
224915521.5104455054 9530.9306175534
224916286.5139917135 9532.4087049786
227485427.2762181759 10274.3242534671
217152673.2201156616 4130.7145842304
217145124.1686193645 4120.0173008360
231130766.8172208667 11231.6795510636
231428723.1443613172 11301.1699914323
231002004.0001422167 11203.8579479294
217293508.7184571028 4584.8187290003
224187077.9878029823 9270.2148344178
224245165.9329242706 9290.0065327811
224188059.8694629967 9285.1604825186
224187454.9213156700 9280.6398717752
224334331.2029467225 9331.4460018303
231065937.4948057532 11217.4576641159
224113473.4343882799 9269.8495541739
230969294.5338732600 11201.5020290451
224061108.2794980407 9233.5428830313
217270642.3174978197 4485.9966624511
227301375.8458440304 10231.7103338998
221450183.6408647895 8225.0479125338
223773661.1830413640 9122.0645898602
223958351.8734972477 9161.1705935397
217277488.0033316016 4503.1146991660
217297299.1466984749 4585.0819728543
217219769.6892091930 4393.6545551231
223725382.1217471063 9121.9033940642
222942086.3313858807 8836.8953383721
228009867.6289017200 10413.5465594784
227709356.5523924232 10347.7237129968
227841632.9653341174 10384.6200866431
228149831.2293653190 10449.1764851373
227617605.1910149455 10308.6955500405
228049170.2515601814 10429.0195065301
227678283.5518218577 10336.6607056421
227629838.0442944467 10319.5773411554
227349460.0241861343 10241.6967742920
236787873.5338101983 12235.7369422913
220144468.9279803038 7448.9492602934
220346640.5530754328 7547.7583288427
220116395.7741138339 7436.6128566684
220770490.9933049083 7713.6903470380
220560740.3973481655 7596.7930253369
220792045.4397506118 7758.1948823554
221114951.7308463752 7893.3345106398
221139698.8787526786 7914.7169101988
220643989.5921255946 7694.3391488416
220982755.5021927357 7834.1195409823
221116763.8794483542 7901.2148749116
220451866.0599396825 7568.9959056003
220500213.6966085434 7571.5520862793
236755540.5965689719 12224.5709409714
218853369.5994028449 6010.7142266750
218874473.9538295865 6036.0363449881
218727745.5050867200 5919.4775622479
218650696.0405471623 5810.8264212050
218582814.1250170469 5743.5973798028
