433559222.6487670541 1229548.6785108391
442968995.1824652553 1411249.7991790771
443110624.2391479611 1413062.4788665771
448895090.3893272877 1482713.2988281250
449027637.3833080530 1483418.0390625000
450910279.0149278641 1507370.1804199219
450612462.8952829838 1504042.1965332031
450799250.3415224552 1505924.2985839844
457537627.7112125158 1561444.0800781250
412929932.6970913410 701064.5636212137
412697765.8845645785 688949.8448101785
412635700.9275729656 685957.5500866678
415096693.4685838223 788317.9827829627
409353735.7303837538 519889.0813930776
409721314.5578347445 541227.3367132246
409699946.7437714338 538144.2300085127
409535394.7724887133 529375.2800573409
412913047.7171050906 696934.1417102870
412713863.4846874475 693524.4431988504
414824503.1229653358 780560.4164993167
422235682.2331554890 976103.5782174792
421864794.5622152090 971780.0527081813
421606736.2763831615 967255.8640793290
444165490.5556480289 1428693.2610321045
443977734.1701114774 1428115.7393035889
469373775.3306983113 1608965.3688964844
414980989.8999622464 783703.4528762698
416598748.0365847349 835534.1476703156
407763872.7721210718 368984.2442055526
414893321.0828560591 781169.6388319749
415476558.0513066053 799966.7759087412
416640842.9385545254 836283.8106547871
416375995.4173180461 831629.7971201716
432852934.6897619367 1218260.0036031548
450980581.5069769621 1508718.0761718750
422246580.8618644476 976897.1138351883
421706459.2585480213 968761.2265060868
422311312.1252100468 976968.7285812821
469626430.4585924149 1609233.7619628906
407691684.3429408669 361154.2813759628
407642967.8821176291 353162.6092508915
416568661.5977699161 834947.8357973872
421251430.2195771933 958438.0914606776
421448823.9474124312 963067.9160234656
450687430.5885126591 1505169.7097167969
450700239.9495830536 1505229.3637695312
457237727.3117276430 1560296.0119628906
469422557.4586691856 1609224.3796386719
469655835.9101253748 1610334.1379394531
409765491.0122531056 542179.5959905684
409838822.7203608155 542823.4391565203
450322413.7294852734 1501429.9191894531
450310999.8080195189 1500160.0496826172
409582304.5777562261 535431.6775725186
409178278.4567486644 512135.1643675115
409161637.6527000666 505759.3026641905
409541623.6156421900 534102.8176549971
415856750.7808325291 813149.3508033473
416322907.6752455235 828603.0905772028
416499171.2115159631 833875.1974902926
416245345.4574605823 827136.1830759821
416224143.8241056204 823057.1147166071
421036344.4186374545 953089.9092331852
409325638.4108616114 519742.2396370914
415218154.8037220836 789778.3684036136
415329757.9039673209 791070.1694290042
409434671.3089932799 526621.9103184199
433690053.9748345017 1239674.6645948235
409418135.4304860234 526345.2668737471
421006224.7547709346 949673.6563034977
433040741.0059955716 1225171.3321554009
444352301.9347463250 1432687.2145233154
450535563.1455645561 1502613.9912109375
432960670.1295445561 1224931.6033956353
444437346.7160066962 1432937.6116180420
469032273.6113345027 1605370.5386962891
462259174.9771233201 1591343.6833496094
433850344.5021044612 1239815.2066874877
458219826.3599908948 1568291.6262207031
421332029.6187250018 960532.2671433415
458335973.6735925674 1569181.3137207031
414767838.8747635484 774390.6427382249
457027262.4904363155 1557219.8044433594
433166715.4638840556 1228006.3675367180
457932232.7929319143 1566674.3718261719
416316144.2745779753 827391.0031875549
408010405.9320663214 377940.3823758322
416033483.2752372622 819633.4524063049
415789385.2404962182 811283.0693231532
461624895.3206092715 1587076.1499023438
461842628.7813299298 1588855.8767089844
415598633.0911671519 805588.9408058403
415802644.4006348252 812665.3851800868
407925098.3614199162 369307.1755655962
421777577.1379442215 970824.4366229500
449272024.8693959713 1490190.4826660156
449677869.2348090410 1495075.8115234375
415438694.5408897400 799270.3522026865
460827567.8646437526 1581553.6994628906
408410676.0770436525 422449.7652466442
449487737.0857415199 1492586.4399414062
415787252.5102768540 810185.0676739542
457771997.4557375908 1565592.6755371094
461082095.6122944951 1583134.9450683594
409026189.4742130041 496312.4226141567
415477182.6493592262 802278.9019463388
458627823.7903641462 1570885.7614746094
444491298.9973085523 1433343.6495208740
469234196.6391107440 1608886.0739746094
443205316.4670252204 1416576.2383880615
469178000.9576910138 1607949.9104003906
458120026.6677350998 1567365.0153808594
458020543.7481163740 1567309.2141113281
415142591.1202369332 789756.1201125979
468781534.7603288293 1599855.0534667969
408947483.9120832086 483903.8203773792
443633087.7783880830 1423308.4435272217
408413217.0347017646 435721.5260384227
408579235.9019007683 452385.7066565598
470319691.2074652910 1610542.3107910156
408858856.0655171871 482996.0257577441
409906986.8778849840 543686.7917104806
420873143.6146045327 948224.0261689425
420962786.3078116179 948530.0021210909
433203861.0909346938 1228471.6291474644
460557222.7540659904 1578047.6376953125
443779566.0865506530 1424236.1227264404
408633803.5103659034 459057.5827572192
433038369.7938984036 1224932.3972558323
408479414.9956741929 443542.4811947192
415046254.4706627727 786804.3682091562
412522322.6005405188 680133.2139734775
469055418.6164311767 1607679.9812011719
408901050.1901164055 483835.5973453299
409111906.9595511556 499341.5098924480
410007738.3764547706 549710.0666511203
460704414.8891429305 1581354.8928222656
414664275.5125132799 771289.2662733812
420833195.3062399626 944290.8426972628
449324374.4283529520 1491178.1228027344
450132389.6956549883 1499380.3530273438
410232224.4143342972 550715.1594436313
420391677.6203724742 931534.0911942720
442402492.8348631263 1402913.0135955811
410068817.5896323919 550029.7134077102
420520367.2620944977 933999.8204194307
443248630.8556659818 1417687.0680389404
461611279.9666865468 1586150.8696289062
449036404.6026288271 1488382.0949707031
420398218.8017384410 933258.6741791964
408620252.4987521768 458123.3913209285
449274638.1653270721 1490393.9729003906
410060180.1338979006 549742.9417082216
408852445.5566294193 482724.2150001819
410026571.1738513112 549711.2591594602
442859201.1540070176 1409679.6423797607
408557265.2931182384 451698.6614925708
409969273.7282987833 545249.8474128391
449371690.6924240589 1492018.6765136719
442637776.1949512362 1407485.2650604248
412882448.3204432130 695140.6354082208
432854453.3871994615 1218305.3232020307
408695902.6858429909 465776.2900936450
442999225.3628267646 1412554.0939178467
442233753.2913212180 1395960.9379119873
461142068.5705273747 1584265.7248535156
408766622.1214935184 474172.9838308389
432767789.5534074903 1214493.6227015425
432612088.9828560352 1212183.9956263471
442115510.1079816222 1391542.3963470459
408603898.5192763805 458018.7393123950
432740420.2382662892 1213710.4001673628
432552540.1112096906 1211904.4423197675
432680444.7246956229 1213053.7286585737
432793888.1310382485 1217756.0655726362
442277969.5370442271 1398344.5467987061
414425227.1612612009 758615.2234017104
408189069.4922009110 385942.0330633647
408247149.8084701896 388200.0410739309
408213160.2477801442 386939.2649547583
434470328.4982831478 1247031.5311630368
434815728.9103327394 1253526.9276474118
420117743.3798275590 918929.1944869757
420070583.0675879121 918651.4408553839
434783986.9517841935 1253153.9386113286
420010696.7921102643 916415.7622970343
434727909.0050569177 1252347.9195907712
414329073.0088478923 755492.2160774916
420329899.8375656605 926818.3649581671
434816012.9031427503 1255864.9882553220
408289365.9952368140 394311.0192854530
408360564.5104635954 408644.6284952289
420274825.4342030287 925136.2057822291
422534086.4534967542 977228.2937474129
413906781.4463021159 737734.4003275364
414213888.7845684886 750230.8532579868
414106006.1777307987 744960.1359842747
413996158.1329302192 742340.7019022434
413804742.3359399438 734474.0385258227
413642168.3692311049 714054.1961362242
413756326.6586319804 728068.9856259703
413656987.4009745121 726466.3763730406
413225791.3058158755 707787.4413294821
411621392.3068478703 626772.6498838663
413111285.8811340928 704368.5158862035
411569091.5721953511 618467.6961026499
460016885.1889785528 1573291.6213378906
460105092.9690791368 1575141.2365722656
459954994.8634573221 1572536.0500488281
419302571.6604148149 897138.3625323772
419122303.3368244767 892215.7443558872
411601084.1212021112 625269.8465543101
419417576.9889186025 900910.2039029896
459620536.9789121151 1571217.3427734375
459681293.8938965797 1572044.3447265625
411575197.9355680943 618530.3857873986
417904865.2674328685 854106.0516565926
447721227.6756089926 1462769.7399902344
448047228.3701266050 1467076.7353515625
447829173.8013635874 1463186.7264404297
447838803.5993870497 1463578.0686035156
417803502.8264504671 850224.7560022958
447365611.0877829790 1458029.3035888672
447066434.8270034790 1454492.9638671875
447119209.3631924391 1455961.4394531250
447280343.7066482306 1456920.4868164062
446241789.3787335157 1442358.4378662109
412097752.2532253861 644141.1279235384
412197309.7148557305 646323.9789988636
446584071.3285754919 1446714.5117187500
446818587.3450652361 1449907.7841796875
418954275.1350485086 881220.7913244069
441711176.0359224081 1382322.3606039286
417666874.9577091932 844845.3739222176
417582082.1931354403 843085.4140022881
412241730.1462206841 648565.3634205698
412286283.2029888034 653390.4204121470
418737727.1808073521 875683.3848913014
418774511.4796264768 878541.0520579405
418701355.5867078304 873083.8546126592
418614766.9019083977 872123.9432932921
440334317.4558357000 1349171.8103846908
440583340.5662937164 1356924.0438756943
440349305.2953356504 1351450.1060675979
440475141.2545120716 1355169.5852393508
440140538.7664248943 1347753.8343390822
440358955.6066001654 1351696.8453254104
440341248.2428866625 1349335.9327277541
426467697.7061898112 1061959.0016102777
426376724.1063072681 1059276.7889179843
426281061.0830597878 1055892.6829609531
426168179.3435904384 1055413.1331562656
439571353.3750700355 1338490.7024669051
426115488.6098891497 1054201.4393086093
438840506.0225681067 1324499.5175303817
438058391.1438939571 1310426.5687063932
438042301.4101647139 1310077.7222708464
438209315.8802103996 1313751.9268606901
438282900.3226001263 1314620.8885731697
411459591.1037476659 559693.5957438138
438026922.7108259201 1307370.7046132088
438159743.0345973969 1311397.4406971931
437818815.4078021049 1302373.8111729622
425337740.7559446692 1026705.3689576293
425555758.2074217200 1035437.6860352660
425403989.7683862448 1031594.0761719848
435728045.3034592867 1266249.9557704926
435409668.4610840082 1261123.3871669769
436060426.0683524609 1271553.2285861969
436225775.4185382128 1274885.4312229156
427143199.2266719937 1071164.7020478291
436152192.5818296671 1274079.5166263580
436357469.3796613216 1278278.6717014313
427498069.2878721952 1074525.5071830121
435949113.9618045092 1271410.2190914154
436141623.6989512444 1273490.8692378998
425178508.2928921580 1022046.6297809019
425165221.8480228782 1021760.8985492125
424978522.5504620671 1014585.3414155734
425140929.5362988114 1018740.7235261691
425303589.3703717589 1022085.1639189902
424356629.2103586793 981771.5855103813
424345940.3214393854 981279.9678498588
424142363.9201098084 979206.7057648979
432382790.3983121514 1167884.4195448121
432160371.1138077974 1163438.6217785184
432180634.9983271360 1163703.5180536469
432442344.9689636230 1168936.9570203980
431845894.2938247323 1155258.0817507505
430893435.1057105660 1131121.3798598051
431100946.2337094545 1132591.8300055265
428662453.6572526097 1083309.4716891646
431070363.6907159090 1131550.3154028654
430846784.6730733514 1129235.1037482023
431008642.8191048503 1131223.2500799894
429033234.6520812511 1092960.0292643905
428918179.5868085027 1089646.7944430709
429964082.5781112313 1110040.0716537237
429835907.2539761066 1105411.0836123824
429902148.2480539083 1107935.4124740362
