162369377.1443226337 12949017.2343750000
163567163.7154537737 13134515.6328125000
168577653.9416919947 13522654.3437500000
168487921.9575953484 13521207.1718750000
166790429.5751125813 13426823.0312500000
168854989.6246217489 13536340.6250000000
166037409.7598499060 13373715.1250000000
172400381.4347764552 13651578.3515625000
168351751.3451771140 13514027.0625000000
168641877.9594528079 13528519.2031250000
165986243.5777004063 13373496.4296875000
168148447.7708939910 13505887.1875000000
163693366.7929743826 13149360.6953125000
163886902.3207183182 13173075.5078125000
164764582.9084294438 13265443.9218750000
169989441.5550431013 13576957.3125000000
162229925.5538709462 12926221.2500000000
178792830.1141383350 13700682.9765625000
169823918.5866384506 13571424.0703125000
163594876.6427825391 13139138.7812500000
165591799.4347345531 13339881.2187500000
175978254.4709461927 13692085.6093750000
161033436.0404676199 12661372.7656250000
161718647.7458501458 12828054.0859375000
166321474.1416536272 13385109.8593750000
161276383.5638661385 12710377.3203125000
169737251.1011290550 13569140.3750000000
171487996.1439620554 13628881.5703125000
169708604.8171550035 13567438.4453125000
161195220.7838871479 12700970.8437500000
163945904.4716569483 13183415.7265625000
177997432.9792656600 13697947.0937500000
160474298.2521913946 12461571.4453125000
160415012.3235379755 12426242.1562500000
162397099.9939875603 12955117.7500000000
168209051.9275320768 13508706.2500000000
176128799.1614359021 13692869.0781250000
166155467.8239541352 13382200.4609375000
166276598.3811418712 13382942.5781250000
163297275.7611028552 13097231.6093750000
165554201.6872084737 13335263.7968750000
162584512.9603065252 12986965.3828125000
166891535.4320419431 13436612.4531250000
169890194.1741222143 13575402.4375000000
163380479.6036027372 13109308.6015625000
168595684.9306963682 13525358.2421875000
171356877.0947039127 13625812.6562500000
172926041.5247297287 13662842.8984375000
164538893.5151944458 13245800.5156250000
165658676.2126636505 13348568.9375000000
169521380.7999205589 13559162.0078125000
175396867.9910452962 13689228.1875000000
160167128.1230371296 12246359.6328125000
172492706.8600699604 13654855.8359375000
163358448.8114683330 13103219.9062500000
160181856.1262727678 12262258.8984375000
163621661.8149333298 13143003.9218750000
160448408.9884649217 12447703.6640625000
163555019.1641173661 13130340.7968750000
163407656.9336933792 13114072.8046875000
160231236.6343272030 12319031.2343750000
163571155.7451384962 13138655.6796875000
163526814.1091984808 13129495.4453125000
163485507.5527115762 13127881.8671875000
165432976.0111659467 13324353.3593750000
164338366.1960671246 13224412.2968750000
166908662.1525160670 13440127.7812500000
167015086.3646720648 13445962.4531250000
160385622.9050001204 12416689.2500000000
165235735.1990046203 13304361.8281250000
163646745.0922638476 13146765.0937500000
173337280.8731526434 13667563.6015625000
175260759.3281226754 13689053.3984375000
178695882.0655350387 13700201.8125000000
165611104.0786791742 13342147.7343750000
173044053.6486040056 13665571.9921875000
175804642.4045518637 13691335.0703125000
160356134.2243194282 12398648.8750000000
164557312.1653613448 13248611.5156250000
172618893.1798010767 13657536.6640625000
162622648.2017604113 12994081.9843750000
168401211.0798243880 13517362.9296875000
172211490.3010988832 13642592.4609375000
169641714.6203358173 13567380.7812500000
175553786.9567165971 13690875.3125000000
164609161.4998399615 13249279.7578125000
166970663.8846495748 13442411.0000000000
168449195.2992420197 13518798.9687500000
164515153.3097687662 13243443.6328125000
171891584.0027958155 13639804.9062500000
160899791.9932071567 12612236.0781250000
172935686.0553212166 13663003.0078125000
162030863.9137926102 12892994.1562500000
166994145.7137936354 13442954.8359375000
169517495.5519632101 13558817.3281250000
160243978.5678206980 12335276.7578125000
169217165.1162663102 13548429.8750000000
171708814.1758447289 13635441.8828125000
162305745.2790048718 12939158.0781250000
164234212.9656216204 13216111.2734375000
164472785.8818358779 13239582.8203125000
166694075.5242424607 13423664.3750000000
166463594.1277911067 13397846.2187500000
162537126.3021963239 12975750.3281250000
160191547.6503637135 12275213.0312500000
171175519.2443291545 13619051.8046875000
172794645.1621082723 13661403.8203125000
169321208.2313809395 13554607.7890625000
172651233.3158589602 13657597.1875000000
171458345.1145958006 13628688.8906250000
171593934.3185524046 13632761.7421875000
165609269.3085322976 13340160.4140625000
172554735.9438908696 13655298.7734375000
172770482.1273775995 13660931.1328125000
174601519.6095453799 13684337.4296875000
161004376.8870394230 12650835.7578125000
160177823.3884807527 12256346.2421875000
162510666.0622600317 12972613.6250000000
166653766.2470062971 13416336.9921875000
178454448.3817878664 13699979.4218750000
160513912.9518421590 12474071.6640625000
162347849.5348066092 12947665.3671875000
164624260.0624391735 13254930.1015625000
163716270.6917752922 13155435.8203125000
162421558.2565696836 12962437.2031250000
178463551.9035327137 13700096.5312500000
160276614.1742516458 12347617.0546875000
160599458.4542737305 12512694.7968750000
175476856.0879670382 13689436.1250000000
164273049.4778434932 13218432.4531250000
169152062.0538213849 13544925.9531250000
167454586.9661309123 13469786.3671875000
161068950.9193338752 12666884.3750000000
161794215.7014063001 12845851.1171875000
167318548.4998245835 13462053.2031250000
175057748.1803491712 13688020.7578125000
169281997.5793884397 13548505.8671875000
160524014.9823415577 12484773.5859375000
162115670.4213500619 12906227.0312500000
169006112.4540554881 13539753.2968750000
160606976.6357353032 12514063.5625000000
164157407.8286177218 13208636.4687500000
168955850.3039357066 13539411.7734375000
174550477.4011568725 13684075.0859375000
162264772.6162257791 12936533.5390625000
164258021.3872738779 13217016.9375000000
173843648.0140102208 13675273.0468750000
160378699.6092686951 12407010.2578125000
160287074.8190811574 12356468.4453125000
164502060.4667466581 13240866.6640625000
160578126.3109960854 12506360.1093750000
161912906.4419972301 12868461.8828125000
167918346.1307216287 13495966.2265625000
163732347.0984552205 13156995.4375000000
173128085.9457622468 13665616.2968750000
173393419.8247844875 13667702.5703125000
160257940.0614937842 12338098.6484375000
167145858.4657570720 13454307.9921875000
172438190.1581185460 13652142.9453125000
163748131.6370004714 13158762.5546875000
166891923.3863834143 13436751.5390625000
178059257.4432851374 13698268.5781250000
160217414.7783280313 12306084.6328125000
160359813.1143491566 12404436.4062500000
160517629.9982042015 12482341.8984375000
160680736.4770282805 12541260.8515625000
161856524.0980652571 12858794.8593750000
178192974.8076163828 13699909.5937500000
163759842.6604279578 13160771.6796875000
166867385.1009885073 13434951.8203125000
164124937.1989767253 13203613.7500000000
160215542.3175885379 12292220.7187500000
164220447.6458882391 13213149.4453125000
160891270.2654361129 12610051.0000000000
170598799.9581269026 13596206.6406250000
160873653.3001023531 12608161.2500000000
174020658.0754397213 13677237.8828125000
160507788.1114812791 12473158.3125000000
162913967.6507907510 13031886.1718750000
167585075.6464441419 13477206.2578125000
167259639.2656903267 13459551.5156250000
173408363.1030966043 13669506.0859375000
162887380.4183732867 13030761.5390625000
163896440.0717308819 13173850.7031250000
167633274.1828283072 13480072.8046875000
167607187.8085430861 13478766.3437500000
168062619.3494289517 13500727.5156250000
165655453.0668188930 13343128.3281250000
170568677.4831073582 13594932.4531250000
173649884.2044129074 13671173.5546875000
160928248.9642021656 12624685.4140625000
162239418.5568244457 12928852.1093750000
167507223.1345710158 13473767.9062500000
167643040.3201612830 13480681.6093750000
165075251.9244582057 13289659.6328125000
165477425.9201551974 13328561.3593750000
161291017.5607455373 12716569.7265625000
182063752.9775869548 13703364.8515625000
167828127.5380972624 13488924.5703125000
175382035.1336845160 13689145.0234375000
161279256.4388422370 12715567.9062500000
167679660.6521032453 13482819.3359375000
174523276.9216947258 13683691.6328125000
161258374.8883637190 12708662.3203125000
161179828.2253524065 12694540.3437500000
161059646.6337436438 12661663.9843750000
165035706.7653700709 13289164.9375000000
161081590.4639152884 12668588.5312500000
162750239.9576051235 13008596.1328125000
160922473.2716848254 12622230.5546875000
167608295.0069971681 13478873.2265625000
170290175.0244487226 13584172.1953125000
161631900.3511731029 12798174.5156250000
165019974.4741753340 13287147.8515625000
160832861.2564568222 12586276.6484375000
160737194.3972684443 12556370.7812500000
161712908.4602961540 12824554.3437500000
164958660.3771174550 13281805.1015625000
181702281.0875746310 13701467.2656250000
160668268.1871763170 12532665.6953125000
162180918.7909249067 12919570.5625000000
164208824.1048939526 13210941.6953125000
174121257.2746205032 13679407.2890625000
181818584.0003173053 13702005.8750000000
181753362.6946850121 13701831.9140625000
161816599.6605587006 12849995.3359375000
178009397.1509545147 13698109.8750000000
177865676.3201074302 13697606.6015625000
161741680.4738917351 12833601.4921875000
162977188.0648296475 13041359.3750000000
162160392.3712419868 12916118.4375000000
174870572.1208396256 13685185.7031250000
162933041.4522851706 13036512.3906250000
164985257.0235738158 13282728.4687500000
162160503.4009265304 12917178.2187500000
161998036.3162425756 12889017.9921875000
161838643.2860577703 12855074.9765625000
161772916.3106272817 12840881.2343750000
172065063.7488504648 13642353.1093750000
162813690.8025311232 13018941.8515625000
174371331.6259826124 13682220.3203125000
174916821.4401267767 13686505.4609375000
181698062.3209737539 13701432.6796875000
162797371.8539550602 13015675.7578125000
170417735.8536122143 13589106.7031250000
170120161.7796502411 13579504.2343750000
174325677.1499590576 13682101.9296875000
161686372.1349948049 12818209.1406250000
172280809.9323371947 13647985.4687500000
181414632.2381257415 13701184.4453125000
174263811.1263898313 13681697.8671875000
162848771.6849780083 13024319.6718750000
180990894.1247087419 13700999.2421875000
160950134.7246989608 12628135.2734375000
161562363.4506875873 12789673.0781250000
160497498.5463071764 12468472.3984375000
160747047.2408200204 12563083.9921875000
166396580.0159050822 13389542.8046875000
160710939.8398597538 12550429.4140625000
160470107.8993171155 12453719.7890625000
160838329.4178507924 12590834.0234375000
161508619.0888473988 12770940.5468750000
161598466.0626614094 12796705.7968750000
160430885.7402342260 12431153.2968750000
165116533.3003309965 13294678.5703125000
165006767.2460862398 13284692.3203125000
160920809.2208675146 12617067.9218750000
161551655.7737427950 12785277.3281250000
160645345.0443270504 12523837.0312500000
160346304.0385845602 12380831.7187500000
160206996.7931390703 12286848.1093750000
171111210.6654504240 13610108.5468750000
164863976.9909116328 13272454.9687500000
164817662.0472593009 13268790.3046875000
160852689.7950175405 12594258.0156250000
161498898.6995887458 12767048.6562500000
173790953.5444182456 13671391.0390625000
161554736.3795166016 12785733.7265625000
171068862.3665344119 13606693.4296875000
166425645.3610107303 13395128.2968750000
163237654.6410020590 13065591.7343750000
177649318.3275800645 13696636.4140625000
163265077.9762412310 13069341.6406250000
163245881.8191856146 13068604.7187500000
160856553.4772392511 12596511.3125000000
160836632.2856689095 12586410.0390625000
171106350.0850673020 13607997.8750000000
160322906.8971242607 12371988.6718750000
160777193.6623717546 12570015.0859375000
177471610.0848213732 13695746.7812500000
161379342.8223896325 12737874.9375000000
177581284.7654667199 13695783.6875000000
177320979.9605319202 13694135.4921875000
177471247.1025629342 13695709.3671875000
160331985.3728777468 12378617.2265625000
177250811.8510172665 13694127.7734375000
170505617.6050198674 13590189.7578125000
161430936.9619700015 12750352.6562500000
161457225.4160204828 12757770.4140625000
161325540.2250961363 12723019.6328125000
