317907494.8731619716 616702.4754638672
321965024.3435581923 623529.8015136719
287833228.6138294935 356315.9771811561
288051360.9922859073 360829.5143515663
283291413.4584649801 185679.2437040517
283751325.5508870482 204868.3369207540
283502534.6826280951 204841.2170181432
285194166.1243334413 291186.0677748818
285363030.0866467357 295742.6404739695
285257393.2448664904 293031.5202859120
288059137.1804520488 362490.0034570800
291422887.7900248766 423809.9954289458
293043498.5676349998 451939.5615646056
295080492.5814962983 481164.7184934447
294741801.5867227912 474690.4576500179
294995817.6416545510 479624.1029442073
303991413.7404661179 570207.2519531250
303750737.0294553638 568768.1530761719
318708264.1255000234 619974.2822265625
283248182.5752302408 182313.8079557046
283203488.3032264709 178150.1425577626
284996111.4018512964 287229.2574844288
286842176.9810833335 332698.5865788087
304570235.9333939552 573714.2204589844
317816200.6447600126 616154.7578125000
283311029.4910710454 192982.4564230898
284850895.5855932832 281101.6189213085
289926273.5641338229 398840.1770626374
294854997.9771742821 478198.7587059261
307966399.3712847829 591781.1265869141
313516794.0867024064 609431.3835449219
318735813.9230773449 620105.5263671875
319294431.5709491372 620874.5263671875
283411327.1027356982 200718.9059829870
295321601.1923601031 482448.1786561729
295497629.5024632812 484311.5075457813
305818591.5761299729 582356.7584228516
305671827.8160554171 582014.6214599609
305559602.6519768238 581446.2542724609
310299805.8602206707 600911.4707031250
310931069.0774531364 602706.3320312500
314065801.1733886003 609802.2998046875
318824994.3030334115 620259.2133789062
318845501.3260381222 620614.0571289062
318379351.2956430316 619362.4929199219
284907364.2266794443 284493.3977390306
283251513.6557455659 182337.0378164276
283389490.1449932456 197798.3177311280
294852887.6697613597 477574.5075502396
295064989.0916609168 480202.7280200244
294830999.4018971920 477472.4833803177
306881665.4522092938 588037.5559082031
319194298.9589645863 620694.0104980469
295586999.2504461408 485289.0529627725
295732124.2212071419 485443.4547572061
318421548.8345841169 619926.1823730469
295032113.7065267563 479673.9502193928
318847934.4945350885 620659.3603515625
283350847.9595564604 196596.7362387636
284886181.4940615892 284430.3425541210
294825406.7763488293 477269.6596498489
317938727.9969829917 617876.3840332031
293462081.9780995250 457539.7442226410
303895269.1661657095 569941.3748779297
304227577.0379278064 572884.8427734375
306868753.0960529447 587907.7690429688
309981863.5838111043 598345.6252441406
288181428.4835041761 364071.4539401669
291447365.4337003231 426426.6128911040
297271523.7703417540 502357.3058351278
297042975.0304624438 500834.0863527060
306926931.9183310866 588367.2271728516
284913358.6799821258 285158.1283263508
293603631.0075351000 461011.6690578461
306440523.2115657330 585817.2073974609
310025182.9602466226 598647.5119628906
293511543.7124779820 459523.3610744476
297122738.8052316904 501595.5797609091
316232339.6733176112 614879.1169433594
316324927.1572364569 615548.6323242188
316280174.3030577898 615543.4191894531
284845521.6577203870 279177.0798873249
310535307.4584536552 601797.0939941406
284851895.3177829385 282250.0233458821
285219724.8692552447 292722.4176558796
306163241.9257123470 585017.7073974609
306941857.8075867295 588508.7728271484
310253619.2550876737 599775.3571777344
310564685.2572147846 601978.0678710938
305874230.8491995335 583581.9776611328
306528563.1572247148 586871.0191650391
311562954.3389771581 603744.1452636719
313775166.4187140465 609792.3090820312
337408189.5995878577 629292.6452636719
294151004.0621585250 467637.7782030106
336777838.4626802802 629214.6677246094
285860785.8576424122 297526.6186125344
291623895.5460612774 428398.8069066069
304035068.4332938194 571781.8701171875
334152903.7776555419 627827.6352539062
284935621.6865790486 285319.3732222859
284958235.3379133940 286274.2606810872
285078455.4355552197 289863.2786788289
311680306.1107373834 603917.8991699219
337170129.0838611722 629223.7175292969
286925978.2535087466 338044.4985127077
297483505.5187551975 504944.5129482518
291577116.4225066304 427630.2580174467
307166976.2670671344 589061.9486083984
311278130.1396198273 603509.6433105469
336992602.4083543420 629217.0266113281
287936494.2142050266 360285.5122642624
293843543.4701682925 463515.3412990570
316560871.8836799264 615983.8627929688
336596210.2892069221 629178.7998046875
287035486.0983126760 340822.3841328248
292780099.7375938892 448369.2339278868
293850099.2339416742 463765.2550677657
307846559.8726219535 591596.9859619141
307339233.2230185866 590077.3038330078
307070766.3961828351 588886.1004638672
289878331.3571779728 397627.8865143128
294105384.4616406560 466281.3347144499
291743741.2051366568 430743.7945546171
306835947.6931371093 587556.7799072266
289664682.8450012803 393793.3063274689
306764878.0768814683 587548.6824951172
302635118.5801138282 557425.8132247925
316479564.6933665872 615823.3183593750
316645636.3653637767 616060.4604492188
313320536.5676608086 608803.6203613281
316359373.0766489506 615578.7854003906
302642268.3239231110 557970.3127441406
316432208.8060364127 615815.9477539062
321728867.8476848602 623294.9062500000
302675816.3778744936 558146.3311767578
336394743.6785094142 629165.3132324219
336216867.1985734105 629149.6447753906
284838108.1299036145 277781.6997752851
294056946.7307025790 465991.3075149432
285262178.9627895355 293305.0194777143
293725891.8368412852 461988.8264365569
286869969.2164813876 336882.8987812623
286862006.6833433509 336873.4896015748
288118427.3595140576 363821.2251205551
287971816.7572163343 360518.8195581543
334132995.0408019423 627812.5517578125
334210752.9972360730 628560.4042968750
334364405.7488587499 628599.2065429688
288110967.5036177039 363760.1928319389
334595757.7026785016 628775.8999023438
285273260.3575686812 293850.8930774522
287884776.9722670317 359929.2126855957
313184139.2482149601 608131.1628417969
312701375.8274173737 606463.2929687500
289630029.3599367738 392761.5073543855
312822853.3111028671 607489.3476562500
296577639.8431946635 494192.4118435155
310130388.3801596761 599372.3010253906
289561222.5535646081 391904.6926876374
291698355.5862353444 429607.7046021483
320954042.8284510970 622421.4040527344
293325584.2094454765 456588.2731261626
293265057.3810508251 454892.6858268157
303021339.6186993122 561946.6732177734
321183713.9230233431 622675.0100097656
335157363.2082394958 628909.9833984375
297617443.6505945921 506185.6085598241
315713905.7617401481 613582.5502929688
321460230.8538343906 622989.6489257812
321547805.9432753921 623011.4226074219
335472620.2786616683 628982.1296386719
293295834.3047751188 455190.9490981475
289686145.8600674868 394902.3609005280
293208890.1138249636 454547.3872428313
302487985.0489948988 555203.4355773926
283909868.6612965465 208495.7928230241
290136920.3743717670 402806.9117199250
293377920.2441403270 456822.5925124791
293163877.5952968597 454437.7097525969
316067053.3988531232 614767.5471191406
290194498.4807074666 402848.8263622590
315406755.4315020442 612216.7644042969
302788774.6164519787 559086.7790832520
296984328.4887620211 499211.4177639256
302899205.8872196078 561049.4430847168
296646099.0086299181 495066.8916408787
312989457.8026990891 607770.6379394531
315892030.3533910513 614551.5217285156
286673164.0939948559 331110.9210880386
296723145.4062359333 496230.6937191258
297012714.3136872649 499655.3579952489
284047200.4785152674 210736.6925146356
290069359.0229660869 401665.9557873078
283938693.2129178643 209909.9811912403
304334561.6730141044 573118.8774414062
286608305.0387516618 329410.3622348892
302979125.0698919892 561551.8477478027
284182175.6531975269 214221.7716815101
291667678.6887857914 429007.4265202543
303868271.6474301219 569510.4747314453
304775058.4180271626 574631.2102050781
286708271.0619043112 332493.8941104995
286700636.0706965923 331971.2665908920
292555605.8690680265 443258.6617976874
292519107.7700909972 443194.6178065985
292426616.6056053638 440891.6932155341
286591230.5219756961 328514.1005752670
291921227.3805041313 433311.8321141264
287494547.6906296611 350099.9543094977
284214081.2697097659 215020.7104200646
286633938.8914910555 329975.6332901107
287561728.4629850388 352064.7328739509
298585384.3713381886 512305.1886417638
298538890.9450597763 511983.7533827870
287395581.8676514030 348521.5031376227
284321706.7667629719 222461.8115021571
292376264.6900303364 440831.3029889315
298176798.5607595444 510535.7821857701
312120493.7875155807 604943.7592773438
284303909.2693397999 218669.5376334563
305079126.9739676714 577726.4694824219
311960646.0750335455 604614.5039062500
284347922.7101324201 223405.6571386292
284360411.2345227003 226960.4235897496
303239346.0477321744 564287.9244079590
303156706.8866752386 563231.7007751465
284325788.3181970716 222465.2645605042
289869478.2763256431 397588.9154266187
320148104.8880365491 621048.2529296875
320786806.9363268614 621900.1186523438
287386558.3926829696 346160.3766507604
284444030.5395491719 232506.8957902103
292175085.9024180174 435958.9644849207
305020774.7379196882 577154.8645019531
304902831.6843444705 576213.9497070312
284397021.5179967880 228665.1105425864
298234757.7020667791 511234.4042148590
292250070.7263445258 436846.0067315456
320440427.6991532445 621418.5283203125
287203932.6437474489 343103.7281607136
304832840.4198921919 575778.3320312500
309682843.1217337847 595575.6181640625
309958361.9607344866 596070.9611816406
284554522.3659321666 235815.4596969038
303338192.7925397158 564757.7350769043
303673505.4708546996 567716.2944335938
284651515.9631833434 241444.5469239480
284649686.5706257820 240787.7925771005
284671649.9058891535 245181.8342439956
284627639.9241861105 237791.0381012415
298328001.2729402781 511563.3241185546
284771244.0581327677 250008.6151488251
298005737.5394278765 508758.8472959921
284597047.1861329675 237331.8709462411
298159411.3458012342 509863.4508953094
317889961.3614433408 616163.6979980469
286270811.0413351655 307651.9677984908
286271006.2600327730 311336.0939276412
286501207.5441372991 318710.4344380095
286342497.8834410310 315335.0434057906
284774423.8273702860 252557.6589119262
286415894.4303330183 316762.4110615447
315306434.0273160934 609966.9304199219
286528866.1338585019 319525.3555817052
315347784.0339895487 610594.9431152344
290986897.8716117740 414109.9758576062
290968499.6203210950 413416.9373054493
290694428.9664714932 410294.5872672703
290804935.1136555076 411974.0686310437
290663101.7239928842 409245.6865008790
290909737.8125995994 412878.4289003909
290660249.9133642912 408635.8295726385
301905048.7638397217 544179.8543624878
302066704.7872251272 545978.3467941284
301612855.3038806319 540824.4243087769
301683225.5886614919 541568.8683471680
301263265.7171607018 537755.2406539917
301826913.6152576804 542148.7552413940
301739269.6551551819 542014.7006759644
289228710.4514716268 379021.6103246728
289536926.2472620606 385072.1931663671
289055298.8512713909 373614.2477529565
289133825.8830373287 375055.7753713647
289110022.1632765532 374754.4671133080
289035148.1216201186 372283.5039175072
300747990.4441460967 528840.9378051758
300946041.8133515716 531219.8255004883
288953062.4178267717 371452.8249013940
300656951.0803027749 528213.1615447998
288850339.9756655097 368728.6841221377
288693003.9184454679 365351.4447600748
300847242.8989672065 529469.1577606201
300689833.2797158360 528434.8463592529
300545156.0553780794 526121.8250122070
300108046.7813580632 520626.9381762743
299817786.2555420995 517092.9983493090
299680364.8701688051 516451.4931613207
299544374.0409002900 514338.5320930481
299490973.4891960025 514088.5226325989
