126819447.5127802938 55729.1796663813
139437031.2214308679 75695.5100784302
142592478.9083448946 79824.9568939209
143758165.1038139462 80969.2685546875
122309809.8702408522 39040.6271112561
122504260.9554179758 42331.5296839774
124087563.4274755865 49407.7806361094
125995703.6055429429 54137.6776296347
138775857.2071262896 74829.4140272141
141599663.7181379795 78448.8125457764
123527678.9153428823 47278.1106210612
123444557.8136960119 47167.8209555373
124237498.9458942264 50211.4603404514
140945684.9486349225 77875.7681121826
151476260.5276780128 82965.2371215820
124385454.5309986025 50356.4162730686
126026627.4799721837 54143.6964925230
126733382.4872833341 55541.1879671626
130868625.1543706208 63060.3997263908
139108635.0512327254 75405.8295860291
140694902.2285345793 77283.0182342529
141020368.6498275697 77882.1206207275
142513147.7968852818 79705.9118957520
142874642.0840372145 80191.1278991699
127600891.7362857610 57182.8593989015
130512648.3959803432 62364.5635162778
144745327.6269451976 81591.5794677734
123347167.2301831692 46400.8473227248
123228475.2084912211 46255.8913901076
124528128.5362513810 50819.5449199192
128925624.1437432766 59528.5242634565
151700415.9072507918 83025.0646972656
143980179.3734722435 81088.1262207031
144050369.9796345532 81236.8056030273
122258711.4725291878 38128.6975458264
125820704.3753511757 53748.2712728232
126650521.7909800559 55369.8708703667
128761303.2688935101 59498.6525851637
130515357.9532962292 62451.4012127109
143933804.2968675196 81053.9541015625
122697612.9187556356 43243.4592494071
139062983.1418199241 75247.6716079712
141356269.8100612164 78289.7729034424
144638598.3204286993 81586.6874389648
148101441.0912609100 82525.3172607422
126508176.3123036474 55260.2516333126
130548849.9231158942 62527.8747234531
124897212.6197580993 51737.0585867018
128712910.1398323178 59494.6912232488
130743003.8677287251 62823.6295746751
141652352.1270461380 78539.3969726562
126385787.9629908949 55080.2081087641
126331537.1007532328 54917.8911340386
139618526.7665989697 76200.5676040649
144836463.4935784042 81622.6248779297
144462863.8840124011 81481.5454711914
127360201.5107118189 56987.0024195313
130412044.0899927169 62316.1140728183
130227871.9120958596 62148.5296917148
139597368.2445867360 76198.9523696899
140772143.8633309305 77722.1077728271
143978911.0462091565 81064.5477905273
140762852.7038656771 77508.6847000122
144775343.3297384977 81610.1126708984
144591653.5218006074 81557.7949829102
122477026.7632203549 41635.0260218680
125113802.8520329893 52189.3215064015
125962771.2583353072 54115.0841284692
130930866.2626459599 63124.6598677225
143175274.7610615790 80549.7393188477
123061200.0896202773 45344.0777066201
143109368.5643883049 80377.2178344727
122393656.9342818409 41419.6001185477
122688237.4409505576 42827.2705856626
123114858.6662247181 45493.8928888105
129015908.2733466327 60041.9501259625
130343312.0946348310 62191.2126139104
150964079.2250535488 82883.5847778320
129261818.5851783454 60278.6917236410
147528758.2074731588 82424.7424926758
142630528.6935823262 79920.4596099854
143017099.0542424619 80371.8884124756
128305262.6016213000 58765.3146616966
128601244.8820969164 59366.7621582113
130588279.0942692757 62672.7732055373
142734381.4099653065 80024.0088195801
143229121.0411371887 80581.1004638672
143002828.9735508859 80272.7254028320
143221701.3577990830 80570.8698120117
122372871.1003812999 40807.4276562557
134598413.6545847356 68304.1595201615
139510400.7407471240 76009.7556838989
143297295.7454670370 80604.8547363281
126195921.3879123479 54517.2563283518
125911917.0186035484 54000.9870394282
148364033.0054409504 82533.7852783203
134617072.1082113683 68592.3391506794
144588286.6952471435 81542.8184204102
134572830.2127760053 68243.6033108357
122346733.2562898248 40697.9327393472
128562763.4511883557 59284.4267375022
134063012.2621751726 67939.1350414875
144248609.1686430573 81370.3609619141
143693610.9103063643 80916.1735839844
144450906.7891891301 81401.3107299805
130265061.0067630112 62186.1685794778
151638615.9295375347 82985.4621582031
122294316.8377443105 38264.6242768839
122985336.6732810289 44695.5764501058
130465946.3583542407 62349.5601507612
133893439.1386569142 67669.4659741047
124551908.2257758677 50887.1074504368
125781471.4834715277 53686.3134222925
150882363.8754435778 82756.2616577148
122283939.2797403783 38261.8473531529
126231263.4701628536 54617.9897811078
133839557.0029884875 67478.2373917225
140204363.3443581164 76661.2561416626
122788018.8393113166 43568.2209813558
147928021.8702224195 82508.9341430664
124023947.1634305269 49150.4518603794
139077484.5783625543 75355.1520462036
142817966.5819241405 80069.1060333252
129860992.2781492472 61267.2012685426
130090883.4870733023 61735.8265619166
139444901.6118807495 75960.7155838013
145136540.2821033299 81730.5843505859
144942368.1146894991 81654.9725341797
134252864.1585591435 68187.9504442337
147767669.4258551598 82503.6464843750
123129358.0064426512 45502.3792302571
125866997.3049949557 53850.2169133835
151301271.7206168771 82920.5637817383
123088935.5577890128 45392.0801122151
122901966.8443425149 44480.1505467854
147246938.1649987400 82373.5919189453
122313968.3945090622 39851.2870809361
123185146.9427178353 45561.4423459433
139226269.0573653281 75543.6130142212
123096294.0354693681 45414.4291492105
145218410.2937169671 81759.3531494141
122480269.9345730543 41675.1462117955
147216604.2828734517 82330.5712890625
124956958.9267335236 51884.9895787351
145576665.9813998342 81848.4318847656
141861681.9483686090 79023.1313781738
142258699.7212525904 79460.9957733154
145052088.7130103707 81691.5035400391
142096219.8401562274 79234.6012725830
129211154.1177390814 60208.4736254103
123395956.6912828237 46402.9019406699
123290624.8970483094 46257.9460080527
129893867.3645053804 61346.9601068385
133407222.6675618887 66746.5618450764
139808297.1258951128 76454.3274917603
122500137.9582801163 41680.5893727243
123055803.2880838066 44823.2645628154
141143579.8493769765 78093.7017211914
127923191.0146480501 58027.9932768494
139774559.1784047186 76388.2639541626
141664942.7410275936 78811.4334259033
122980083.9251692742 44579.0431974791
122935658.2275957614 44507.8733015954
122492605.6780894250 41679.3200025186
147665010.3708088398 82498.6992187500
126090654.7520489842 54331.9986971430
133697527.7508372664 67348.9605877522
124857409.4589828849 51707.6836833470
125028226.0055097938 51940.2449943759
128537064.9273376465 59205.6270353943
124598425.3950908929 51028.3154289462
129822125.8697898090 61241.2072355896
122914768.2053432018 44502.4995837808
124062646.8773852438 49318.2824194580
129571727.4412497878 60976.4412435181
125611246.9495868534 53387.7816402167
125920913.0853873938 54015.6006868891
141819699.9271991253 78852.2126770020
146894215.1319037378 82295.0174560547
128091628.5398343205 58361.5981836915
142454936.6682520509 79538.9950561523
122777442.4664261639 43545.2827142663
129738171.6196972579 61156.5088892169
140026929.2132073343 76649.5738983154
140426366.7979132235 77052.5345687866
127803156.1747939885 57872.0749876648
128414840.8584007621 58948.7450773865
122614203.1360512227 42624.3508762009
122502122.2873322517 41694.4640350305
142165853.5054857433 79301.5899047852
142455799.7346311510 79626.1619873047
125337230.8192791790 52755.3002502732
128139260.3546851575 58547.6152556092
127735723.5648751557 57744.2857365012
125360931.9351893514 52775.4949387424
125650023.2905229777 53499.3853548579
127715595.6541320980 57742.0627222657
127623146.2313469052 57402.2159205079
125520597.5219736844 52991.8519907743
125395225.7476679534 52856.8868901804
129738690.7598273158 61187.2711843140
139679700.7519696653 76211.6510391235
124189462.2982913554 49545.5856077820
127757334.3026275039 57819.5716333985
123922349.2120793760 48005.8393561095
133624254.5609521717 67184.7140719864
146561271.4775750339 82134.7138061523
123674469.7740412652 47519.7131121084
125752516.2459580749 53614.7541508935
146103791.4585522413 81949.1572875977
127191459.1178577840 56571.8309635520
129969701.5940242708 61588.8949857838
138577499.0640863478 74234.8692941368
125073611.3949788362 52106.2169764005
150663634.6478150785 82646.4033203125
150841939.7957744002 82752.2467651367
123738671.5546386838 47595.2634374984
123975634.8986632824 48139.7778326720
138652782.0394856036 74411.0396127403
138607765.6227670014 74369.9490233362
146235130.9379828870 82031.0275268555
124436980.8800606281 50598.3885847479
138443269.7995406091 74146.2817086875
138756021.3398620784 74826.9087533653
146038188.9575838447 81949.0697631836
123615129.7610646188 47371.6924444884
127084103.7430690974 56262.5561680198
127139786.7974798977 56526.3687900901
126991662.2105804682 56119.4222111106
127126214.4411066473 56348.8506497443
127039658.7893042117 56247.0984508842
133448267.3063079119 66923.1074321243
124140516.9178124517 49436.6027290672
132546991.3612740338 65575.2312312248
138669519.9286353886 74563.9658832550
124700341.4301558137 51244.2561609708
126830367.7084568441 55851.3344362378
126735788.6645426154 55693.7995762229
126935221.5002604425 55939.6633457541
129447735.0429289937 60616.4223741181
133190919.3386275619 66510.7300804943
150691220.1849562824 82725.0460815430
129534220.4600577652 60822.1886716969
134032207.4198155999 67752.0825445652
123808730.6859578788 47656.3430963606
129531423.1083725989 60766.1892493553
122842536.0833388269 43672.8819444403
129141863.6809231788 60105.1076857932
123421657.6064354181 46500.9206457324
146513229.1152800918 82085.7523803711
146497160.0143004954 82076.5258789062
145932884.9853959680 81905.5449829102
146325148.7180182636 82045.8174438477
124002199.5930300802 48636.0411445349
123404314.2117082775 46459.7628790587
133149666.1574006677 66397.4779612991
133438634.1998281777 66844.9986674759
133245011.9317711890 66540.7124097320
146292490.3717140853 82034.8929443359
124188515.7457614392 49538.4819276780
150612780.0930537581 82611.6837158203
132871858.1561253667 65883.2560981065
123028093.2184668481 44699.6746031493
132785507.7582963109 65807.8149363968
140475083.0894844830 77143.0383071899
133078592.6215322316 66364.9447095367
123994365.7195588797 48523.3236756530
140606731.9681785405 77227.3155593872
132395417.9099532068 65297.4835765335
132394505.6838848889 65241.0801818344
122878164.0219077468 43738.1658514589
132307600.8634840846 64929.4907329056
134739679.1506043673 68835.0827881964
136336236.4762336314 70792.9620053442
136472800.7443558872 71040.9966469230
136373511.0136241317 70805.6021737382
134372612.2226850986 68233.9426514776
136408704.6558014154 70910.2372140288
132303605.8330219090 64907.1215922806
135612986.2419991195 69881.8797210576
132419038.3812233508 65329.6033427689
132122071.9930002689 64718.9272854179
136517958.9901143909 71163.4579528691
136636865.6235850751 71363.5853833501
135695060.2383791506 70082.7584136846
136510367.5390012860 71069.9403747441
136051733.7852382660 70709.9778350713
135205275.6705778539 69359.2550429227
135463913.2394933999 69847.6197095485
135416478.3727492690 69786.5237470241
135035353.2072524428 69087.6587769659
135658037.0790394843 69932.1650635870
134873040.1125478148 69005.2270142706
131921228.9180495441 64437.5109827705
131387675.3439904451 63306.2122203028
131486129.1972594857 63491.7896579914
131506202.9309742302 63519.8911835104
131686947.2115849108 63792.8037303239
131762976.0664890110 63935.9215895683
131301231.9247415215 63242.8311249167
