428154687.8179620504 802928.7583007812
427941590.0223861933 801814.4946899414
429304209.0508720875 811726.1367187500
429046065.1167929769 810026.4271240234
429019938.5387757421 809641.3208618164
432448761.5564114451 829083.5059814453
432700614.2645393014 830048.7452392578
440136124.4628799558 854072.7947998047
443802106.1612583995 861269.1662597656
448091178.7232856750 865527.7465820312
394254970.8307887912 305722.5897427183
397112084.1444430351 437828.1586383412
448506474.4043710232 865677.2158203125
394153090.2330260277 298095.6411924940
394179791.7797492743 301600.2787075620
394306754.2088433504 306327.5554207545
398255119.3718840480 467471.0711139319
398251443.2082938552 466624.8794330237
416090176.3815805912 703519.0042831898
419069567.4340633154 735385.7336425781
429681474.6426348090 814314.1210937500
440534792.5427706838 855769.3410644531
447749598.7288529873 864441.3864746094
447512081.6658306718 864225.2628173828
398487215.3985505700 471416.3401874183
398182659.0452665687 466158.6224454520
402540337.5471513271 535911.0028806799
429020177.1163349748 809836.4302978516
440142552.6122363210 855041.3914794922
429470113.4313223958 813668.2570800781
429908570.1055917144 815578.8350830078
429818478.9345424771 815532.9010009766
440292181.5903601050 855456.6488037109
440676697.5570108294 856025.6475830078
402720723.3435813189 537862.1464544409
418660059.4507750273 730718.3629150391
418939631.9748690128 734527.7192382812
429592244.9492773414 814186.8425292969
429324644.7511848807 813128.9980468750
429309226.5098972917 812973.6368408203
440444049.8301920295 855743.2808837891
398420579.5208690763 470011.3222799627
394328015.1687856317 309913.9413886499
397184839.8460762501 442638.0627296696
397307120.2163938284 445880.7948194573
402547089.6416196823 536471.4622503393
402663974.2669306993 536996.3537756079
428763619.8596768379 808371.8122558594
443925437.8793509603 861293.0800781250
418665255.6369374990 732388.5531005859
425786619.6445143223 785658.9567260742
425440487.6749774218 783962.6146850586
427854482.6656838655 797935.9431762695
432124133.5458376408 827781.3946533203
402637815.1412830353 536957.2797323340
429073282.4065266848 811099.3021240234
397162926.7970018387 442609.6599863599
397251476.1042999029 443791.0602976660
397517959.3781964779 451485.5294045880
402846421.0412108898 539854.2438634273
402565014.5034607649 536889.9848333471
403685998.4032832384 549466.4388119713
394226818.8074772954 303299.8749542665
397753519.2672610283 455817.3420402037
403820183.3768756390 550609.6819747225
415835784.4497517943 701775.2591087818
428637631.5703612566 806985.0245361328
428255220.7241157293 805422.9858398438
415697781.6695573926 700936.6556847095
397575647.4714649916 451947.5057980046
403693519.7348793745 550131.8846381442
403899259.5439010859 551275.9384444491
404012354.4983859062 551449.9039798216
418026932.9236799479 725440.4385375977
428659328.8882631063 807466.7252197266
439814401.8539220691 853264.0610351562
443341230.7242424488 859846.4116210938
396354072.6774845123 415667.3965877158
397645835.8520997167 453846.5042480528
417495490.4036771655 720353.2836722992
425741070.7982674837 785486.3361206055
444137974.0564989448 862203.8535156250
447895869.1223942637 865245.5595703125
448064084.1113975048 865497.4216308594
428338362.2739498615 805424.9592285156
439414187.1635413170 851379.3225097656
396223119.6654292345 409808.9084039846
397210700.1270610094 443579.0532663892
403704892.9917035103 550134.5020124142
403829468.5965642929 551196.3118054927
415859308.6322966218 702978.8217384815
418066863.2722032070 726156.0122833252
443394567.9716227651 860206.5297851562
447841463.5760128498 864944.1694335938
418183680.7589696646 726731.5115356445
417900552.1435012817 723691.0989990234
431579218.8841562271 822566.2738037109
397393124.4024829865 447849.9043854038
397405297.9828927517 448393.9052202607
418014528.7384600639 725163.8977355957
418279490.9122802615 728544.2757568359
417967613.1596699953 724305.5307152271
431630527.0925831795 824584.8438720703
431811656.3381131887 825356.4898681641
431585079.0391401649 823890.7064208984
416142947.8459187150 704685.5605652332
396322102.9705421925 414891.8579410476
396551974.0853366852 419247.1716770096
403819559.8362751007 550468.2668477495
431548038.3612294197 822477.8077392578
439564555.5026202798 851441.9597167969
403310923.2506794930 545098.1833174960
431694971.2646424770 824712.1385498047
426005344.1236285567 787563.3987426758
425498629.0057374239 784701.4440307617
443940499.8833014369 861894.4697265625
430838166.3955649734 819674.2991943359
431266824.1108334661 822288.1512451172
394620616.8340148330 317610.3620405728
394498145.3732930422 313169.6964622140
394651141.2593744993 318588.8521787897
396580172.8393228054 421123.6199525757
397735321.1729046106 455724.9975173966
416157494.8077071309 706108.1257507801
439357065.6112891436 850922.6855468750
439144009.4404612184 850550.9648437500
439575934.5283951163 851592.2375488281
397464307.6702657938 449895.5643166974
396414482.2925308943 417601.0122074051
397368617.0149606466 447701.3643015454
439689324.5193597674 852757.0725097656
416360317.5345351100 707388.1463806629
394693585.9694741368 319189.8888660222
397684426.6796685457 455150.2890018056
416692860.3220693469 709720.7891609669
417616680.2636767030 720762.9184379242
397942974.4366277456 459702.3450320790
403141435.6539255381 543594.1312083737
397820164.3306884766 457694.4650271962
397892837.5659209490 458292.6152957509
403015455.7772024870 541311.1260354281
403118925.6670306921 543592.9986325041
425406731.6717081070 783627.5053710938
430414318.3568305373 815933.9422607422
394546601.6699190140 314202.6339526922
417189956.7168000340 715759.0323097706
397844908.4272451401 457899.8248294423
417027217.1114172935 713832.2508156300
417185854.5714170337 714928.4486916065
424909385.5052679181 778956.5460205078
430690438.7146624327 818870.5014648438
443539418.3356376290 860890.3974609375
416906458.8081043363 713607.4932472706
439611735.0983927846 851762.0626220703
396447502.8693431616 418533.5251810191
398760307.5707212687 473446.5267605010
402163264.4763969183 528700.1073005383
402199873.0102652311 528906.8933112805
414397876.1344007850 681762.0615112782
414550712.2254172564 683755.2859680653
439660268.2040054202 852370.3245849609
414473084.8077644706 681902.9036133289
394913577.6725900769 328660.8076714402
402110826.9068080187 528602.9270484631
414613580.0840101838 685428.5321533680
403361558.2047059536 546255.9085026518
430460694.1199209094 816591.1458740234
430229029.0496447682 815826.4835205078
396753683.4118988514 423872.0808697038
402351284.6492954493 533174.4291925614
424997001.3662029505 779640.1904296875
424782480.3292669058 778902.1020507812
396831458.0865306854 427072.6094341569
402407808.3376418352 533433.7129312938
402262457.1604261994 531892.3472474224
424327884.3665912747 774695.2781677246
424636994.8776952028 777174.1131591797
443053341.6373594999 858742.9865722656
446289885.4235993624 862436.4426269531
394925196.9660384059 331755.9552544480
396807659.8583016992 424297.5576505314
424428625.7143383026 775770.2096614838
426630568.0661695600 790480.1107177734
394877745.6227497458 325860.5927146500
394919950.9209188819 330224.5596474534
396926461.0430679917 428883.3847875248
423664578.1122314930 769247.6629695892
394853753.5580973029 321534.3365538301
402491181.5718472004 534597.6840098635
403308639.6611799002 544841.8506611125
414873446.8277214766 687558.2841064930
427003127.9313658476 792409.9472045898
427461335.8383624554 795350.1806030273
442479135.8744160533 856971.7514648438
426874274.7048426270 791737.6602172852
426394394.2671763897 788430.1799316406
414532392.2548080683 683344.2050201893
426709106.2467319369 790983.1290283203
442116962.4898333549 856114.5701904297
447277254.3407466412 863371.4345703125
447115983.1061235666 863356.3444824219
414910974.0021014214 687952.7209961414
446556554.6323626041 862683.8225097656
442783686.0371741652 857750.7451171875
397050319.8289055228 431257.2256781079
427244062.8706637621 794284.4273071289
446453816.2980876565 862618.9179687500
415228957.2616171241 691937.2560303211
442570947.8322884440 857271.2956542969
395085862.4649873376 335959.6482866978
414854666.1257490516 687283.9265625477
427454151.6474664211 795176.8698730469
427788633.4966869354 797574.6070556641
427414828.3549953699 795056.8633422852
427304756.6494796276 794848.7839965820
395127053.5844253898 336849.2234156703
395172176.6796627641 339753.0717241740
395220718.5489954352 340596.6706498837
395293841.4050876498 345118.4291337704
395587897.8436443806 353038.8705200258
395767892.3633856773 353045.5677805695
395363994.7158989906 348847.2579355988
395292364.3340291381 344651.5479517732
415355628.3448837399 693686.9993164539
415560781.4880340695 695277.0078918934
423358987.9331719875 765972.1674861908
423643095.5232604742 768431.7948055267
446113058.2129939795 862236.4584960938
422982288.0152828693 760645.9195613861
401701646.3548217416 515011.8847593768
401662033.9322730303 514083.6077805196
401685442.8712761998 514196.5166340461
401786647.2684533596 515111.5987892440
401619793.0343099833 513809.4674620135
423120296.8834280372 762405.8020076752
422992675.6994951367 761117.5036067963
422793686.9016717076 758884.5862483978
422135755.0400016904 751435.1377315521
421542955.4059174657 746829.4430252314
421598640.4033727050 747722.3096065521
421247764.5374439359 744725.1290645599
421440814.2250419259 745247.0677795410
421517929.6174474359 746280.8117370605
401345792.8641161919 505643.5830209358
401381999.7988588810 505787.2210759984
401460220.7535113096 506018.3740060432
400895318.1855051517 497231.9484956367
400781904.1409580708 494651.7534201248
400734349.7586138248 493781.0299780471
400473884.0904906988 489549.1967947586
400714840.5008758307 493597.2213308914
400605316.3875201941 491119.3015229804
400453169.5892661810 489343.8963797195
400410333.1946525574 486349.8788168533
400014302.0820289850 475616.6192395790
399930806.4104723930 474759.8704793556
399972645.5979377031 474804.5953786476
396216695.0968239903 359589.8055770370
396168843.6076881289 355120.1187797609
396167197.4840740561 354284.6095329347
412768450.2890033126 640876.3654801741
412930888.7695636153 641079.9529573813
412733196.2207265496 637298.9018322825
414203537.1994966865 656621.6788744926
413785720.9540483356 652641.7055468559
414046702.5744206309 654919.5411791801
414088564.7184250951 656295.8260912895
414006148.0700771213 652982.4147295952
414165375.1256400943 656406.5465350151
414027081.7433590293 654596.7788605662
413712854.2732496858 650049.8209423991
412605984.6956161857 617208.1105152452
412327603.7273243666 613765.4596630419
412467832.4212074280 615912.6600757921
412254769.2770612240 612602.3976017321
412439132.4186167717 614135.7049137438
412015082.3323787451 605894.4452549303
412189352.6629811525 611643.9924503649
412023877.3858550787 609435.1689640367
410937048.9680441022 587420.8752689362
411438745.9200769067 593061.6927423477
411554072.8566674590 594337.7770738602
411305012.7710136771 592184.0567789078
411936320.6634238362 599355.9432334900
411694343.2656602263 595816.8126382828
411806413.9912983775 597436.4464864731
411675333.9245011210 595149.0625162125
411570419.7902227044 594744.8466959000
410170827.4067956805 570594.5777810216
410200091.8177676797 572351.6347008944
410044092.1611703038 569312.3183758855
410016532.1712099910 568839.1065075994
409763859.5260722637 562550.9163655043
409754486.0768734813 561943.6317664385
409674520.8626130223 559384.3344768882
409729676.0385969281 561104.3074256182
409721992.9879264235 559713.2885269523
409507494.2737237811 553837.0378918052
409456135.4500421882 552994.0414776206
409296923.1722119451 552972.4561600089
