215947078.7789572179 476036.4609032869
215657716.7211456597 473056.8346439302
216021420.5403061211 477546.0595351160
216016048.7645756900 476625.8264434077
216235973.8054433763 479282.9082454145
208211391.6921645403 283634.5043875687
208688919.7567225099 310739.4211193323
211940951.5494867563 402381.9176494192
214055515.5819347799 449186.3585617766
216370999.2777408957 479671.8761333036
223164598.1139135659 550739.2976989746
225798638.4929783046 570068.2318115234
228859788.1975156367 585877.4775390625
229629612.5100314021 587817.9816894531
229117815.9214187860 586866.8972167969
230443146.6117054224 589002.6022949219
226257780.0573107898 572807.4987792969
208570970.7610106766 306564.4381012917
225975762.5746699870 571942.7218017578
227839462.7628190815 580410.7653808594
227871217.4265008271 581164.6857910156
228764592.3593327403 585357.2171630859
207923719.5150264800 259638.6854289232
207955832.9550249875 263583.2694864199
209635253.4937524199 338113.1019982398
209656780.9025154114 341663.8258025646
214168324.5019441545 451447.2535388172
223013399.4586078227 549432.8995056152
223021899.0256995261 550243.9299774170
224301927.8669445217 560320.4526367188
225863528.8406674564 570083.4875488281
208621401.2223043144 307209.5175454238
213164072.6196848452 433157.2575459442
213692675.7140028179 443596.9959533736
216224094.1420731246 477939.7741982522
227764630.1537041962 580291.4731445312
208606922.6677074134 306573.8729789257
215868616.2866727114 475384.8530200529
222566115.8005476892 546106.4255676270
222249516.5136869252 541951.7148742676
208122423.1785399020 279357.2953107953
208510467.4459155798 303039.1200034618
230121191.5698008835 588143.6289062500
208221505.0679168701 287102.1839326620
212884370.3305218518 424787.1984843325
215930339.2980476618 475549.6310716677
227682009.3907590210 577146.6402587891
215703471.2361209393 473356.4804729926
208761322.6127823293 311793.1991680264
213240858.1114032567 433484.4370894096
215502720.6170623899 471419.9350513029
224391866.0820817053 560428.9534301758
224606891.7172733247 561913.4664306641
213695399.5547453463 443779.8049128737
215556714.2680189013 471483.9670501358
221926281.3716806769 538964.1906890869
227809257.0538124740 580330.3791503906
228512241.7408807278 583980.3840942383
208215300.5889199376 283972.6660123654
212878889.6915682852 424337.2122579477
213053032.4219543934 431470.9363569877
224270244.4362749159 559419.3461914062
230596808.5892618597 589881.7626953125
230898595.3737126589 590377.5412597656
208681429.8393527865 307982.4813355803
208256777.8236347735 287532.4561870694
208632591.5605569780 307670.8881328702
212945431.1741445959 429135.5370902679
215496976.4709504247 470177.0488372452
223868920.5578201115 557092.7207641602
226128714.1850760281 572128.4492187500
228329854.7637876570 583393.9692382812
208185121.3490903676 283495.7697373629
208170354.6908560693 283385.9760225415
213968383.1389085948 448445.1540751699
214149932.6811191738 451422.0306371461
214617698.5233791769 458822.6259821664
214560074.8669449389 457713.4343660772
215324763.3962987065 468539.9669343871
230284106.3283415437 588617.3881835938
214353482.6545425355 455250.2689013492
214259535.0713568628 453083.9065631639
211335346.7307884395 385381.1482366335
213056410.1292158663 431801.9236616752
214077910.7432550490 450969.8938212406
215140856.3506016731 464313.6517323893
227698271.1813414991 579314.0390472412
227724394.5765369236 579835.8167114258
229028918.8949502409 586612.6232910156
229192651.8356688619 587190.5202636719
215163150.6501813531 465363.0424336833
215139749.4917788506 464164.3000408728
215224065.8428179622 467578.9713735026
215112796.2887690663 463944.0847887141
214806643.0520887971 460318.4841305017
214959724.4413901567 463555.2237047297
214842779.8247592449 461041.4480699641
208131437.6001735330 282908.0938337445
208106250.6227205694 276491.7104355693
211152717.1941222250 380921.6536029588
211973203.3034732044 402777.6819850515
213841495.8653998077 447283.3484616291
214700867.6597826481 459432.8193163020
214444568.6650048494 455291.3758047149
230730184.6102746129 590167.1210937500
229449755.2429379225 587597.0637207031
208626772.0235821307 307211.4475331903
211158256.9482752979 380954.4527302582
213590383.9276372492 441151.7204742070
228057260.1380450428 581891.6004638672
228363705.2273944914 583651.3385009766
207908762.8418376744 259393.3652971927
209309376.4618973136 330220.3792435527
224280584.3141771257 560211.8687744141
227945774.2859854996 581202.2369384766
230370804.4409676492 588956.7475585938
207907023.7141035497 259114.7055918444
209493995.7858692408 336650.8910491467
209590117.5123093724 338113.0272796154
209566681.1194006801 338047.3637483120
213086187.7299323380 432098.5426590752
213558842.6361475289 440529.8981867071
224116472.6240482032 559042.1122436523
224007141.0652905405 557514.3297729492
227981786.7102066576 581406.3194580078
228069983.1790449917 582451.9161376953
212112792.6826305985 407538.2097187836
222780644.2722180188 548147.7511291504
228223254.2202276886 582816.8826904297
209451125.5843913555 334624.2985482998
213762585.9296069443 445141.6486096393
209723390.8111737370 341806.4172274470
213623467.0798126161 443476.8692135822
226622709.8900863826 574747.1734619141
226763563.3170449436 575507.4410400391
229426805.5752871633 587424.0715332031
224148656.3788890541 559189.6439819336
226814448.3263362944 575560.8659667969
213450426.6085407436 439650.9332337510
213310329.2723411024 436528.1078269493
213426196.4200814068 438291.1950110208
213258097.6439118087 436007.0931929361
228521983.7651105225 584407.1585693359
213077903.9037247002 431810.1653284144
225691243.8763847649 568926.0101928711
212254831.3182772398 410878.3084073972
222634065.4482884705 546953.4897613525
208432256.7862637043 295910.8460879624
221890145.2816993892 537780.7002849579
208343587.3679130971 291627.5883293450
208509265.1247334778 297060.6298711508
226243610.9019699395 572606.5601806641
226945721.0951888859 575793.0905761719
208340086.4914739728 288766.5520078111
208390133.2267248034 293089.8289023042
226559682.4438443482 574015.9721679688
226566604.3802354038 574056.9886474609
209743093.0193742812 341835.8362860680
222947762.3192138970 549354.1326751709
222905767.4806722701 549043.4107513428
209881871.7072256505 345422.7694701321
209901856.4670388997 347295.8935378410
227120819.1954936683 575981.3804931641
217244063.9525234699 483366.8472652319
208031164.8943859041 266298.7299038975
221694749.9826431572 536193.5360202789
212634170.3690620661 417848.1379613710
212194327.0466480255 409982.5353440355
217226337.3220360875 483254.9462156179
208285352.3421807587 288397.6994600594
212076626.1921237409 407171.8269584820
208216874.5854725540 284113.9418067336
212039011.5607048869 406328.4805080008
212580486.0703941584 416812.4004029236
212579828.2806709409 415778.3218041108
222780322.5006828010 548091.1676788330
227041655.7384670079 575805.5588378906
212306146.7019315362 411487.0257151731
226323250.1693293154 573038.4158935547
209757308.3404448926 343170.0343585826
212220940.5879737735 410392.5414537953
212408746.5522319674 414394.4287987397
211325306.2094898820 384917.0594504971
222819310.7039106190 548442.0425567627
207898521.0393364131 256081.9759899231
211194952.4727523625 383769.8064900238
222822144.6882202327 548514.5890350342
222904521.3369930089 548912.7679595947
212498339.8904783130 414866.5836103484
217296368.7631128430 483617.8255586508
222887225.1825635135 548866.4993743896
212227589.1459886432 410723.5767671724
216874151.1250841022 479951.0527396086
221844761.8466845155 537423.5907764435
222670549.2954601943 547380.3104400635
224069988.5020103157 558272.7138061523
224795987.5825174451 562802.1511230469
212279499.9572716951 411326.1238563516
212355701.1058195233 411661.8063896344
212378079.8722585440 412980.9270278302
222263934.8348503113 542829.7831573486
212206047.8974796534 410269.8195732281
212766023.6051715612 419779.7373951898
222159255.5440267026 541557.5496520996
222037663.4828164876 540281.4286670685
223955069.8812432587 557117.2698974609
209745558.2001809776 342416.7535008695
224735816.7064254582 562017.1122436523
208006042.3527509868 263911.7356735079
211295547.8839100897 384533.1290599119
225487132.4545306861 566807.8677978516
223508303.1324092448 552950.4702758789
224578331.5221435130 561495.7123413086
225221919.0942865908 564988.1768188477
230252010.5500491858 588192.8552246094
211568149.5389521420 392601.9409662727
211307472.5623507798 384654.5912908327
211878493.2878557146 400018.6399408821
211778004.1592235267 396600.1587342266
211720419.1322372258 396076.0404110551
211668038.2619238794 395896.3289057259
211810815.7225312591 397062.4726330053
211510075.0347178280 391838.2584606420
211410026.8362444937 388375.5401442062
209308319.7447016239 325126.0228209998
209369807.9463628232 330907.1675963905
209389651.4142706096 330995.1151845958
211477887.4834996164 389414.9285595454
216994795.0770462751 480922.5165446807
224497525.2142448723 561179.7400512695
223971703.0223102272 557393.4985961914
208501535.1128816009 295990.6656100210
227673827.1259110868 576948.6715087891
211187423.6028445363 381526.8442606926
211143231.6371276975 380648.6710925102
210998982.5688062310 377026.6772255208
210867516.8467587531 372920.2683234718
210170575.9471666217 351766.3259042855
210891719.3736238182 373464.5268989112
225523226.9896732271 567700.8218994141
210934209.2537277639 373714.0934505966
210832898.5076901615 370123.0167060401
210810946.4107241929 369119.2179091331
224258836.0953306258 559331.8170166016
210899790.9964245260 373682.7733588722
223846583.9554038346 556163.6989746094
227562551.3119354546 576745.2474365234
223860194.2912066877 556346.4550170898
210553398.7158550918 362173.5436425712
225609075.8143638670 568250.4862060547
210326647.5431926250 355269.5608913917
210401636.0069542825 358139.1107025351
210308920.4912869334 355008.9701520409
210249747.8667399287 354675.4378250539
210734176.7694846392 366458.4207735565
210738095.9467492402 367629.0724075343
223335288.5799339116 551986.8396606445
209065908.6796129644 315628.2408723898
210608811.9350199699 362394.6377637386
223668600.1747231781 554922.6958618164
210510569.4214832187 361655.5065676477
210332816.8863836527 356758.0701723304
223533918.4624787867 553403.9146728516
225286212.7368250787 566176.1580810547
224959558.1571052372 563813.9641113281
225111446.5471557081 564668.3140869141
225249511.6980186403 565733.8049316406
210097968.7120802701 350038.2224874999
210178828.0591801703 352007.3644298818
210063757.2688525021 349304.6852370705
221669493.5842320621 530553.3113975525
209010355.8107393980 313440.2139301366
209180061.1583845019 318195.6897289157
209187088.7153120637 318410.8499919176
209037302.1385652423 314038.3917875290
209170348.2403396368 317910.7869361285
220286795.4733624160 504989.7070620060
220144126.5035079420 503604.9402051829
220774407.4248223603 508795.6319932938
220876408.3166306317 510872.6340951920
219835618.2728035748 500020.4349966906
219971700.7103713453 501589.6459742449
220821016.6750625670 509431.2102241516
220652015.7939914167 508508.9750375748
220859307.1739999950 509620.4082498550
220828975.7151508033 509486.8539972305
220459007.5934409201 506851.0496835709
220255877.2603926957 504370.2629327774
219234022.3572131693 492041.3744536303
219149801.1226551831 491025.4199801348
219543194.2202417552 495909.3737650774
219757311.6787258685 497858.3531508110
219283874.3635918796 493473.9154082201
219589971.5954487026 496290.6522627734
219456269.3515210450 494987.8095198534
219025682.4835241735 487692.7743117809
218978599.4865596592 486043.0756941698
219016708.0886351764 487672.5488539599
218839855.2303200662 485003.6343031786
