407928271.5437131524 206217.4768410643
418128201.3274145126 264446.8338838890
434805764.6297477484 330038.5277881622
449707885.2156826258 366199.0668334961
408241882.2526584268 208357.7504585703
417466923.5538058281 262327.2193031902
465472524.7060691118 380956.5103759766
397898224.7984239459 119380.3143710698
397912374.7392326593 119669.1445217187
408504889.4335382581 209486.9524696787
423587780.2820968628 290918.8831337094
466207251.2255776525 381364.2940673828
466883361.1160389185 381568.6334228516
402044368.6251164079 163397.6222558353
424232142.4613267779 293234.9356849790
435543605.3232752085 332600.6477222443
434846395.5265564919 330476.3464221954
399281149.8587571383 137279.5569361987
423428456.5987394452 290279.5713661313
423416852.1934409738 289812.7568824887
450024749.5050176382 367193.6043701172
396652085.0570443869 82567.7112649269
397447972.1012664437 110923.9504895658
397746827.8496003151 117636.0026760156
423371331.4232552648 289664.9904945493
465613222.6199980378 381127.8886718750
404024991.7073771954 179943.2011044860
408913201.2335613966 212347.7120469505
419612702.8057364225 273140.3100032210
450419083.3553783894 367408.1973876953
408198050.9031094313 207958.2165682639
423658618.0067067742 291120.2158058286
449759646.8824821711 366627.8039550781
450049729.7857822180 367258.0731201172
449436129.8561649323 365278.2493896484
452976052.9393368959 371372.4871215820
408834093.3425108790 211826.3519142588
398517873.0845226645 128614.8998511356
434679475.9587318897 329566.6745624542
465315850.6315465569 380779.0863037109
452228272.5416138172 370575.4346313477
464879168.7216143012 380141.3090209961
398721921.0927413106 130587.0414984744
404113441.3621839881 180441.6359799743
418387400.2862716317 266413.3600335116
419024182.8442838788 269933.6777099222
441567117.5739097595 348119.7743530273
399500763.8688617945 140242.7018918487
441685051.5497277975 348251.6797180176
465946245.3190203309 381299.9354248047
424796337.5316200256 295555.4627802372
436189467.9550421238 334205.9199829102
396616034.0369146466 81272.7913981266
449927403.0631455183 367034.4958496094
465115534.0401894450 380321.5274658203
397633112.0415914059 113428.1503532744
399568691.4093688726 140802.0041011552
454477291.7906154990 372583.9132690430
465642461.0406035185 381155.7338867188
397848939.2821267247 118312.4101709666
404143865.4879631400 180762.7687924743
407774415.7903079391 205022.2888243737
407883465.5646432042 206152.6865742679
407957725.9192672372 206825.6181700769
418568299.7438403964 267990.2833380550
424551623.2821755409 294614.9308043122
401711472.2632982731 160787.9598565433
401944253.3660816550 162770.2151666019
408075462.7886449099 207479.7882140222
468756606.6538624763 382058.0405273438
407948478.7825019956 206595.3477674527
407647405.2607448697 204583.3902037683
417197045.2544906139 260093.8404552643
399580611.0360205173 140837.2711718249
424011969.1855953336 292663.6547401547
402258729.5309273005 165570.6251235899
407667104.5188097954 204799.5666564050
399655374.2067372799 142176.1378710436
454733177.1670429111 372667.3849487305
424425925.0978356004 294307.8561561704
443958594.5536990166 353517.8317260742
398734666.6643789411 130719.6964727264
451189258.5729289055 368668.0812377930
396862169.8791778088 85475.6679755040
424053784.5799164176 292687.2730796933
434693632.0409873724 329674.1348743439
435934275.5305660963 333577.7344074249
407639914.6794193387 204359.4890196862
424280667.9651492238 293749.0017860532
435658946.5646275282 332848.3309650421
468355325.4353779554 382042.8197021484
406730910.2625967264 198705.4441394637
407435803.7266469598 203005.7202818933
436499302.3041208982 334632.6998462677
444010094.0669127703 353765.3187255859
452080999.4204957485 370297.7017211914
407523250.7120663524 203654.6748717370
423185354.1473078728 288918.7855842710
444123890.8369034529 353967.6397705078
418775163.9262820482 268726.0770629495
418986825.0791445374 269763.8028014749
397679257.9573933482 115665.6937160547
418721600.8938920498 268100.0165778548
443780808.1468793154 352862.6538085938
454242161.9274358153 372417.4076538086
466762352.4873085022 381481.5612792969
466946528.3594135046 381721.2377929688
399702360.5096287131 142503.9017386491
399387247.1694390774 139485.7234423327
397569454.4827361703 112921.8987945645
450934002.4756169319 368259.8560180664
452439597.9032149315 370779.8964233398
466937253.6003404260 381708.4001464844
407555406.1661667228 204175.4537413659
419040945.9488637447 270173.7803405374
419066289.8249815702 270368.7320903391
419187709.2874560952 270940.0077880472
466806831.1920236349 381483.3404541016
397607482.7935850024 113286.8796829312
417739662.9386510849 263888.0804291363
404333187.2933842540 181637.6247255445
434831500.3715578318 330214.7804126740
442987885.6975060701 351603.4259948730
401966483.0363811851 162911.7466109131
453793868.3163012862 372001.1704711914
399331966.3412331939 138659.6123489904
423145974.7142550349 288046.3776594400
397638568.6825723648 114883.5789627164
434592183.7743322849 329117.9836912155
444041834.9584417343 353914.5850219727
453364051.9369593263 371624.6377563477
407201542.5110251904 201296.4069013539
444124846.1739804745 354192.1821289062
451794389.0475636721 369505.4573364258
453615062.9943327904 371794.9640502930
396765094.4166284800 83462.2381826229
398659118.6444966197 130421.4692023318
416915562.1791780591 258764.7534949034
399109192.9960183501 135698.2201003573
435302120.6282004118 331680.0529956818
416845174.5834555030 257883.8860371262
452029778.5859535933 370027.4686889648
407297785.0944943428 202235.4073902908
416759846.7376880050 257630.6761677414
418987652.5947633386 269913.4705448002
418872967.4710851908 269306.5075931400
416992936.0838577747 259167.2233784348
416774258.3054797649 257670.1687061936
416731715.6787472367 257456.5942585617
406537462.9930027127 196962.3600025008
453279034.4136676192 371589.0674438477
402032126.0770170689 163364.2309214229
436968351.4335830212 335608.9434204102
436691165.5395649672 335250.2392578125
443071667.5509245396 351899.6556701660
406392691.4222707748 195454.4345264266
406514398.2003229856 196006.6380359742
397156530.2927354574 88259.3033087354
403789969.9424065948 178115.9410642028
436463300.7802443504 334510.6187133789
418889333.9944459200 269443.0989627689
405902577.2852191925 192054.3540515731
396992138.9451129436 88159.8986456494
398782295.2357640266 131545.8498199802
406218411.4102619886 194306.7676257918
443032024.7281500101 351716.0668945312
396938206.4219805002 86541.7677318926
398118123.4239677191 121827.7258475644
403385417.0688962340 174578.8175290466
402807041.4578645229 168579.1254995595
443206274.4402625561 352298.9358520508
454448537.5428555012 372448.9686279297
399076975.7647688389 135048.0196362006
436646835.9016587734 334889.3098449707
437812976.2007443905 338127.3348388672
437775332.3769401312 337070.3609619141
399060318.7905662060 134947.8994264099
399053745.8136819601 134816.9260430800
443141430.4203794003 351960.7521362305
405814367.8207675219 191565.9972455594
420906299.5842447877 278368.3014830807
443986221.3965390921 353649.7697753906
405692949.4818265438 190284.5200727078
398844239.5289753079 132251.3250774393
405777065.6847928166 191158.8586524780
405891405.2927255630 191883.0584691259
420792805.6056032181 277529.6444565058
405746567.4157372713 191034.2384572121
403362405.2301650643 173897.1060727477
405428935.0089318752 188982.5341861340
443352184.1982245445 352579.7116699219
398771324.2093881965 131145.8327122849
405739113.3169480562 190663.0078694912
405287538.8603578210 187221.5830233953
405142818.7495098710 186769.3512053153
405649378.5072108507 190245.7442081067
405122575.8737030625 186162.6384195945
405318089.5483716130 187969.8367055318
405033840.5511735082 186153.4545378349
404948855.7950538993 183404.4829827190
404970372.5345483422 185713.5572625041
398966009.9715002179 133867.9032924938
398924655.9427615404 132832.9117096286
422925657.3795866966 287027.4403600832
438251235.5301080942 339266.0676269531
398392460.6321082115 125331.1589462681
403655292.9884040952 176468.0345345378
403307094.2602630854 172936.9023945123
403284877.6724157929 172667.6184616477
403210124.2089207768 172643.9148914606
437127049.9321675301 336148.9592895508
444002517.9107593298 353649.8286743164
398428161.9870110750 125803.4663370289
402634768.5753435493 168544.5095989217
402493368.7459295988 166898.6352397908
436965711.3225162029 335379.9031677246
398261981.0159164667 123631.5657420494
400162029.8132328987 145587.3181545247
400370165.8334192038 147634.4324882363
420819448.8885695338 277887.0973781347
420433903.8445818424 275637.3633115213
401845106.2560320497 161704.2773315419
422958783.5580036640 287241.8084776402
398279057.0592249632 123755.6557765343
398296675.1368392706 124131.0762437136
422357932.0815035105 283875.0599087477
420611137.7801403999 276735.7551437616
401314807.9168580174 155810.9403504540
397297275.1169561744 91499.4047568329
421046962.1954342723 278814.3887802362
422724299.3853747845 286225.4050641200
400946863.1608666182 152144.6279954125
397223396.6506550908 89990.4878980950
400899568.3090566397 151922.1202439476
400826301.8185586929 151424.3475999047
400685466.2597184181 149447.4407166649
400714578.4612184763 149920.8456212689
400666869.0979607105 149445.7445029150
423116370.5767566562 287920.5945079327
421239353.7654997706 279579.5853329897
423029993.6292134523 287502.8242094517
423167140.1589384675 288078.2417662144
423120966.7456527352 287985.6852934361
420294949.8314603567 275355.9620224237
413510335.9796597958 235068.1286562849
413445742.4541266561 234514.1041335035
397439532.7743734717 92296.9337112502
413266227.9560205340 233753.8459242750
413313636.7924762964 233830.7890395094
412440488.3001239300 228460.2102060402
434262473.6159009933 325299.4367399812
434215742.7233058214 325254.0890074372
412779444.7016379833 230510.5409095623
412533290.9239873290 228634.4075824703
412748578.3786007166 230136.0748453225
397424868.1005982757 91576.2607480264
412564559.7415282130 229145.6978159035
434069726.2128940225 324752.4994688630
412665796.3904736042 229755.9821176613
434273048.8475637436 325854.4179258943
412728683.2999889851 230054.7879648293
447672163.9032655358 358290.7344360352
412340848.3190469742 227200.0099115456
432733414.2694402933 319800.8465464711
433131292.5510047674 321493.9613841176
432802982.8617565632 319850.0760691762
432909792.0627685785 320814.3573191762
447982786.4942393899 358782.7473144531
447154521.6442646384 357416.8880615234
412045546.7623678446 223475.4501532768
446493941.8211472631 355565.6706848145
448231234.3717524409 358910.4564208984
448608268.7517983317 359451.0228271484
448268327.3488668799 359142.7058105469
463190339.0000873804 373054.0195922852
463879145.4569800496 373375.2514038086
432197671.9723894596 315322.5254166126
432231965.5263179541 315414.7629349232
411322289.3473213911 219219.1256060084
411108231.7130872011 217790.5755519276
411050073.8949714899 217390.2311391240
410790340.2047041059 215721.6503384262
411043741.9200788736 217191.2069997197
464197469.9437496662 373465.6353759766
410940370.5563465357 216589.3103017216
410718860.6376776099 215325.1115102177
431483247.8572113514 312731.6262886524
432135277.4968521595 315235.8835556507
431229230.4888247252 309911.9736803770
431368335.5182679892 310579.4743517637
416626910.6179683208 245317.1402735869
416336017.8515825868 244048.2480077903
431190827.5656453967 309281.1076821089
415469490.5654367805 238278.4915133314
415738133.2501980662 240083.3051685141
415808108.1400355101 240350.4031775044
430838920.2848313451 306626.5284365416
415497632.4865824580 238894.7117923544
415417311.0096878409 238076.6428765105
415267295.7397544980 236765.5729987667
