507259027.9295419455 2508617.9460449219
507078661.4394552708 2496325.3981933594
507446997.5363380909 2517744.0141601562
507420883.3596900702 2516669.3334960938
507334242.6551793814 2511975.7827148438
507150875.5725374222 2502610.5671386719
507808072.2245278358 2543484.7397460938
507907790.1615191698 2550252.1401367188
507829095.2642909288 2547044.0239257812
515435364.3105779886 2993489.6240234375
515537772.5916554928 2998505.4042968750
516082543.4827502966 3017496.2297363281
515941106.5562249422 3010823.3041992188
521889350.4977995753 3225856.3327636719
522357799.9532613158 3237664.1130371094
522205262.9235633016 3235732.1394042969
521950370.6631477475 3233217.8229980469
532605637.8306052089 3589877.1430664062
532438314.5303184986 3586859.4335937500
543107187.5643098354 3784603.8681640625
543288833.1363396645 3784638.9091796875
554634034.4754238129 3836366.2714843750
507825224.3889793158 2544909.4433593750
507991254.5080467463 2551236.4658203125
507614788.7981599569 2535406.9785156250
507527328.4226148129 2526354.4272460938
515854358.5533872247 3009830.7832031250
507248075.2812671661 2504199.1916503906
515468479.4694479704 2994476.4072265625
522355628.5798400044 3237587.8854980469
522064288.7861534357 3234852.8508300781
532547913.5439171791 3589464.3300781250
542645626.2343220711 3772175.6020507812
542806752.9073278904 3779886.8481445312
554722242.9053438902 3836665.8056640625
555128761.6130686998 3837380.4492187500
565569276.9249086380 3839263.6113281250
543516679.4855108261 3786098.7929687500
543386141.6687624454 3785991.1523437500
505494253.3028017282 2310828.2039794922
505357443.1843031645 2297340.8420410156
507500243.8990232944 2523448.9113769531
515383939.5712913275 2988824.1474609375
555337561.3808692694 3837860.7968750000
554843407.0045789480 3837323.7832031250
505443504.9051159620 2302596.5163574219
505576812.9757295251 2316469.2226562500
515310849.1463632584 2983776.3041992188
522218788.1924044490 3237187.3991699219
522651005.1718761325 3247108.4584960938
543723253.9598512650 3786551.2382812500
544058503.1784484386 3791646.5527343750
553144667.2111693621 3834659.1884765625
554094401.4717909098 3836229.1650390625
554017941.0091977119 3835929.3486328125
553449035.9555945396 3835225.5634765625
565751451.6604090929 3839479.4570312500
565530889.2791615725 3839079.3183593750
553844701.8793910742 3835764.4599609375
553641398.9717664719 3835760.1083984375
553075590.5502887964 3834165.0556640625
553053249.3052846193 3833945.6767578125
505806361.3540947437 2339693.9367675781
505616078.3571661711 2321001.4282226562
551992147.9674727917 3831837.4785156250
551831014.2556444407 3831719.8701171875
552130942.1680883169 3831973.8750000000
505735188.0819080472 2335168.4660644531
505750015.3984720111 2339297.5456542969
506128392.2439693809 2367803.3847656250
506152385.7310172915 2374886.1892089844
515096868.1848680377 2969137.0515136719
532687022.3102501631 3593087.5615234375
532865685.1480991244 3599809.2329101562
532838153.7348983884 3598081.1762695312
532729028.2397785783 3596515.6386718750
533025868.5102348924 3601665.9819335938
544179352.2669036388 3792299.5830078125
543822853.0441886187 3788620.1953125000
551346056.6587696075 3829937.2402343750
551665363.5471236706 3831286.6269531250
507372460.9344782829 2512710.8120117188
506998289.1884368062 2469879.2907714844
507058817.4934955239 2476324.9069824219
506917991.7639072537 2462615.0634765625
507045875.7597983479 2474575.6120605469
515192669.1231311560 2971074.1687011719
543863398.3880054951 3790116.4355468750
506910033.2280532122 2461183.6899414062
515201668.3652890921 2971447.0324707031
522477852.3820649981 3243314.8071289062
522216233.9660771489 3236219.7624511719
532907531.1394019127 3600648.4555664062
532712279.3161273599 3593496.6870117188
532983955.9109323025 3600916.5229492188
533042987.9353027940 3605867.1508789062
543992297.1174809933 3791345.9287109375
551228391.0475083590 3829286.7900390625
551382559.6547566652 3830273.5566406250
539958752.2796977758 3729856.1572265625
540069515.4383224249 3730551.1923828125
506006716.5015571713 2366895.3715820312
505978144.7170816064 2362291.3750000000
506886101.7835144997 2452003.4201660156
506647745.7742189169 2431131.2319335938
506713873.0891088247 2439180.1528320312
533725248.7870540023 3623592.6372070312
539710508.2688722610 3729483.8769531250
506545706.8284043074 2414438.9445800781
506434696.0465452671 2410986.4582519531
506608340.0344221592 2421629.8061523438
506558409.3187844157 2418279.9812011719
506197492.2576067448 2375052.3632812500
505957536.2264778018 2360741.8911132812
506404641.0982416868 2402164.4201660156
506276212.5460032225 2389012.1772460938
506356083.1603816748 2393626.7275390625
551085082.7171037197 3828341.5400390625
565700300.2324721813 3839270.3164062500
506399537.1550951004 2396397.2517089844
514219473.8813172579 2914714.8217773438
514572252.3043875098 2928895.4768066406
514583601.6628203392 2931488.0341796875
522376546.1596439481 3241387.0014648438
533337832.2420642376 3613967.5307617188
534339780.5242077112 3635525.8364257812
543773240.5673824549 3788141.7158203125
545003370.3651372194 3796406.8203125000
514641851.7558263540 2931881.5700683594
514451442.7658251524 2925624.2145996094
514287336.8995063305 2918204.6528320312
514190686.8897500038 2913822.5073242188
533423336.8752046824 3616125.7944335938
534155110.2931493521 3631904.5141601562
534179203.4776168466 3632163.4340820312
513922761.3210741282 2894921.6535644531
533628055.0477629304 3621328.6743164062
533812656.4241471291 3625159.1528320312
533814195.5246458054 3625333.6528320312
533768750.3125616312 3624883.6606445312
544973557.4596115351 3795532.2324218750
564624699.5108673573 3838344.6894531250
545366020.3684828281 3797391.2832031250
545185853.4036120176 3796566.0029296875
545256754.6788052320 3797148.7841796875
544972531.5755531788 3795325.2666015625
544806363.4247919321 3795177.7724609375
544974433.6889733076 3796346.7617187500
550578113.7253873348 3819312.3818359375
544593202.7413979769 3794268.3544921875
513987491.2344484329 2899380.2844238281
549972468.6461452246 3816665.0644531250
513537376.6392759085 2874300.6440429688
513749249.1591680050 2882590.6762695312
513820609.4750951529 2889623.5422363281
513490054.6505907774 2872407.0205078125
513478182.1621425748 2867425.1318359375
513322951.3390636444 2856706.4389648438
508513407.7518899441 2552241.2641601562
549299164.3366378546 3812526.4560546875
550184592.3639479876 3817351.8017578125
535070964.5350487232 3639511.8964843750
521380254.6807526946 3205527.4245605469
521202334.6519921422 3200643.2194824219
513402104.4289101362 2859726.6872558594
521178924.9375237823 3198752.6511230469
521059147.1217553616 3192673.0715332031
540966107.5141788721 3740956.7607421875
550402634.2627201080 3818164.6005859375
550109180.5351520777 3817119.5869140625
549934361.8629281521 3816347.3857421875
548956882.6444000006 3810894.4990234375
548649860.2702529430 3808752.4248046875
521066475.0710674524 3193105.3029785156
520993722.8467231989 3190682.6184082031
520871334.3978592157 3178449.3693847656
520924092.0889151096 3187919.2268066406
548434872.9354469776 3807379.6679687500
520879006.9766944647 3182716.1091308594
535614939.4436845779 3644257.8671875000
535866091.6589614153 3649898.6782226562
535922202.7291092873 3651930.6376953125
548235315.5107176304 3806721.9384765625
548370858.9530689716 3806744.7783203125
548067319.9989790916 3805360.5068359375
548128956.2545616627 3806107.7207031250
546873858.3742492199 3800844.1210937500
547583839.8456182480 3803857.1054687500
547275317.7423384190 3802797.2832031250
535861522.0527851582 3647425.9189453125
536759006.5396866798 3661689.8798828125
546484377.0060478449 3799784.2988281250
513264673.2895412445 2850108.9089355469
513317634.3372166157 2852631.0422363281
513054847.4651210308 2819530.7248535156
513146278.4435857534 2826627.0895996094
509500871.6804904938 2595603.7319335938
509122660.3544594646 2569872.9992675781
508981754.5338848829 2557800.8933105469
509326103.4784661531 2579959.5625000000
509284247.4611325264 2577893.8281250000
509540923.4623206854 2596126.7141113281
509356661.5883567333 2588477.6625976562
509248266.2539122105 2574762.2465820312
510037351.3745068312 2631320.8964843750
509934585.0103793144 2626688.8107910156
509748500.1909393072 2607033.3581542969
509986792.5301779509 2627418.9602050781
510012081.3948636055 2628543.7277832031
513186435.2211294174 2831477.9475097656
542297538.0017113686 3760449.5410156250
541906273.7266173363 3754001.7412109375
542212998.5155085325 3760188.1796875000
542092231.8505423069 3756405.3398437500
542162235.8276884556 3759955.1523437500
510559998.8384116292 2650317.2331542969
510713514.2752772570 2661727.6252441406
510568654.5153246522 2651809.8347167969
510664596.8552214503 2659488.7714843750
510773623.4764637351 2665496.0888671875
541380058.5499497652 3747658.3466796875
510925746.3768939972 2676835.6916503906
511319299.1344785094 2697192.2534179688
541084251.0220062733 3746685.6523437500
511021038.4564929008 2684684.6374511719
511093241.5084700584 2689848.0085449219
510941717.2851173878 2678773.9294433594
511494869.2043336034 2708797.2578125000
512803189.6109236479 2807857.6003417969
512833678.5608021021 2807906.5478515625
539151160.5522631407 3716816.4584960938
539318058.1869339943 3716841.8427734375
539387885.1434082985 3717308.9707031250
539404160.9532815218 3720983.0810546875
539368728.0526170731 3716972.7314453125
511534556.2083693147 2708877.3168945312
511473749.1915295720 2704890.6479492188
512547409.4575110674 2792479.5727539062
512613319.5823510885 2793865.6210937500
512693300.3908224106 2799120.7490234375
536409401.3695837259 3658861.8134765625
539403629.9464124441 3718601.4033203125
512537285.6606180668 2779654.4516601562
512376637.0164307952 2770694.5832519531
512498003.2662318349 2777649.3986816406
512288153.9300281405 2760038.9511718750
537013356.3249815702 3666766.4052734375
537110234.4924312830 3667505.0019531250
536831040.7843816280 3664658.2031250000
536921516.9499895573 3665702.9443359375
537836613.9453972578 3685269.4345703125
537719050.6126066446 3683684.9218750000
537524286.2242159843 3678690.8222656250
537957002.2124804258 3686176.2568359375
538196949.4191172123 3690132.5756835938
538258201.2903238535 3690575.9570312500
538708192.1276175976 3697215.9375000000
538545721.7852594852 3696394.8369140625
538746833.4547206163 3700621.2587890625
538989938.7748589516 3704273.5429687500
512191208.4593459368 2752735.8854980469
512219995.4111570716 2757249.5495605469
512114067.6293190122 2751022.5620117188
511976376.2087299228 2741388.9101562500
511955732.7229318023 2739846.6635742188
511791393.3304962516 2725917.7302246094
511920865.9170984626 2733998.3332519531
511920364.7265379429 2731013.8159179688
519881889.9785979390 3114876.5747070312
520659203.5980057716 3144388.7062988281
520548637.9397801757 3139793.2092285156
520390779.0305958390 3134347.9577636719
520356916.7688267827 3132760.8928222656
520431491.1563895345 3135474.3146972656
520357306.3028332591 3134170.4489746094
520274380.7136421800 3131141.6271972656
519290923.5454572439 3071844.0913085938
519313647.1153935194 3072299.9121093750
519592181.6518269181 3085295.3583984375
519518360.4501168132 3080026.5957031250
519461622.2619553208 3079696.2490234375
519218472.2847986221 3069277.2167968750
519085718.1294526458 3053017.9653320312
518705103.5644636750 3030269.2416992188
518617111.8373970389 3026604.0910644531
518736535.1252934337 3031167.5473632812
518519033.0406485200 3022214.6230468750
532142800.7401683927 3404360.5463867188
532383694.8685482144 3412782.7211914062
529052676.9021226168 3255715.2670898438
529459356.7293764949 3264536.9184570312
529674377.3919277191 3272190.5170898438
529321057.8107067943 3263930.2543945312
529484588.8090843558 3270011.9707031250
529573599.7762206793 3270409.1552734375
529826279.0914922357 3272409.1503906250
529242674.2383263707 3262471.4257812500
531851125.4389129281 3280314.4443359375
531736092.3254048228 3276590.6425781250
