233349950.2348104715 1980250.5966796875
233374471.2492302656 1980785.0478515625
233665599.2800935209 1983072.7568359375
233368597.8779535890 1980464.5214843750
233440913.8080973327 1981970.1845703125
234119161.9367114902 1989837.5751953125
234655806.7753103375 1996519.6064453125
234717033.3620857596 1996639.0449218750
236086692.9108087420 2007296.7636718750
236059742.5249217153 2007237.2734375000
235889762.2340272069 2007140.6943359375
236197489.1408012509 2007467.6621093750
236277481.7773361206 2007485.9511718750
239927473.4905901253 2016876.2978515625
240196726.5525122285 2018035.5312500000
241632829.1635865867 2018453.1611328125
223962717.0301573873 1496917.0900878906
223777085.7742573619 1478041.9304199219
224010901.9963859320 1497710.6540527344
227885798.3390066326 1831317.2319335938
233253586.1242495775 1978309.8671875000
233272601.8712356687 1979883.3232421875
222347337.6272557974 1309097.6533203125
222497680.3451287150 1320777.2792968750
223856716.0014398694 1489496.7092285156
223960738.3286809325 1495277.3588867188
223794812.4480864406 1486762.5070800781
223933098.6489358544 1493495.8044433594
227471874.7983927727 1805292.4541015625
227314677.6045677364 1794680.5039062500
227394895.5559043884 1802795.1440429688
227861050.6612535417 1830667.9990234375
228069303.2813948095 1836830.6171875000
228012405.7814965844 1835285.1679687500
228655365.8387261927 1849742.3730468750
228632617.2523674965 1848599.7402343750
229941298.3711371422 1892861.6464843750
233046038.5008532405 1975970.2060546875
235882019.5017322898 2005297.7148437500
235836563.4349120855 2005020.7978515625
239075640.3501563370 2014573.7675781250
235844221.3209076524 2005262.0800781250
228389931.4135354161 1845727.0781250000
228438996.5169164538 1846560.5859375000
235297433.1491822600 2001125.1933593750
235354254.3815568686 2002292.2666015625
235504676.2686827183 2002938.2304687500
235623113.7827096581 2004371.3720703125
235379214.3103211522 2002629.5976562500
235518975.9379507899 2003582.7167968750
235380096.2449271083 2002782.1611328125
235270358.1268205643 2000008.7294921875
222250047.4577140808 1292269.7702636719
228126583.4815325141 1839782.0761718750
228162022.7510662377 1841178.1367187500
228281569.3335142136 1845128.4150390625
228156249.5469157100 1840921.8359375000
235108857.6809012294 1999852.6826171875
222330748.1886734068 1306444.0610351562
222285531.6491684318 1298843.4350585938
234888850.6691741943 1997868.0644531250
234829895.1046591997 1997660.0781250000
234924868.1531106830 1997946.7832031250
222352618.5970257521 1309961.4206542969
222431032.0691417158 1319263.3659667969
222294293.5460588634 1304198.5131835938
222808392.9692604840 1363374.6376953125
222921729.1131207347 1373065.1303710938
227274799.4078554511 1793540.7441406250
227558463.5787302554 1807643.9638671875
227387522.5674926043 1802667.9707031250
227948477.7305560708 1834399.0576171875
228335685.1904094815 1845552.9467773438
229983304.5360612869 1893713.0937500000
232787448.1366026998 1970932.9482421875
233224356.9179591238 1978057.0673828125
234731066.3881788850 1997639.0996093750
235044483.1269879341 1999156.5917968750
235100460.0103897452 1999524.5703125000
234949931.7677026391 1999000.5224609375
239228028.3591071069 2015523.1376953125
227500315.4837378860 1805631.1806640625
227515506.2324382365 1807247.9628906250
227739743.7397743165 1820368.2968750000
227698738.2051448524 1819686.8549804688
227578147.5258311629 1813249.4833984375
227611189.7973827124 1814055.5605468750
227682924.3354902565 1814384.1684570312
227815447.4014762640 1826914.6250000000
227940291.8539508581 1831597.7153320312
228106779.6981955767 1837615.7026367188
228044819.7715007365 1836814.8266601562
228268626.3118771613 1843854.9711914062
228109477.8285937309 1838374.3217773438
241436404.3335722685 2018180.4384765625
239211302.7243680656 2014789.4980468750
222401280.3907580674 1314792.4936523438
230203959.7675197124 1894532.9140625000
229685460.2885853648 1886726.4111328125
232526020.2638488412 1963517.0859375000
232908300.3537446856 1972632.6269531250
234389257.1510156393 1992697.7988281250
239246888.0072448552 2015891.7675781250
239741442.0640583634 2016314.1845703125
232580362.0110501349 1966346.0087890625
232443403.5640068054 1963505.4619140625
224430894.8287582994 1537516.0520019531
225056942.8563295603 1594645.9187011719
232541173.8333929479 1965729.2944335938
232639197.8867171705 1969063.6679687500
234356081.5323111415 1992120.5878906250
234601020.4600880146 1995646.0380859375
234427111.5414911509 1993540.6875000000
234282719.4122118950 1992030.0429687500
234575611.7935031652 1995504.3652343750
234541252.8130029142 1994312.1982421875
229794217.8227039278 1889147.4462890625
229594292.1553486884 1881983.7304687500
229638669.5154813230 1882095.7998046875
230107830.1722741723 1893858.1904296875
229510267.2558941245 1881372.7275390625
232956266.8006868660 1974563.4189453125
234534871.1887158751 1994300.8144531250
225192981.6438827515 1605342.8884277344
229800541.2746603787 1889718.4101562500
222338318.5306555033 1306753.3525390625
224459044.9217470884 1540688.0900878906
225016814.4959208667 1593126.2814941406
229851863.7006419599 1890412.6113281250
229704167.1553190351 1888019.7539062500
232913444.1720235646 1973229.8056640625
240136097.9504483044 2017363.5253906250
239756855.4538646638 2016700.7587890625
232402318.5236006975 1961679.1152343750
232597209.8009701371 1967463.8593750000
232759875.6793315113 1970749.2431640625
232546827.9827089012 1965769.5507812500
232686363.6650792658 1969892.0107421875
222818816.7429586351 1368270.7851562500
222931977.8005403280 1380568.3330078125
222997753.9362558722 1383659.1433105469
222996626.5769593120 1382767.8493652344
232910854.7933264673 1972701.8896484375
233014013.5219875574 1974860.5175781250
234193545.3335561454 1990754.4951171875
222498314.3532091081 1323156.6210937500
222841212.6953322291 1369354.8261718750
234128674.8448372185 1990612.8222656250
222814134.6475070119 1367742.7587890625
222849305.7427180707 1370042.7329101562
222840118.6317546666 1368633.5991210938
223107304.8094806969 1394319.2463378906
232824967.3954024613 1972476.5576171875
234262403.4836151600 1990776.7167968750
233979202.1611497402 1987957.3906250000
239016509.2669822574 2013202.8349609375
224537057.3195000589 1546372.7487792969
222971116.5113843679 1381162.4018554688
224429256.9643536210 1536141.2336425781
224480385.1727520227 1546236.6286621094
233091824.6535097361 1976337.4794921875
233081173.0541189313 1976126.2753906250
233164617.8143694401 1976829.8701171875
233817459.7668189704 1984490.9697265625
239071744.5557740927 2014305.1044921875
233840830.2825799286 1984702.3779296875
223036411.7153470516 1387275.9082031250
225186909.2285633385 1601986.0319824219
233850933.7183364928 1986274.8681640625
238212144.2780305743 2007494.6542968750
239942258.6439720988 2017274.4736328125
239819221.0058881640 2016790.4404296875
222641814.6545318961 1335717.7314453125
223143868.0585412979 1397354.9199218750
224616777.7057868838 1556577.8403320312
233780711.1408350170 1984166.9628906250
223099500.8808124065 1388511.9414062500
233735564.4675079286 1983326.7919921875
222627862.0345007479 1331785.5810546875
222884282.5443522036 1370377.7824707031
225180643.8219881952 1598938.5266113281
225338370.3911430836 1605675.0571289062
229021885.0797819197 1852197.3051757812
228914283.3855380118 1851354.9208984375
238599862.5475666225 2010090.5517578125
222658303.4853578806 1336261.4082031250
222745100.0274708569 1345871.5700683594
222753652.6268388331 1353425.9763183594
223958542.8395767212 1493567.3376464844
229043212.3539510667 1854881.7470703125
238626506.0222124755 2010510.9843750000
238862188.6928199828 2013173.0302734375
224543376.8251336813 1547056.3776855469
230552395.2476613224 1900444.9267578125
222605899.0143088698 1329204.1157226562
224565491.4468568563 1553299.1159667969
225169063.1818051040 1596612.3249511719
229028438.0079732537 1853936.8632812500
229180865.2225526273 1861454.5683593750
229263908.0579949319 1861669.6279296875
229339836.2273921072 1868530.5166015625
229126156.6814246476 1860843.5654296875
229340199.4921491444 1869073.5449218750
230437158.0318155587 1900057.9248046875
238658080.5874025524 2012129.8613281250
238330829.9996923506 2009914.5205078125
238673491.6351961195 2012507.2900390625
239810607.6601618230 2016743.3066406250
222694788.5407359600 1338131.6455078125
222585124.4767995477 1327575.6108398438
229308755.0870885551 1866262.0117187500
229434681.4576643407 1872369.0351562500
230592821.7473517358 1901077.8789062500
230593315.6630735099 1901958.7714843750
239027783.7097966075 2013265.2460937500
230312458.3120053113 1896636.2382812500
230413344.8895966113 1899281.7392578125
222745067.5104360878 1343246.5537109375
224078559.2217533588 1504085.6667480469
225110746.5308802128 1596340.9274902344
225430593.9936682582 1614694.6015625000
225429585.8016744256 1612520.3083496094
225371697.5272381902 1611783.9968261719
222747615.2396217585 1350158.7094726562
231201440.0920242965 1913586.2690429688
230956233.6191969216 1910232.1528320312
231125327.9362179339 1912297.5488281250
224596474.2696926594 1555225.4089355469
230862616.4817313254 1907818.1713867188
230906062.9223867953 1907915.8266601562
222695248.4132033288 1340202.5510253906
224719503.3256019354 1564606.8474121094
224703124.5211336017 1564564.0642089844
230928892.4779547751 1909143.0239257812
230830467.5349157155 1906125.7592773438
222782079.6578366160 1355157.1833496094
222711748.0574815869 1341722.5529785156
224164712.6357380748 1507197.3010253906
224891401.9748612344 1573280.9648437500
224758366.7416465282 1566439.9387207031
224979874.9595319629 1581502.8718261719
230845542.8555491865 1906575.5307617188
230832109.6889840066 1906306.8325195312
224451577.7524341643 1539238.2854003906
224779202.3994619846 1567358.7841796875
224868748.4515576065 1571827.7880859375
224969932.7037512064 1580403.6745605469
224735409.1630924940 1565413.7536621094
224968070.6209775805 1579851.7058105469
224414477.4758770168 1533029.4748535156
224270816.6606126726 1511880.1105957031
224346314.7323764861 1521037.5463867188
224285130.6783362329 1514621.3840332031
231416972.1357036531 1917072.9458007812
231479085.6860766709 1917922.7758789062
224295689.2048964798 1518922.7321777344
224149181.4231455028 1506592.9382324219
224408509.2010250986 1525100.6108398438
231353822.7966395319 1916935.1196289062
231560525.7698315978 1919376.1850585938
231623604.7396038175 1921854.5209960938
224269217.2106285691 1510711.0820312500
224218831.2802140415 1508688.8193359375
232012676.3385982513 1926895.0175781250
232095125.7514120042 1929618.0590820312
231606644.4325206876 1921585.8227539062
232269965.2454017401 1932200.0610351562
232181737.8065938950 1930779.9819335938
231597592.0495370626 1919715.2299804688
231864408.9425818324 1926871.7182617188
232019147.2321100533 1929336.1938476562
231829762.4228473902 1925688.3999023438
232019002.9446720779 1927956.9272460938
231863287.4877863526 1925945.2543945312
223408745.6419511139 1402246.8513183594
223711705.6483198106 1433192.7153320312
223698020.5749984384 1430091.5249023438
226976267.3106231987 1661249.6967773438
226771302.0449357927 1643716.4824218750
223494308.1694492996 1409420.1333007812
223648004.7085744143 1422662.4038085938
223563467.5135664344 1413292.2226562500
223641144.3256047964 1417941.1577148438
223682809.8984565735 1424942.6135253906
226809529.1410436928 1650948.4560546875
223541515.0562570393 1411949.9902343750
223525333.8517816067 1410370.8679199219
223499853.3968139291 1410056.4213867188
223475665.2477303743 1405389.8969726562
223602795.0387246013 1417473.8447265625
227141569.7337015271 1664173.8652343750
226883558.1786554456 1652203.0952148438
226896289.0951002538 1653804.2187500000
226711139.7323190272 1639242.4443359375
226973424.6923258603 1657875.0820312500
226968693.9787063003 1655215.5859375000
226795622.3885852695 1648391.9414062500
226662582.7471668124 1635926.9057617188
226967573.9027240872 1654483.0493164062
227239080.3223478794 1671979.6879882812
