79602690.2251665443 1178.3525617314
80946717.4007030576 1373.8678237200
79125317.6610540897 1097.7517191387
82575482.3554168195 1504.5384435654
82022907.6748423427 1482.7115917206
82700897.1985346228 1509.5902986526
83129142.4587760121 1514.3878860474
78970356.0797529370 1066.3638984611
80869552.0519955009 1363.6160880327
82112781.5372573882 1487.9495220184
83184131.5850896686 1515.0971183777
83637573.0862219781 1517.6318397522
78640486.7283616215 971.4574196314
78972876.5627409071 1067.9054664878
81003830.1918504685 1379.4233914614
82120996.3756031841 1488.0070915222
82954740.4782766253 1513.6875143051
79615058.5398486704 1178.8545358372
78240518.7970793247 855.8307922156
78220895.1751990169 840.9427472676
82019990.0756485313 1474.3755359650
78169581.5006339252 834.1125279550
79583581.3956689388 1177.9709327412
82189238.0730766207 1490.1665658951
83983760.6443641633 1518.3945112228
79241609.4903271049 1112.5536826030
79575137.2813328952 1163.3806903801
82694593.8988388330 1506.7999734879
82952704.4420904070 1513.6701326370
78140233.5624819994 815.1175248711
82252335.7146370560 1493.5523719788
80839482.7613937110 1356.9517065287
81675217.7988748997 1452.8651466370
83307754.5968194455 1515.5742025375
78838734.9758860469 1024.9897833280
79514907.3238909692 1160.1544564628
82847349.5178256482 1511.8518285751
85012291.1869591773 1521.1387319565
78736742.9865522981 1000.7674261009
79049917.7124243528 1088.9661015322
82629263.4044307023 1506.0149450302
81884262.1259612590 1468.3482027054
82541098.1546188742 1502.9726610184
78069819.4106718153 750.6308119842
80817225.2424318045 1354.0297236890
79448313.4046327919 1155.4398538732
81588991.5122417957 1446.8319368362
82741874.8443693668 1509.7386350632
81203659.5824026316 1399.9437704682
84521422.3703746498 1519.7933492661
79039130.2962581962 1079.4944040751
85019428.0450527966 1521.4793825150
79469105.1288763434 1158.5981327557
84718937.2923989594 1520.5192823410
84628383.7715656757 1520.4473886490
78281497.8876175880 859.7229023692
83414512.6182040721 1515.9018363953
78163350.9036802053 817.7799514182
81063468.7843955010 1382.3859625459
82931335.8101952225 1512.2217235565
84523504.2028013170 1519.8364458084
81894511.1740822047 1470.1466660500
81406206.3203911036 1426.0255289078
79169610.8894666582 1109.4844839548
82752076.6056255549 1509.8204746246
78151976.3610608280 817.5152039483
78884109.6433237344 1045.6044968769
84951410.3134361804 1521.0866594315
82442244.5628481656 1499.0720643997
79380213.9361495227 1136.7115034723
81439134.9412499517 1426.4559655190
79528723.1816779822 1160.1789614187
81148490.9688437730 1396.9228059053
81580260.2002226263 1445.9995908737
82758701.3220886141 1509.8875722885
79504192.0395637602 1159.3409250230
81111819.4926778376 1392.5987750292
80915895.2525270432 1363.9908868074
79192317.6835757643 1110.8160389566
83349369.9849154204 1515.6034088135
84530809.4980082214 1520.2741918564
78109109.0247303993 794.5511234127
78117395.9397282302 796.7892948444
80841566.8339403719 1359.7826300859
81578248.6641163677 1445.9487419128
78052338.6808405519 748.5290364607
78988271.0409211665 1070.9994191503
79564065.7579903454 1161.1487891865
81449064.5378736407 1430.3028526902
78331514.3941079378 860.8293871309
79085315.3893535584 1092.3232448076
82625996.8501567692 1504.8929443359
82876435.8541262001 1512.1491022110
81956335.5892429799 1473.8575258255
79575982.1811030358 1172.9152490162
79358117.4080574661 1135.6480309033
80963747.5369700938 1375.9264973700
81030897.0086675286 1381.2218548059
83029246.0515976399 1513.9500017166
78050210.7789068818 725.5904299898
83498303.3948833793 1516.7878570557
80922220.4761850089 1364.9316369295
79134462.0116862804 1102.3875696634
82796102.4803039879 1510.0991401672
83433201.5500762314 1516.7062397003
78874075.0328603238 1043.4574299820
81551030.7260294706 1436.5477514267
83012779.2913125306 1513.9446210861
81712419.0784222633 1453.7564110756
83088419.7684197277 1513.9512910843
81874735.8353879303 1468.3122453690
85009239.6893852353 1521.1334753036
78075665.0452776253 767.2966883548
79429358.1335592717 1154.7081014180
81735679.5182665139 1456.3055057526
82876295.2119889706 1511.9831476212
83419982.2373084277 1516.3162212372
79384837.1034234017 1137.7295931791
78060091.1886919886 748.7581609620
79329243.4505747706 1131.4662789442
83782625.0815395862 1517.7321166992
83780692.2357220799 1517.6971244812
79084055.6993654817 1089.5923494042
79331446.2149272710 1132.7167771070
83004682.3286420554 1513.8106670380
78095132.9108592868 771.8726286993
81138264.1957062036 1393.6213485003
79274558.3689855784 1113.2724453412
83404683.1842059046 1515.6882524490
78300187.5812804997 860.1416317167
81064208.0863468200 1385.0088091493
79368694.9012889117 1136.0670051157
83236938.9478306621 1515.3715791702
80975605.7004373819 1378.5401965380
79195630.5383067876 1112.3847233355
79296054.9943471104 1131.3597858130
80787561.7216152400 1342.8924661875
83430986.5227413028 1516.5008897781
78695338.8540578187 996.2476528196
78947714.1204472631 1065.7375097482
81517881.7736071199 1434.9810338020
81725835.9306088239 1454.6454825401
84671073.1552726924 1520.5182905197
78257733.0641231835 857.9405786610
78685332.6707652509 995.4847429669
79042223.1706819683 1086.8485853647
78887348.5007168949 1048.5758016842
83939001.0596058816 1518.2563915253
83249749.1447598785 1515.3889951706
81487301.0374256968 1432.5780515671
79009222.5995533019 1073.2114280715
82020472.8972617537 1477.0891733170
81141434.1119023860 1393.6220923662
78098954.9091432095 772.1009058959
78205984.2645902038 836.7988482127
81716104.2152717561 1453.7622876167
84798580.2283826470 1521.0734739304
78731312.0143418312 998.6657134092
82181566.4674248546 1488.2556867599
78635100.3260915130 971.1027929684
78980853.2015688568 1068.9016809836
82159397.8313368708 1488.2200317383
81756614.9927853793 1461.3436212540
84406274.4306186438 1518.9943008423
78941925.4114824980 1065.6310166170
78128453.2426449656 797.6312457378
78191366.6055266410 834.6054937459
81810805.8422387689 1466.6110563278
84226694.9868858159 1518.8856287003
83278608.9410251230 1515.4131107330
80743959.8025345802 1339.4117434025
81646208.4859663695 1451.9638242722
81794737.1913052946 1466.4908256531
82424351.0758386701 1498.6557426453
78621687.3864089400 971.0825094796
78879825.6630737036 1043.5402029289
81033448.1441265941 1382.0994898081
81982567.3823411316 1474.1542348862
79693017.3540033996 1186.0679761786
81811046.1697439402 1467.4290504456
81562116.8798418045 1437.1894684434
84529873.5922950804 1520.2181482315
84504670.8191201091 1519.7246637344
81383448.5128177702 1417.4369202256
78102778.2806646675 794.4448665030
78801193.5960725099 1022.7016719779
78774080.8384504914 1004.2491356284
79787439.9381485581 1201.3827047963
78705547.4329572767 996.2810675776
78074899.6959212571 751.8163471260
82383175.0725657493 1495.6833295822
78778311.0235936940 1020.3068625149
78795240.1986210346 1021.3263489124
81370375.7945265770 1416.5596018434
78854764.7799759805 1043.3490790245
81264980.9524107873 1403.8251872659
81200417.6309242249 1399.0822802782
82355513.1551703364 1493.9340400696
78637099.2072959393 971.1114415167
78836359.8893487602 1023.9802845766
79791649.9076418579 1201.4090684762
81577562.0275238156 1443.0457287431
79631837.9531254470 1179.7156817335
81312602.3450109959 1408.1928683519
78827106.7988483757 1022.8197733483
78775006.4446916729 1020.0139941093
81218099.7048464417 1399.9654752016
81322436.6969621480 1414.4924765825
78677481.3579748720 994.4151316559
79687472.0951945782 1182.5124067683
81542331.2315602601 1435.8578901887
82320742.6068311185 1493.8084077835
82298573.9707431346 1493.7734804153
78056614.2953024209 748.5375437841
78556228.7656759918 947.4163814795
84765932.8514064401 1520.5495195389
79988506.8707499057 1224.9519254584
78572160.9614383131 948.3648511985
81525090.7598194480 1435.8195295930
78581004.8960563391 949.3758527266
82463474.1159777194 1499.1418304443
78585348.5271488428 951.1566219117
81735164.2103534043 1455.0813684464
81927519.5308610350 1472.9557399750
79950341.6434772164 1215.7332313675
79760756.3301814646 1193.7696493883
79566377.3230423182 1162.8324401397
78578291.8926639259 948.3776292626
79954871.7879834026 1220.0897882599
84723919.1669933647 1520.5393953323
79754145.0310573429 1191.7617418188
79986201.8846062273 1221.3171988314
79820243.1538261622 1201.6333079953
79869185.9413932264 1203.6413856167
78501791.8864459842 930.3061830619
78610332.3135811687 955.3522142315
79831170.6110847443 1203.3481918052
79769231.5115732998 1195.0553171057
79957266.4092491418 1220.6899767702
79957622.9527461082 1220.8157987704
82185877.1763600558 1488.3633403778
78719941.1374720931 998.3241120727
79782752.1090124696 1199.1249640602
78589844.8257128298 954.3576252082
79734220.9235483557 1188.1488398928
80731183.7933506370 1327.9548760115
80527632.8180156052 1289.9027033068
78615563.5082070529 968.9069349388
80616269.3161434829 1307.2798672377
80559303.8578106463 1304.2519722639
80601609.4676525891 1306.0696902706
80471742.3075969517 1288.5722542025
78599156.3957940489 955.0900356392
78526191.5385072231 945.5718500236
78468418.3145007938 922.4786951760
80462285.1734913588 1283.3779182650
78351737.4855414927 879.7399727231
80570584.4812589288 1306.0374231554
78495567.5195409209 926.8980707670
80637245.2435407341 1310.6414470731
78374398.2468068004 880.2454669302
80622240.2992103994 1309.0643845259
78329323.8398745805 860.3306032300
78403180.5917127579 899.9932492482
80671226.9858081341 1311.8739460169
78380571.2047083825 881.6535951090
78384094.1339288205 883.4786215168
78398052.9111196995 887.3615795275
78383785.5153747201 883.2578884737
78428403.6001609713 902.7794761352
78384918.1707836241 885.0899745061
78428900.5315045267 904.9477705103
78422794.8805555701 902.6839929720
80681391.6840809286 1314.2842484175
78342036.3464971781 879.3489080569
80187192.7925737947 1244.2641577108
80211350.1247496158 1244.2736162636
82522612.0468793362 1499.1890020370
80138133.4919867069 1239.9862319531
84459480.3069515675 1519.3554487228
84164027.6342276782 1518.4184198380
80310961.5007503331 1246.4954822461
80302252.9574465752 1245.8585440169
80344347.6890479028 1252.1241919647
84217918.8066318780 1518.4394655228
80380438.5632905066 1261.8569194923
80437008.5538954735 1269.6881725441
80431544.2840960026 1268.3016641231
80337488.6627712846 1248.1981875549
80440650.1152949333 1270.2787511001
80420403.3343130350 1267.8333890091
80295196.4712389708 1245.6756503235
80392997.0454560518 1266.9557540069
80269879.7421313822 1245.5920682608
80404578.7860649228 1266.9834162841
