461219989.6642280817 16533.0893530143
438215879.3553950191 7350.7118940743
444251609.9066945910 11271.2251215611
447912155.8580138683 12668.0872039663
448048952.3422487974 12673.9987249243
448782371.3213062286 12888.3047875342
481204080.9891937375 20630.4804191589
482442325.6323774457 20753.6858425140
493074564.9025443196 21537.9379577637
492617340.1418328881 21537.5434646606
491992369.3260158896 21515.2482681274
435960683.2687260509 4968.9383805744
437952354.3833205700 7289.5346433721
438063732.6284105182 7350.6046900543
443706260.5971494317 10928.8805435669
444425305.9875566363 11369.8382349644
448176423.0438614488 12744.5564603674
490808592.3653153777 21476.8775329590
492159431.7560861707 21525.1118164062
483677438.4542732835 20890.8616752625
436680755.0637091994 6057.1056234195
444084589.0375260115 11231.4139935008
448122936.7601143122 12704.9130346695
481281448.8039173484 20635.7086524963
481177724.2780317664 20616.8500022888
483260911.0072463155 20874.0095634460
436922734.1982482076 6251.4146171362
437941293.0886777043 7242.5812322996
443923030.0776975155 11137.6117017657
460498750.3902952671 16389.2180293673
486938208.0293682218 21204.8497505188
444298698.8286101818 11303.2176676426
481029547.8615315557 20612.6463890076
491706981.4620675445 21514.0578155518
435851777.0859637260 4684.5533479087
437810411.4808924794 7131.3739228449
437711665.5926617980 7121.2259046934
437740713.7463244796 7128.7099897764
437587446.4115446210 6916.5711872480
490539249.8282293677 21465.9913864136
491251973.8460671306 21500.2389373779
437707579.8824561238 7026.5406936012
481263006.4638661742 20630.8321952820
490702767.0893238187 21471.5062980652
437806441.9047202468 7128.7188695321
448577828.5505236983 12859.2738877403
448520576.8338902593 12858.3152483044
448333097.0013526678 12770.9310043183
448347630.5134252310 12804.6745214331
481192874.9981008172 20627.9240264893
482765328.5214745402 20808.7409973145
461501485.8715130091 16620.3747843379
448517784.3453075290 12823.7456312544
436034184.1035804152 5119.9949534857
442961996.5456959605 10453.9859041644
448236896.9975784421 12766.3063840734
448206506.6186108589 12751.0669068274
448080038.1288635135 12699.7333688604
448076708.8677248955 12695.7843324752
476264518.4811135530 19715.7435960770
436051131.0350257754 5152.0139479810
436095315.2907391191 5196.8212471181
437599639.3572148681 7019.2498457335
487044949.7563278079 21210.9521312714
436209052.5786535144 5315.7286316587
436003911.3595554233 5061.1061458760
444053451.5939550400 11214.8833548758
461268358.6586185694 16591.6926897639
487218776.6810720563 21239.0012626648
460653729.5862107277 16431.8073199862
461227708.8733775616 16560.9908941859
436012857.3642794490 5119.9412651235
444023867.1334347725 11180.6926578354
443916232.2233232260 11119.3302666579
444056207.2238107920 11228.7904107008
437437444.3449468613 6789.3230088126
501031460.4108184576 21700.7024993896
460528155.9072316885 16416.0997623080
437382334.8174797297 6736.1981960084
437289878.7412756681 6688.7105708863
444617686.1082831621 11390.1616407366
460869374.3046863675 16496.0783861750
460973797.4700572491 16512.9089125270
460769578.3862069845 16475.7735003108
499972521.9739273787 21675.3467864990
443790904.5465678573 11058.8476958644
443956472.4697589874 11173.8481586945
480905310.0694059134 20584.2739791870
487270010.7300172448 21241.3195114136
500134507.0272164941 21683.4126358032
437187870.1469449997 6579.2504268434
437093931.8247280121 6468.3111838883
490157945.8852873445 21452.7468032837
436949742.3007375598 6356.4780647823
437009654.2757263780 6369.3147123606
490349597.9050751328 21456.7301635742
487488940.5741755366 21266.3223571777
499892573.3317731023 21666.5517501831
459978327.5150550604 16238.2275816737
480828834.9891356826 20569.4854927063
489725647.2824321389 21411.5496711731
500549329.2167491317 21698.9274368286
460134599.9804677963 16276.6722485439
459938809.2255722284 16210.5424707172
436767029.5012381673 6141.9544730932
482183185.3896473050 20736.7575645447
436806039.5536195636 6163.9433532507
486859494.1951764226 21189.9067039490
444653289.4727250934 11415.9172504841
460014660.6671179533 16257.5963408289
436890820.5222342610 6248.8888145239
501744230.7138386369 21705.5750885010
480638071.2060235143 20526.1165151596
446849769.4647057056 12213.9912493706
459487628.6703559160 16068.2099973200
483190137.8092247844 20856.7943077087
447377277.0490885377 12421.5589526773
447354312.1156463027 12415.0879137993
447166668.9656173587 12334.9993240882
443539760.4085001945 10867.6858247610
447194114.4586879611 12344.7808803648
501317871.4666063190 21701.7288665771
459570254.3238238096 16091.3627923963
488235810.9890783429 21302.7002143860
487471011.7378498912 21251.2783508301
459680434.6202905178 16142.2328626154
486834799.4108193517 21148.1112802029
483448167.8498722911 20874.4528465271
436352859.4688829780 5377.3113642926
446819019.6997146010 12166.5367275278
446732681.7069249749 12138.7856880903
482816995.3608809114 20821.2229385376
436618956.0915279984 5769.7734940575
442451268.9791427255 10116.0870567409
442402066.3886237741 10115.4308350903
446370722.8610943556 11999.2527071789
446329863.0816248655 11983.4046161833
446553093.9691286087 12070.8430813017
442742736.4678797722 10370.7310614062
445346930.6765902042 11541.1202564253
481841617.0957542062 20701.8198204041
446210764.9156218171 11921.3540714446
446475745.8396922946 12021.8793018523
446118251.6962288618 11897.2866259280
446233875.8672122359 11961.3829372588
487854402.5493727326 21284.8876571655
445979561.5733783841 11776.1321716446
445998705.9701985717 11867.6261013213
483142630.1984857917 20848.8910369873
488611089.3876920342 21308.8815689087
488529126.4135779738 21305.9898834229
446147450.2212833762 11902.6894787016
446154168.2801303864 11914.8405588774
446055427.9244049788 11868.5620720449
476358648.5531489849 19778.0287637711
445495755.9128934145 11624.7676459706
436442755.9403110147 5550.0450150926
436493008.1616241336 5652.7556092699
455842823.7527618408 14993.2039498776
483889019.2146907449 20903.1049880981
436642130.8573253751 5776.1919936926
436605536.1011708379 5697.7502022774
476999485.1947847605 19863.2569818497
498694788.5185083747 21606.7054328918
443455386.6077836752 10781.9702110008
444929139.9894000888 11444.0925551808
436580815.8613523841 5681.4930489837
499021296.9861741662 21613.2952651978
499433430.0228158236 21650.8018341064
455589140.8653372526 14926.7450899857
436564834.0329250693 5673.4088316738
455281170.2393008471 14833.7567400712
443430701.8336344957 10762.6600461916
499081352.5689152479 21618.8910827637
477120324.7213364840 19872.4447965622
499021535.7952176332 21617.1656112671
489282724.1138883233 21346.4088821411
499165214.2636143565 21632.3895721436
455180351.8326294422 14787.7494289804
454638582.6768244505 14549.9140390799
474299396.1587979794 19388.6341505051
443283470.7248868346 10637.9409827903
499097841.8958570361 21622.7849502563
474137513.1090938449 19350.6403894424
443120836.2912820578 10609.0949288697
442550749.2161201239 10264.3655243923
454622085.9161974192 14525.1991109297
475909832.6589950919 19683.9567785263
442761132.0404852629 10403.9874512934
454738242.6585416794 14612.5513653205
476652918.0533581376 19824.3499536514
442531759.7884128690 10242.6445940209
474994907.4507963657 19505.8333568573
459014703.6498655081 15831.6471347323
475896804.5400339961 19657.7367372513
474375954.2717850804 19403.7090520859
474878132.7078270316 19481.7827100754
474936777.7339489460 19493.1815443039
454482217.2239280939 14494.7304900334
475503101.3585457802 19582.2468090057
474757007.7963383794 19473.4691953659
458976850.8202400208 15805.2430364058
458655901.2645709515 15721.6806310579
474747292.5394614339 19465.6666440964
454671030.6769982576 14557.4160636113
475117893.5020604134 19518.8427991867
475375517.6831411123 19558.2322797775
486343127.2892720103 21046.2583465576
457471903.2622625828 15310.9818363229
441998379.6885300875 9455.2278421031
457520904.2541315556 15365.3389492075
457306637.1189774275 15305.2294483224
485696467.5087195039 20969.9552040100
485464254.2451795936 20919.1513137817
442103258.3056694865 9560.6369535283
485937352.0214771628 21011.7674331665
457245276.3681904078 15257.7418232004
485754229.2825478911 20988.0965423584
442053449.3149014711 9520.8222414380
442205429.1339403987 9628.5414216702
442013877.6493430734 9519.0812776272
457144861.1749135256 15204.8847576419
457056581.4376492500 15195.9233318607
456759611.3524054289 15104.9699480322
456807671.7686748505 15128.5350496557
456637034.4226402044 15027.2309589263
454038430.0112977028 14144.3670007229
454175141.4106888771 14246.9520523489
442259460.2764155269 9637.5570046726
479811170.9731467366 20196.5847167969
479420933.3267099261 20150.0766105652
479852133.0639097095 20200.6571121216
479176002.8225322366 20108.0301475525
440493818.6338402033 8061.8115601266
478372323.9610604644 19976.3934516907
478634281.7847014070 20021.5169639587
478982818.3145427108 20065.8821601868
441808320.9930418730 9076.2507655020
453384491.6777157784 13759.3225909961
441863737.6064208150 9191.4220334883
453276168.1918335557 13741.7388065309
479059660.1539250016 20086.7333297729
478762293.3272995353 20040.3632087708
453399974.6592326760 13804.1141082049
478289098.2183069587 19940.5493831635
441689055.6616633534 9009.8281930876
441700326.3293564320 9013.8603252363
440639741.4899728298 8223.4336857523
453059656.0586584806 13647.1295084171
452747639.7446994781 13499.4085010700
441114524.8927099109 8502.2510673727
452822791.7141557336 13545.9040903263
441183400.5302320123 8520.9561912740
452747577.8474873304 13486.1569444325
441579586.9525454044 8879.3381335394
441549921.3213973641 8835.8343405152
441516028.7890418172 8753.9918892110
440870530.9676480889 8346.4146444524
441271686.0148137212 8658.8196861471
440949679.3291545510 8445.3929283346
440842834.9473887086 8341.6180396822
440386029.3894611597 7926.3975664827
440421648.2663825750 7972.5054613802
440469709.5283623934 8023.9625269625
452495751.1041114330 13393.1857232731
452708750.7404537797 13478.6831597965
440248412.5366660357 7772.9997897927
440204679.4805048704 7729.7512760941
439918706.5364169478 7554.0208175961
439898159.1877252460 7510.9303406064
439814397.0305297971 7455.7473432754
439886389.4147258401 7458.0948808972
439773588.2186800838 7444.5606735532
452353592.9446095228 13267.6228897515
472792656.7623440027 18779.3736598343
473070474.4868800640 18821.6774098724
472980879.3713725805 18810.5204573475
472518850.5287442207 18706.4355803333
471238636.2382423878 18295.1713679120
470372158.9876587391 18080.9578438554
471547479.4828726649 18387.2875094101
471245253.3799572587 18303.4867796585
471012147.7635595798 18218.0590207264
471130791.0316802263 18228.9564989492
469945824.2237900496 17988.6594210420
470920763.6269145608 18181.1421845559
468207176.2853647470 17303.5798814619
469352843.1401669383 17674.2779102754
468382575.4790683985 17416.2453697050
468948936.8559960127 17548.3639363205
468929349.4959061146 17520.9216664215
468654101.4131729007 17454.8643316111
468946653.8205926418 17538.3581606230
467767472.9588949084 16978.6708277842
467824361.3886481524 17004.4787769547
467826426.5913978815 17020.6434071740
468036839.7952825427 17119.2583586356
466461259.3417836428 16742.7967635386
466582677.2422730923 16758.4980345957
466932071.9840366840 16849.0813744359
