173675878.1114598811 28611.8171510994
176051488.3415766656 31202.1959991455
178619281.2080070972 32937.3377990723
163899784.4000203311 9531.4318695656
165091897.7135834396 14477.4794303450
165196336.0295091271 14794.1757365140
165480853.6978518665 15284.4066761434
169984293.3268944025 23673.7169998884
166165290.1145376563 15873.4579947519
178797884.1093701422 32959.3730621338
163920488.0079236329 9578.4444862577
178223665.2293316722 32770.2088775635
178914527.4660769403 32980.6369781494
178776029.8856904209 32949.2374267578
169417325.0948227346 22898.4874336086
178097015.3804352880 32768.9815216064
178069277.1467663646 32757.5880279541
179092195.3764245808 32986.5978088379
164150618.8007043302 10935.1488758268
170106767.9355765581 23969.3412116468
177066637.8371513486 32059.8208236694
178910727.1996080577 32980.3207855225
173406470.8251817822 28263.5859377845
173324544.4581594467 28168.4913384183
175879507.2662949562 31140.9562683105
178815018.9823937416 32977.7544708252
179725435.8198104203 33018.2534484863
164299686.0579499900 11417.9781210238
165589298.5448597670 15513.2682949863
165525893.7144172788 15470.3586724289
164012194.1361208558 10241.5115685378
169653994.5035781562 23359.6638900600
169819807.9699129462 23602.0644555092
163813793.5890112817 8925.6489512297
173566189.0075168312 28551.5479586585
175942282.4445723593 31177.6620063782
177951147.9393451214 32714.1938476562
163829621.0831445158 9197.4997101418
165684071.5752190948 15848.0135178268
165544505.3179899454 15508.7776387262
169739458.3438188732 23441.1242935024
169473004.8568019271 23037.5186797939
169887793.7705984116 23645.1778628826
170016090.1831535399 23726.8319827020
175657283.1342757046 30857.5638923645
178547093.1204243302 32813.6413879395
178582062.9183477759 32909.8970031738
177132916.8914633989 32165.8961715698
180459597.9774774909 33024.0293884277
178222291.4508759379 32769.1321258545
163834855.7542083561 9232.1946335426
165131222.8257081807 14530.5236206326
174259696.2804380357 29352.2829219401
173870023.1061336398 28741.1586764320
178006329.3895547390 32755.6837921143
177507567.6009932160 32380.9239730835
169886977.9273522496 23603.5717872940
173878681.9250462651 28923.0009615882
176084656.1439839005 31361.2238082886
175848700.4188845754 31127.7951507568
176107163.3441494703 31390.8564987183
169776163.7077084482 23534.0283691250
176033290.2038816512 31197.8430786133
165893560.1390623152 15865.0224813055
169801586.9219624996 23597.8882087171
177490638.0919656754 32369.2275733948
169496158.0026319623 23168.0341178738
165913640.5132428408 15866.4010320604
169444452.0987089574 22966.9900581203
169532128.4192363024 23226.4809562527
177115985.2766346931 32080.7980422974
164888843.1631618738 13829.1117822203
163855241.1687955558 9289.7039719216
164405321.4831144512 11981.9976342732
176991066.1173331141 32026.8025054932
178311688.4970163703 32804.2058868408
178525150.5993211567 32807.6906433105
164360759.4408013821 11942.4007468039
165613269.3201335967 15712.6930685937
165711136.9672302902 15857.6286903918
175438972.6271005869 30646.2402181625
176420021.9486610293 31602.9892501831
177856419.1936314702 32686.5587310791
179870968.1101669073 33020.0320129395
163883619.0165213048 9302.8923363601
165487397.1195476353 15307.9349964559
170982752.9384484291 24586.8875539762
176143893.7000707090 31391.0623397827
176901752.9103687406 31966.7679023743
177330502.0251425505 32307.5645370483
177764310.5586657524 32582.9356689453
179937768.3391122222 33023.1951599121
163967950.9072673917 9938.5548205760
165008401.5614178777 14166.1790371239
177243450.4199745059 32294.2668075562
170909812.6906992197 24548.6109826565
165605812.4723854661 15518.1729267538
169375186.4699487388 22746.1818630062
170644477.2762356699 24547.5002915151
164046642.9889834225 10561.9138131057
165488508.2541041076 15470.3094013631
175757706.1377197504 30974.4854640961
164030103.0424664915 10286.0996499950
174194841.1366891861 29146.6597430869
165612498.0134146214 15577.9363576472
165359544.1599409878 15181.8447269499
170397655.2609429359 24230.1691338308
169755237.5970085859 23481.1045715176
170608242.8684417605 24547.4964694977
170693546.1909333169 24547.6699186005
174592866.9919789135 29617.6073024436
174257621.8344117701 29306.9151752158
176575135.7026617527 31792.3565216064
170542158.9609343708 24299.5289405584
164301280.8635958731 11454.1090140158
165022244.3741588593 14279.3040886196
170274743.2924541533 24176.0472885855
170409244.1973404884 24239.7764652235
170210387.4653038681 24025.4108978994
169302965.3708449900 22556.0368491560
170369063.3536522090 24200.3892027624
174041663.1259302795 28962.3718522652
175936917.0016247630 31148.0969390869
165438877.2299982905 15188.4500623595
169381735.2122876644 22786.1938659102
176349167.8460299373 31513.9835739136
165468972.6626185775 15223.6317894730
165225362.0005531311 14846.4648278031
176494790.3283144534 31677.1626434326
176360579.3918604851 31566.7940292358
177353945.1812854409 32314.9393234253
179871911.6059621871 33021.4165954590
169195995.8218577504 22416.8291531354
165265751.2348350585 14892.7394515547
177524745.2374575734 32447.5797729492
164021837.4688497782 10257.5453965132
165142390.6487447917 14532.6988018426
174138924.2335349619 29047.8313254206
174359979.5234037340 29419.1755395993
175806191.4178124070 31069.5061826706
176570622.1642712653 31766.7588195801
165016897.2375242710 14194.1847560081
179665367.8572712839 32987.8931732178
165307198.0566992462 14911.6898171604
169094636.2013299167 22178.1677057147
177067587.4712974727 32061.6002120972
163948812.4032586813 9894.8006234084
165003559.0874272287 14148.4252160612
176179752.0049452782 31467.6724472046
165096766.8752890527 14522.6763991388
164946998.8759325743 14145.4635888609
165355223.1341681480 15004.4100956592
169337667.9315353334 22611.2061762810
169156044.5044889152 22216.8384079933
169266594.3805335164 22544.6074557304
169344450.7070984244 22633.7948298454
175844026.9225047827 31082.4960966110
176221641.6810037494 31495.9894943237
176594176.5207001269 31794.1359100342
176764161.3471439481 31915.3541412354
177840207.1365747750 32665.7897796631
163988741.6480839550 10227.9816536819
174616058.5323619843 29704.2637077132
174524500.1772962213 29496.9898401364
165176313.1384398043 14613.1418767246
177215985.5377178192 32216.8314447403
177236917.1952872872 32243.9304885864
179863469.2817428708 33018.6068115234
165051974.4666168094 14333.4296895537
174526596.3775224090 29539.3051782711
174346132.9656233490 29377.3261687467
177634105.0725727081 32520.5237274170
164110595.2610222697 10660.9163881451
164279800.7195340991 11410.8479317242
164943104.4590664804 13951.9643615728
165028926.8426367044 14332.8462941918
174655370.2518122792 29748.5954643050
177403846.2276281714 32367.8576278687
175084951.6049087942 30130.2915681461
177610373.3133298159 32497.5697784424
164230678.3138887882 10998.1674340278
174943778.1026458740 29844.2861131290
164311807.1479511559 11788.0411734396
177717391.8695314527 32581.4746856689
177836342.4938866496 32661.7648162842
176690705.8795894682 31831.4371795654
174435345.6019942760 29485.7970393617
164796997.9407974780 13546.7030527189
179692077.0507584810 32999.4127502441
164915765.6113378406 13931.3477060392
177363389.0973966122 32328.3521041870
174097956.9507619441 29047.6608796604
173824529.2062315643 28712.7302754372
164812085.7622057498 13560.4633150890
173551829.8618170321 28329.4590389878
164080442.4837020338 10625.5364089625
177779430.9697449207 32635.5232391357
173804108.5648212731 28626.8301433325
170064613.2747538090 23760.1861387976
170068008.6971284747 23828.9361998327
177770194.6882838607 32608.4564056396
173818588.4601197839 28700.7779582739
177808740.1133856773 32652.7063140869
164356469.9675782621 11824.9934049660
164144513.9288777709 10808.0603663613
174144574.7576382160 29103.3400017060
176853252.6953496039 31943.1593780518
164210624.9256917834 10978.0776026756
164068242.6666147709 10597.0795046002
174702911.3967812359 29769.4211763004
164844167.9677350819 13573.6076794980
174075180.1978011131 28995.8522742540
174971792.3524098992 29971.4086463451
176833424.1491148472 31926.6601104736
164125662.2996654510 10678.5624048101
174789962.1336869597 29842.9356906414
164426443.8250368237 12160.1103791410
174736651.4225751758 29798.5248139957
175164099.5337525010 30158.2823336720
164138203.7643176019 10756.3506153194
175197925.2952628732 30192.2242587209
164489685.0576306880 12217.4556852394
175234889.3772931695 30235.1307681203
164594691.5512305796 12686.3145047995
164761397.1735622287 13296.8466546080
164848620.5003843009 13627.8826491973
164695032.1275366843 12994.4561179421
175275452.2442557216 30264.7947298288
164852732.3393418193 13628.4424281857
164726900.8825378418 13252.3197425148
164526608.6498905718 12271.1583125407
164702289.3927143514 13074.8618388614
164735971.3574403822 13257.1905436954
175187278.1918741763 30190.1918490529
175430282.1470830142 30297.0469710827
164614214.5094927251 12819.8043702543
164516197.0784339309 12232.9953334147
164676270.2874142826 12958.8195801816
164658527.3652200997 12925.7758179745
164409307.3833789229 11984.1051851326
164465557.0825760365 12190.2347684914
164623984.5103527904 12885.1213379941
164529564.0329435468 12553.3975779826
164433935.7176442742 12167.1169248337
168890507.0880448222 21511.4098125892
168678304.7947227359 21105.2669927031
168907802.3404266238 21586.0655461699
168874172.8436601758 21480.2120633125
168843178.4147405028 21476.7199956328
164483527.9488899708 12200.6816679055
168765419.3275765777 21145.0138046294
169014836.5187791884 21695.6301528960
168699918.3219258189 21108.2930648292
168801751.8751035035 21378.2088615447
168803676.9936355352 21381.7301833595
168556037.4679383636 20641.0937111343
168829302.8852386177 21392.1526542713
168567358.9048053622 20728.9219901527
168784633.8382030725 21200.3411757911
168477721.1630251706 20330.2905948127
169065458.9315316379 21756.7163815217
168616907.3629999459 20850.0217483009
168478786.7112296820 20624.5601541030
169044480.0109934509 21750.8392750586
168652242.4662754536 21010.2771804298
168309661.3302902281 20142.5974438100
168036472.9536172450 19524.9285791724
168197420.4564250708 19853.4015317766
168392601.9915692508 20190.9427028506
168122443.8113375008 19739.2848168819
168086479.6400955319 19615.1198545306
168133878.4257604778 19799.2398496477
167938369.8364967704 19255.4631620257
167798515.6291612685 18768.5744555651
167977674.9180618525 19427.7868467181
168253527.6547398567 19907.6025747955
167398747.4388453066 17614.7649921740
168428048.9579901397 20300.6175908744
167439605.0538784862 17888.9020995016
167902353.3606869280 19082.8142590041
167654587.8137004077 18285.9276596422
167583704.4050886929 18258.5928894395
167701653.1819421947 18317.0989073629
167726871.2761083841 18350.1377486105
167560919.8576647341 17947.4518011922
167702283.4720710814 18338.6565136428
167608126.5854361951 18281.5448531026
167756897.5660589933 18659.4889143819
167765032.2498858571 18675.2524617428
167751321.8545522392 18652.9978560323
167307571.7800982594 16882.1291646752
167183843.0931702554 16851.2004151139
167883078.3515905440 18816.3065043802
167279918.4380823672 16877.8588166032
167069899.5651269853 16506.4058136735
167332394.2441861033 17068.6449534688
167355335.5254565179 17068.6946420966
167060039.1093273163 16130.1754365264
166987186.9170914590 16043.1695244609
167056837.3960251510 16088.2597095071
