512819163.8782931566 30276104.4843750000
512430188.5455217957 30249008.7187500000
512480000.3118959665 30253379.7812500000
512487187.0368657112 30259080.9531250000
512892808.3198255897 30289739.3515625000
512652594.4421235919 30267012.4765625000
515559997.3409771323 30530815.5312500000
515585948.3577113748 30531799.8750000000
524250128.9887689948 31069596.1953125000
524265061.4907118678 31072078.7968750000
538087116.8536170721 31586894.1640625000
538707163.2399352789 31602436.7187500000
541545553.3887369633 31650026.1484375000
549060972.5208288431 31772515.9609375000
549255487.1616380215 31775728.7265625000
549455923.1588752270 31776036.4687500000
558523536.0795136690 31843468.7812500000
562534653.4913384914 31869326.6875000000
507936134.7597871423 29719497.1328125000
507654872.3965647817 29706464.9531250000
507676583.2839933038 29706667.7578125000
507809990.7120344043 29714762.2187500000
503265105.7498969436 28995403.1796875000
499809265.8633529544 27596928.0468750000
499869973.5122031569 27655060.6484375000
499857794.3308865428 27641931.8984375000
502875578.3740224838 28895797.2656250000
519468169.3428453207 30793296.4062500000
519405699.5030139685 30791790.4609375000
538881692.4156254530 31606670.2265625000
538728055.8229620457 31603048.2500000000
538796727.1277800798 31603457.7890625000
539068638.4599506855 31607931.3750000000
499818641.3119758964 27610762.9140625000
502894307.8811693192 28897278.2578125000
502883066.7021523714 28896266.8437500000
503196881.2585865855 28977625.3750000000
505898131.9505645037 29465272.2031250000
507038249.6640536785 29634305.8671875000
507010588.7309211493 29626685.1406250000
507111615.2954214811 29645202.3437500000
506947736.8272014856 29621630.0078125000
506904517.1343965530 29619882.0625000000
506904091.5920853615 29616658.3046875000
512798568.9346552491 30276055.5937500000
523718712.9116805792 31043963.0390625000
537417885.7021951675 31569044.1093750000
538354087.6175584793 31592512.3359375000
538831445.1335589886 31605665.1718750000
538822483.6608638763 31604609.6250000000
538340701.5652315617 31591190.0781250000
538508378.1686376333 31600459.3750000000
540980703.6338442564 31643190.4218750000
541148344.8466382027 31645863.6796875000
540890449.0110445023 31641611.5625000000
541081869.1326887608 31644734.5156250000
549936378.2122281790 31780697.7109375000
562406479.2668976784 31869301.1171875000
499846283.8306891322 27621000.8671875000
503175243.4757354259 28961796.3906250000
503089102.7407644987 28953254.9609375000
505867084.2099013329 29464718.0937500000
505658463.1960708499 29421841.9531250000
505836633.7870516181 29456760.4921875000
512732993.7024834752 30275513.7421875000
518654613.9368845820 30760396.8828125000
549554289.5681579113 31779634.7968750000
506731732.1403672695 29579915.8671875000
506408118.3511004448 29539535.4062500000
506570111.4864093065 29562532.0234375000
512688630.2895109057 30268233.6406250000
524478618.0202531219 31078028.3906250000
524812402.3809597492 31081061.3203125000
500754058.3343181014 28102424.4687500000
502960092.7270294428 28913997.1484375000
503050578.9510388374 28943401.7187500000
512575963.4915627837 30263223.4843750000
524351821.4874598384 31073233.8984375000
523945820.3524864912 31057627.4140625000
537860594.4628634453 31584661.9453125000
548479982.3487238884 31758641.9453125000
523610912.1900077462 31038872.0156250000
540628322.3184971809 31635149.9296875000
502998773.4200751781 28927413.4687500000
503030701.5703700781 28933199.6093750000
512209205.6396279335 30219298.0781250000
523631126.1247697473 31041466.3359375000
523654961.0306493044 31043812.5937500000
523519222.7143709064 31038138.8359375000
500786234.8540152907 28110319.5859375000
505705187.9068624377 29431794.8359375000
561736394.9328722954 31862823.7578125000
539608930.3486200571 31615479.0078125000
500800843.2106801867 28115088.4531250000
513013916.9486666918 30295823.8281250000
522591028.7952670455 30980882.7031250000
530594286.0870888829 31307664.1875000000
530161093.5270677805 31293864.1875000000
548773274.4587762356 31765873.6250000000
560905961.1899217367 31857606.5000000000
560549649.3853018284 31856180.0312500000
561189035.9377058744 31859886.1015625000
513238346.3443441987 30299878.8515625000
500052429.6415345073 27751770.3984375000
548987098.3410975933 31769653.1796875000
558088143.5086549520 31838498.7578125000
539655432.6834026575 31616164.5312500000
561623258.5100035667 31860617.6875000000
539603077.7096457481 31614091.5859375000
539343957.5958327055 31609582.1015625000
500040122.2616901994 27742578.1953125000
506300977.4235923886 29520916.3906250000
506158111.4583418965 29494183.3281250000
506095263.7178663611 29488398.3828125000
506182333.9322027564 29500903.6953125000
530585914.0538947582 31303305.5937500000
548640126.1745918989 31764547.8515625000
521937904.4866857529 30945212.2343750000
521820396.8503119946 30942172.4140625000
521984073.1090228558 30949640.7812500000
530431415.6963924170 31302917.3828125000
500656269.9423779249 28058513.5703125000
522056925.5803475976 30951504.3828125000
521955877.3877207041 30947734.7265625000
521689670.0409265757 30929004.5468750000
521702603.9412177205 30930810.5703125000
521820517.8657006621 30942697.5468750000
521543038.7563098669 30919612.1093750000
521556934.7461323738 30927110.7656250000
521423234.2724314928 30915716.0468750000
559708989.1646730900 31851099.4687500000
560205866.9957902431 31853205.4921875000
559504866.1836564541 31849242.4453125000
559797200.3949081898 31852022.8515625000
559530401.3704692125 31849898.9218750000
548005665.8876483440 31747786.5312500000
500684622.1420888901 28071034.3203125000
499940311.9841814637 27677513.2265625000
537023910.7713415623 31531085.9375000000
547706479.6543937922 31738509.9296875000
504460644.6476331949 29216890.6171875000
518165210.2872355580 30722188.4218750000
547509226.6443942785 31736696.2578125000
547842067.2477139235 31742194.7578125000
517891049.3150599599 30696910.5390625000
518050927.4744223952 30709163.5937500000
529253034.9536376595 31255741.5546875000
505618531.1867959499 29389628.6015625000
520504518.4481213689 30859063.0625000000
517944073.0097061992 30700487.0546875000
505508863.9947062135 29376173.4765625000
518073431.0852338672 30711138.7421875000
500577874.8253180981 28021009.8750000000
505539017.6120184660 29379445.0312500000
500588974.4134818316 28021874.1484375000
504359088.9829423428 29199374.6718750000
504898032.4595621824 29262712.3046875000
505301148.6062104702 29347609.9531250000
505407630.7727665901 29350224.7343750000
520045398.6456257701 30832635.6015625000
520340400.7916266918 30849144.0468750000
520213559.9110522866 30844910.0859375000
557883407.4068427086 31834912.8046875000
505115247.0968333483 29317891.0234375000
504928190.2198469639 29286482.4687500000
504951197.2862254381 29291767.9843750000
505041334.2531182766 29297077.6406250000
519944046.2593735456 30820461.4531250000
519972111.2030041218 30823222.4609375000
519919481.2689753175 30818742.5156250000
504193472.9384263754 29153176.6093750000
502811344.5909000039 28855040.3359375000
503986933.8418629766 29110405.2734375000
503958282.8532823920 29084956.5859375000
526022838.5156364441 31096693.3671875000
503741723.9727701545 29044146.6484375000
503922894.1854643226 29074790.7968750000
503879635.5445809960 29073974.5390625000
503859455.4656081796 29066869.5468750000
529906526.9659979343 31279989.8906250000
557431241.4229884148 31828865.4140625000
503815399.2014494538 29058659.1796875000
557747092.8892031908 31829055.1171875000
556155824.6998995543 31816518.9765625000
556422320.1328976154 31818407.8515625000
508975577.2994768620 29761782.8515625000
526401382.3133689165 31109286.0781250000
535779837.4865208864 31474130.6250000000
535478291.2287802696 31461052.1406250000
535663405.0389890671 31465426.5468750000
535418414.6820936203 31459442.6171875000
556287873.8679535389 31816968.0859375000
555932791.5277012587 31811824.6093750000
500137078.8838658929 27772356.1796875000
500172360.7259641290 27804466.4375000000
500148707.9525979161 27787772.6640625000
500141064.6699692607 27777970.9296875000
500513394.3347256184 27980904.7656250000
500443142.1543662548 27958231.9218750000
500460944.1060756445 27968198.2187500000
526518541.3079264760 31113893.9531250000
525968915.4264121056 31095494.4531250000
525744012.4118691683 31086646.1328125000
525831816.9149364233 31090601.0859375000
516886828.6380630136 30611499.2968750000
535686503.7738426924 31468116.0000000000
535522005.3483616114 31464224.6093750000
557170941.9110966921 31822688.6093750000
500405215.1346167326 27912204.3359375000
500342771.5331518650 27881848.4140625000
500379201.0669573545 27885779.8046875000
500331241.0110542774 27872350.7265625000
547319827.5969702005 31730767.8671875000
547315843.3039199114 31730438.0468750000
547324941.9633370638 31731158.1171875000
535717227.6081583500 31469425.1484375000
528487632.2197223306 31216771.3750000000
534758482.2703797221 31427635.0312500000
528293779.8314707279 31207837.7031250000
517042833.1492876410 30627044.8750000000
516761529.3838422894 30606893.6875000000
516815422.8728541732 30608675.2109375000
516868141.1027268767 30609467.2968750000
516853087.0926920772 30609052.0000000000
516789668.8313366771 30608081.4921875000
515152785.6112048030 30466434.1171875000
555280984.6841576099 31799208.7734375000
528366802.7316606045 31208873.6406250000
555697660.5686271191 31800670.9765625000
528042500.8978064060 31190347.6250000000
555285244.1223267317 31799259.7109375000
514958294.0524069667 30439427.3046875000
514577009.0908567905 30405341.9375000000
514549095.7826266289 30402808.9140625000
514932054.9239698052 30431338.4609375000
514867197.6844122410 30423045.4375000000
514726285.6237375736 30416506.5625000000
502595457.8741890192 28766187.2578125000
502547431.0188688040 28756273.1015625000
502541995.6825728416 28754043.7265625000
502350423.3510459661 28681593.5859375000
502368950.9599702358 28684485.6250000000
528282583.7938085794 31202023.6406250000
528043948.5133369565 31193769.4921875000
528171585.2487093210 31197792.5078125000
528066936.7479163408 31195146.4531250000
545327002.6340742111 31684417.4140625000
545539027.5640625954 31689743.7890625000
501235877.1671166420 28170765.9296875000
501450636.1498745680 28224623.4218750000
544833141.8520729542 31675210.8671875000
545291546.2904350758 31683091.3671875000
545141937.4693326950 31681961.2187500000
545126425.7533701658 31681792.2421875000
501373304.8506482840 28212191.2890625000
501363277.7923505306 28208597.7265625000
545461467.4799941778 31688792.2187500000
501589587.7726629376 28299995.5156250000
502288046.8866100907 28651119.0234375000
502476914.9794811606 28713111.5000000000
508693532.3249272108 29733236.5781250000
526680765.4196696281 31115044.1015625000
502419878.3647792935 28699810.5937500000
501517387.6755483747 28235665.7500000000
501554164.4240811467 28243026.8515625000
502246332.5016348958 28608176.5546875000
502254775.4611313939 28618557.7421875000
502263878.8098434806 28619619.2109375000
501671940.6896914840 28317123.6796875000
501525373.9725244641 28242296.0937500000
511399751.8078858256 30049373.9531250000
511537169.2524504066 30063898.6875000000
511502224.3527333140 30061798.8125000000
511476732.4978199601 30059501.5234375000
511468481.9314084053 30052960.6406250000
511347861.5192050338 30046514.2343750000
511340369.0388924479 30044416.1250000000
510430693.5869817734 29931844.3437500000
534588269.3785749674 31398408.3671875000
534491327.6307901144 31395557.4921875000
534216839.1393378973 31381352.2968750000
534018962.3812069893 31374272.2500000000
534112520.4370783567 31376484.6953125000
509987479.1475347877 29879281.2265625000
509915689.3390679955 29872441.6484375000
509853722.3386440277 29861291.4531250000
534005630.9212667942 31369804.6875000000
509533639.0291900635 29820623.9375000000
509670852.5168685913 29841209.4531250000
509166964.0397683978 29777821.8203125000
509583193.0410956144 29824602.4687500000
509470276.1594983339 29810734.5859375000
502084497.9033847451 28396361.9531250000
502051220.5215068460 28380547.7109375000
502063861.8114874959 28387875.8203125000
502136280.9282036424 28420882.7812500000
502120875.8638486266 28408272.6093750000
502203340.4746692777 28455469.6796875000
502149694.7671470046 28428669.3906250000
502187377.3984768987 28449421.0625000000
