366651586.0799705982 2257122.9936523438
366378114.8326563835 2251122.1997070312
369616224.7491610646 2265954.8232421875
370384676.5498130322 2271596.7377929688
370207338.1206334829 2271552.2534179688
370621981.0908646584 2271814.7475585938
379215274.4023661613 2279604.9086914062
341539204.4938488603 1726464.4880242348
341690766.6449418068 1730483.3753342628
341644579.1367588639 1727362.9843621254
341458336.4928797483 1724426.2188286781
341351567.6394885778 1722214.7568874359
341088600.5337126255 1718293.1445183754
332476320.2166026235 1251940.0711661726
340855844.0368604064 1710012.6664910316
340353109.6799183488 1686264.7967169285
379958523.7672558427 2280217.5375976562
332489990.9857094288 1258413.3516837507
334994450.0192973018 1434287.4431095123
335181619.8962278962 1452400.0029239655
335692172.2766836882 1465845.7756910324
335774341.3263316154 1466172.2169055939
335288951.2538210154 1454076.3689899445
335851745.2819590569 1466839.3645763397
335458746.2283153534 1458895.6092758179
336124724.7652177811 1467792.0563983917
352866922.8997063041 2035938.1386108398
356505297.1906009912 2124125.5109863281
355939581.7753536105 2114686.3632812500
355922434.2387340069 2114547.5039062500
356242192.4175895452 2121417.8408203125
363913111.2882102132 2232834.6430664062
364212808.3280531764 2236938.6000976562
364373290.5149072409 2237922.4379882812
363713142.3754860759 2228432.3117675781
363833421.5029323697 2230655.5727539062
370581056.0220280290 2271614.3081054688
335653280.0396390557 1462735.8741950989
335660354.9472208619 1464857.4551105499
335199122.2621818185 1453946.7995319366
335172952.5352512002 1446342.5651907921
341999659.1391825080 1737094.3715892434
364076062.5166428685 2235644.7768554688
364059984.5826840997 2235342.5288085938
332285892.6641206145 1246082.1852678210
332505727.6583209038 1262786.9864331633
335004286.3247879148 1442654.0881290436
335313763.4463241696 1455571.2554874420
335146912.1679034233 1443844.7004337311
355788302.9095221162 2112982.1728515625
356452093.0734744072 2121868.6123046875
356218869.0503993630 2120130.4663085938
363903220.6541758180 2231555.7119140625
364093972.3026348352 2236827.1157226562
332204712.3637326956 1234869.5121070296
332306969.6471519470 1249727.1722403914
335026869.5275703669 1443840.8156681061
340838403.3170566559 1706013.7052074075
351854903.8234829903 2016079.8460083008
356125891.7654619217 2117455.0117187500
355799139.2343634963 2114507.0302734375
355957435.6123254895 2116394.0546875000
363988837.6906588078 2234797.6635742188
363526401.0341215134 2226493.8808593750
363949679.0368762016 2233627.6352539062
363651153.1519772410 2227051.1914062500
366064182.4697582126 2251023.6025390625
367384945.9742288589 2259518.1782226562
371065321.8252547979 2272017.3842773438
332259618.0686102509 1236681.0052482039
363745402.2465130687 2228810.1699218750
332267152.6634433866 1245428.2396232039
334395834.1112326384 1391577.6008450985
356051914.6892784238 2117389.4516601562
364650661.0312864184 2239680.6479492188
365676795.6979897618 2245041.8735351562
371003301.1467806697 2271899.6235351562
355736535.1076394916 2111914.9863281250
355653256.0535560250 2111602.2275390625
355244641.6050639749 2097662.5659179688
355596998.6991410851 2107598.1879882812
332166641.0466286540 1198914.1494009115
332180855.0266243219 1204826.8646604635
332578190.6910155416 1265010.8260806948
367202676.5590590835 2259460.9926757812
371244531.4826118946 2272188.1801757812
340342195.6706156731 1683805.4072365761
352039527.1227598786 2021335.5844116211
370919209.9570941329 2271871.4780273438
382692737.7811040282 2280382.5825195312
365718320.6341962814 2245921.4228515625
340454219.0621849298 1688348.1945900917
340315612.6265242696 1677756.8354592323
340350399.9709433913 1685190.8027443886
347118519.5360176563 1873442.4319763184
365585271.9727082849 2244983.7866210938
366440031.5222114921 2255271.0971679688
366588581.6099138260 2257092.8735351562
366914861.1154301763 2258381.3696289062
379104942.7634039521 2278720.4008789062
383074923.1418626308 2280441.8608398438
382259481.1611507535 2280337.1635742188
340236291.6453421712 1675117.9362893105
332687090.3858549595 1269309.5435878187
333237546.5965239406 1294741.7865077406
333236395.4082223177 1288493.3948756605
340196389.2284439802 1674518.1383919716
352565940.6073876023 2032498.9291381836
332181956.6932173967 1205690.1739370443
333571655.9221411347 1296350.6468135267
332857715.2788736820 1281797.9666530043
354988715.1583842039 2095971.8400878906
354736852.5056166053 2085472.2473144531
354936789.6454213262 2093662.4035644531
354771753.8016453981 2087069.3916015625
354634345.6493862271 2085387.3723144531
379252795.3770744801 2279765.3852539062
332821119.4541298151 1273058.3641139418
340273849.5434225798 1675883.7346544266
352167484.1376560926 2022213.5809936523
354897115.2389288545 2093616.8820800781
365794989.2147010565 2250553.3657226562
379237062.2604491711 2279762.1967773438
381614367.9463939667 2280240.9750976562
366574076.5686081648 2256173.6264648438
366436208.3955430388 2254768.1147460938
334181370.8091855645 1370537.8129487634
334191625.2347834706 1379125.9237886071
334631487.4091947675 1408945.8741147518
339833949.2123880386 1657439.2282285690
352722794.2822952867 2035526.1472167969
352208716.1495679021 2026753.0673217773
367652048.3036867380 2260319.8139648438
334432754.0264896750 1394361.4284491539
334605715.8657209277 1402836.7880464196
339803374.9688645005 1655560.9420957565
339956655.0631714463 1657781.2982969284
339734161.0721998811 1647833.9240293503
339970806.4501719475 1660337.5426816940
339667563.2455267906 1647648.5395078659
339502176.6244826317 1642894.7515118122
339744521.4741221666 1654762.0651426315
369227013.2129374146 2264184.5581054688
369446027.9310329556 2265647.6333007812
369477619.1989946961 2265716.0336914062
334230136.4354856610 1379306.6289888024
347271899.4023935795 1886368.7895202637
347229682.7787795663 1886091.5776062012
369650252.9950298667 2266097.3149414062
339279686.0689502954 1620556.5652399063
367609280.3238446116 2259606.2016601562
334341626.4655589461 1390991.1442475915
339375011.7550886869 1626229.3664484024
367527537.7495214343 2259582.5102539062
351978069.0122553706 2017066.9633178711
333720545.5507801175 1300738.1943445206
333735460.1934177876 1311410.9726877213
334492846.0733292699 1401640.0410001278
354469762.4114704728 2074263.9389648438
354383806.0135726929 2068777.0291748047
333662190.6497970819 1300299.6319894791
333651307.1440725923 1300251.6246652603
333774116.5847049952 1325755.3546457291
334898683.4588463902 1424458.2676084042
334854493.0750401616 1424017.7108609676
354520073.2619677782 2075531.6280517578
354347672.2829944491 2065374.4430541992
354542904.4777125120 2075576.4805908203
354191336.4835890532 2063090.6546630859
334766215.2632220387 1414868.8643329144
334805796.2162007689 1421683.4037930965
346802901.1975180507 1869953.5176086426
379133147.5295634270 2278786.4858398438
333739165.1574362516 1321498.0050625801
333738290.4870374799 1321332.6764230728
351755550.7757602334 2009607.1957397461
351980324.2113367915 2018345.7240600586
334659398.3792107105 1412096.2182462215
378822061.2041451335 2278265.4028320312
333827415.7283017635 1330827.8931894302
333916334.6274296045 1342169.8694903851
333944846.6229395270 1342925.7585475445
334487893.0895927548 1394978.3601911068
353711952.6078698039 2055506.0328369141
353452370.0835856795 2049767.9709472656
353364853.7415491939 2047843.2380371094
368956320.4269962311 2263839.0698242188
333887163.9595065713 1333198.9915606976
333895809.8044415712 1341992.5291583538
334047465.6521888375 1358292.9151899815
334133674.1835593581 1366428.9264204502
353073706.7811946273 2040550.2917480469
353220980.5339840055 2045948.8962402344
368793865.0537042618 2262960.9145507812
378641112.2605395913 2276497.5942382812
378515917.4835493565 2274462.0463867188
347137464.0738439560 1878205.3369140625
368791292.8274835348 2262679.1157226562
378218641.1313367486 2273901.0014648438
353061489.3809626698 2038744.9124145508
353193493.8523842096 2043549.0307006836
353099798.2330979109 2041731.0922241211
336666447.7800695300 1469468.2120237350
336716222.0037510395 1470643.9408998489
336562278.5389969349 1468460.7481260300
336854537.3212426305 1483140.7149000168
336748764.1629745364 1474441.4419507980
368755767.2695397735 2262307.3276367188
368442203.7273271680 2261633.9086914062
337010432.5864802599 1486154.2708387375
336915179.0661115050 1485121.9805555344
337051083.1370065808 1495637.1335401535
337066098.2082601190 1496122.3674268723
337540480.2441701889 1513695.4900159836
337199743.7251484394 1501108.3881940842
337698989.6366281509 1522925.4995145798
337656521.2724500299 1519060.3624067307
337583484.2685428262 1517030.3834924698
337385547.6941124797 1508709.6069440842
337429291.7349118590 1512203.3581018448
337824349.4954981804 1526143.4966669083
338008935.0909515619 1537903.9836053848
338101103.7420248389 1551083.8799505234
338969108.2178134322 1596556.8752527237
337955817.4515340924 1537021.7306756973
338099787.6124947071 1544693.2854242325
338119559.8856602907 1551614.0991449356
338147147.2186092138 1557461.2098512650
338602532.8333331347 1578777.2105340958
338853085.1095588207 1591541.5694208145
338712404.0596511364 1581756.7573480606
338616336.0114060640 1579736.8090229034
338659085.8395895362 1581743.9765863419
338504902.2312317491 1573158.2990045547
338585394.2751265764 1578397.3676996231
347982478.9048923254 1901392.7324218750
347166146.7956408858 1880195.8859863281
347680275.1055374742 1897541.0111083984
351693331.3497039080 2004170.0445251465
351058926.0808942914 1989268.2588806152
347475607.4620706439 1891918.5083007812
347530367.8133809566 1893351.8011474609
347611000.9394156337 1895904.2445068359
351572311.6142685413 1998627.9563903809
351379146.6324312687 1997150.2874450684
350899306.6639938951 1982341.3752136230
338636957.7417202592 1579797.2887887955
351019512.3060730100 1983210.7277526855
350766959.9533199668 1977213.2433776855
368172969.7012872100 2260786.8735351562
348277679.1551717520 1908158.9089965820
350273326.9188500643 1960515.6058044434
338792054.2651609778 1585915.9177865982
350401911.8252214193 1964096.8320007324
350503367.4504547119 1966356.8653259277
350031044.9779235125 1955328.2853698730
349964542.7166987062 1955265.2145690918
350217807.3067954779 1957677.5946960449
350065566.8272241950 1956089.4491882324
349963755.2777727246 1950254.1908874512
349439672.5265992284 1933275.7132263184
349265305.7288998365 1927955.4539489746
349103169.3263401389 1925229.0618591309
349661885.0373939872 1939093.0911560059
349284595.9918687344 1931980.0022888184
349195282.5634582043 1926292.6466979980
348995280.1234639883 1918650.4742126465
349098840.8185018897 1919123.4949645996
348858831.9374698997 1915564.9681091309
346698004.3723829985 1836515.0013732910
346640225.7224420309 1835616.3234558105
346615658.1478617191 1829437.3594665527
346442071.2715746760 1815457.7779235840
346330464.4125595689 1814175.0049133301
346504687.0018135905 1825410.2666931152
346489892.9875960350 1821324.2948913574
346374626.7338949442 1814917.7746276855
346456702.5094306469 1816079.8537292480
346310540.2598035932 1808868.6962585449
346031504.3079731464 1795339.8648071289
345841974.1929444075 1792931.0785522461
345773034.7451025248 1786631.1120300293
345245452.8843112588 1764245.9313659668
345745371.9839581847 1785632.5690612793
345692653.0580317974 1785314.2653503418
345256641.0103579164 1764280.9672546387
345644768.2021257281 1780975.2236022949
345539256.6178177595 1775209.5243225098
345024408.2532150149 1752451.3918151855
345026212.2499201894 1752461.6313171387
345105738.7909216881 1760924.8153991699
345224028.2482112050 1761495.3730163574
344892525.8311534524 1752010.0395202637
344754869.9270328879 1744833.5301818848
378112253.5896254182 2273769.6440429688
377988730.1051664948 2273357.2416992188
377735183.8825201392 2273214.0600585938
377790363.2474367619 2273230.5141601562
363354006.2025595903 2124328.7114257812
363487640.7651826143 2124999.6333007812
