209149720.3619523048 14382.5139923096
209107475.6010352671 14348.7360916138
211393616.6968615353 14803.6294441223
196680404.4932700098 6418.7174273284
197962589.7943452001 8520.8982747725
203336378.4187867939 11936.8255983966
203010947.7881550491 11840.7800925160
209322882.2311380506 14411.3754577637
212280187.0131033957 14855.3979530334
216721791.1368479133 14939.6968154907
201852242.5244406462 11234.7506852420
208212194.4910579920 13997.1132967323
211256977.0597270727 14790.0495185852
216570968.6086215377 14936.6152191162
196733935.5898947716 6522.0019926036
198618609.7297718823 9112.6564020611
197086523.0341555774 7315.5244365081
198820986.7371880710 9278.4033010415
198015043.3541338742 8537.2290667935
198562922.1823590398 9064.3583607174
198771457.6143727303 9190.5380854107
203268537.6271372139 11883.6714194203
203206962.7598364651 11881.8109419728
196627970.3986179829 6412.1303977915
197031849.1932268143 7271.3458605367
197112928.9877677858 7323.1303435206
198803347.5030184388 9274.8376192547
198692971.4512297213 9177.9419893719
202673109.9976955354 11645.9757750417
203431761.6100139916 11945.5707657277
203542941.8037942946 11951.2040512502
197119478.3282399178 7362.8937315825
198010251.0354900956 8527.0720691128
198549541.9321955442 9060.4873537518
201628024.1800584197 11075.0653284965
203019041.0559203327 11859.0516837025
208289664.1657721996 14020.1877303123
212874084.0852205157 14870.5361137390
197054379.5965893567 7309.7623104104
202747354.1595923603 11707.3596804524
196937473.6342285573 7213.6701994776
197942767.9948525131 8519.6247348233
202786105.2801805437 11752.5483763600
202995799.7424449921 11816.2353044508
202973943.9051334262 11798.6110423124
198601511.0524851680 9075.8293108441
208522478.7656489909 14132.9241027832
198747568.6649486721 9188.5363127372
202851062.3515347242 11771.2590159988
214233459.2863216996 14900.8325042725
196883817.0246793628 7109.1204769551
214192976.7592511773 14900.6747665405
196873403.4912988245 7000.1462440856
202804791.6335772276 11752.5535792923
198734048.2823038399 9178.6539148785
202578721.6738400459 11547.6024884796
208451502.6516067982 14119.3946933746
202588836.5343577266 11591.0563869095
196896270.3903462589 7123.4671008474
202600803.8181477189 11642.0652675247
212220723.7095064223 14853.3976783752
201417226.8360415101 10964.6763541717
202186757.9023222327 11369.1060125592
198642117.1493221521 9166.9447512127
208394386.6817355752 14112.9112248421
198779586.5102441013 9262.9182962748
201686210.2775961161 11135.7723432193
201456519.0820918679 10968.3933261643
202563820.5869384408 11533.3451031810
202414908.0397166610 11532.7848324543
202375543.0150316954 11475.1484837467
210686704.0255376995 14688.1059265137
216212385.2766912282 14925.8312644958
214596082.0984307826 14903.6906433105
214046595.8897217214 14898.1484603882
202430534.9733803868 11532.9031973845
213735559.7889953256 14890.8789520264
196957006.5357194245 7215.4231598317
198798114.2200614214 9274.7895845868
201944952.5747197270 11275.4354575696
211471099.5604243279 14821.1584892273
213541613.5315123498 14885.9770851135
202259844.5358865857 11452.5739642149
211039432.5400602818 14732.6234703064
198309544.2115077078 8845.7209910607
198625923.0268642306 9164.7059435345
201515178.4354701042 10992.4602531204
202192244.9774644971 11427.9829627043
198189779.5183959901 8740.7814234948
198088976.7004512250 8625.0501183911
202344851.5560681224 11453.5080401572
202389185.2321214080 11502.4150953731
208569119.6248834431 14167.0403041840
202153511.1385820508 11368.2024409445
209649186.9337624013 14451.5429763794
197041082.3815506697 7293.7192350564
202563975.5919811130 11540.4673114950
196916507.1638621986 7174.1180011343
196974184.9558107555 7219.4268583850
201950198.3729180694 11289.7292733463
208623597.6087109745 14199.1616992950
196878443.8177410066 7105.9630157887
201768304.8282052279 11183.5858234177
211460875.2559402585 14810.7179908752
202143617.1765868068 11366.3804936067
198069617.0602909327 8620.9637190259
202206850.2631542087 11433.2844454917
198058986.1443037391 8616.7702045647
196711876.4958142340 6485.2056436478
196701436.9653459787 6420.6001047496
208587347.7321808636 14187.0378627777
196714140.8329281807 6501.4491105768
198519743.9295208752 9040.6701693222
201574964.6722779870 11074.1256793747
208960652.4630441964 14297.7116394043
202018134.4903569221 11344.2108292850
208676711.4454218447 14209.5093240738
208687679.3443093598 14210.2291641235
211188800.3462872803 14782.0490531921
211984955.1311394870 14842.2700004578
208740915.5923530161 14220.6006031036
197015705.7125628293 7269.4167269183
208687330.1886265576 14209.7853908539
216525507.7009988129 14934.7571754456
208540020.0962873995 14138.6611995697
208794937.4917571545 14223.0965681076
212600452.2081045806 14864.4884834290
212259670.0403650999 14854.7588844299
216438299.0807372928 14934.3447227478
198486475.6433136463 8950.3871764563
201568435.3039107919 11045.6712586591
208818776.8336246610 14233.9780158997
208359889.7594658434 14096.5659241676
208966504.8934186101 14315.9620513916
196803807.9786373377 6673.2630097764
208876624.0560791492 14273.4388198853
208200120.1328533590 13918.4970684052
198307501.9088144600 8835.3186396813
201552561.0709897876 11034.9146822868
198220496.3176708519 8746.9737948632
201876223.9536917806 11250.6040770905
198493319.4103701413 8996.4148771375
201693682.7052295208 11144.3626636276
208626148.9205551445 14206.5673732758
196975651.8660317063 7219.9919115556
210634599.7753348649 14684.2752799988
198498450.7517667711 9000.7679296135
208225505.1995575726 14019.9625577927
209729554.8377672136 14456.1220531464
198057847.8453185558 8612.8520026853
196836933.8037011325 6809.0176253314
208497443.5482994020 14124.0054063797
210872643.1199882030 14725.1586265564
198402601.0581186414 8936.5229703993
198466374.3746401370 8943.2507692181
216390730.4006950259 14932.8477706909
212331656.6178874969 14858.6630973816
198385251.3649647534 8875.8365655743
216015882.9950471520 14923.0128211975
208931684.5534777343 14288.2626876831
210595606.0898660421 14669.9112625122
216279889.5231528580 14932.3561286926
209729925.8053536415 14459.2615184784
210564782.1690676808 14666.6856231689
208351931.2974506021 14074.4016170502
209680541.0725606382 14455.7204570770
210492769.7313930988 14643.7302474976
210635974.0904434919 14685.1398239136
209612779.3306158781 14441.5258846283
208215738.7943910360 14010.8581783772
208422892.2193032801 14116.6083621979
198287397.2395776808 8825.7094789349
209779810.4790794253 14487.5576572418
198102356.0173571110 8630.2280485419
198149005.7172565460 8716.4119243069
198127055.4070833623 8650.1307519084
196786921.9589051306 6602.6394798162
213656041.9068855047 14887.5859413147
209520947.0156789720 14440.5188732147
215891050.2259962857 14921.1254615784
209854052.1330752373 14499.4671764374
209826955.8767039478 14495.1674575806
216244953.8332315981 14926.5004081726
216108865.7129395306 14924.4161415100
209849990.0413704813 14498.6391353607
215388349.6183281243 14909.4058723450
197922929.1567736566 8430.1921858831
209738680.8499272764 14484.2437572479
215363054.1816163063 14909.3715705872
199974586.1001692414 9900.4720802133
215608268.9701843858 14913.5683784485
200135584.8842213750 10010.1558523004
211437594.2297304869 14805.0170021057
211776692.9735836983 14835.5782661438
197983264.0021464825 8524.4127280755
210747415.9458081722 14693.0209197998
210855046.0534588099 14716.2386550903
198050587.4475056231 8611.4797000332
212378078.3916816413 14860.3613243103
215425628.5287878513 14909.9725151062
200224661.4014858603 10098.7158574884
200200337.4918200970 10067.0348155472
210800983.9639178813 14709.3763351440
200145649.0233401656 10027.3869561975
215163612.5550940037 14907.7881965637
213503602.5600171983 14885.3075752258
214919775.6173931360 14905.9149665833
198046238.8827670813 8604.0836226648
199901074.1540902257 9895.3364494790
200233257.1749222875 10109.3817281549
211544067.1480372846 14829.0174293518
201192090.0273878574 10693.5023026344
201190825.1548183262 10553.2949948405
199940250.1156195402 9895.4914617364
200275880.7711229920 10122.5618285219
201272698.7801271081 10730.4746261965
214514485.4767637253 14902.0757789612
201263639.2966420054 10705.1793276245
211458307.1332999468 14807.4448051453
200048325.9020597339 10004.9516057794
211056826.3343932033 14740.6923789978
211111578.3313180208 14764.0770454407
211665021.2671015263 14833.0797004700
213290394.0304770470 14874.0768470764
211201795.1890290380 14783.4541816711
211452574.3401508331 14807.2271003723
211519507.8320803344 14826.5403938293
201405110.3325810432 10788.4701409218
210289090.2910408080 14582.0975570679
213573742.4526973069 14887.0777473450
213893834.7489391565 14892.2729072571
201321714.5488070846 10739.1728501198
201410440.2624883652 10788.9480332081
200144108.1289139390 10026.2668668310
201336686.4898551702 10786.4565224525
212190907.8045232892 14849.3545494080
213948075.8751806915 14893.3796730042
212033958.0886918008 14848.8183937073
210357747.1248639226 14606.0516929626
212149178.9363504052 14848.8580207825
210414643.1390380263 14619.1544303894
200431523.5012034774 10206.5042300634
211847485.5836074352 14836.8641090393
210491265.8592607379 14637.1999168396
200713938.1410648823 10213.2245559691
197863448.8615156412 8214.3820055274
200525909.2220116258 10209.1186038534
210064509.7493706942 14513.6791610718
210199411.5678781569 14534.3605632782
197766951.2342056632 8083.2721380563
200428372.5427949429 10158.7147883526
200464596.0884227157 10208.4737869355
200359431.8845486343 10139.1664706747
210164076.9371322393 14532.7717075348
211895783.1097183526 14838.7247428894
212011914.4666036367 14846.1529502869
197803967.6134703159 8107.0107452648
210282061.2468755841 14554.9624066353
197617209.9072172344 7864.3004788881
197595352.7783032656 7574.5855043317
197680483.8028288186 7952.3040735995
197761649.5398789346 8026.5958832490
197831800.9999653995 8122.4641845045
197606405.4307532609 7658.7575241601
197679555.3645682037 7898.9094174182
201179363.1641431451 10485.4071333454
197831277.5236261189 8113.6165159492
197842048.0419433117 8207.9514158515
201029864.9837237597 10362.0008192659
201057541.3799019456 10378.3230953813
200975419.1700724959 10361.7617922426
201115305.0981376767 10455.9139223695
197784760.5030820072 8087.5187794561
200925002.1135569215 10293.3382918361
200783588.2108055353 10252.8675782420
200917976.4266906977 10258.4594390132
200940696.1911935210 10345.4143302180
200723706.0275766253 10241.7534224726
200812737.8846773505 10252.9218913652
197612584.2887284458 7759.1101738190
197669240.0109277070 7870.7666093767
197716345.5112909377 7975.6958213038
199780124.0080910325 9562.7955443810
199732931.2710698843 9537.4670063667
199764160.9848610759 9546.8273350410
199674125.6121965051 9432.1702849083
199752942.5702573061 9542.4028324413
199807130.2937603295 9581.6205059700
199696466.7097846866 9529.6264683418
199689722.0830520093 9501.7518592838
199834145.8744410276 9633.3803440742
199599817.1453505158 9357.0387659674
204900011.9996578395 11979.2327240137
204903364.1027348936 12001.4320627468
204889287.7591133416 11974.3462670426
204989550.8298110068 12015.0872331875
199522676.0232329369 9295.5851930916
205096667.1290548742 12025.8573342952
