90212605.8159672767 1071922.1430664062
90824161.7734872550 1097214.6914062500
92140624.8880421668 1149611.7041015625
92771877.9882258028 1164753.7646484375
92909837.0775191039 1167301.3525390625
96972595.6476714909 1221492.4941406250
97112512.1474285722 1221641.5830078125
100964070.1600833982 1229305.5644531250
88224818.2996304631 857717.8720703125
88721989.3496607393 942845.3621826172
90271818.0594593585 1074483.6899414062
92491527.2566689402 1159474.2841796875
92487289.7576378733 1159390.7246093750
92393074.8309963644 1155278.4814453125
92524176.1713505834 1159974.3955078125
88189095.8668535352 855544.1015625000
88696020.0935067087 938349.7542724609
89862593.7475067228 1054628.8701171875
90151087.2861932069 1068424.5307617188
90866221.6852094680 1099577.1972656250
91775959.8493498415 1140047.9902343750
92274833.1754789799 1154776.4570312500
94687337.7488352358 1201795.9794921875
97483651.4629873037 1222807.4443359375
88876894.5022438020 950855.2236328125
89809144.6826274842 1046987.0380859375
91764541.2862783670 1137633.5820312500
92830036.8352096528 1165948.9628906250
96238452.9041132927 1217497.0029296875
96542545.7712140381 1219372.6113281250
96511614.2176149786 1219176.6689453125
100245455.7652473599 1228422.6757812500
88196799.0819773972 856701.9616699219
88869373.7371442467 950042.5133056641
88765372.0640278459 945592.2436523438
89529011.2149362415 1026431.1777343750
91682410.9710731804 1133805.4013671875
95006542.2393677831 1206077.5185546875
97519537.4057372808 1222933.1240234375
96318977.2838231623 1217746.2324218750
96329290.7734081149 1218114.3808593750
100643897.6074808091 1228742.0566406250
88866485.0081317276 949151.8769531250
89595516.0279521346 1030577.0859375000
90241029.8178846240 1073777.0815429688
91732377.2330249548 1136803.8330078125
95978477.7410328388 1213518.4296875000
96169236.1263495982 1217330.6181640625
97557542.6195666790 1223219.1406250000
100902605.9307710677 1229221.3623046875
88276742.6050873399 872027.9110107422
89574617.4162541628 1028069.0876464844
89434432.0026123524 1016401.3615722656
92303203.2576036304 1154850.0273437500
93769233.9139816761 1183652.4160156250
97113703.8964617848 1221726.4833984375
88297511.3594385535 876429.0488281250
89163254.7585545778 951629.4013671875
96720152.3649304509 1220314.8935546875
97118463.0679604411 1221727.5791015625
97578089.0081347823 1223290.0292968750
99913472.3240039200 1227802.0908203125
88821994.6612076312 947483.8240966797
88744810.9663761109 944884.2950439453
89416070.3429552764 1012044.3513183594
92585396.7435600013 1161042.8427734375
97169936.1046345532 1222382.6201171875
90187819.7445978820 1071662.8032226562
88278912.8228730857 872036.0634765625
90031783.8709093332 1064575.9990234375
90459125.9190209210 1081133.8476562500
92415196.3791551143 1156403.1953125000
92475105.2556564361 1156691.1591796875
93726111.8257238865 1182790.0214843750
97336068.7499910891 1222388.9794921875
100256192.6186994761 1228598.4687500000
89071988.3698012233 950976.8975830078
89473355.9349972308 1021929.4147949219
89552255.0581043512 1026771.2690429688
89789799.2456720769 1046538.1284179688
90087963.5908174217 1066940.5605468750
90308060.8385737687 1074711.2446289062
95055770.7227096856 1206617.1689453125
96664789.4177458882 1219938.2968750000
96710860.1973362267 1220040.5859375000
100056642.3692621440 1227970.8173828125
100008925.0056234002 1227842.7519531250
92690532.8385524750 1162073.6005859375
88268264.3694111407 869830.7478027344
88657658.7008936405 936417.3723144531
89600554.9650660008 1033225.4057617188
90444428.6840725690 1080980.0405273438
90877093.0789314210 1100206.2353515625
90712593.7152334154 1091968.4536132812
90963024.3497675210 1102979.1752929688
91526658.4137887657 1126429.9946289062
92498221.4519308358 1159922.0751953125
94781269.0224438906 1201958.2929687500
94978656.4319325387 1206043.7968750000
96021848.5616271496 1215850.7509765625
96955047.4747640789 1221163.7089843750
88232388.6268300414 864226.8996582031
88197802.5187908709 857566.1791992188
95140550.9558478594 1208150.0625000000
95157756.3625065982 1208624.1582031250
96653052.9267398417 1219756.6406250000
91693440.0048064440 1134138.7412109375
94569958.1979151666 1198206.8632812500
100075844.6872038096 1228376.5146484375
88612178.1046170890 926648.2880859375
88595032.4789915979 925788.4108886719
92153090.5003489107 1150138.2832031250
96891101.4803047478 1220863.7207031250
88553557.7261816859 915792.4370117188
89836385.9236124307 1050882.3457031250
91905983.2663528025 1143027.1347656250
94835857.0926555693 1204327.9394531250
92157962.8169299513 1151093.3427734375
92228154.5661821812 1153663.5654296875
96944516.1802425086 1220979.3925781250
97412205.8215166330 1222504.4062500000
90716485.0777769238 1095157.9589843750
96113891.0139659345 1216594.7802734375
88511062.3929636031 913212.5729980469
92106773.1937214583 1148292.6376953125
91641675.4389901310 1132604.9824218750
96772899.8840756416 1220820.1699218750
89830713.0321185887 1050045.3173828125
90152144.9660064876 1068723.9355468750
88539845.1296660900 913839.4514160156
89905868.1082454026 1056717.1303710938
90421992.6411312670 1080631.3823242188
91922530.4397957623 1143892.7392578125
94797928.3562231958 1202018.7128906250
94905663.5056670010 1204749.4238281250
91941073.6257086247 1144021.7587890625
91724056.2064399272 1134857.5400390625
97968718.4374361336 1224002.6289062500
100682755.8649295717 1229024.7939453125
88510418.5413288176 908190.1040039062
91861791.5825765282 1142759.0058593750
96400440.0887461007 1218509.4628906250
98299344.1515811682 1224646.4052734375
88461608.2691198885 905877.5390625000
90349732.5509503931 1078742.9291992188
90651232.8921888024 1088040.9213867188
95703686.2726730704 1213051.8730468750
98475462.2616718709 1225034.8105468750
88494433.8325164616 907699.8520507812
90136451.3130087852 1067968.3325195312
93827368.5870775878 1183970.7470703125
93492650.1529305577 1179952.6318359375
95917011.2874456048 1213428.4599609375
91831088.6518678218 1140234.5996093750
95503479.6529595554 1211681.2470703125
91855473.5862483829 1140760.7500000000
91989479.2251334637 1145337.1103515625
93635377.4767235667 1181400.2294921875
88587278.2698467225 920749.8754882812
92329423.9295560420 1155147.3789062500
92030539.2498774678 1147768.1015625000
98509886.4529835284 1225048.0996093750
88370694.1925681680 890094.7397460938
95268907.7636981606 1209392.0175781250
97735317.9721417725 1223570.9160156250
90226393.4065492749 1073598.3530273438
90629009.9269549996 1087417.3315429688
90645633.1937737912 1087948.1850585938
93193327.7579642087 1172420.3457031250
94356174.8447581232 1194650.1777343750
94624674.3075114191 1200003.4541015625
94924690.6824547350 1205396.3125000000
98060293.8909274340 1224279.3505859375
88470098.4741975516 906822.9609375000
90489744.2360716909 1083215.1171875000
91274249.5192310959 1112968.5502929688
94573479.5132695735 1199517.6484375000
98203057.4630850852 1224623.2753906250
94281826.9147211909 1192566.7382812500
98073927.1203290224 1224351.1416015625
98429844.0337421000 1224890.4023437500
88449689.9534009397 901171.7275390625
93699703.0759215653 1182411.5644531250
95443895.2301453948 1210195.2353515625
98141403.1558865905 1224474.7880859375
92115212.7384572923 1149081.5097656250
93736911.6799615026 1183566.5810546875
95070368.3629929125 1207093.6718750000
97733250.2523863912 1223567.3789062500
88380562.1350201517 890669.3369140625
89632741.7804532200 1034113.9670410156
91242798.0866682976 1112598.8666992188
90512571.9576849937 1085503.9760742188
89700008.0114933997 1039398.3344726562
89665102.8782690465 1037387.7800292969
91310476.6119266897 1114522.1499023438
93070389.5617831796 1169625.4541015625
95488042.6232156157 1210625.0908203125
95663663.9238364697 1211974.5888671875
88643860.4314865768 926712.5085449219
90086229.5755240619 1065924.2885742188
93124482.2775325924 1171210.4667968750
95397217.8545350432 1210191.7109375000
90335923.4376167208 1078059.9462890625
90153649.2735405117 1069857.2509765625
90003343.1487104744 1062076.5483398438
88429590.6220389754 897514.9733886719
90000353.2854456156 1061579.7529296875
99757786.2081098557 1227326.7177734375
90046498.9960349202 1064722.3007812500
91134363.8088599890 1109894.9604492188
95494727.1791422069 1211073.9628906250
97451610.5352854729 1222669.9375000000
99804700.3033786714 1227367.6552734375
90945526.6309087127 1101508.4658203125
91080294.4822882265 1108388.7739257812
89765314.5974768698 1044085.1701660156
90991855.1278409809 1105412.0717773438
94497934.9062632322 1197820.2666015625
93678636.9546406865 1181553.6220703125
99717396.2308483124 1227098.7148437500
99433393.3903799355 1226815.6914062500
94460927.3491339982 1196896.1015625000
99581883.7546138763 1226896.3017578125
99866759.8671594262 1227520.9013671875
94000721.7722020149 1187232.7539062500
91312882.7582478374 1115012.2675781250
88359677.8366514146 887824.5844726562
88367774.8886890262 888676.5131835938
91358455.6129560024 1117525.4653320312
88336820.2433148623 878771.5458984375
89744994.1993498951 1043443.6765136719
93076782.8198566288 1170131.9912109375
91322229.9208948761 1115988.7700195312
92849984.9953488857 1166393.4580078125
99479153.3522273302 1226871.9746093750
88346859.5069686323 887180.1547851562
88431967.3198354095 900130.9726562500
88395679.1561787426 894436.8991699219
88384164.8007992506 890760.7016601562
99042911.1606739163 1225964.5654296875
89729647.5898759216 1040295.3850097656
93857468.4995800853 1185222.3691406250
94341715.1642061174 1193790.4208984375
91222355.6042637080 1111583.0766601562
91059334.9818883389 1107773.5961914062
93547957.4121717215 1180540.7656250000
92678819.6880316287 1162008.4208984375
93379527.7461478710 1175481.6083984375
93385864.3771257102 1176710.6367187500
93086966.3575946689 1170785.3564453125
93316163.7390821576 1175219.3593750000
99403923.9119084775 1226684.2460937500
88386088.5912774503 890961.5041503906
94156211.6848526299 1190811.6201171875
89687823.7824254781 1038105.5834960938
93070011.7630129457 1169286.8974609375
99255183.8778184056 1226215.7011718750
92977530.5436716378 1167859.3544921875
93080855.2824260741 1170380.1494140625
95120917.1278893650 1207100.4277343750
89696757.8834524602 1038668.9096679688
93415251.0086292028 1176777.8916015625
89968043.3359224051 1057764.2421875000
99364337.4454600811 1226492.6738281250
93081607.3856820166 1170677.4599609375
93008366.1894061267 1168645.9580078125
88334592.7720927000 877117.8902587891
99297327.1851943433 1226343.9150390625
90675915.7835926116 1089503.4829101562
90815496.4812856466 1095607.3105468750
98983392.7070161104 1225591.8974609375
94380816.7284502387 1195108.0693359375
98879362.2614948750 1225312.8916015625
90946226.8180676252 1102004.7089843750
98762568.7150573432 1225138.6796875000
98919213.8138369024 1225330.4580078125
93994825.0897321999 1186849.5166015625
98906418.2143729329 1225318.5214843750
98880831.9326379597 1225317.6171875000
94337743.4784866571 1193541.5048828125
94109788.5773947239 1187958.6103515625
94139408.3897151351 1189438.5957031250
91478075.9145875126 1120833.5693359375
89212246.6240819991 973681.1921386719
91439636.9302007407 1118628.7397460938
94120995.4751880169 1189298.6718750000
91634238.8078464121 1126608.9208984375
89344671.4179158062 985875.5017089844
89202601.1151968241 972835.9365234375
89194881.1653108299 968633.5095214844
89254399.3827705234 978226.4865722656
89220867.7664237916 975325.4978027344
89400817.9055982977 988888.8305664062
89183247.1251610219 966129.0888671875
89292533.5109539628 979845.2558593750
89303533.7130578905 981812.3461914062
89375440.3351578712 986484.6499023438
89339110.0579498559 984017.4602050781
89292908.2627324164 980281.6132812500
