88401264.2550755590 461716.5661621094
88391559.0804472864 461068.2495117188
88823320.5731504411 496526.9880371094
89932717.5387416631 564544.5524902344
90707444.4142117798 601750.3459472656
91086161.1594474614 616186.0593261719
91073660.4810825288 615568.6516113281
91156727.9171174616 620906.1059570312
97799870.8621048629 826439.0292968750
88230886.8831033111 454457.1574707031
90325217.1864520609 584946.2211914062
90083075.6954548657 571500.7985839844
90587580.7655689120 597967.9653320312
93113719.8287939876 707973.5629882812
97495727.0740414262 825033.9257812500
97656509.3662360013 826392.9033203125
97981088.4834519178 826807.2607421875
88403289.1565686911 463359.1864013672
97445259.0831293911 822713.8251953125
88044095.0905964822 448005.8356933594
88945636.2722126395 501787.6304931641
90262373.1572890431 580983.0874023438
93018595.2041641027 706845.9199218750
93385588.3585420102 717997.6499023438
97562287.9762184173 826141.2060546875
97464839.3865218014 823129.1201171875
86616113.4388901889 322572.5824584961
86559972.3871504515 316884.4935913086
87481287.2375066280 403937.0894775391
87237212.7643178850 388710.5128173828
96385115.2122645080 805815.8339843750
87461708.0330869406 401838.3464355469
88207953.7724987715 453834.0161132812
90004871.9907604754 571073.1843261719
90428373.0565491915 593319.8266601562
91114366.0439518094 618576.7795410156
92378075.8840476274 683231.8508300781
96965859.1939788610 815437.0009765625
97470923.4916509241 823765.1035156250
97111620.9552513063 819836.0937500000
98789878.7745091617 828191.3867187500
86874156.3016435802 353014.9378051758
87988295.1349671483 441425.8852539062
90372323.7820936590 588425.3967285156
92839363.0049483478 699223.3842773438
93271697.7598023564 715040.3798828125
94495019.4141207039 752072.8110351562
96488002.3606431335 808615.7958984375
97421563.2395628989 822059.7197265625
97353173.5040314645 821792.0908203125
97335322.4523568749 821211.1552734375
90189934.1697831303 580770.6643066406
90830207.1987864971 612053.2089843750
92967761.0844489932 703676.6616210938
96799363.1982199848 812668.4892578125
100385716.7324273288 829189.1611328125
90804944.1074600816 610174.4836425781
91044459.3386120051 614888.6408691406
90884765.6385506839 613017.5900878906
91013209.9514747411 614461.3361816406
97095772.9700079113 817004.7773437500
88171079.9241314083 452783.1860351562
90717168.6795907170 607401.0031738281
90485466.6843944788 595438.4558105469
95954899.8015773147 793756.3085937500
96896479.5504508168 813727.8945312500
96195967.2468378842 800941.5400390625
98413603.5010875165 827627.1250000000
90819772.5026825964 610405.5471191406
86662105.0727133304 324063.2039184570
86596049.9629130065 318037.3864135742
86903020.9571477771 355484.6165161133
89171094.3668486923 516910.2016601562
90549271.2173425257 597531.8859863281
96126747.5807926953 799308.9501953125
96430506.9723699242 807631.0498046875
100107214.0859016776 828564.1679687500
100243877.5308467150 829043.1904296875
87366905.6156684160 392405.3546142578
92299267.3628354073 680499.7028808594
92967864.4722934365 706831.2998046875
93150417.8734648079 711780.4448242188
96057135.1810485125 797079.1904296875
96143370.1807002276 799832.3989257812
86861865.2530012280 349937.1909179688
86993017.1121221632 363319.1553955078
92568868.5227066427 690756.5402832031
94488640.4717314094 751550.6020507812
100397450.2543483078 829191.8369140625
87223183.4990869462 387776.7589111328
92471413.9715476185 686989.7231445312
92716124.0418200195 695766.8759765625
97451852.6317385137 822813.0878906250
97144485.7491397262 820124.0429687500
97484452.0273666382 824328.2792968750
98316323.1209768504 827420.4541015625
87405537.0411021113 398095.1154174805
86969675.5440784991 362356.9666137695
87172271.3433541954 382851.3185424805
88275167.9406330287 455536.7459716797
90407997.1434840560 588733.6342773438
96260453.2569120079 803100.7685546875
96694121.8837745339 810476.7167968750
97501377.6240672618 825618.9365234375
97920702.8087308258 826766.8642578125
88022599.3540270030 443956.7106933594
88079780.3306852877 448810.8726806641
92556069.0258898437 689198.7402343750
98007242.2274084240 826996.8203125000
100698117.2352874279 829219.5498046875
97243675.4046260118 820812.5878906250
87752404.2948622704 422890.6369628906
96825799.9975739866 813182.6494140625
94350508.4795801640 748483.6191406250
88020950.4384814650 443305.6014404297
90418289.9858432710 588981.0161132812
92926475.0800036937 703588.9458007812
93052181.6818833649 707461.5346679688
94109554.8843784630 743606.1074218750
86804562.1430303007 347105.7116699219
86891052.3277824968 354151.3491821289
92066489.1953219473 665238.8369140625
92215184.6565208882 674177.8425292969
92877247.5002523810 702905.6806640625
97803595.9764764607 826515.1669921875
87353212.7751528025 391456.3544311523
87190985.5959846228 383648.8051757812
88205918.1867293566 453500.0280761719
94428130.6303766221 750556.2304687500
96677579.7036684752 810118.5000000000
98644142.0334544927 827796.5859375000
99372961.9244287610 828532.3613281250
88195154.1469019055 453143.6667480469
96373440.6582231075 804903.0683593750
88221234.8948055804 454309.4760742188
93939992.9178406298 735562.1499023438
95895846.5945889503 791032.0537109375
99352083.0018199682 828467.3281250000
96124816.3938329369 797974.3261718750
96207235.1218051463 802450.4687500000
86783379.7452219129 342430.9293212891
87345446.1047034264 389101.8576660156
87872174.4220958650 429681.1390380859
88115206.7006239146 451605.7968750000
87919665.7066752911 439321.1882324219
96416676.6688625067 807574.8271484375
97032249.5521878451 815992.1308593750
87459671.6177410483 400401.5047607422
94578359.4983516634 754283.2265625000
96578986.1073486656 809445.9560546875
97203472.1396141648 820391.2236328125
100353156.5380202234 829063.1542968750
89097790.9531269222 512198.6987304688
92110743.1204746068 669651.7700195312
92616017.1750818640 692001.0444335938
100170060.3367138207 829020.2929687500
87877340.6965105087 433012.0405273438
91926693.2912896127 659247.0849609375
92052144.7852928042 665066.8391113281
98225655.1334226131 827375.4277343750
100108030.0897030830 828622.1250000000
87290674.9236177057 389073.8725585938
93705715.7552279979 728403.7995605469
86800096.3122921288 343891.8790283203
87788150.1925632805 429603.6820068359
100132192.6335319430 828787.8037109375
86854686.2119575590 349224.9107666016
86704781.8330151290 334295.1042480469
92466776.4918131977 684311.2949218750
94040307.0182688236 737857.9150390625
90301598.9653894752 582718.7053222656
92859876.8377669603 699573.1093750000
86957745.0409481376 360616.1536865234
86694172.3414575458 324741.0742797852
94292206.9172964394 746404.7802734375
96910903.0742554814 814266.4531250000
94537699.5331435055 753192.5463867188
92414896.7977293134 683951.0776367188
92753153.5360610783 698157.8408203125
93506899.2326058745 722097.7834472656
94001633.8830980062 737661.6250000000
87739888.0725234300 420490.4697265625
97199496.6278224438 820139.5263671875
92076676.3588400185 669068.4724121094
96797107.3702834845 812030.4326171875
86912963.3847344071 356329.9852294922
86801035.7980966866 345513.9891357422
92626877.5833651125 693934.0258789062
92261331.0209277272 675427.0983886719
94485959.4106817394 751534.4511718750
87445460.8123882264 400130.7893066406
87732273.8452853113 417250.3092041016
89132566.1563401073 515124.6501464844
93883960.5531187803 734378.4653320312
94406365.0425548404 748793.6406250000
87600258.5294990689 413004.8535766602
88775425.5482663959 494339.7901611328
92195241.1025435477 673179.4558105469
95875619.2871102691 788962.1464843750
86732849.8981433213 337300.4141235352
89082150.2080352902 511309.1379394531
94219725.9830178320 744949.9316406250
97049049.6115466803 816913.1582031250
89062090.3716391623 510335.6046142578
89284407.9623823017 522904.2238769531
96715250.5056100190 811788.7998046875
98726056.2993928790 827864.5048828125
90148549.6374752671 572856.6059570312
92195827.2437348217 673633.8034667969
92189319.9299317896 672699.7214355469
93970983.0646671057 736714.1542968750
94124819.2854350209 743669.2822265625
86734826.2817428708 338336.4700317383
93727885.4189114422 731200.0798339844
94560849.4670515805 753423.1640625000
98576216.9240282178 827749.0205078125
91666526.8363431990 649300.8925781250
94409132.0557099283 749125.6513671875
87206481.4840767980 384106.1430053711
87161871.4031849205 375184.1298217773
87124406.9593789428 374217.2025146484
87731770.8877304196 416429.0157470703
87370373.6069712490 396029.4561767578
92540695.0975112915 688808.2541503906
89014137.4316387177 508601.2803955078
93795539.1595651656 732362.8110351562
87101932.9387671202 371949.0489501953
97457437.8323576897 823033.2714843750
87568024.1423704773 408833.7319335938
92435190.8962340355 684240.1079101562
87104475.6848852783 373457.5554199219
92134442.1356190443 671529.3281250000
94448881.3698809594 751034.3037109375
87623173.0271079391 415570.7644042969
87054870.1334244311 370302.7673339844
91858211.0692895651 657914.3925781250
94262425.6997181624 745157.5249023438
87409857.3493797928 399779.7391967773
89274545.2193266004 522527.8217773438
89006615.6015905142 508522.6086425781
91671226.6616853625 649983.3522949219
91959264.4025763869 664379.8798828125
87389746.6842650771 397745.2899169922
88885246.9206887186 500586.9046630859
88842259.6385485977 498911.2762451172
92227922.7088149786 674811.1621093750
93628168.7516334206 724613.5756835938
92402048.0692344904 683855.4592285156
88856775.8731574267 498954.9243164062
87049585.3979139477 369516.5716552734
92286948.4591473937 680055.4294433594
89251807.5216197520 521512.3276367188
90159455.1069981754 573216.0541992188
94045932.3193505853 739788.6284179688
93636253.5994397551 725786.4038085938
93534181.1485562325 723145.6899414062
90138603.0482617021 572635.6191406250
98568000.1987787634 827628.2294921875
89227397.9173526913 521289.0078125000
93849763.9890698493 733998.8208007812
95778919.2202203721 784700.2856445312
93510009.4813504070 722716.5600585938
93668018.1789827049 726680.7534179688
88999076.0603663176 508507.5793457031
89832880.5086982548 556036.7395019531
93906979.4696945995 734744.5122070312
87035666.8659723699 368601.6095581055
89753783.6705826670 550704.0124511719
94065543.0168154836 739868.8706054688
93127193.2644851208 707994.9216308594
94044126.9635763019 738019.7641601562
99330930.0605956465 828224.2744140625
89298962.9843979478 524492.3154296875
89029608.2568057775 509638.0516357422
93435297.6569497138 719171.9804687500
87015681.6911524683 366444.5253295898
89680841.1281768829 544174.1750488281
88705440.0501704812 489181.5222167969
88985854.6552303731 506071.7888183594
93833672.0943366140 732980.8510742188
89615504.0436834842 537170.6198730469
88975325.5511632562 505844.6491699219
89672948.4075303972 542661.2595214844
89560335.7050600797 536549.1500244141
93601187.3737376630 724145.6625976562
93489955.3552071899 719413.1704101562
88690420.0936298966 488368.4858398438
88758824.9835426211 493714.9392089844
93705723.7557546943 728642.2436523438
88836472.4588075429 496822.7575683594
89484965.2545582205 532212.9655761719
88597928.6266651005 475394.8800048828
88558261.9237468690 473429.2554931641
88722510.6503099501 489988.1451416016
88624395.2498040944 484488.4478759766
88440267.0980938971 466307.0334472656
88498085.7294350863 468395.7454833984
88528449.0318768919 469874.7355957031
88369473.5332182497 455857.1005859375
88372377.4954179972 455929.0041503906
