100636461.7811046094 176622.2211608887
101266320.1874752641 182990.3978271484
95656367.1919768304 103919.7147271782
95609007.5765075684 101973.1788890883
95562788.5130228251 101886.5728814751
96864049.4342169166 126395.2367466011
100433822.4109653234 174506.2127838135
100481923.0971601158 175610.2083377838
100641375.3701726347 176819.5429382324
101059013.6162776947 181198.3110046387
95511686.0417105258 97869.1955022067
100364982.9208020866 173989.8709564209
100343441.3869283050 172173.2494659424
101222353.0769401789 182324.3041381836
101836105.1921492666 184773.9265136719
95764485.1300330460 105952.8565728813
95693471.5943223685 104221.0879576057
96732312.1159184277 124062.1889979392
96807851.2059942484 124972.5309904136
98226501.0067804009 146232.1574751638
100363471.6799648702 173715.9626235962
101068798.0365475416 181426.7607421875
101743462.7234940827 184442.4039306641
95491860.9454114735 97843.3962430209
95773537.7532195151 106015.3633596152
95770064.9604426920 105964.5491912216
101643095.8565870970 184309.2076416016
97901612.3148084730 141877.7194935583
95526352.0253507495 99708.8019769043
100766721.2314716727 178236.9149017334
100578251.3357677907 176514.9205627441
101048590.0638061315 180495.7141113281
95599953.4111599922 101950.9191397578
95576699.8841596395 101948.6640994698
100846963.1275448054 178589.7896728516
100875199.2691421360 179714.1936035156
101602421.6678264439 184270.2961425781
96573212.8186350763 122025.8351285972
100423891.4073171616 174419.1629791260
100622773.1375930011 176575.4507751465
100458129.3889054954 174576.5369415283
100656879.7901081294 177686.5242614746
98210174.1079786569 145974.5422670149
101455708.8526398987 183776.1646728516
96819913.6267497241 126092.1188200035
100695157.3467764556 177748.1681518555
101165001.3032760918 182117.6932373047
96743771.5157598853 124125.5342899293
101416812.0294921994 183733.5051269531
95557781.2476328164 100252.3642825335
100631288.7862193584 176616.3027648926
98199946.6134777069 145953.5301729940
98035228.6927995831 143911.4556526445
95663417.2005982846 103981.8059451729
100355905.9466652870 173456.0268096924
101044263.4194543809 180433.5257263184
100740351.4381490350 178112.3615417480
96791461.7277144045 124464.5352628746
98177757.9972349852 145597.2728828691
96218198.7362647057 114660.9028095603
96526317.2396331131 120828.3378793597
98080952.1702024490 143926.0466200613
101640026.4039060175 184285.8194580078
95754516.9731089175 104405.8499426395
100485264.0767394900 175677.8164825439
101152812.7077611387 181842.2348022461
101204718.9387533069 182196.8223876953
101740936.1601170003 184428.1829833984
95804074.5496553034 106254.2853824683
101725813.1677289754 184418.7535400391
101685664.3977354765 184392.5642089844
95754810.0888660997 104817.2544915527
101702283.4234567583 184402.9952392578
100868941.9373103529 179652.0052185059
95859912.6259192079 106255.9744994789
98101187.1116131097 144186.3816475176
100711766.6770536453 177964.0596923828
95619554.1717179865 102339.4276465327
100515515.9227007180 175763.3675079346
96681566.2169991583 124058.9769743003
96316821.9087956399 116781.7322868705
100553430.1245315373 176275.6330261230
100853087.8408118486 178754.3262634277
100637407.2832690328 176681.4953308105
98101412.9419312626 144530.0924596190
100784652.8824546188 178241.1139831543
96560612.4919072986 121701.4389383197
101202496.4479687214 182149.2719726562
100461549.3022051007 174669.4322166443
100738279.1069047302 177990.3793029785
101390457.6120890677 183148.2846679688
100529600.6583900005 175910.9890441895
97944138.3008901626 142398.7497810625
95537332.3294651955 99918.2114631683
100809498.1059199125 178284.7080993652
100817260.6686794311 178587.7021179199
96791847.8712583333 124618.5954686322
96726939.3063175976 124058.9935309073
95739925.7486528158 104222.8326537758
100975417.8994584382 179874.2569274902
96826956.2606335878 126155.0269912996
98010055.2830980867 142889.6794075273
95655837.0822084993 102508.5016498193
97917837.2848625630 142037.9408920407
101013551.3695923090 180210.3681335449
96235718.9720651507 115610.4874839187
101493594.9229800999 183821.9750976562
96599052.9292047918 122371.0314481773
95534345.7543425858 99862.8957149535
96808037.1742968708 125117.0935514488
101058591.6696540415 181159.8977966309
101092688.2925210148 181444.0920410156
95528049.2383393943 99853.8652048856
96792073.7948563546 124778.7810092946
101122828.2102915645 181670.0018310547
100979195.3537458032 180157.5907897949
96781295.6095620692 124372.5788724937
100945201.4610066265 179872.8851623535
96790078.4236487895 124402.7434829988
98366312.3509043306 147993.1549109817
96229062.5665458441 115610.2672664523
98027676.8256332725 142971.9153694414
98416786.7647330910 148003.4875205755
95512369.9735170156 97900.8558164835
96190923.1612979025 114408.3936519772
98339877.5433289260 146650.0418049097
98449856.0442922115 148251.5345960855
98198131.2198742777 145930.8327735662
96063965.0100848973 111350.8798276931
98168982.2395504862 144951.9889873862
100929147.2791458666 179840.7665100098
96675598.0861251354 123813.2944944419
98352797.1486741155 147734.1581572294
96650573.1176099181 123083.9517057457
96131784.0828864425 112671.8248868212
97969671.7988134474 142417.4576668047
101115386.1714430600 181542.7836303711
96573135.8992247730 121905.2427224373
98351824.7926138490 147616.6500037909
96439578.0278674811 119839.6778451800
98218177.6928319782 146048.3409270048
95984526.7240103334 108833.6472456008
98428075.5606470555 148090.4154473543
98418379.1148144454 148076.1036929988
96117384.9071775675 112409.6483031958
96753112.2943851352 124340.2556141794
96478639.6924835443 120162.6083282828
96112405.8312152773 112395.6051056311
101028537.9976015836 180260.8008422852
96092334.1653486490 112340.4028539211
96282441.7742284983 115941.7149353996
98088569.2302771360 143967.1692383193
96807061.2618772238 124921.8296354332
98099971.4563882202 143968.6939367652
96326192.8421715200 117593.4747394919
96236073.8690580875 115645.1162188053
98085933.8810156435 143940.8976826072
96347723.8498593271 117756.7575554252
97874128.0645473152 140874.6693951488
97916240.5442165285 141905.6073223948
101030427.5593925118 180417.5266723633
98003913.8444217294 142500.5644172929
96517081.8711579591 120312.1747629046
96563471.5699204355 121836.0888155021
96560820.3373564631 121709.5368749499
96210418.1491321474 114419.0725238174
96172784.6329036951 114348.8881856948
96378149.9061875641 118300.9404088855
98711373.1438000351 150735.1444033077
98694027.7639410943 150704.6250019670
96122515.6264218539 112593.7201864272
98646286.5856510848 150312.5587083567
96148572.5156770200 113562.6276630759
96429582.9900785685 118667.3498327136
98634697.5392114967 149380.3851783397
98675737.7211259753 150650.1955767591
96042564.4501137435 110385.5945529044
96435431.9928698540 119711.8316442370
98599971.7801230103 149283.5689953640
98554407.0003791600 148719.8115753401
98665278.5663890839 150581.1901357174
98487872.8241855055 148598.5292712916
96330183.9991974831 117678.2580645084
101550774.8051484227 183829.6469726562
98520389.6988017112 148670.8888428807
96044048.1305291951 111069.4473325759
98541340.1476399451 148701.5035856133
98517907.5652417690 148601.5735088158
98331090.6709094197 146564.7931122053
96220144.8828542084 115595.7695087790
96258985.8041131794 115713.3380054832
97758811.6612105668 138204.9719600081
95998456.2094503045 110364.0512373000
101356530.2524866015 183006.7357177734
96305934.5617558509 116350.1095200100
98328962.5929287821 146277.8274487723
96073404.7248300612 112325.9050962478
96055889.3016319871 111206.3172666579
98315504.4668896943 146277.2331353892
97795082.1679018736 138919.1967143416
98330332.4766455740 146310.5373985171
96159821.8033793569 113565.3049988151
96428641.4411460608 118656.2555877566
96315686.6217732728 116391.7860352844
97832371.8560324162 139236.1141948104
96188592.6149211377 114368.8029458374
97806182.4381781816 139056.0666484237
97851450.3106966019 140175.6544780135
97623246.2577364445 136130.2457427382
97785629.6526985168 138692.8933750987
97665670.6400479078 136358.4568766952
97579686.8019419014 134202.6439019926
97700954.5673085749 136501.3388957381
97602983.2917612791 136109.3707866073
97704234.5386984944 136945.1489238143
97719039.7471218407 138142.5126323104
97444108.7085510343 130186.6315772761
97412172.1874937564 129801.1682899226
97395633.5208678991 127914.9433019040
97566434.0036407560 133486.7278692704
97449056.5932563841 131442.3420264949
97539437.8378872722 132527.1342413407
97366745.4992888123 126745.2402656293
97403170.7701273263 128424.5280463910
97311413.1145664304 126477.1302639633
99833876.9221039414 155147.1146170553
99710319.7838409543 153532.1222352386
99595689.6455872804 152881.5116212964
99526892.6612253636 151795.8642364666
99564507.0698869675 151937.0123607442
100112033.3736724406 156192.0383143425
100158853.1560067683 156298.2052359581
