90107347.0603275299 4.1610132677
89670261.7716320008 2.4377358360
90143411.9806609601 4.2747596361
92612985.3772945702 7.8789563924
89810339.1609815359 3.2983724793
90059542.6705458909 4.1395570234
91906358.9578521401 7.0681985488
91962145.7800212353 7.1528549381
90478413.2953277528 5.0444548330
92997997.8313113749 8.2206999138
90556266.9787477106 5.2049251893
90734544.1843495965 5.5347347385
92191558.6932632476 7.4363864847
89799995.5190089196 3.2897757237
90419526.7007067055 4.9013527328
92042808.8662976176 7.2606641548
90394398.8210939467 4.8929676029
90656202.2980399877 5.4054113380
91917473.5572229773 7.0820016102
92696709.6491145939 7.9785141982
90882694.5750078112 5.7147282568
90372057.7060942799 4.7235109976
92904925.6390880048 8.1403705813
89636691.6693895608 1.9400227911
89643835.7650164217 2.2575189061
90029336.5516040176 4.0043544107
90774942.0604785383 5.5711405142
92270678.1071790457 7.5427140025
89673376.1806206703 2.4406271489
90372930.9605599642 4.7459044743
90030433.0276813507 4.0127395405
90624018.0894140154 5.3048543967
92212720.4630527645 7.4523987435
89840604.8952838480 3.4810921413
90013555.5372320265 3.9765453906
92346603.9556094259 7.6052880157
92825207.9985447526 8.1078388132
90511447.3396010846 5.0970805984
90759724.6738451868 5.5535352672
90865538.9161013812 5.7063431269
92265068.3514058739 7.4779131692
92818447.3285189569 8.0860844888
92922629.2700014710 8.1435067840
89961301.9614669234 3.8499250122
90365576.3875593543 4.7213592145
90444265.3527781814 4.9692422065
89881090.2132157981 3.6250669931
90423619.7062661201 4.9178056497
92013990.6452156007 7.1826801524
89857717.9504528344 3.5070433703
89991358.9036710709 3.9318779943
89813004.0808174461 3.2986440478
91946883.1731925011 7.1272610240
89660836.0347850770 2.4291272946
92818732.2341190279 8.0918265544
90643376.5596794635 5.3819268788
92853867.5995958745 8.1258867569
92766709.8835221529 8.0231887512
90549251.0472134203 5.1997786041
90422500.5120718032 4.9101465929
92957243.9682304561 8.1519194581
89954959.8116970956 3.8153322459
90479800.7028651237 5.0790058819
89851917.6951742619 3.4839179509
89654670.9230628610 2.2712740328
90529823.5902311355 5.1408505950
89998291.0648194551 3.9679486350
90454300.5133323222 5.0281702157
89904850.1663553715 3.6519175167
92726053.3537829518 8.0051408075
92793405.0377243757 8.0523962565
92394151.8950509876 7.6615049771
92671023.1391505301 7.9331409335
89897496.6438403875 3.6381390857
92231228.2571338266 7.4572698139
92707135.8044689894 7.9946862608
90553020.9900705814 5.2001147172
92037214.8834654540 7.2532970118
92389086.0357019454 7.6271874923
92805654.3039791882 8.0742588472
90382365.3290703148 4.8565618272
89716166.1685032547 2.6677743377
90475297.9143877774 5.0281726305
92693310.7557762563 7.9775072709
90390569.4452562928 4.8565637905
92058396.2243281305 7.2733775172
92677743.4006233513 7.9509463767
91922835.2585916668 7.1054824181
92029355.7265835106 7.2508423589
89867437.1099660695 3.5120542299
92981255.6498167515 8.2154893018
89840261.5711563379 3.4634296776
90752547.6704638451 5.5481419661
89719456.5824777335 2.8089233799
90561436.7993635982 5.2279237374
92159049.2061736882 7.4133906020
92506258.7737539560 7.7499094587
90672673.1708355397 5.4250962456
89934077.1331899464 3.7599344709
89682729.8460645676 2.4902518628
92640905.9294559211 7.8870467991
91987544.9929508865 7.1686640315
92876031.8210569024 8.1335377209
90596053.1123134345 5.2555572740
89656146.3089782894 2.3111036718
90624193.8788773268 5.3631263501
92776744.3684316278 8.0271216966
89706555.1782536507 2.6386110726
90158817.5809379369 4.3194260543
90766509.6314583123 5.5592799983
92795229.4337696731 8.0572067285
89943599.5228760391 3.8046008890
92831187.2230689824 8.1127098836
90859530.9988300651 5.7010508492
92113253.8641748279 7.3278119322
89825354.4945732206 3.3354349819
89951692.7080816329 3.8151407753
92492182.6581948251 7.7452802863
90635798.3510731906 5.3634614851
92025212.3970009238 7.2273578998
92264451.0607143939 7.4757399261
92819800.1429277956 8.0973842666
89874650.7674444020 3.5171627820
90578273.4738225490 5.2475940319
92062528.8971407264 7.2777834907
90166751.5255740285 4.3278111841
92344005.9562762529 7.6030480284
89708313.1570248455 2.6507222190
93026826.8727732897 8.2207815796
89790358.0934282392 3.1270356593
90821809.3837556243 5.6361349319
90108284.0612169802 4.1750033244
90079996.3197597116 4.1478176658
90912218.0294709355 5.7541585547
90775102.8037676364 5.5827617920
92405536.4305657893 7.6733453814
92761403.2359737903 8.0147224627
89639130.4379336983 2.1098402794
90705022.3912865371 5.4477775111
89692983.5406403840 2.6373149914
92015514.0184381455 7.2140067550
89709349.5192947835 2.6545950114
92256575.5735930353 7.4704466872
90640622.0253427178 5.3711753668
92282610.2576943338 7.5599678196
92153787.9087303132 7.3854589984
89737079.5491961390 2.8212800116
92596077.0257140249 7.8599546067
92961320.0683523118 8.2154078893
92822788.0851876736 8.1027275100
89899923.7653815150 3.6492771179
90558769.6313434988 5.2160632215
90681936.4618135840 5.4320367328
89833630.8530535251 3.4170528290
89853797.8012254834 3.4896527547
90007597.3728174120 3.9763337648
90091663.8390984833 4.1562027957
90686256.1340256184 5.4416127498
92024405.4069290459 7.2171541266
92429606.9919021279 7.7186548915
92563214.8039793074 7.8433115855
89957413.2447326779 3.8386252344
92836925.6401581764 8.1173390560
90538334.2216340750 5.1409718995
90610481.0856241584 5.2731065335
92420775.9304818958 7.7070336137
92129997.2258779854 7.3339985143
92133357.5141635239 7.3801657595
90667345.2353948653 5.4167111157
90005824.6608472019 3.9682414220
92803060.5077691078 8.0683447607
90713201.3332890421 5.4800637863
92297010.8126264811 7.5657125507
92812354.6427648664 8.0802052766
92104707.0913423598 7.3012679499
92367279.7997473925 7.6190970857
90654051.1420367509 5.3935856964
92414429.2255652398 7.6892938856
90658001.2762224227 5.4111534036
92890685.7678056061 8.1370511316
92318666.9830235988 7.5891943444
92745095.0301242471 8.0097699799
89856697.1358493716 3.4954084576
92075223.0363406986 7.2953073252
92307311.6334561855 7.5710057896
92600005.9898650050 7.8650659099
89639017.0371308923 1.9736684679
89898519.6384939402 3.6435323869
92864621.8091808856 8.1298197024
92201657.2245192081 7.4421312157
89937200.7956324816 3.7685312264
90017944.6466672122 3.9950098061
92089474.5011110455 7.3011865374
89905423.9371402562 3.6783166238
92217951.2562694550 7.4536353573
92470075.7215844691 7.7187221088
92594215.9584465474 7.8599046022
92775704.1014718711 8.0237418748
92527814.9765433222 7.7779212962
90772669.4626591504 5.5654868718
92380909.8675201535 7.6232545469
92256634.5017531514 7.4720339570
89937628.0590590239 3.7963402466
90007349.1300189495 3.9762092774
92701484.3930164874 7.9821364433
89891451.4525081813 3.6333286137
92173421.5780401826 7.4305099379
92358694.9107352793 7.6100776736
92269488.3513847589 7.4801682997
89925308.5889440924 3.6836598673
92602590.9366903454 7.8699369803
90784906.1404908746 5.5936627476
92563639.6726391166 7.8479782920
90051968.6858894229 4.0402485897
92746705.5672309846 8.0146410502
92312612.5046854019 7.5775730666
92350996.5308472067 7.6053885389
90049621.3298335820 4.0187870522
92800038.5515751541 8.0626000296
92572952.5404756069 7.8539247215
92422785.8123007417 7.7127756793
89967637.5077527761 3.8581856546
90881323.1589531153 5.7063431325
92480819.3173295707 7.7426784206
92940903.5380579233 8.1464702524
89834044.0480449200 3.4534586047
92651565.9605554938 7.8907648176
89813510.3439780772 3.3008422156
89982901.0147683769 3.8635288981
89680931.9515060484 2.4692288406
92561862.8890185356 7.8374323733
91112767.9796174467 5.9876123512
92952151.9058667719 8.1492712088
91024430.7262787521 5.8405492225
91067172.8443818092 5.8980912188
91170193.8159872442 5.9900885978
92548892.2397396713 7.8363570143
90749762.1512047052 5.5427837552
91166441.8741674721 5.9876428966
91043944.4444369525 5.8660203436
91076346.2625198364 5.9286843421
90959770.2377551347 5.8160039628
92659838.4914468527 7.8977690404
90593268.9790902883 5.2507387578
90573501.6716450751 5.2338029495
90542095.7258681506 5.1915179617
90800384.2148120701 5.6049652764
90931260.4761622697 5.7626834171
90607193.2897229791 5.2636062907
90945312.7305502594 5.7679769093
90522071.2127485126 5.1005309032
89764135.7611772567 2.9399841067
92544213.9141634107 7.8314859439
91020099.2361945212 5.8249422763
89788497.0961718112 3.1125652232
90843406.4802986383 5.6529923299
89782258.0157892108 3.1115901804
92681058.2997046858 7.9726349860
90615243.3133983314 5.3011787975
90976719.6840455383 5.8160345081
90042659.6336703598 4.0163108234
90828133.4055154622 5.6443955743
90050224.7289352417 4.0218685356
90722057.7833055705 5.4827695595
89818188.6695543230 3.3057983642
90217922.2117952406 4.3440958015
89857054.2747962028 3.4975782621
90705474.2493426204 5.4556081960
92655263.0357575864 7.8956888877
90199525.6999686211 4.3357106716
89818444.4740248471 3.3182559920
92640320.7874684334 7.8861886449
90208313.5715273619 4.3360034586
91539434.0933791995 6.0979312662
91324242.1627624631 6.0963849914
91242853.3110675663 6.0889929527
91211803.8134781718 5.9909241194
90329112.2893897444 4.5489427418
90328948.4931892157 4.5487311161
90264922.9223030508 4.3907415810
90327287.2076724768 4.5242978194
90335534.5335577130 4.5573278717
90275795.1905684769 4.4309191190
90243473.0927362293 4.3773343534
90296874.8034275770 4.4889117609
90322663.4670695961 4.5194568809
90284304.7096310556 4.4710129470
90309177.4076215923 4.5134540058
90306527.9786869287 4.4969314951
90307986.3701542318 4.5022484142
90291596.1171438843 4.4817585316
