120900146.5599018037 25669.6059827398
120848883.9345624000 25604.5176110203
117338481.5246169865 19483.9984135032
131583400.7078307420 36038.0866699219
132068460.1481996179 36143.1045227051
117271226.7697075456 19236.6542744040
129271022.7663068771 34514.7686233521
120331948.3572529256 25141.4651369308
129240509.3784125149 34457.8881149292
130121792.1746055931 35052.4877700806
131880113.8116763383 36117.6552124023
120376225.3008082658 25150.9116429876
120633774.4279765040 25532.8144070958
125264128.4821451753 30698.9264119267
128959145.6446424425 34261.9751701355
131254711.3587696701 35863.5346984863
121367003.6088636816 26357.2202642956
129350205.3742672503 34625.5229568481
130593846.9499769360 35462.5428161621
119297925.7331307977 23396.6486806149
128608648.7736378908 33845.6040744781
129335360.4272957146 34548.4083557129
131334472.6344425380 35898.9234924316
117983572.4657447487 21076.4865750055
118189736.3556325287 21503.7614946067
120163566.4577733874 24821.6524388646
131153761.0317122787 35794.2469787598
120319711.3400338590 25069.4931981419
125059619.9430269748 30532.7342727631
119983244.4149014503 24491.5975301121
120862526.5873275250 25658.1293286871
130158552.1181691140 35090.1048126221
131171723.3778811544 35812.7465667725
126312309.8628802299 31687.0788496230
117333041.1614477783 19477.8940579295
119832450.3048991561 24288.7571807975
126449456.6609288454 31911.3737668395
120016545.6485392749 24503.0125310277
121487572.8007323742 26599.9671667615
122910104.8021326214 28177.4842204452
128312495.6981799304 33625.9290027618
118228083.1270447224 21506.4236205518
123036031.8265436590 28359.8289894462
133075422.9160992503 36283.7135009766
117206112.9960821122 19163.7588705420
117292180.0069202483 19293.1643332243
118024859.5244760662 21138.2003197372
128552618.3170967400 33806.3419132233
128494843.7309169769 33802.3459529877
132893273.6265091896 36261.7459106445
117267914.8526998758 19214.2444271445
119789589.2297716737 24280.9251431698
120321402.7906746864 25097.9833468795
128401846.0710996091 33734.4843311310
130355590.8590839356 35287.6822357178
130604936.3349303454 35498.3090209961
131757835.4797020704 36082.8916931152
122972915.0901376456 28331.1853432059
128608455.8002568185 33819.0934295654
117183481.1833121032 19163.4427494407
125681829.7559171617 31181.3456682435
128075683.6011300385 33172.3247928619
116740232.7785276324 17108.0724008679
130964555.8593631834 35671.6703948975
128127109.6173226237 33484.3940830231
120551847.7858524770 25318.5891945218
128412764.1132912636 33801.7286014557
128808643.9967688322 34067.0069656372
119557251.3601293713 23953.5753812069
129897058.8330408335 34917.8530120850
132974719.5936332196 36273.5676879883
117141673.7781653255 18941.6782546429
117095082.0889730603 18828.5338197140
117987359.5349086672 21132.3084916770
126011317.8596292883 31538.4027510285
130880644.8718508333 35615.7817001343
133297960.0984291732 36325.4959106445
122540906.4791021198 27795.1530342102
118065505.8530512005 21158.3078670204
118074425.4763073176 21179.7069873512
121580300.7093071043 26714.2823851654
121519506.4563097060 26644.1813591519
125535296.7360175103 31019.1633386388
117807728.1137120277 20512.2385505736
119690743.3799682558 24087.8661978468
125225183.2957301140 30587.6619237065
119357710.9151837081 23606.4729336972
129514807.4066022336 34732.9197158813
130483431.6145014614 35386.5715026855
131645659.4190793633 36055.8811035156
117084472.5933430791 18826.6564345745
130208789.6827889234 35255.0633697510
121844551.0455521643 27015.4209495597
131647980.6188922375 36057.6298522949
120191351.2845236063 24855.3660619115
125866215.3673846424 31354.1153538823
129457250.4403894544 34639.8043823242
117919418.2889219075 20814.1832031906
117865551.6766566187 20808.2539844215
133178099.6799832284 36313.3473510742
121819890.4308008552 26977.2200048962
129088759.1960936785 34365.3900985718
130065693.5807540566 35048.6733245850
117040567.5015017539 18520.6957722306
119976883.7625321150 24462.6543475634
122743492.4545418173 28031.0967597961
131952129.7063557953 36127.4409484863
116733871.4663202614 16777.2914570533
121707054.1215871572 26805.9692877331
122687602.9885712117 27992.3462715149
129797663.4501658827 34897.9798412323
120348925.4948596507 25142.0843236302
130174876.4184708148 35211.9344253540
121667720.7211143076 26746.1153445193
131102154.5198390931 35767.1921844482
130432607.9643665105 35353.4871444702
119231011.0549237281 23392.0682009930
119337419.5233979523 23402.2321271176
124961853.6888793409 30458.6264165044
131444695.8255707473 35960.6614074707
131562466.3187893778 35976.5494689941
129900618.2868028730 34921.4488830566
129926258.9451543540 35041.0941772461
130533292.1817693263 35419.4660339355
116703477.2346582860 16739.7854760848
132930231.5544009805 36265.6447753906
117754274.6221325248 20393.5846718848
120169588.8220605999 24831.9959738110
122630734.6904117316 27957.4781074524
131020787.3506706804 35741.8665313721
117042042.1294139773 18581.9882488847
120317036.2773643434 24978.1845792161
128920072.8477028608 34231.6596984863
116726768.1126970649 16771.2104662620
117710624.2524538785 20344.5467014015
117109254.6636238247 18868.2098065019
118165275.5247573406 21426.6852397621
116994455.7534017563 18473.0067148805
121757787.9345812201 26934.9442480603
122831480.4017692804 28053.3161383718
126329901.1382119656 31692.1555575454
116714602.1950417012 16771.1953937411
116778884.3713545203 17291.3505446315
119594408.9585655034 24018.8745961641
131034693.6461251229 35762.1103668213
132529460.6151328683 36231.1634826660
116690463.0170611143 16733.8072756492
119220827.6669796407 23336.4233934139
126161968.8208184689 31664.5312151185
122720187.5483629853 27995.7232326120
129116771.6205373108 34409.3674316406
122314608.3186749369 27366.6386874765
116768664.3784140646 17116.7061317563
122405079.8727501184 27671.3689845651
131376907.0971335620 35909.1018066406
125800827.9442311525 31317.7728533021
128600718.4650842547 33808.8490829468
129512673.5701910257 34649.8998489380
117107479.1936946809 18839.0373365283
130964015.1722476929 35636.9037475586
125362901.1990209222 30839.4715703130
121873345.8014227152 27017.2241466492
125438727.6021447033 30884.5447433442
132963528.5022017956 36265.9368896484
116678094.3783486634 16405.8384541236
117935562.7780383974 20842.1409354210
121825099.0410229862 27007.5353735486
122343096.2470474690 27590.5629814006
119459683.0435856879 23751.3972958798
122044251.9743739367 27260.8745681824
122190732.6467741430 27295.7427322449
130735839.3502096385 35539.0428466797
119646449.5657243431 24078.7470578427
119614719.9322248399 24028.0970082735
116845114.8167081177 17482.8937219158
116952155.9971437603 18235.4792761803
119390530.3054872155 23707.2940549130
121750699.1193031371 26924.2897293152
120033973.2333670259 24592.6063802098
130908463.2227999121 35628.1769409180
119628711.2614475489 24078.7464330052
119852419.0649480820 24450.1994359349
120082065.0784450471 24777.8719179486
125978611.3759429008 31514.2824053041
132722548.7149424553 36236.5932006836
130612928.8303434402 35506.7689819336
117390933.4798047096 19573.8198995379
121177905.3461596370 26186.1936681126
120060974.1574532688 24770.6313207005
128756215.2442942858 34046.1240081787
116762149.5269676298 17111.4407189861
118171988.1151019484 21429.0210437477
128661115.2270517051 33897.5006561279
117235509.7909449041 19202.3668966083
118379402.9908088297 21548.4434413612
121211485.4432913661 26257.8112062668
126385051.6732461452 31878.9322026372
130989018.8375559896 35672.6084594727
125330545.5735823810 30830.0794194341
130767245.2781889588 35611.6419067383
131197461.2294177562 35846.7394561768
121227979.6409451962 26266.6164282361
116941943.7038012594 18095.1873379350
121031675.8175238073 25959.6330373143
129228533.7337433398 34431.0056076050
118420260.7443741113 21761.2266215980
121000227.3081155121 25891.0801198338
120911362.2010192871 25886.9773900365
116711397.4589335471 16747.8758255839
129625925.2869457006 34765.6326828003
129175816.1091375947 34413.6164627075
125351860.2893148512 30832.4260680079
120560761.8158038855 25344.2624089574
121924949.5964652598 27051.3146193573
125277750.1741502583 30801.3575261235
116950901.6055697650 18182.5102481631
121349664.1759102792 26300.5465733861
132470475.0603655726 36219.2185668945
116738824.3894737512 16800.0667769313
117862632.2689494938 20717.0737148225
116854812.1046424657 17500.6393220499
116897751.3418683559 17811.1665564937
132760291.1321266443 36250.4352111816
117788092.0795762688 20448.5777373314
117835491.3148791939 20715.9997043312
132321087.4596353024 36191.7542724609
132308821.6453315765 36173.9474182129
132752328.7067057043 36242.1893310547
126423350.8557595164 31886.9073377252
125912288.4545203298 31373.9249165654
126139756.7500040978 31592.0915866233
120741051.3516287804 25561.1010349137
125917094.4996942282 31405.0480855107
116912405.3875821978 17815.8707140684
116918983.8274256438 17863.4430707929
117629972.6168851703 20079.2214545906
127041104.8335377127 32136.8164715171
117684454.7054219991 20139.3041038903
117619111.7089777142 20059.7464122474
126739080.4028643370 32074.4917808101
127116922.5077501088 32248.8004548885
126690996.9504354596 31959.9541596509
126996972.7122025192 32135.6465191245
124516063.2047157139 29859.4411860621
124800111.4434597939 30231.9183179885
125391470.5514777750 30871.8724148870
118697580.7326544225 22121.4490060695
117484476.7240386754 19707.7684516609
125852547.1024877280 31348.1032078862
118680915.3821490705 22121.4443341792
125727961.8025575429 31228.4761555791
125651073.3472730666 31173.4374471307
118720359.0434268713 22163.1669362187
124644097.6286723167 29914.7687588111
118562395.3351095021 21828.9377728999
125316393.7363253236 30820.6422989964
118387764.9897601306 21554.3609620631
125633275.3519238979 31172.8105290532
117561727.1522877067 19765.8033218086
117538601.6787949800 19735.0147475898
124692783.7913637161 30135.1404781714
118410381.6593197435 21584.2435159223
118576174.9739069790 21900.7994088667
118642989.8211725503 21943.9245831168
117592815.5780681968 19930.6451167762
119190879.8100235760 22966.4871818423
125119669.6782760769 30560.4848502737
124400050.2377424985 29768.7016683742
124944319.4006922543 30267.4164028540
124659150.6015075147 30071.3438232318
124698056.5019060820 30137.0690124407
125143755.0025668442 30573.9571946636
124298653.2769691795 29573.2167702094
124590304.9125684053 29911.4586293753
119107661.4092268199 22327.6995420069
118963161.7590921670 22274.4779569469
124187353.4106837660 29443.5890024677
119127900.2823885232 22593.3653151393
119061951.6832859963 22295.2732672106
118933227.5065884739 22221.9123205554
124235409.6469316334 29504.2780672843
124362522.3632095158 29641.5181799725
124124486.8626471013 29403.1938430211
124166026.4287521690 29429.8537615314
123609984.0015801489 28718.6666083332
123693162.2646612823 28734.2841161266
123897867.6706132889 29093.2006886974
123754186.7844409794 28837.0656340839
124049216.1177815497 29252.5648964420
124010239.9423393607 29205.5930421576
123783976.5274106711 28874.5163736120
123795938.4413738698 28881.2819564119
124010695.7288704216 29208.5048225895
123394350.2893298268 28363.8964504004
123551745.3143193424 28438.7603083774
123400277.7027477324 28366.2496326566
127891665.3508034647 32277.2955893362
127959097.7683635354 32319.6895712698
128016299.3794549108 32422.5984762991
128001965.2707823515 32388.1564873504
