550496700.3442903757 40524.7229544054
550035501.5956916809 40263.5054235030
615544435.8789556026 83876.9978790283
615288431.1055649519 83835.8779602051
534807788.0225149989 12097.0964035347
548124452.8420274258 37530.6297713424
548712014.0224134922 38727.3835641862
615664055.0351192951 83984.9338073730
571476567.7433531284 61569.3943980160
543571678.7608165741 31703.0233675307
543534081.7905061245 31499.4249545551
595609841.7302817106 76310.3643228088
594569387.4135285616 75809.5913952712
543562265.4531077147 31587.0964134216
549677099.1594276428 39862.6377046740
549541235.5421872139 39592.1765535509
570919683.4658352137 61264.7009919293
595426153.9098688364 76271.8803211574
628053000.8215339184 84956.9414367676
548335096.2981759310 38068.9711486007
594840517.7239503860 76119.2284344558
609616816.0741635561 82467.6273574829
627921548.5533127785 84925.2834014893
534732196.2687703967 11365.6494488374
535020333.1728673577 12826.1612608388
537751611.4067947865 20980.6835811510
563249548.1012656689 54215.1907630928
583300539.8778164387 69528.2480601428
610541475.8443788290 82786.8001937866
562909428.5143451691 53978.4570995339
563256968.3217924833 54307.7802711495
569583745.1660226583 60083.5763061403
570557295.4558191299 60928.3154809698
583127986.8127818108 69498.1446506103
609799121.2538855076 82571.7570114136
534824391.0420387387 12140.9144769863
536377880.1451698542 18267.9021139222
537857933.3102552891 21344.2258172984
543412901.7949584723 31476.4486331172
549598967.0972664356 39763.4403214788
549150168.8813871145 39287.8076009880
606513392.2553342581 81356.9344024658
607097095.9416431189 81558.4772644043
535074961.0826655030 12847.9377827302
549594490.2998229265 39696.8284542765
582359064.5524964333 68958.7806445678
570799784.7183200121 61068.5747762082
594769269.7934758663 75987.5852536086
563435077.3936121464 54406.4379891378
595846350.7646456957 76449.3933710670
606717639.8394349813 81426.7947311401
596568743.1586070061 76869.6731524086
607206476.8058202267 81616.4214553833
543542677.0905877352 31575.3316881276
596135837.6539016962 76594.0359835243
610681581.9704329967 82804.1365127563
610777013.8256226778 82846.1118698120
563095843.1275224686 54168.0380229309
536321581.8300236464 17974.1591235397
570313788.0776779652 60681.2785268186
595982831.2450504303 76572.6438173866
606444747.9790911674 81232.8613128662
606816479.2128747702 81472.2289352417
610055354.2288231850 82677.7580490112
582381361.8563709259 69029.5760407766
594406188.3591371775 75754.2543897022
536445737.3244740963 18354.9038624084
536403202.3938499689 18269.9000782287
543376737.7897584438 31462.6676939018
549057221.6879708767 39102.3197023444
549377930.5036532879 39575.6472019588
570491272.7192831039 60898.7212056067
570463178.8071237803 60804.9892354367
594188559.6681293249 75555.3039196853
549192169.4698101282 39348.3951418520
582535565.0704361200 69070.4530905782
606903525.1849870682 81525.1486587524
563262919.3299266100 54324.1603993203
596539741.3521808386 76757.3948359108
609332788.8547937870 82427.2258300781
536884943.1583379507 19374.1722082864
570415268.2181059122 60752.6391530393
536800520.4296342731 19082.6895703585
537813110.4726818800 21326.7226360604
569311646.6175847054 59903.3449610530
569650610.3171540499 60149.3433654664
569689210.2328200340 60231.5431801139
610181636.0632181168 82715.1466903687
626813869.8025753498 84868.6766510010
543311524.5486452579 31181.4051325569
569477790.5113224983 60009.3440444825
582997115.6580801010 69360.3427317267
627965952.2199963331 84946.8773345947
582840976.7466014624 69287.0264110883
610196878.4319787025 82718.2780380249
594258308.6386229992 75694.1733502273
569485831.1058876514 60049.7639892457
582667162.7643673420 69233.3417026123
596756697.1882520914 76882.8793180666
610491222.7063643932 82759.8497390747
614708765.0725102425 83657.5975799561
627272841.0584584475 84905.2798461914
569673299.6896858215 60163.5200012086
614322878.8806118965 83541.9598693848
536598288.1868203878 18670.6301000221
543681882.2448725700 31830.9385994950
582189252.8290854692 68830.0745000450
596237857.6376037598 76714.0475802040
614517551.2468264103 83637.1063995361
596369892.6324346066 76745.3481410865
610359496.1101956367 82753.4187088013
536563951.6771184802 18655.1903597815
535146724.8804461360 13226.4351235201
615056268.3674641848 83775.9772644043
595918108.1769562960 76465.5542374745
594081728.5412666798 75377.2274719600
581654770.0619453192 68530.0851018682
543066005.0724033117 30731.4610545607
549350890.7891038656 39419.6753671047
543182902.8217797279 31102.9140574904
569435761.0622633696 59947.1984714328
537508243.8416752815 20564.4906448289
581858999.9204392433 68651.9966963107
607643385.9663467407 81710.3037414551
537612512.7713748217 20691.2072823496
581889121.2814918756 68652.2020265634
543696997.6312334538 31839.7815909694
582014458.9811115265 68689.0197603280
562044921.8131867647 53023.1457619761
608736166.6853858232 81992.3189315796
607952326.6029181480 81828.4652252197
608354564.4187278748 81986.8478012085
535270498.1429598927 13590.6946966246
581588173.0023843050 68485.7932283456
535268943.6128764749 13564.4386834994
581048359.8857181072 67978.5927583749
548482904.7502762079 38283.2982210563
562672530.7157573700 53704.4625883196
547813323.8493058681 37506.0617157564
547617578.2767772675 37096.8863278658
567717228.3046772480 58212.4670593576
567905907.1608783007 58240.7898533182
567592938.0166257620 58146.7246601419
567205197.6249462366 57639.7887555645
567339780.9467637539 57899.8823139505
608535003.7917155027 81992.2051162720
567240964.9262361526 57756.9209531099
544115020.1897717714 32444.7294078451
567224915.7154152393 57746.0987779932
595752424.6479121447 76395.3930360351
543933833.1099560261 32153.4305149671
543769369.6457989216 31893.7510256949
579625188.4611092806 67086.5617457855
579811436.0725688934 67214.4677862175
579592374.6154023409 66978.0034895764
544353403.5422079563 32683.3197861100
579680016.7691305876 67127.4784041272
579934973.8013826609 67263.5665022762
547578551.9280534983 36982.1399994017
547259704.2626720667 36637.3639373899
546988822.2042801380 36259.9985170485
547063456.3987183571 36326.5067537547
579011456.2213034630 66383.8445441461
578801679.1133788824 66259.5549478162
579030719.3341757059 66501.7968377698
546340353.9768316746 35248.3838721932
565638374.1004182100 56302.0406095737
565358094.2737065554 56114.8524982684
577958374.8344876766 65603.0771387968
565329506.7450180054 55982.5208429300
578897047.3930370808 66349.6553074796
565059912.7092862129 55788.4417277180
564854741.6176323891 55607.3105915987
564964630.1688230038 55731.6396042758
578587109.1348173618 66138.9601170499
561541351.9410312176 52247.9027913391
546086309.4228944778 35007.6412545861
573131314.1039159298 62013.2867522701
564693393.3047081232 55368.4017314986
546776201.5624713898 35811.2753684841
576299351.2767403126 64189.6963501865
561635813.9335161448 52365.8790868103
546649148.8449143171 35646.5738353156
613551328.1168818474 83076.8570861816
573281586.1092774868 62150.0516143307
576486152.7247678041 64552.4128786106
577082202.3929268122 64993.5120507739
573355722.1047050953 62204.0623001918
564421626.3951727152 54964.4652672873
576433942.5233733654 64482.2344118137
577171470.1490327120 65087.8358190808
577298801.6757912636 65112.9156722877
564205510.2810354233 54821.0460219213
546041424.4615564346 34846.0626555489
564462133.8647875786 55001.3404544074
573129061.7541272640 62007.3163559600
573086416.8628623486 62000.7288202914
572975001.7572675943 61961.2483649715
545092878.8924503326 33253.6017255519
612242335.6562176943 82853.3242797852
545304393.0363062620 33708.1910502232
545160912.4592499733 33598.9524838842
545111356.8368864059 33408.0365938001
544856481.4768816233 33083.3857615624
561205393.5233284235 51552.4166941832
561335785.1121206284 51686.7058009102
560238397.9524195194 50430.0100404809
560773217.5974638462 51167.0702700804
560457787.5669069290 50790.6205709170
575969921.2144476175 63974.6533134109
560479730.7188934088 50831.7457548867
560770143.7957464457 51117.0705659579
560559705.3475811481 50904.6649491976
575752841.6427184343 63865.6480228710
575762699.6266946793 63924.2867225534
575659343.7753394842 63831.5029510385
575428314.4814335108 63668.2310112244
560272801.4946000576 50566.9758393954
542937081.0718855858 29962.3020532473
574326785.6794770956 62558.9468264892
542840329.8086507320 29534.3414819077
590649749.9340416193 73212.3191502759
590398633.6301678419 73025.1463292309
542919957.6154884100 29844.4263217285
536094878.1751800776 14212.1608013646
536111734.0830771923 14582.0011233784
589620360.0275431871 72525.7762072080
536205709.7370594740 15117.4285707619
590050028.7209718227 72788.6329500669
536144420.4639859200 14875.1728813048
559782130.1801855564 49970.2456264764
605317375.9259214401 79915.6327571869
536098081.1136391759 14435.2574899770
539721836.0687764883 23488.8894401514
541378165.2474945784 26862.5197390773
539497662.8492197990 23068.3238557600
605204006.3743460178 79898.9093856812
541503642.0418280363 26969.5098791829
541462300.1522676945 26958.9382257274
541504199.5387896299 26985.7021188893
591208022.0244121552 73507.9584287395
593245270.3532066345 74666.1192431516
593417529.8656122684 74783.5137438840
593174263.2125806808 74634.7543559141
541225505.3559991121 26591.1813686051
604918959.9419345856 79653.8742609024
539467794.6292068958 22477.6762007051
625015737.3217184544 84238.3802642822
592731725.0614219904 74232.6123078343
540711658.5669077635 25495.0089974977
540472655.0909711123 25064.6554800180
540667112.4215177298 25318.8823643030
540689541.7958768606 25493.8210157157
605773427.0750411749 80099.3722839355
540515354.8328123093 25112.2265477778
605861820.6394597292 80152.2812500000
540464592.3267254829 24933.6749143523
592195427.4934567213 73874.6098325279
591436917.3415782452 73582.1957680424
592384341.8214391470 74076.9549253014
590862916.1968228817 73291.2144368876
591636050.7723464966 73686.5996755351
590934582.6109427214 73319.7507070292
625528892.1064890623 84339.1637878418
625076768.1549258232 84283.3599395752
605837989.6141474247 80119.0904235840
625222124.3323898315 84284.7925567627
625542894.4934631586 84345.8938140869
558022542.8404134512 47451.0532910474
624766069.3815681934 84152.2747192383
625000147.2900474072 84192.5892639160
539357026.6877857447 22280.5307700587
606076309.1453807354 80237.4165802002
539318121.4257918596 21955.3904904756
539263078.9388896227 21889.1029080781
557711514.2504127026 46751.9206146217
557653906.6399648190 46740.1338813356
557279837.6638913155 46321.9123055539
556522791.7325193882 45458.5549834805
557157459.8314948082 46165.3014979562
556641399.2568557262 45701.1467193204
557650417.3229410648 46628.2575152791
556379367.4167152643 45056.3889009990
588741779.4163781404 71073.0688587666
589026775.0347499847 71355.4932902450
555564244.3626247644 43662.4882217727
555395656.1088919640 43483.6972236976
555251965.0742725134 43308.6540643547
588773016.0711572170 71163.5215866078
555791892.1318248510 43860.1089213408
555580186.5948929787 43714.5384189740
588821500.7651166916 71208.6248217333
554398636.5265510082 42219.7708423738
554474317.3619253635 42267.1467248578
554183470.1453708410 41997.7451923494
588576060.4723585844 70960.4626579530
603216080.1088383198 77619.1788370460
588267670.3584599495 69941.7240395333
604703874.9669740200 78051.5238575786
602311044.7765377760 77183.9497110695
