433872869.1832012534 2537395.5986328125
444081637.1766203642 2571480.7026367188
415813183.4374815822 2230615.3811035156
398939906.2408667207 1571889.0393339582
406738730.2109245062 1954970.6984863281
416299161.8683115244 2244265.8720703125
416131318.7889901400 2242005.7231445312
428102873.0810119510 2462041.3305664062
438494209.4029282331 2559032.8168945312
396350338.5692621469 1362451.6135956943
395626137.9652093649 1347766.4107156098
406644569.1970194578 1950978.8308105469
407233748.3835567236 1975929.6324462891
413406941.6690476537 2161406.8383789062
427551349.2447512746 2454152.2705078125
395767971.5265837908 1362339.4955422357
392408288.6910064220 819333.0258922233
395286789.5411603451 1321315.5516987636
396139495.5337538719 1362421.4550950974
407399703.9758802652 1980439.3514404297
408686226.8405315280 2024400.1802978516
413264570.7289202809 2159840.8588867188
413426452.8363438249 2162062.8574218750
427692475.3318529725 2458556.7690429688
434192051.4074901938 2542603.6186523438
434155902.5436124206 2542102.7866210938
434404808.8148340583 2543849.8920898438
392213866.0158092976 768608.4212835148
427439202.5585870743 2453622.5800781250
392286786.6820889711 807125.7770383671
393441032.6612475514 1106159.2135973636
416531162.3888438940 2247771.6640625000
432949727.6043730378 2531016.1357421875
433374701.0180880427 2536610.9389648438
433889273.3795544505 2539601.7094726562
434037681.3859803081 2541312.2651367188
434561020.7086619735 2544453.6372070312
434289108.3153734803 2542739.6645507812
434454384.7482219338 2543946.9750976562
406740632.0397542715 1956910.2614746094
415984473.5701252222 2236520.5244140625
427817978.9583620429 2458631.7709960938
443717731.0187845230 2571372.5356445312
392305228.8765650988 809061.7512855843
392256876.6780626774 795134.3907301739
427884308.9670996070 2459056.5429687500
435127522.6476812959 2545442.1254882812
434590665.6161609292 2544627.8247070312
416660598.0344753265 2252193.6049804688
434345681.9249004722 2543567.0268554688
433897105.8925072551 2541188.1909179688
395503081.2294712067 1341422.6305032074
398480972.4422506094 1549151.3170050085
416706273.5608572960 2252748.8256835938
439317691.1171680689 2562338.8813476562
392233452.5769177675 783171.9083082989
418215401.4908772707 2282745.9208984375
443126163.5260784626 2570484.6235351562
413448780.1857972741 2164867.7546386719
434762083.0130569339 2544993.2836914062
427357259.1856353879 2452783.3105468750
395426934.6990016699 1334048.6575337246
395346784.9417891502 1322689.3366804912
400907129.9212176800 1685277.3186569214
431513725.1571762562 2509397.7924804688
443981934.5350551605 2571446.3559570312
428020178.4153169990 2460100.9584960938
437960173.5326722860 2555231.4531250000
400712865.9270749092 1674073.4620895386
393486624.4174640775 1118387.0934801761
443547258.8772913218 2571349.7094726562
411838401.6089192033 2123698.9072265625
417244821.7928828001 2263367.4155273438
431367582.4308441877 2508549.0600585938
400923856.6570245028 1685826.0151901245
431183351.5460043550 2504059.7080078125
395465885.6460462809 1337046.4044967070
416096573.8903656006 2238144.1267089844
398689975.9569723606 1561525.4935186803
411714098.2045186162 2120857.0161132812
407577169.5629314184 1987310.7713623047
393509286.4914540648 1122605.7599840823
393486056.2054457068 1116109.8100502926
393575460.7846328616 1131044.6517498281
401128135.3247025609 1695827.6452560425
408406959.8750892282 2014430.4224853516
412631762.2051985860 2146514.7976074219
415843058.4314093590 2232804.5395507812
419644464.5489246845 2313718.3623046875
407210850.8664363623 1974408.1251220703
411746425.3369532228 2122130.2465820312
415917018.5080217123 2234005.8300781250
419705431.8720562458 2315803.1186523438
395534931.1264135838 1342820.6267496913
416068065.1477175951 2237105.2707519531
432586163.8479563594 2523924.6269531250
439335583.1684360504 2562812.9252929688
393551484.6199242473 1126964.3017173389
395709161.9313379526 1353445.9193703679
416185139.9784418344 2242009.0854492188
432027333.8753540516 2515805.6591796875
401055662.3996894360 1688844.4848556519
398730524.0299286246 1566400.4750393331
398739694.0416747928 1566977.7760351598
401071821.7044867277 1691849.4904098511
412885014.4798517823 2154829.1645507812
393737954.7755007148 1149922.2011632558
393627013.7647656798 1137894.7321728852
400943159.9697678089 1686689.9411087036
419525597.0890024900 2311193.8549804688
432143197.5200838447 2519545.9970703125
412704206.3709254861 2147903.8078613281
398704866.8266698122 1566100.5358770788
398613213.1956613064 1560048.7552374303
432237605.6799313426 2519571.9921875000
431693519.7725361586 2512602.1171875000
431289509.7291471958 2506721.2495117188
393916075.3266045451 1159914.3307058541
400733497.9115374088 1675604.8339927197
431714424.7643930912 2514218.4833984375
411802644.4575667977 2122807.3015136719
400608105.2042788267 1669081.1026415825
432130794.5707940459 2519537.3515625000
432064031.9165753126 2518670.5859375000
438767166.6486055851 2561489.5551757812
394173293.3445056081 1168686.3286150501
442565679.3169221878 2568971.5581054688
439425875.0966446400 2563110.4467773438
400413472.5396364927 1655843.6985659599
400494649.0940412283 1662702.4958148003
400364457.2403017282 1653729.1167786121
395421249.7857456803 1334009.0167072683
409186214.5703737736 2038492.6578369141
438982936.9634639025 2562025.7172851562
427276823.3035753369 2450953.2812500000
393328700.7466869950 1061048.0317126492
398430955.7024083138 1544124.3350671232
398393075.5498667955 1541678.2284568250
395280915.6705934405 1314231.5268025724
400400980.4401036501 1654174.8139309883
416934065.2172496319 2259564.5483398438
419232824.1380771399 2306413.7480468750
431566076.8901635408 2511259.6264648438
431932169.8645801544 2515691.9624023438
400007121.4960294962 1636308.4665369987
418459197.6938974857 2290404.4995117188
399988723.1495177746 1633760.8905146345
408513530.5625152588 2019794.2188720703
418436989.4542844296 2290355.0322265625
393934180.4633006454 1165626.1770738685
418961604.9810545444 2301129.6264648438
393276283.5983468890 1052304.9771481731
395226483.7724071145 1312091.2030721037
398544420.1046529412 1552188.5196250379
393824948.4815737605 1153405.7504324042
439131198.7590886354 2562063.5473632812
393970642.0768505931 1165644.0927336966
399555103.9936083555 1609186.5218680128
393263638.6154518723 1050806.4559079388
399930862.4234268665 1630473.3157618269
399980469.1077507734 1631549.7468950972
416396227.3818546534 2245947.7202148438
432696401.1386715174 2525579.3261718750
399800892.1684820652 1622342.2644694075
420076654.7219095230 2318110.1757812500
408336553.1496264338 2012744.0203857422
419511698.3086960316 2311034.3144531250
419429207.4397863150 2309327.8315429688
437738567.4264010191 2553740.9350585938
395203916.1227752566 1307464.6119017554
438149223.9080628157 2558215.0483398438
417506073.4381527901 2269778.4626464844
399766535.3884462118 1620951.1945040450
398583364.7630751729 1555920.6328147352
399860464.2622509003 1625504.8543970808
442909776.3757199049 2569665.5493164062
442892860.2931642532 2569633.1323242188
399338956.4619958401 1599461.3272670209
393255979.0942893624 1048621.4351559856
418316881.4794218540 2285788.7148437500
392373575.5234633684 813882.2602379867
392494784.2244063020 861034.1318232529
417944315.7129782438 2278405.7749023438
392446408.3388513923 846557.1346717533
394727949.2209143639 1252375.8927471265
394876636.1302119493 1265249.3349299603
407871927.6058465242 1996255.8562011719
408495173.6423584819 2017339.6289062500
408186456.3511977792 2007373.2796630859
399153741.6251677275 1586508.2349489424
408087555.8825608492 2003027.6354980469
438014815.6341519356 2557127.8500976562
417994606.4353326559 2278576.2949218750
418242058.2356165648 2285006.6245117188
407970964.5110781193 1999094.1469726562
426345716.2061049938 2432094.1401367188
415295347.9955499172 2212319.9870605469
442229092.3214507103 2564873.0410156250
438642454.3492678404 2560711.5717773438
442381103.3571218252 2567691.4116210938
415104419.1667940617 2205668.3098144531
418118711.2570472956 2282188.4941406250
426596846.3949971199 2434650.2856445312
403945709.8295561075 1805421.3337451816
403677424.2691013813 1793566.0838672519
403874987.1924810410 1802563.5491992831
392350451.3449046612 811630.1317058560
403757420.2966593504 1797937.9906579964
404052681.5821119547 1811165.3877002597
403749865.0243901014 1795574.0057422519
394868530.4627220035 1264118.8091101663
395021165.5311113000 1277877.3236365335
394956476.4482027888 1267289.9492511468
393320169.7216261029 1059397.3711968118
394968753.8311315179 1269050.1453502465
403558946.5814208388 1784274.3194019198
404264982.2607256174 1815889.9309741855
394634234.3939630389 1238674.3657539785
411949048.9590271711 2126073.7028808594
394480176.4342915416 1208437.5230585251
409717814.3339809775 2049471.8370361328
428807477.5514702201 2463069.9897460938
403535413.1773912907 1780819.1398364902
393404675.6811257005 1067604.0667575535
409966889.1874225736 2058045.9195556641
410138473.0440605879 2062889.5516357422
403382839.4152581692 1768101.1120654941
428916283.2765294909 2463523.9565429688
428643193.9785282016 2462243.9233398438
403512112.3111887574 1778548.2266895175
410346781.9512637854 2064747.0043945312
409867299.7671754956 2054079.9239501953
421923010.7295000553 2337575.2573242188
394257689.2084907889 1178616.9766997236
394181678.2536726594 1170180.0020903486
394232151.4633980393 1171810.9489407081
403383183.6621502638 1773389.1115772128
414573200.3513341546 2190266.7526855469
414461555.0757516623 2188306.5826416016
414813560.6023108363 2199708.3850097656
414635283.4351002574 2192854.1896972656
414048439.3237020373 2175869.5695800781
421698079.6807703972 2335060.9404296875
403475109.3054058552 1777333.1931201816
414216548.1237918735 2176977.4011230469
421751273.8129285574 2337000.4077148438
403059988.0054519773 1754357.8393756747
398009402.7840042114 1475931.1296979785
398090315.0736578703 1480352.7653376758
414265370.5699062943 2180230.3488769531
414401785.3164911270 2183361.4694824219
414294375.2706802487 2180563.6340332031
413902032.8966149688 2173461.2102050781
392750491.2332674265 862798.2098828377
410777998.3103809953 2079131.6267089844
410787156.6501523256 2079548.7448730469
410608090.1734380126 2075819.9348144531
410800551.6409428716 2082349.3376464844
410722401.0935750604 2078857.0080566406
398119410.9847583771 1482764.7890000790
411114469.5800017715 2090628.0764160156
392803482.8489964604 873419.2053781672
410663869.9447188377 2077393.4926757812
393194116.3508534431 972109.7997489087
392892530.4096695781 891150.6472028344
392875215.7139698863 879703.8375598512
392945550.1438441873 896135.9237529965
402699566.5072480440 1721982.4852942477
402752183.3048472404 1724854.6736487399
402616210.5268551111 1717296.4924353610
393010541.4119133949 914900.6324963176
393072928.9758301377 927839.9666142070
397885623.6987132430 1453090.4381537437
397864095.9777746201 1452234.2525666486
393172651.3726117015 960329.3316786378
397907688.8974968791 1455799.3948483467
402678545.2618539333 1721643.1972693454
402583929.4692363739 1713359.0417517673
402635559.4371131659 1719099.3317908298
393154641.9909160733 948694.1756117432
393140887.2031247020 945798.1439974396
393020949.0494981408 915680.7143864238
393140640.8010942340 941547.0130922666
430785647.3297236562 2479648.6469726562
430131526.1066713333 2468837.1816406250
430202804.2300618887 2470636.4428710938
430002936.3746920824 2468802.5610351562
430372319.0684686899 2474276.9975585938
430186887.6845582724 2469324.6284179688
397704634.2444339991 1383053.7786239386
397672101.2881971598 1381629.3984359503
424738861.5003617406 2362883.8713378906
424980846.8420843482 2369798.5183105469
424409383.0207881331 2357625.8073730469
424582493.6711251140 2360344.7668457031
424254339.9040429592 2354554.6140136719
424140504.2067237496 2353228.0466308594
424054045.0685649514 2352930.0349121094
397726472.4943872690 1390743.2255233526
423497288.7923807502 2338249.6538085938
