275124827.7589647174 415527.0070547871
274962807.4346726537 408871.3310550638
275715419.6761640906 427617.1916721873
275420849.7289474010 423501.5389904976
275271150.3559065461 422395.0132664852
297704301.8453327417 895953.7692797608
307335684.1948845387 1015485.0177001953
273119125.4488321543 311025.6385003813
275022239.8434821963 409927.7112120576
281788957.8881996274 619091.6470223442
284404548.5010839105 669804.4623532463
289574064.8219827414 767651.5091964705
314630801.6906562448 1083517.1545410156
284089542.5118522048 657398.6772301365
273888898.0528683066 351145.4044504203
281207696.4536297321 604950.2173169123
312175984.5670926571 1066657.0966796875
316276028.0282132626 1090287.6511230469
273688066.4839068055 350367.5845651664
281946688.3054907918 620196.0656763092
288882863.4474455118 754401.6802169783
295337324.3215488195 860727.0315239143
307473198.3171755672 1016098.1710815430
311988850.8287807107 1064519.3365478516
315978165.9691080451 1089231.2607421875
315460791.8505967259 1088680.1965332031
273241277.4374630451 321231.1537494995
281326508.4081809521 605865.3377812877
289114930.4781587720 757977.5342905028
298120855.4020608664 901507.8835469759
311741067.9083012938 1061876.8646392822
315305721.1725279689 1087708.7834472656
273479104.8518676162 338905.7084296010
295050401.6153533459 856420.9067680549
297186358.3806707859 889059.5713063753
311896751.0900964141 1062546.1827392578
315072027.6616860628 1086041.2150878906
315143619.5143626332 1087007.7858886719
273567446.8216781616 340987.9468698539
312781772.2474220395 1071185.0212402344
273214558.0544120073 312822.8908230551
273601624.9059602618 342789.0606393851
281423138.6760274768 609809.8140207306
284359559.6439178586 667259.4183139801
308651983.8920104504 1032165.7182617188
314810208.6660184264 1084322.4575195312
315022529.7555390596 1085501.1091308594
275408650.2105594873 423496.4029396586
273570495.3066082597 341052.4468698539
284151904.7668889165 662046.9115719963
311504435.9292758703 1058998.2877197266
273434019.3864971995 335306.9795541801
273447111.5630856752 337032.4379411153
284135144.8092110753 661712.8597630430
314876355.7998893857 1085146.1901855469
294998430.0000125170 855076.2622821641
297878373.6080552340 898640.1872599400
273676197.9359961152 343301.9614265412
295116499.1882371902 859232.3078911018
298247351.7193655372 902209.0605559063
307287851.2330913544 1013669.5888671875
307143381.0352610350 1012849.5181274414
308378855.7365213633 1028005.4722900391
321567918.7755901217 1104825.8442382812
322906752.3203961849 1107554.8759765625
274872735.2090679407 407769.4562735371
309254157.5057689548 1036924.2097167969
274579324.7410591245 393128.2521719746
281134117.0541437864 601809.7026569173
284210512.4194843173 663518.6252288818
298187126.0064200759 901605.8892366325
311691393.6535019875 1060355.7567749023
312431899.2999300957 1067578.3266601562
321285836.7632017732 1104022.2036132812
322917892.3619967699 1107816.0424804688
282142878.5993086100 623300.2692682073
281108474.9253656864 594941.9917194173
297356461.7340682149 891106.3193387699
297146316.3406779766 888632.3528923702
314347495.2294610143 1080200.6770019531
284317825.5184960365 664059.0407195259
282591637.0563240647 627487.4427437112
282450906.8421057463 627189.5335154843
298401927.5195922852 904610.3237333011
314723129.9747200012 1084015.3952636719
282594588.9814867377 629370.8267245814
312524472.5618832707 1069190.6604003906
282068898.1320579648 622027.6831698939
298375329.7133234739 903560.1075141144
312726590.2455088496 1070752.1672363281
307258202.7214971781 1013452.6888427734
312037461.3644379377 1064635.1948242188
312459580.2299355865 1068858.3613281250
321706539.8666602969 1105852.0000000000
298085556.2018740177 901293.1267118168
311660048.8656456470 1060329.5257568359
281049152.4280463457 594052.1518756673
281748616.3679050207 615353.2126275823
321796784.0823602080 1106281.0029296875
273401391.3692616820 335031.5098581351
274769523.6403321028 400012.9414447360
280889922.3604739904 592800.2559463978
298254800.1819456816 902319.4235868168
281132367.7918027639 600437.1191608235
311392412.3904390931 1056952.2744750977
283615609.0533140898 652143.3180315003
289960187.7183489203 774012.5273849471
283287178.2290098667 646643.4514169693
283382674.6112629175 647085.0119499452
283048962.5563768148 641447.1644935012
283270307.9237847924 641726.3277760744
282919989.8845719099 634453.4953833222
282762051.2375363111 634169.4469080567
283019511.5873315334 639327.5125895143
322515544.4203721285 1107154.2553710938
322340608.5245058537 1106996.0043945312
282953225.1859869361 635864.8042927980
282724590.0671386123 634164.9529028535
297899940.1748717427 899418.3531038200
309368992.7533228397 1038317.0911865234
280940112.7608183026 593453.7227725610
273370728.1395562291 331642.5789627023
279564225.7474278808 549945.0018588305
282433728.7408477068 627001.2515478730
289886075.0883380175 772770.7705624206
294989418.2795264125 854779.7186680150
296876270.0997937322 884741.0986356449
289500320.1881406307 766992.8652755721
289540706.6404050589 767364.7651779158
273299653.4255725145 325451.9375802167
295297935.4135848284 859833.7925061893
311484936.2027786374 1057283.4705200195
313259299.5584164858 1073651.8286132812
314528923.3243815303 1081262.3723144531
274717815.7461327910 400011.9054922871
280835473.0892744660 586930.8425721973
295563732.9216879010 865294.1517591190
289432940.2202811241 764553.5182816535
308651056.8892303705 1030642.5443115234
280704123.8849200010 586371.6882114336
296859502.7242766619 881864.8845243168
275202824.3277093172 415999.4430746436
289225617.8297362924 761517.5782265067
296745975.5661014915 880989.5938367557
313707579.2251809239 1075134.9084472656
294420994.9681294560 845819.8671468210
274855317.2154930830 402616.2154517174
296379834.3765178323 875562.3673734379
296701808.7247633934 880578.8779325199
295858819.7683817148 868246.9520444584
296530944.9578425884 879111.8403348636
296007816.8210138679 871461.8522672367
288668581.0722714067 748578.1084083915
288582964.8322575688 748421.9226340652
313686499.5112493038 1074978.4218750000
274032274.0659161806 364396.7027727664
295011492.7979626656 856396.4709419918
289042729.2676895857 755626.7456154227
279733085.2887316942 553111.9985271574
274344089.7244070768 381065.1542802751
274870075.6244926453 402955.0177467465
274620443.3824390173 395519.7808882594
276492286.5703148842 443476.0330023468
295195658.9967310429 859699.1298775387
308412064.0091593266 1028137.4281616211
288944967.4273504019 755268.5346779227
276558181.6854887605 443999.0911957324
276514079.2756915092 443956.4480586350
276495567.5680024028 443944.4517399371
276189115.3450780511 443214.1003729403
274061525.5854907036 366815.3805223405
309013033.7230255008 1034919.9029541016
309140375.6714033484 1036343.6268310547
274108983.2931826711 367494.7896705866
288835408.9460334182 750091.8546941280
307921038.6439518929 1022446.0656127930
309508788.0138183236 1039701.0350341797
275931802.2839367986 436186.9009586871
288560207.9221931696 745225.4041546378
288376888.4072583914 744556.0566934943
274532471.2169004679 387971.7548223846
274126558.0208762884 368839.2131956518
287842353.9405416250 732622.5036047399
294357733.5132220984 845523.7637304973
274207842.2831611633 374546.8310838640
274483883.9785115123 385494.5111501031
279694669.1792022586 550640.9662870690
287875594.9193490148 733952.8576122914
294571324.1198695302 849026.6575293255
288208865.9483604431 738861.8173269127
308120441.6331644654 1025697.1342163086
279719538.9802081585 552672.7404603884
287683951.0298192501 731104.2665456627
313787386.8884956837 1076056.5080566406
279656503.6464914083 550407.2600293085
306989701.6842474341 1009059.8784179688
313846802.9927579165 1076141.5593261719
320264507.5989580750 1099183.6826171875
275913025.5646272302 432398.0480821133
307110286.0629848838 1011471.9320983887
320682530.0027923584 1101104.7573242188
320913091.5121709704 1102210.0385742188
275718146.0553402305 428157.8745992184
287151777.9427092075 718544.6343122218
287058452.4610286355 716654.2036184166
279796465.8830790520 558163.7057007477
293735783.7433347702 832807.1428610024
308980275.6572335362 1034162.0184326172
320135078.9385737777 1098815.4792480469
320114401.4172385335 1097997.7624511719
320771326.5388049483 1101609.9951171875
287298622.1227070093 720426.8295212369
294316450.6087930799 842919.7341964722
280570039.6339883804 578211.7091372646
280251839.9787639380 569598.5728882477
280057681.4218135476 565441.5963257477
287567002.3270800710 726527.4193473104
293819660.4876823425 835382.2720338639
287373512.2065376043 724310.2871145103
293973267.1415156126 836893.2729830456
318837908.4157750010 1092793.6586914062
319401309.5464227796 1096307.2568359375
293425974.5199312568 826236.7497247285
280347805.5620195270 572410.4658040926
318442044.5232073069 1091591.2929687500
318923677.8286745548 1094419.1401367188
318616408.9549055099 1092758.0917968750
318885477.8713665605 1094393.9438476562
280380717.0423222184 572736.1437351629
310032553.6154267788 1041054.8416748047
293588861.7640954852 830049.1278109860
286857797.2432255745 711760.9321312103
286844339.8051320910 711723.8636421356
293239543.9290312529 824543.4174318945
293387013.1306453347 825969.7349707519
306317401.8569565415 1000042.6344146729
287264971.6986521482 718909.4516265783
306506349.4033176899 1001012.8417663574
306690021.4868549705 1005701.6038360596
306638768.8346737623 1005138.7301788330
286527796.4372917414 703003.8432918134
319217300.0667481422 1095260.0869140625
286303814.9830027223 697592.1005170131
293331125.0229371190 825377.0507573520
292884545.3002710938 818264.1280031835
292478264.7699530721 811153.8502153433
286555805.1351926327 704168.8073407803
311309729.5486047864 1051499.6488647461
292351915.0361817479 807171.9519061125
292224993.7762612104 805462.4958330421
279426705.5805081725 528343.4377900809
292881522.6959596276 816917.0597720777
306943209.0510838628 1008995.2483215332
311290048.2552191615 1050745.3143310547
311205031.4699710011 1043303.8991699219
286443140.6529945731 700225.7206856875
292819492.2720093727 814714.1999018672
279393002.8451960087 527645.3816215247
279433047.8033685684 538302.2038914412
291917685.5464357138 798840.9285212397
286092055.1788760424 686690.1143240599
292382147.8685426712 807713.4544309285
292300592.1710693240 805888.0373993195
291738492.6840112805 796898.5546155251
292123042.5575315952 803576.4329071320
291671974.9689196348 796523.1516571320
291234991.8765537739 787017.9004898346
291464061.6139912605 790232.9202652252
291023762.9309979081 783857.8854998713
291635940.7910088897 794351.7424771606
291253353.7487387657 788881.6495132721
290771852.5492475033 777277.0241508759
290848623.1818167567 781124.0987320221
290705907.5899303555 776172.9647860802
286246500.9486926198 692405.8873953490
285858498.4813376665 679106.1841566954
285936063.5045042038 682943.3609937821
285708437.4065507054 678431.7605727110
286177604.4337550402 686929.5456686411
285757285.3611653447 678734.6238866244
285803334.9436857104 678914.5567250643
285541504.1983277202 672159.2649534140
305976348.7877578735 946459.5996558666
305733230.4582831860 942615.3723609447
305927062.2396544218 944267.4975090027
304777304.5040965676 932296.8673560619
305745203.9915214777 943319.0350425243
305353427.7327869534 940446.9316871166
305077769.3532247543 937334.0049293041
304944813.0902368426 932917.2078704834
304443371.6722381711 926188.2280128002
304538503.3196623325 930419.6312491894
303926975.3602218628 919494.5735809803
302793518.3609030247 908376.4884521365
304373675.3555702567 925633.3565475941
303863091.2624213099 917740.5574371815
304048771.7747940421 924659.4039032459
303435419.5795307755 916915.1797754765
303389330.9194647074 912828.3099849522
302982842.0654327869 911565.1065757573
