1054360844.9894481897 5086756.3901367188
1055211657.5594739914 5092364.4301757812
1054834964.5200495720 5090160.2841796875
971728117.7996298075 2702992.4401049614
972715815.3548640013 2756422.6206021309
1017923401.8516887426 4460865.2044067383
1053968400.3663359880 5085421.6401367188
1053944388.7855453491 5079687.9765625000
1053681760.6905797720 5077788.6989746094
1054104149.9698030949 5085726.2504882812
1054459581.0835378170 5089452.5698242188
1054424225.6934278011 5089292.4877929688
1054872679.3699562550 5091120.4663085938
968832341.0593143702 2285272.4829689413
968891121.9409029484 2290065.1936928183
971677696.7882302999 2699721.9158129692
971980940.0252826214 2717054.5986447334
971794955.7047020197 2705439.2366023064
971764958.9397050142 2705435.9678120613
972747252.4563721418 2759904.3604397774
972415578.6942119598 2739810.1073727608
972394684.0208681822 2730734.8274788857
972629887.3064550161 2752436.2632699013
972523333.5509939194 2750988.4160122871
972869372.8619182110 2760541.8289742470
973014477.3765029907 2762081.9345269203
991799214.5704799891 3748425.0685482025
991713506.3987389803 3747850.2505550385
992151682.4219702482 3774887.8404788971
992986629.8856924772 3804762.3576889038
992863302.4255319834 3801095.1885795593
1016319066.9940977097 4433509.9834289551
1017084683.8970528841 4450587.9116210938
1017168312.4970673323 4455159.0812988281
1016896414.3586283922 4446799.5136718750
1016714853.8945542574 4446296.9809570312
1016355828.2477970123 4437231.8462219238
1016985465.8287651539 4447612.4149169922
1047337680.7697781324 4993243.8151855469
1053942280.2040719986 5078301.9277343750
1092944063.4567394257 5150611.1450195312
1092861188.5146474838 5149752.9038085938
992887035.0669392347 3801575.8528251648
972702929.2045346498 2755494.7024846077
992577159.1692413092 3793735.1864280701
992796943.5161792040 3798945.7665214539
993208192.5509432554 3809929.7139091492
1016679665.6033377647 4440548.7612304688
1092130953.8169419765 5141468.6660156250
972411973.4654291868 2736427.6163792610
972451639.3141086102 2744367.7525639534
972509843.1455299854 2745605.8212513924
1017009906.2548339367 4449193.8959960938
1058315186.5952764750 5101828.6914062500
972468131.7942243814 2744843.9014058113
992563618.2399567366 3787021.0654563904
1016544352.4821867943 4440271.8693847656
1016690232.9344658852 4443852.2822265625
1058023673.1184434891 5100552.6982421875
1057525368.6127198935 5097707.3535156250
1058055694.4578223228 5101470.1718750000
1092215708.2708959579 5147492.7207031250
1092186542.1485655308 5147187.9628906250
992288431.1339082718 3775403.5000267029
993547932.9501870871 3811998.6374397278
1016263638.0815033913 4426642.5819396973
1016161156.7871594429 4425099.0619201660
1048157853.7556763887 4999980.1875000000
969422762.6121202707 2307267.1575151831
969553481.0216295719 2309913.4353586584
969348553.2086483240 2299673.0359789282
992736257.3751221895 3795221.9641838074
992783483.9602352381 3795855.4074211121
1008733592.1578683853 4232408.3124771118
1016195179.4553172588 4425556.5476379395
1015989541.8550379276 4421122.1999206543
1015985647.3233547211 4419397.2365417480
1057620449.5695359707 5099728.6914062500
1015164976.0446326733 4401316.0842590332
992770731.3646012545 3795850.4693717957
1015832034.3065214157 4413837.3273925781
1014821260.4622330666 4391846.2590637207
1015864156.9636247158 4414732.6311035156
1015496726.9936368465 4405916.0532226562
972203936.7631980181 2721072.5199360847
972373540.4773185253 2726810.4964985847
972301909.7556594610 2725538.9722676277
972151799.6596093178 2717821.7112812996
972186227.7762719393 2718293.3136677742
1048162008.7704091072 5001255.6591796875
992075814.2341800928 3769436.9599971771
969704483.5859535933 2317843.4596079588
969750089.1352895498 2319177.1492236853
991916995.2452019453 3762472.4338741302
1057299529.0703247786 5097248.9746093750
991819552.7769035101 3756604.4669818878
991859146.5724481344 3756942.0810260773
1008805815.8734807968 4234489.9784927368
1014414845.7821115255 4379042.5659484863
1014694844.2818155289 4384639.4306945801
1014603025.6632189751 4383920.2881164551
991914875.0399864912 3757060.4384479523
1008559300.0347640514 4226884.5792007446
1057011536.7984287739 5096426.6894531250
1056741345.5179959536 5094931.2626953125
1008451071.7188215256 4225330.6293716431
1009110692.0082688332 4241606.9271240234
1047923719.0563348532 4997311.3925781250
1048007138.2018812895 4998994.1806640625
1048619858.1393394470 5005382.0161132812
1008936381.9764763117 4235030.8703384399
1014281684.8507734537 4365435.7519226074
1014131332.3240357637 4354107.6355285645
1013934725.3951202631 4352336.9143371582
1049255286.2020733356 5008946.2929687500
991621870.2891994715 3729352.9221973419
1048404982.1941341162 5003885.4702148438
1048487724.4173074961 5004062.2392578125
991491116.4162929058 3716637.5821094513
1014180849.0638767481 4358959.5696105957
991415994.9175417423 3713331.5444355011
991539356.1808800697 3721781.8042621613
991388541.5771423578 3704929.4448871613
991425774.3156071901 3713726.2623233795
1013957197.7137945890 4352614.4479980469
991428493.0303342342 3714815.8213520050
1012958729.4712102413 4330595.0287170410
1012691243.7097597122 4320996.4739074707
1012590727.7526383400 4314617.0010681152
1012614096.9475049973 4318986.0343017578
1012673673.1097915173 4319700.6044006348
1012597121.6047110558 4315922.9794006348
991330434.6397950649 3701924.6669931412
1009404134.4791288376 4244642.6453018188
970691245.9575862885 2329456.1510931253
970836192.0553426743 2336394.4370046854
971088365.4327296019 2359973.1685937643
971111165.2481182814 2369319.8385332823
1009634045.4189579487 4249832.8240127563
1009488799.3065936565 4246899.1623916626
1049963866.2585738897 5010008.5761718750
1050060377.6178137064 5010574.9130859375
990985752.8925728798 3666017.5073099136
991084735.2295603752 3670455.8626565933
1012006215.4542133808 4305211.5930480957
1011669271.4864616394 4294224.7357177734
1011513204.0479805470 4290150.5653076172
1011890060.9841575623 4298441.7363586426
1011543812.5189843178 4292934.1873779297
1011178274.5077085495 4284176.1230468750
1010951164.8950676918 4275337.1066894531
1010591858.5507063866 4262952.0643005371
1010782223.5225069523 4270363.8221130371
1010437847.6664128304 4261333.1777038574
971468920.8196337223 2385532.2980918884
971313309.9166706800 2377383.3095989227
1091813200.7967758179 5139660.8684082031
1008171159.4796189070 4197099.9431076050
1008153328.0815210342 4194539.1926193237
1006836521.3014214039 4152474.7677268982
1007139277.9456367493 4163511.6968307495
997503858.4291374683 3879099.4010295868
997394087.5714137554 3877343.0839977264
1007047096.4096862078 4155184.5401535034
1006621124.2245193720 4144615.8701095581
971582213.9494463205 2393968.1815872192
997678779.7563476562 3885890.2237071991
997029525.5143430233 3864996.4839763641
1006447110.8719668388 4136957.1138229370
997906851.5694451332 3887412.0127391815
997284062.0961940289 3874602.4924602509
1051888211.5967977047 5013056.9914550781
1006314758.8689482212 4136181.4526901245
1006553137.3783483505 4140974.7163619995
1006260099.1853179932 4135031.6929244995
997277936.3391108513 3870449.3008098602
997099397.3213375807 3865149.2302532196
1005373007.4927539825 4076796.1240386963
998722195.5265232325 3905113.4061050415
1053570172.6706609726 5025008.0480957031
1004023499.4175497293 4049506.5145034790
1002609733.0911496878 4008682.3340377808
1002907971.0844523907 4014981.7517776489
1002528548.6773815155 4008348.0235061646
1002616876.9756749868 4010909.1408157349
1002800673.8218920231 4013127.3397293091
1002415127.6546661854 4005660.5508499146
1001881311.5768752098 3982371.2642440796
1001973597.4566528797 3992342.9297103882
1001569400.4782891273 3979324.6612167358
1001121716.0564333200 3964839.1631698608
1001434959.7598252296 3974429.8172225952
1038608667.5461103916 4734557.8562011719
1053330535.1063766479 5024542.3850097656
1001406963.9167925119 3970794.0974960327
1001775726.8455588818 3980891.2842025757
1053644119.4559087753 5028152.0559082031
1001224216.9990031719 3969533.1654891968
1001245664.6710042953 3970791.0281600952
999356020.8547755480 3919418.1606445312
999285464.2102503777 3913595.8583984375
999320345.1722437143 3915750.6225585938
998514772.8151259422 3896894.6029815674
998511692.1679120064 3895531.0009307861
998323948.0703694820 3888386.8290557861
1038494772.3252404928 4728838.8732910156
1090270759.7389502525 5134127.8710937500
1090193050.6918516159 5133787.2675781250
1038973174.4367462397 4737584.0280761719
1039214341.9435150623 4742755.9769287109
1038885419.2873553038 4736687.1574707031
1038810102.2075870037 4736538.1516113281
1089545690.2181549072 5132595.3330078125
1089490410.3099324703 5131344.9355468750
1038603464.5160030127 4731160.8046875000
1038190013.8715920448 4714944.0375976562
1089872174.0855872631 5132765.0175781250
1039640750.6366581917 4742834.3809814453
1088954291.8817594051 5127689.3686523438
1088617688.2321457863 5126383.2700195312
1040861286.9249007702 4747769.5437011719
1041069224.3037037849 4749309.3879394531
1040975390.9880977869 4747942.5524902344
1041350890.6026948690 4754412.6328125000
1041522292.4545540810 4755292.1372070312
990176341.9475184679 3393786.0209960938
989934876.2567203045 3388247.2718505859
989858956.8483898640 3381597.3599939346
990211376.7916659117 3395405.2350006104
989995737.2465115786 3388762.0531158447
990343828.8821660280 3399647.4838562012
990175733.5850590467 3393377.9405517578
988755204.9317468405 3308634.5274505615
988750614.0640383959 3306746.1305999756
988965596.6902074814 3319630.8436126709
988849942.6727401018 3309934.1881561279
988449158.7204144001 3292190.8704681396
988644981.5510363579 3305934.0394134521
988843348.4415518045 3309837.1508026123
988545268.1528202295 3299606.5350189209
988882116.7527595758 3312222.4385528564
1088093497.7176043987 5114388.7490234375
1086381459.8329715729 5109113.6557617188
1087774287.2426426411 5111882.8857421875
1087172056.6671478748 5110697.1552734375
1087892825.5372128487 5113315.8359375000
986596632.0390853882 3097598.4026031494
986595035.5513244867 3091080.2690734863
1086526393.0571970940 5109449.6938476562
1045011313.0695405006 4804579.6116943359
988404810.2558721304 3203657.5809898376
988153021.5213596821 3193233.1628990173
988118178.4601552486 3181165.4748191833
988382933.1007738113 3198718.0674438477
988374829.5624796152 3197792.0288696289
988274514.1745442152 3197618.0957641602
1045927661.5006761551 4822095.0472412109
1045360456.1734052896 4815424.2708740234
1045554396.6502447128 4818734.2484130859
1045074846.2211958170 4806275.8277587891
1044866261.6433004141 4802519.8673095703
1045072661.7595496178 4805832.9742431641
1045082396.5217478275 4807790.7115478516
1045041710.9856584072 4805158.5523681641
986517382.7959890366 3083332.1682891846
1043603563.3549455404 4784340.1549072266
1043537382.2310006618 4783317.7569580078
1042696933.3624651432 4767265.8509521484
1043099158.2055479288 4773255.9742431641
983656558.7111032009 2785679.9226188660
983853103.4310731888 2787632.3653793335
983689088.9530864954 2787430.4597015381
983470828.3286345005 2775440.2828521729
983977265.6112642288 2794087.8009376526
987380321.4243130684 3126492.2238311768
984271204.5849924088 2802238.1294136047
987288242.2759445906 3122917.3067779541
987366689.5537884235 3124566.5852355957
987124677.3579576015 3115448.9349670410
987598768.6006298065 3130510.4060363770
984333439.0042680502 2809754.2156295776
987223062.5429015160 3119464.6758117676
1037767569.2893912792 4567820.2708740234
1038133744.3269522190 4573982.4886474609
1037230203.9582905769 4550619.9415283203
1037439664.3846720457 4557056.0836181641
985385257.4059329033 2857463.6105804443
985187859.3790270090 2845487.9986419678
1036962984.9431973696 4536011.1634521484
1036930556.7276751995 4535543.1354980469
1036987976.5444285870 4539749.9569091797
985523323.3600095510 2870173.5558013916
985763795.4977518320 2883288.3880157471
985618645.1759742498 2881335.3776397705
985514094.0150010586 2867769.0122222900
985681552.0020494461 2882297.4838714600
1036516885.1583255529 4528106.8825683594
1036671129.6313078403 4531052.9683837891
985834507.5379339457 2896330.9183578491
985817869.6477758884 2890875.5734405518
