192850282.0387164950 1679879.7695312500
198535659.7698706388 1715309.3662109375
176340018.1724269390 1299993.0500488281
176945063.6800369024 1332970.3591308594
178504618.7488635778 1403835.9135742188
184188052.0805166364 1559944.6591796875
186646523.0199850202 1600442.2177734375
187588981.7718146443 1613110.8930664062
192232312.5357298255 1674996.1943359375
198299780.7464663386 1714756.7221679688
171925691.0185703635 956719.9456787109
183607644.0115437508 1545691.6914062500
191902619.0831895471 1672844.1640625000
179830373.3379071951 1449780.0644531250
181405818.4231098890 1493382.8183593750
182351502.4801505804 1519541.0644531250
183024752.5773490071 1536077.2861328125
186418268.4194149375 1594916.8164062500
171841574.3374080062 950871.2630004883
175339066.1384865642 1245635.4006347656
175036315.9215568304 1226049.6601562500
175452766.7756450772 1251367.7819824219
175780320.0542967916 1268263.6948242188
176539475.4772064686 1304590.9494628906
177088836.7295020223 1339501.3242187500
177253241.3506519198 1346662.0561523438
184617668.3090326786 1566343.0683593750
186445807.8972816467 1596016.0478515625
198780920.1643992662 1721167.9785156250
198794818.9144724011 1721345.9218750000
203108650.0243834853 1734555.0937500000
178382236.8292586803 1399464.9843750000
199502228.0886098742 1725434.9521484375
175189576.4463345408 1239571.7795410156
175132599.9808386564 1232975.4577636719
172562336.8672517538 1028514.0775146484
177444224.1911505461 1357449.6040039062
180040892.2827805281 1457893.7070312500
174889104.2391543388 1214935.1209716797
187528335.8857178092 1611638.9150390625
177006700.7433022857 1335550.2348632812
190120723.3179507852 1653043.3564453125
192720824.9847262502 1679227.3779296875
198556134.0498454571 1716359.5161132812
199109394.5635001659 1723545.5146484375
171681694.5522443056 932669.8112182617
192358951.3431953788 1677156.9462890625
199295601.7191547751 1724386.0224609375
171075767.6764935255 843433.5822753906
171793731.8255528212 945249.4395751953
187989409.6846131086 1623160.7949218750
192363288.5921030045 1677260.4355468750
171761339.5093550086 942875.4923095703
171952897.7379473448 961052.1176757812
191522407.1824098229 1667434.7871093750
171123472.6438725591 851095.5095825195
171068867.6410483122 842218.7233886719
180143103.8165273666 1461522.3593750000
172029298.3152862191 965462.6245117188
174675323.4961288571 1196069.7994384766
181511178.8437416553 1497305.6147460938
171989310.7670144439 962961.0573120117
199457339.2395905852 1725013.7646484375
186556146.4595785141 1599405.8369140625
182548961.5194869041 1522719.5747070312
180070522.9051174521 1459021.3212890625
192323069.4789476395 1676192.2080078125
171950323.7829330564 960970.5312500000
178896907.4259325862 1421858.8530273438
203014544.7016945481 1733910.4267578125
190287230.8845163584 1653255.1386718750
179074682.1259080768 1429648.9018554688
175149372.1958698034 1234249.2395019531
171802892.7793079615 946984.1153564453
174699105.3482704759 1197394.2330322266
175963300.2098858356 1280360.0720214844
183984373.8603798151 1555272.3505859375
187656213.4412998557 1613948.6025390625
180086654.5501708388 1460362.8115234375
177631603.0424218178 1363871.3613281250
177541861.9742220044 1360882.7851562500
188184454.2574965954 1625485.3105468750
198569568.5976204276 1718440.3720703125
171805402.0627499223 948311.3241577148
181220043.7566766739 1489264.4799804688
191018119.0503022075 1663839.2109375000
192487758.8768281937 1677771.6152343750
203755541.4739620090 1735703.1103515625
179042925.5201573372 1427296.0043945312
179109040.5594063997 1431295.6684570312
171153975.4382838607 854560.8725585938
188599220.1341921687 1630339.7919921875
190024206.3570678830 1650600.6845703125
188081247.5709472299 1624258.2158203125
199717637.1684774160 1725714.5986328125
199756632.8796252608 1725941.7851562500
177114368.5300674438 1339804.5859375000
179117962.4750823379 1431601.1982421875
182925018.9290586710 1532978.1191406250
172808656.7435312271 1045444.0217285156
174924406.1028245091 1218193.1239013672
177727482.1575710177 1371457.4541015625
191031460.1042467952 1664021.3330078125
171830147.4663980603 949575.7263793945
183543480.8720428348 1545517.1430664062
190056476.1855401993 1651220.8447265625
181022720.4480568767 1485008.5473632812
182645664.9934822917 1525708.0727539062
181182810.0144569874 1488564.7504882812
179470656.3828986287 1442462.3632812500
182692962.0281821489 1525918.5981445312
170883760.3635322154 780116.8690795898
178945879.4265387058 1423615.8427734375
180992500.9533666968 1482250.7329101562
190749568.0103326440 1660595.3769531250
181267349.2654898167 1490814.5668945312
170825067.7719305754 766329.9006347656
183425842.2570221424 1543530.2441406250
190905603.4287911057 1662704.7080078125
195837761.9469447732 1701588.5136718750
195343593.2838936448 1699202.5527343750
200144128.2457108498 1727377.9726562500
171091167.1306043863 845666.8423461914
192101145.3784860969 1673764.4306640625
177130976.3554807901 1341840.2934570312
172484754.2471815944 1020379.5277709961
203449192.7620673180 1735456.4492187500
172924462.1420007944 1056506.7887573242
181284270.6164914966 1491875.0751953125
190768345.5287984610 1660996.4091796875
195060778.6898203492 1696828.1796875000
172455562.6633123755 1014377.9928588867
176449546.3449905515 1303806.7785644531
195085159.0181716681 1697696.0126953125
176085901.3866572380 1288127.5949707031
171310411.5598130822 878104.1672973633
192316968.8296156526 1675995.7119140625
182532471.5140845776 1521282.1376953125
173013072.0284687877 1057675.1302490234
181442698.4879226089 1495861.2778320312
172779652.3801360130 1044964.8766479492
182808290.8859888315 1530901.9921875000
187745780.4339702129 1617579.0908203125
185815313.3133976460 1586232.2177734375
171731643.6578475237 937390.3495483398
181292917.5244960189 1492425.5195312500
185883470.1748332381 1587605.8779296875
172835960.0442773104 1049223.5870361328
175680124.6472491622 1263965.0830078125
190287939.6766737103 1654357.8085937500
185863219.2049758434 1586556.7060546875
191129579.9159414172 1665347.7177734375
194598549.5196697116 1694263.9482421875
200025775.3204584718 1727000.7314453125
175007055.4270651340 1222910.5726318359
170855148.5067847371 775900.6441650391
181167210.8145436049 1488255.4277343750
172858495.0940761566 1052127.3159790039
185463617.5849635601 1581539.0000000000
178695880.0020290017 1415349.8671875000
185909583.7098782063 1589052.8964843750
193402922.4096435308 1683821.7109375000
185523097.6537205577 1581626.6621093750
171574906.5280482173 919201.6170654297
177526448.8758904338 1359729.5270996094
172676894.5043897629 1036694.0833129883
171197824.1295699477 861324.0223999023
196414627.7050530314 1703421.8388671875
175942770.2075734138 1279741.8247070312
196473547.4145942926 1705631.6660156250
172889884.8153909445 1054605.9485473633
177854599.2993921041 1376531.4599609375
180711531.4152998924 1474074.9536132812
185987357.1890960336 1589796.4873046875
170873641.7652585506 777890.0184936523
170821277.8645275831 762542.3955688477
176013031.7994487882 1285660.4041748047
175971501.2372575402 1282125.1030273438
185668023.2995582819 1585452.4541015625
175947125.6660866737 1279937.1130371094
194552371.0251996517 1693346.0048828125
197233587.0035921931 1709906.3935546875
203158391.0531793237 1734605.2529296875
175858023.2943250537 1277249.2661132812
179000342.4297744632 1425840.4624023438
172710597.9835685492 1040018.7555541992
175623563.1704711914 1262684.5761718750
173321748.7311829925 1086914.1218872070
178199102.6122441292 1388965.5146484375
185541159.0780935287 1581707.5302734375
171004605.6918377280 808396.6248779297
188358474.9961039424 1627578.8037109375
185552843.7692568302 1582311.4892578125
183863780.5610906482 1552567.3100585938
200378597.8887414932 1727636.7861328125
196978062.5546417236 1708973.4736328125
185193807.4235321879 1576172.9199218750
185373132.7162449360 1579795.9843750000
192157802.8794142008 1674073.6923828125
194064105.9508646131 1689492.0781250000
172644532.4555130601 1033403.5399780273
196777088.2070747614 1707852.7470703125
197243875.1802597642 1709912.3779296875
184337689.2320193052 1562071.0654296875
176597464.1730201244 1310545.0198974609
170970769.4535875320 803620.3583984375
171246907.7508949041 867969.5139770508
176685347.8706604838 1316754.0815429688
171330806.6587340236 881243.0228881836
173345762.0531514883 1091343.0879516602
196686568.5316939354 1706281.7734375000
173343142.9287363887 1089280.3721313477
181795503.5528637171 1504060.7407226562
192285897.8002230525 1675331.5849609375
171352237.4409362674 887274.0642700195
182227536.1759703755 1514734.3320312500
193860899.0274288654 1688381.2500000000
184746895.1886683106 1569741.6074218750
172373385.5216945410 1007761.4177246094
171271340.6846088171 873280.0247192383
172337559.7191744447 1003764.1657714844
172401434.8342598081 1011743.1474609375
194412074.3194622993 1692401.0312500000
178164388.0292391181 1386338.8417968750
191884430.6971629858 1671120.5009765625
173393954.1733609438 1093106.6126098633
194176355.5855411291 1690728.0605468750
180404484.1446815729 1468095.5068359375
193599797.7279857397 1686728.6689453125
180608586.5804725885 1473224.5014648438
172267983.6920909286 996299.1052246094
180269819.3887354136 1464297.4760742188
175615897.2095428705 1261536.3041992188
173349458.4093269706 1091450.7307739258
193485438.9875345230 1685550.3066406250
193007239.1541187167 1681561.8466796875
192969039.4140759110 1681179.8994140625
184026202.9008434415 1555975.8071289062
177990024.1096832156 1382702.9516601562
183968454.4748207331 1554763.7324218750
183793588.3692942858 1550617.0292968750
184109557.3902252316 1558468.5302734375
189554070.0507681966 1641756.6093750000
188433497.4697887301 1628494.8691406250
171379804.4481588006 890308.3307495117
171444705.1755788326 902573.9651489258
181768281.6221131682 1502981.1762695312
188939902.8174996972 1634772.0244140625
189490312.0857558846 1640733.2431640625
189602047.7622621655 1642435.8447265625
171361139.8511351943 889008.6503906250
172316585.1119305491 999060.2518920898
177820845.1549821496 1374678.8520507812
177853834.4417405725 1374949.1191406250
177875834.5727716684 1377679.8212890625
196414972.9415931702 1704233.9755859375
173439526.4250118732 1098254.5481567383
176888190.6651297808 1325707.2880859375
170926573.0676412582 794369.8318176270
184438445.3864789605 1564044.8867187500
174668738.3422071934 1182117.9884033203
176832947.7337928414 1322473.4633789062
171510506.0005392432 909798.4208984375
178084675.9561005831 1385034.8217773438
187860044.8009836078 1620068.2734375000
189328048.4974404573 1639720.2197265625
189506094.1056615710 1641081.2919921875
174809786.6153849363 1205595.4316406250
196197578.0788832307 1703022.9033203125
196198742.3546745181 1703265.3750000000
173580572.9112335443 1107401.6264038086
171653786.1520384550 928501.2136230469
171058104.7830870152 815686.4571533203
196034515.9244378805 1701984.1093750000
173770775.9202668667 1121426.4855957031
171016796.6294422150 813223.5884399414
202370882.3499802351 1730899.7236328125
202544144.9449798465 1731580.2001953125
171546127.8085612059 914007.1200561523
173902415.5738393664 1125677.2333374023
201920650.1771709919 1730134.7656250000
202028913.1951042414 1730552.5107421875
201881581.9736185074 1730046.5156250000
201413715.1857265234 1729026.3623046875
201630622.8408849835 1729498.3916015625
189412651.5680367351 1640063.3310546875
182544549.5031869411 1521331.0737304688
173911401.7282665968 1125767.2389526367
174219759.9867695570 1143464.5091552734
174080166.4538169503 1136388.8820800781
173993834.8616408110 1131220.6967163086
187259652.6583971977 1608661.7421875000
173928125.1131763458 1126925.1300659180
187546062.6073973179 1612696.3037109375
187411810.3481847048 1610934.9785156250
173083804.7335052490 1059458.5537719727
174489408.7725114226 1158548.1208496094
174400400.8679851890 1152552.4721679688
174437971.7888942361 1154161.5202636719
174626325.7690448761 1165601.7631835938
