1152315367.3202970028 21000192.9287109375
1152224951.5384707451 20983204.4755859375
1186878679.3382720947 22621185.9033203125
1191016410.7332572937 22764123.6142578125
1206270926.1549484730 23121260.6494140625
1075611395.4090714455 12754666.2968750000
1093654570.0594742298 15646879.3896484375
1130544129.1087677479 19506070.7392578125
1130662444.1554636955 19507838.8916015625
1130379202.3918383121 19491779.7255859375
1172222931.1830489635 22010133.1708984375
1177910488.3862793446 22271089.4404296875
1075731844.9925282001 12787639.0332031250
1082897697.9805922508 14088354.2109375000
1093401976.9418802261 15628415.6103515625
1100794747.8356935978 16539451.2958984375
1152286853.4538085461 20990811.8916015625
1153504621.8718905449 21056984.2568359375
1153295943.5526347160 21045899.5146484375
1172084625.0941648483 22005038.9736328125
1172388127.6667966843 22016303.8408203125
1172173814.4205918312 22009892.2646484375
1199302695.4068467617 22963674.9345703125
1206084016.8641011715 23119432.1142578125
1247991396.0947909355 23658231.8603515625
1247707346.1286003590 23658171.2353515625
1260470856.2751653194 23731113.2509765625
1260694929.5446033478 23733372.6884765625
1260270788.4608948231 23726892.2705078125
1130388584.6928801537 19498997.5595703125
1075926354.5951602459 12798505.1337890625
1077133431.9412586689 13106332.2988281250
1130230170.6483898163 19489202.5712890625
1129940147.1014738083 19472222.7998046875
1143956298.5315377712 20429852.2548828125
1215020498.6519465446 23315039.4580078125
1076029155.9636087418 12842666.1074218750
1076771286.9325251579 13047662.8037109375
1078238726.4011652470 13324052.4638671875
1082394351.6218962669 14060083.6582031250
1129790426.0393064022 19446158.2294921875
1199835391.7726669312 22974374.1650390625
1247663533.9292933941 23656906.7080078125
1190100071.3841619492 22737472.5908203125
1189779700.5950818062 22732325.4716796875
1189948377.7451457977 22736373.1962890625
1189857936.9292135239 22735525.6416015625
1234615739.0688161850 23525821.6376953125
1234634484.9604370594 23527740.0283203125
1247312029.3697721958 23651580.8955078125
1214361027.1073911190 23303134.9580078125
1082511037.1827254295 14082039.2949218750
1153695277.7780466080 21064833.6201171875
1076045942.2137534618 12852495.1455078125
1188893119.1434807777 22701613.2548828125
1092859558.9307341576 15567891.0917968750
1189037247.4613878727 22705918.0986328125
1206533563.9039158821 23132174.0244140625
1256878963.7870399952 23713687.7314453125
1256281117.1455564499 23707229.0009765625
1082299486.1042902470 14051531.7333984375
1189090614.6295397282 22707041.9306640625
1189179059.4033298492 22711831.0244140625
1215806383.4174695015 23328302.6884765625
1215516768.9111692905 23321147.7705078125
1247453668.2432932854 23653473.1650390625
1215523380.1094341278 23322124.7626953125
1078350250.6096248627 13347070.3906250000
1129645469.6183068752 19435416.4365234375
1234044538.8333299160 23520307.1298828125
1076351169.3484115601 12931132.8359375000
1111100250.9428009987 17597518.3251953125
1189150826.8911736012 22710721.4072265625
1078344021.8264892101 13345352.9511718750
1078484783.3338890076 13353282.1367187500
1093516558.6403999329 15644167.5117187500
1153015408.0233874321 21030597.7158203125
1153317169.2943902016 21047271.2314453125
1260300170.6038293839 23729612.2236328125
1153098558.1674954891 21035965.9697265625
1176913707.7535123825 22228015.3076171875
1110254622.8069241047 17515317.2539062500
1172425339.8608756065 22018482.9326171875
1188812491.8716371059 22692514.1435546875
1152848787.8351545334 21024936.7333984375
1172272843.8498249054 22014231.5654296875
1172023240.8982260227 21998854.0927734375
1259851812.8891541958 23726687.7197265625
1142066205.7636096478 20315293.9501953125
1172478790.0893700123 22020327.0498046875
1081627286.9135882854 13936361.2822265625
1081926711.1659386158 13987167.2822265625
1172333008.5626492500 22014551.5537109375
1076337635.1765799522 12923877.7167968750
1153425302.0468962193 21051184.8134765625
1076233779.0851511955 12883492.0917968750
1128489229.6621592045 19308724.5595703125
1152907013.3541402817 21025413.7197265625
1200225780.1186153889 22981386.7353515625
1128792201.2537028790 19338205.1318359375
1214012200.3091309071 23283515.9462890625
1128670179.8745608330 19325741.4560546875
1093841346.8401091099 15676608.4726562500
1213438527.9905643463 23274141.5751953125
1077492485.0359942913 13131462.8417968750
1078022213.4574034214 13277355.6513671875
1249170156.7590069771 23662180.4345703125
1235828866.6175224781 23536637.3408203125
1224763802.3063390255 23409939.9580078125
1224587169.0804398060 23407984.3486328125
1081139543.1589353085 13832261.3115234375
1081055565.4713423252 13817555.0791015625
1099523541.2621660233 16375583.9287109375
1110139525.1663200855 17504513.9570312500
1142153331.0467557907 20319873.8544921875
1141957534.1574158669 20303873.2080078125
1212225912.3773312569 23248899.8876953125
1212295937.4105396271 23251154.0556640625
1109600138.2189159393 17446660.8886718750
1099013902.4976699352 16315141.9453125000
1099429924.0329856873 16359045.0546875000
1098828000.2067050934 16290697.5781250000
1249381789.2332391739 23662626.2470703125
1080582402.3871746063 13726219.1494140625
1250221756.1001355648 23665215.2119140625
1077585760.8241407871 13161067.9873046875
1098608295.2282643318 16246975.7324218750
1098714233.6411838531 16274520.7402343750
1098679122.2408323288 16264006.4912109375
1259180073.9136259556 23716087.0126953125
1211503290.1837341785 23232408.7314453125
1098613520.9427175522 16256781.0595703125
1080072808.7885723114 13621114.5732421875
1225120477.8874118328 23413911.0830078125
1224914155.8705513477 23412598.9658203125
1080462437.0078349113 13688599.7626953125
1080227233.6394069195 13653809.0751953125
1173154541.2681477070 22049911.6513671875
1224847238.1318628788 23411163.9736328125
1224326481.5212852955 23401210.9150390625
1079732875.1691570282 13561495.0371093750
1079723248.1883120537 13556353.5937500000
1209746860.3728134632 23186384.7314453125
1208889864.0881600380 23158842.3408203125
1150741032.8744285107 20854923.5126953125
1097596220.3075196743 16143712.5976562500
1097114670.7424924374 16086486.7343750000
1097273820.3497447968 16099588.3261718750
1097111793.5047514439 16076869.4150390625
1109452338.3839030266 17406217.4296875000
1096925800.0870118141 16063851.0957031250
1109572252.6579515934 17425517.7509765625
1109557246.9305863380 17422808.4365234375
1079286439.2509846687 13460602.7255859375
1150189357.3724799156 20821571.6826171875
1109465545.0400214195 17409877.8359375000
1096664961.0748806000 16010546.4453125000
1109362699.7648837566 17405887.9609375000
1224406395.5583043098 23402350.0556640625
1235631384.1882896423 23536621.8056640625
1079305425.5952079296 13464308.3789062500
1235501159.6183331013 23535041.7900390625
1224268353.7107763290 23400429.9814453125
1203257458.6732594967 23034435.4189453125
1203142774.1668655872 23034252.1181640625
1149539878.2388091087 20763383.7001953125
1149480299.6815891266 20762857.7138671875
1149432496.6110336781 20762450.5166015625
1096448406.3772549629 15994708.3398437500
1096197088.7008957863 15964340.9921875000
1173955677.2248392105 22072031.7724609375
1173524145.1479132175 22053482.0126953125
1148813620.4101653099 20718765.6591796875
1148811333.8425061703 20715229.6435546875
1148688989.2277524471 20710181.5458984375
1205452206.4448516369 23088786.1806640625
1147119832.1102027893 20602513.6181640625
1203485374.9680130482 23047217.9501953125
1203795717.1406176090 23052267.1962890625
1203354252.5037136078 23043434.2705078125
1254186124.5241727829 23671448.6064453125
1095497884.7171394825 15867643.0859375000
1095235000.2465734482 15837285.3574218750
1147079335.3279361725 20591473.7431640625
1147223173.0705275536 20612925.4052734375
1205129589.4513993263 23076918.3408203125
1146074291.7026805878 20534528.2451171875
1176311195.2270419598 22173959.5751953125
1176119147.9113912582 22163901.6904296875
1176162382.4029057026 22165982.3251953125
1144537493.5669319630 20435177.3544921875
1245970392.3740532398 23619761.5244140625
1204433717.4355230331 23064411.6103515625
1094730576.2654352188 15758905.2988281250
1202498949.3866002560 23018940.7353515625
1094633805.5788726807 15750528.3027343750
1094324819.8501012325 15701430.9687500000
1222857459.2029747963 23365136.3720703125
1201680549.0797805786 22988462.4912109375
1222706478.8901214600 23363402.1845703125
1184063180.4605097771 22474422.2763671875
1092848158.4535100460 15482094.6982421875
1092734988.7046802044 15465244.2275390625
1222304503.2942924500 23350138.7587890625
1107497708.2016053200 17166286.6630859375
1083891735.4515585899 14104900.2998046875
1141297414.6903955936 20153657.9599609375
1126898340.4961559772 19073074.5009765625
1092794828.0125370026 15473666.6240234375
1127073800.7286372185 19092574.6728515625
1127905869.7177026272 19163781.7880859375
1127846690.2383074760 19150316.7177734375
1127479546.4801521301 19118770.7646484375
1127284786.2253909111 19110968.2138671875
1127328631.7122304440 19111425.9443359375
1140901886.4004411697 20117108.1923828125
1107599479.8083043098 17171580.0937500000
1140977051.0407485962 20129575.4208984375
1183329731.4766969681 22440672.6416015625
1183180174.6334927082 22435584.1611328125
1183129517.1470310688 22430811.1884765625
1137013526.7203066349 19833205.2333984375
1137009267.6945765018 19827806.1357421875
1139272351.1036944389 19990821.9677734375
1138953762.2796955109 19961373.6591796875
1139484039.4875884056 20006925.1240234375
1139138792.1911463737 19984079.7236328125
1137149945.0586268902 19840605.7568359375
1106716024.4381895065 17041309.0312500000
1106589272.6445617676 17018253.8085937500
1222277628.7273664474 23346762.2041015625
1137532016.7817220688 19867346.4560546875
1107008969.9983286858 17069722.6396484375
1092071580.5328121185 15353282.9726562500
1091926957.3396160603 15329105.2109375000
1091815523.8560249805 15315135.1943359375
1091976263.1554360390 15332673.9550781250
1106489686.5448908806 17001994.2558593750
1133620895.8808448315 19546313.6650390625
1133640949.0280196667 19553300.1923828125
1106428288.7645225525 16985661.7031250000
1182640029.3462808132 22393876.1767578125
1182744405.2429437637 22410443.7509765625
1182661137.0146954060 22407506.9462890625
1106360580.0526587963 16983827.9628906250
1106452460.0867483616 16986053.5644531250
1181982057.6844093800 22379674.0576171875
1180651500.2422745228 22330405.2529296875
1181303349.9350380898 22352408.4794921875
1090654781.9007570744 15100127.3291015625
1090618595.9376134872 15096203.2763671875
1104524360.9310033321 16755737.4433593750
1088275326.2555172443 14740052.5644531250
1103935479.6731512547 16689425.1181640625
1241708957.3496272564 23548413.5673828125
1090200448.8632709980 15007206.2138671875
1090268778.9275188446 15019189.5517578125
1087923733.0090103149 14683407.9589843750
1087996196.0461716652 14699465.4433593750
1089657678.6081757545 14934008.7646484375
1089805614.1347413063 14939356.6718750000
1089866446.2256996632 14960352.5400390625
1089893786.1952352524 14965851.2587890625
1233951891.1319444180 23457701.9736328125
1233135025.7203528881 23453520.4345703125
1234013314.4629049301 23461057.4150390625
1088655525.8452429771 14782182.7783203125
1087413619.7057425976 14594236.2861328125
1125401745.4983096123 18726026.5751953125
1124493733.3440520763 18647922.8525390625
1124574427.2958343029 18660179.2314453125
1086589910.5200045109 14460619.5400390625
1125350022.4327049255 18722936.5771484375
1125225512.4884207249 18715016.3662109375
1086397104.2718160152 14414429.0332031250
1123795228.5490803719 18550961.1123046875
1123863577.5925924778 18565031.3798828125
1123654798.2215256691 18546278.5849609375
1122188980.4901289940 18367962.2333984375
1085219722.2249660492 14176510.8730468750
1084891785.4619925022 14124887.2734375000
1084955728.4668998718 14130925.6132812500
1121482764.4651358128 18276883.0517578125
1121435697.9577033520 18276599.6552734375
1121024208.3354561329 18232967.6845703125
1120767538.8618767262 18201077.3037109375
1120868808.4482727051 18206982.9833984375
1120870637.7626521587 18208726.9716796875
1120536391.9961690903 18183074.3291015625
1118957726.7026007175 17995997.9775390625
1118425783.9039816856 17945569.3701171875
1117193797.6153984070 17788867.5087890625
1116996153.3955883980 17764110.1123046875
1117035043.4147217274 17765455.2353515625
1116946951.3282632828 17763584.1982421875
1115635489.9724266529 17623210.7041015625
1115871594.9292604923 17642911.0517578125
1115561714.0288302898 17617415.1611328125
1171774163.5106532574 21166771.5185546875
1171124476.2836461067 21089754.4873046875
