211642852.8872286081 1734006.0604248047
218272128.9337871671 2134820.1474609375
220519168.6453236341 2196354.0781250000
220514337.8683451712 2196040.6718750000
222367267.7392641008 2234796.4521484375
219157688.8869808018 2162984.6113281250
220507738.1034411192 2196010.6166992188
222545259.7516501844 2236778.5468750000
215331146.7641202807 2006549.5361328125
207964937.0192223489 1272003.0474853516
208408816.6189497709 1363836.0968017578
210659769.7023190558 1635983.2447509766
215615133.9847295582 2019850.8964843750
218398254.0807746649 2138543.3413085938
211885361.9109721482 1750731.2430419922
212109903.3644907475 1760554.3115234375
211957923.8634279966 1756098.7332763672
211995577.9419386685 1760327.9025878906
211981116.0935552716 1757377.2624511719
209089256.5691141486 1454771.2573242188
215252378.3710562289 2001478.2065429688
210537013.2166492939 1625062.3311767578
214534724.7098879814 1957290.9685058594
208860704.7687119544 1426295.9468994141
209016841.4486911893 1448535.5708007812
218069431.9019874334 2124222.7700195312
220103015.5422425568 2188588.6508789062
220516625.5260818303 2196283.5976562500
222399703.9244907796 2235052.4345703125
223888730.3240974545 2258367.2910156250
228333952.4935452044 2298179.4277343750
215117095.5816735029 1991004.8295898438
207820292.4622929692 1242535.7338867188
208887575.3336704075 1432971.6588134766
210534287.7057542801 1622294.6574707031
214854573.2288248539 1977600.3027343750
215192239.5565848053 1993387.0415039062
214926485.1181954145 1983221.3212890625
215532521.3757487237 2014657.8442382812
218171617.7630526423 2127547.9550781250
227348854.6902087629 2289632.7675781250
218037072.8024825752 2121300.7558593750
223797919.1687358618 2256230.8818359375
208492979.2508351803 1375137.7822265625
215696643.5323909819 2019904.0864257812
230332595.0085126460 2302383.5810546875
211724760.9124448597 1738011.2742919922
213860423.9750217497 1907929.6752929688
230057360.9326527417 2302095.8476562500
207763101.3363537788 1211924.5270996094
208070783.6519099176 1293083.6186523438
208966536.2667450309 1438634.4072265625
208785008.9479724169 1418327.6838378906
227359955.0728004873 2290855.1093750000
229167024.1526760757 2300465.0087890625
208457334.2935553491 1369997.6544189453
229145874.9342328608 2300257.4013671875
228794004.4285604060 2299982.6425781250
213795200.0510073304 1906821.5788574219
218382159.1334812939 2136384.1396484375
208546223.9021235108 1380109.7894287109
208487709.5071143806 1374653.4843750000
208021199.2474335432 1286125.0612792969
220545933.4683836401 2198996.0498046875
228515514.9859839380 2299044.6679687500
210664942.2704765499 1639313.7333984375
222346882.4535441399 2234476.0322265625
208054282.6760530770 1288106.3455810547
214788228.2002505958 1971793.3132324219
218204804.9953613579 2128335.2177734375
228506708.1474287212 2298543.6220703125
208376834.6251343489 1348335.5446777344
215199676.1682531536 1996921.9316406250
218001553.8961473405 2119316.7158203125
218246132.1830726862 2132894.4443359375
224587102.0931047797 2268759.0136718750
228229642.4944359362 2297184.9599609375
208566219.0752309859 1388252.1253662109
215149057.0438092649 1992156.5175781250
215306654.1110518277 2003216.2163085938
215748593.2299076617 2023623.4521484375
227709346.1310800612 2294312.2226562500
214706583.9214465022 1966446.3640136719
223892680.4345293641 2259943.9785156250
215558055.1300682724 2015868.1547851562
215434089.2934390604 2011360.3784179688
215919661.6488465369 2028316.3745117188
210567270.4734451175 1625321.5413818359
224748635.6171300709 2272089.2402343750
208382512.3144738078 1359379.3933105469
215050695.9075191915 1989836.0874023438
225187709.6974342465 2276462.2871093750
227703614.4745338857 2292921.7792968750
228528053.3451386988 2299180.9609375000
214729646.9290485680 1969548.8012695312
213676704.8476794064 1897481.7973632812
229795055.1182825863 2300955.5009765625
208549849.9039170146 1384147.4287109375
215231601.2512532771 1996968.3823242188
226303506.8265492320 2284021.3994140625
214560276.8396793306 1961323.1384277344
210193349.5961917639 1586891.7718505859
227571631.3846240342 2292269.4472656250
208829507.6916592717 1422655.9241943359
214365430.1845287979 1948430.9497070312
220954522.3432332575 2208201.8447265625
220675942.3389940858 2201054.7871093750
220366399.1370454133 2195972.9335937500
207831254.6076810956 1244829.0358886719
208667462.8817622364 1402250.7891845703
220795579.5570724905 2204733.8164062500
220696943.1412956417 2202692.4189453125
210485419.9057568908 1616878.3676757812
218336822.6776711941 2135181.4272460938
214479506.9451914132 1954135.3322753906
227996491.4745967090 2295254.6210937500
210609616.2914423347 1631667.4232177734
208759923.8620691001 1415026.8120117188
220202221.1086211503 2191714.7426757812
228046535.5615870655 2296159.7685546875
227880662.8192507923 2295162.3974609375
207900330.8519818485 1262759.2927246094
207976853.2656810284 1278535.8623046875
225351043.2061658502 2277978.7451171875
214628063.4982036650 1962661.0146484375
220633921.9517079294 2200731.4833984375
224007833.5409852862 2261307.1845703125
224391484.3283364177 2267153.1308593750
211861644.4330048561 1747841.6730957031
214807030.7035243213 1974372.8586425781
207832617.8483427763 1249685.5405273438
224092066.5552061200 2263646.3691406250
219178996.9641533792 2163044.8608398438
224865906.0149221420 2272702.5664062500
226008468.8802991211 2282591.6464843750
207929348.9383335412 1271163.5843505859
207854288.0898633599 1255757.9743652344
226104145.6236894131 2283406.2373046875
225832251.9600218236 2281688.0507812500
211739368.2075907886 1742299.8946533203
214184863.0004887283 1934727.5556640625
222775547.8148636818 2241063.4804687500
210388063.0454792380 1609696.3026123047
229955084.0756601393 2301285.0019531250
213619924.0487545133 1892269.1010742188
211605952.2351089120 1731514.2633056641
213734503.7874811888 1903372.8520507812
214786172.2763280571 1971197.7050781250
224645650.6184778214 2270248.1523437500
225430498.8005724549 2278566.7763671875
223685943.5797507763 2256063.1357421875
224054633.4452269077 2262797.6787109375
207772778.2159385681 1226678.6439208984
208723297.8620001376 1409135.3110351562
210681167.2950463593 1640762.5247802734
225040491.3161740005 2275595.3613281250
225555119.4142176807 2279013.3212890625
210240523.3436815143 1593607.4598388672
222604853.0024889708 2239303.8691406250
207806081.8298415840 1240886.4901123047
207784250.0877458453 1234339.1166992188
224712363.0466328859 2271784.0527343750
222098855.7470868826 2230153.2783203125
221068500.3722640872 2209181.6894531250
224500864.3270348310 2268414.9648437500
208619067.7632476985 1392860.1481933594
222483247.9086249173 2236761.8496093750
218828684.6687086821 2153437.6362304688
224485479.5894593596 2268229.7685546875
224316181.1200551391 2266724.8300781250
211293098.8957672119 1698475.9498291016
222577109.9107534289 2238754.8203125000
209862864.8637318313 1544195.1770019531
210378812.4140027761 1608676.5653076172
222429139.3022890985 2235845.4033203125
210342334.8962463439 1601638.8587646484
220520608.3746280372 2198244.4677734375
210234395.3305940628 1592558.0150146484
211448226.6688178480 1710749.4324951172
216302476.2025985122 2040549.7944335938
222139244.5790920854 2230759.0380859375
211468402.4853494167 1716464.5877685547
211352594.9603523314 1705325.1868896484
211342428.0744075477 1705296.7142333984
219922598.3259986043 2185066.5864257812
222724012.7217642367 2240272.9990234375
218988303.0394655466 2158686.3022460938
211334717.7508580983 1703152.2003173828
211199057.6093297303 1684208.6324462891
211333836.7117012441 1700678.0924072266
214142857.3819093406 1929665.8815917969
211176849.3148638606 1682084.6837158203
211109190.3110859096 1679839.5274658203
224609265.6909307837 2269381.2441406250
211047096.7656793296 1673899.0952148438
222251694.7123394907 2233306.4482421875
225644912.5580642819 2279758.4296875000
209823045.8930829763 1537182.8204345703
216334963.7568090856 2044052.5566406250
225677788.6229819357 2279861.3134765625
209945917.3588004410 1557773.5225830078
221996764.7184132934 2226175.9013671875
209966515.3707759678 1559948.8726806641
209825517.1096155345 1543874.4268798828
214107510.7637999654 1928134.9450683594
210141280.7956702709 1581978.6585693359
222203709.2350324392 2232286.1875000000
220021883.8716154695 2187456.9619140625
216798874.4383086264 2065795.6699218750
219841693.3006273508 2182053.5415039062
208522531.7605666518 1376546.0803222656
214078860.8862617612 1925581.9145507812
219636595.6251114011 2178049.7207031250
219417547.9349014461 2171350.8251953125
216297555.9594120383 2039614.3564453125
222891492.4471994340 2242068.3369140625
219089605.7434903979 2161797.6489257812
219216288.8974778354 2165200.2807617188
219249579.3532619476 2166166.9628906250
209980207.8851928711 1560165.1641845703
209983018.6941753924 1561674.0638427734
219289946.9583992362 2166736.7148437500
209937476.0778512061 1557265.1641845703
223161890.9051088095 2245588.8378906250
213597397.9116136432 1886016.8566894531
213968712.8786762357 1918713.6601562500
226933930.7628457248 2284322.5166015625
223357589.2266326547 2247719.7900390625
216807099.8843983710 2066835.1401367188
223257598.3668416142 2246486.6660156250
216536416.4380934834 2054731.3413085938
221554238.5395701826 2218105.4296875000
208311216.1643685997 1338113.5882568359
221728502.7608910799 2220049.3613281250
210847641.9052893817 1653674.7015380859
223347557.1649417877 2247524.9980468750
218795570.4597492218 2152950.9746093750
208275800.4136177599 1330928.3785400391
221513666.2796961963 2216962.8066406250
218710172.1046360433 2149050.5561523438
208352122.2341158390 1341649.8763427734
216147480.6892713308 2030505.4941406250
219473433.5669440031 2172182.9663085938
219348405.5045873225 2168149.7695312500
208281187.8446945250 1335030.6341552734
210800899.4436098933 1645685.7305908203
213327606.0794202983 1860785.2683105469
210955682.7619691789 1662115.6511230469
216154847.9326917231 2033239.7172851562
213250918.6033082604 1859581.7387695312
219186213.6458022892 2164161.1542968750
217331572.9254268408 2083705.4633789062
216140401.0942853391 2030050.4062500000
213102425.5132202804 1843531.5246582031
213543059.7550428212 1880672.1274414062
213388645.5429913402 1868436.0820312500
213334181.0632386506 1864056.0205078125
213449843.7896413803 1869537.5554199219
213185900.5523359776 1854182.9782714844
213381402.2712369561 1867450.6279296875
229780670.0615845621 2300575.8281250000
217143231.6347526312 2079472.9213867188
212147181.6165007949 1763113.0131835938
213455325.9545734823 1869818.7021484375
212179067.6899054945 1764769.2329101562
212124718.9506229162 1762020.9331054688
209952315.3844443858 1558433.6749267578
221489226.8953572214 2215705.2392578125
217366903.8146676421 2089080.5776367188
221223610.3907774091 2210917.1435546875
209718338.1431970298 1519105.3149414062
221912264.5053013861 2223115.9316406250
209588625.4869652689 1504311.6929931641
209641768.3667776287 1507145.4608154297
209681078.2518911362 1514073.9364013672
216906059.0201919675 2067544.1025390625
209422297.5986689627 1483312.7559814453
209370543.3403798938 1475708.9127197266
209457629.8018597662 1484758.3580322266
209365813.3923538625 1475509.7823486328
209219459.5486684740 1457363.1942138672
209298414.7385821640 1467080.8145751953
209320888.1924053729 1468793.7012939453
216955762.1175341606 2070562.9194335938
213067784.2202010751 1829034.6164550781
212972018.3344497681 1824936.5681152344
212841006.4904183447 1815289.3776855469
212860545.1831624210 1816698.6350097656
212723712.9731022418 1799958.1691894531
212655892.1342590153 1795848.0336914062
212675404.2734791338 1797293.7207031250
212587072.2620304525 1793302.6499023438
217590859.2349291444 2090451.9819335938
212583059.3490456045 1790298.9323730469
212655222.5497415364 1793479.9260253906
227322703.6236095726 2285727.4707031250
227186718.0134766996 2284769.9960937500
217643205.6382704079 2094839.8930664062
217727214.0751227140 2096531.6284179688
217931342.0989986360 2105913.6342773438
