875009354.8269152641 1322919.6092529297
881025927.1006567478 1325834.0574951172
881278626.2390267849 1326815.5296630859
881128607.7389811277 1326526.5374755859
881252201.3687334061 1326719.8492431641
881335318.0746678114 1327430.8551025391
781943966.0393157005 757965.3670337328
782014033.9095102549 760030.2645350314
756293387.0754116774 306143.3629235774
775462101.1917409897 686252.8401937706
781505951.8357828856 753839.9218985728
781525850.7708520889 755614.2173545054
781638345.9799361229 756973.7793665744
781504922.4628989697 753720.4684683970
781307724.5033472776 753245.7131583384
780448236.3008699417 742150.7980866934
845113873.2174587250 1261367.2923583984
845680647.7809448242 1264395.3121948242
846260375.8450077772 1264702.2404174805
767452716.7186832428 569845.7254266189
767622673.9584151506 573786.6406264538
775201972.9774956703 682162.4413888627
775139196.8050454855 681764.3224226632
780371250.3829486370 742072.3195113555
780222189.7233870029 740165.7654097994
780011703.8126425743 738201.0090943435
780238385.3669047356 740183.5674682120
831578191.6533751488 1194010.8094787598
845833799.1697475910 1264464.8646850586
845859568.6751915216 1264572.8691406250
845540631.9406450987 1264001.5463256836
845412241.7720458508 1263179.2965698242
852310400.7580128908 1286037.7998046875
852763886.3846262693 1287073.1600341797
874149537.5991835594 1321973.1531982422
874477343.2610740662 1322734.0985107422
873646308.2864719629 1320525.7564697266
874224764.5771031380 1322256.3199462891
756530444.8825497627 310562.0631018063
757720131.0491162539 362133.7106035643
767273655.2239279747 569571.0252313064
767381724.9728122950 569677.0543098697
767318901.2890861034 569667.2828325890
780020781.7292077541 738206.2244263748
822428287.3742365837 1125943.9227142334
833745766.6264832020 1205375.5547332764
833253997.6201649904 1203842.5166473389
845044145.9627158642 1260483.8397827148
845151556.1538827419 1262187.0153198242
846404383.5886093378 1265255.6315307617
846170806.3055474758 1264679.0422973633
873943505.9735256433 1321579.9449462891
874484117.6217477322 1322794.0699462891
881026035.8854507208 1326459.9442138672
880817271.6055546999 1325512.6627197266
831039809.8546942472 1191177.5215454102
880678407.1351963282 1324714.9842529297
846637613.5842570066 1265711.6712036133
767487293.2333416939 572352.8873655149
780136973.5381613970 738393.0061602070
851544199.8163276911 1280277.9277343750
851069775.7599650621 1279382.4133300781
851569763.9770257473 1280289.6247558594
757532194.3760558367 358160.0594805174
757540155.0971162319 358241.2345519618
757378635.6949375868 354012.4515014247
775364484.8924868107 684698.0388298878
779781312.2236334085 734859.4618323346
779219828.7605785131 727890.4085629602
779225249.0721305609 728266.3632517577
779277781.2199307680 728337.7791502466
822498126.9762727022 1127818.5308685303
822719099.8647767305 1128102.0351409912
822824051.7569605112 1129673.5276947021
832129273.0460557938 1197968.0664520264
831947969.9891110659 1196895.2708587646
851341627.7627776861 1280070.4692382812
832267327.9744806290 1198296.8267669678
832413620.3137407303 1198835.3422698975
756506166.5759328604 310445.1646870454
756597408.3311706781 316865.0251287302
779102907.2347394228 726297.3503884440
778916733.7570734024 724417.7272151848
779177437.7472263575 726338.0326351067
823328924.6533198357 1131283.3442230225
832422861.3607597351 1199933.0077972412
833359880.6966609955 1204687.0195770264
833281778.5224199295 1203881.1125946045
850825928.3426672220 1278129.9972534180
756941467.6520773172 335417.9336643234
756989147.1573703289 338809.5756666617
757139347.8666039705 343033.8741822144
757001136.2763389349 338903.7356409928
756878932.7716556787 331808.2591937432
756672790.0887732506 321193.1067360635
767099745.9631508589 562900.4431669713
844606795.4347995520 1256566.6543579102
873808896.2064014673 1321199.6569824219
823514173.8369699717 1132381.6261901855
848993011.4748324156 1272383.2443237305
822926566.4552198648 1129731.0008239746
823623057.3471517563 1133729.5843505859
823524161.6885725260 1133210.9132080078
823798771.5408579111 1134855.7849121094
824021616.1927615404 1135342.3731689453
847697620.1495461464 1267778.4185180664
873141750.8273973465 1319713.5964355469
872826145.7846776247 1317669.9031982422
872918721.8560283184 1318505.0083007812
848245455.7734898329 1268856.3936767578
847530712.8187919855 1266848.0964355469
844548013.5652877092 1254278.9000854492
844327769.6447899342 1253480.6522827148
777692752.2149429321 711517.5499139891
777444880.1252233982 708462.4549921022
776750040.1252292395 700805.3608673764
777108020.0560343266 704445.9881952272
777173554.0157793760 704577.8320983218
776521706.9098960161 697113.9526041017
776316009.4610641003 694503.5286757331
832382441.5599228144 1198643.0718841553
807323711.4414587021 986942.3150072098
774622592.2725664377 669975.2263786476
774785814.8579589128 674053.8554227035
872843541.0413511992 1317821.5898437500
774137237.5515345335 657808.3413626859
773793493.7464879751 655042.9693839261
773535153.7795234919 648819.1676326143
773621517.2361025810 651740.1837458955
834010058.6404434443 1206701.0513763428
841391666.1759135723 1237472.3904266357
773747368.9753608704 652702.6304817181
773513092.1150546074 647413.0994909049
834168824.0416769981 1207902.3406066895
840585186.9298125505 1234492.3795623779
841008304.3455871344 1235821.9177703857
841120293.4358236790 1236586.7347869873
840890782.7575654984 1235767.5096893311
840574793.3047926426 1234452.2468719482
840610750.8237898350 1234852.5990447998
766660188.1494889259 548454.7022429259
766759532.3417042494 550279.1808224471
766632864.2458167076 546571.3110279591
766392634.2502340078 543497.6969530162
766328446.8811552525 542190.6789885153
766121529.1338260174 536387.4933250338
761592128.6776823997 367777.5755435396
761692788.4829537868 370135.6893511001
766101639.4333755970 529838.0175346809
765993621.8078947067 524136.0333427864
771892324.6335386038 620782.7627231602
772449070.3483104706 627156.2430671880
772373656.2141314745 627114.9161681761
772234838.5047113895 623547.3214653921
771961709.9539685249 621282.0181445503
772034999.7451373339 623038.6378725567
771702625.0449979305 619091.0911997356
771558558.9325238466 615618.5611309276
836747440.5064116716 1214591.3461151123
836711078.4711809158 1214468.2236785889
836284731.1944377422 1211897.0193634033
836365762.5346494913 1213073.6825408936
836069205.5839745998 1211517.6720428467
836447863.5342329741 1213961.6338348389
835987812.5675158501 1211318.2942352295
762057054.8314068317 383458.9320765974
806654427.3421816826 978777.0264329910
769777354.7811069489 591026.7543205204
769482723.7006660700 586968.3036870256
769227346.6221547127 583104.5654057756
769170957.3315337896 580814.3068231107
806825346.7827472687 980628.8490936756
806598687.1412714720 977872.9186737537
806089562.9444543123 972437.1434729099
806447331.6941953897 976485.6667883396
806332141.9170041084 975655.7908880711
768991427.2232960463 576282.8974934069
765934456.9804804325 494611.8498805935
765901345.2619823217 491892.0585250348
765667913.4343925714 486833.2159370552
765841306.9318350554 491786.0755657643
765578152.9959943295 484511.1970236019
765710656.7638161182 487630.7695592731
764868926.4912360907 465279.9666099121
764963004.6717236042 466900.8212704047
764709077.7242106199 462992.8490577509
764590284.2365921736 458011.7196729014
764595306.2472350597 458062.7354910205
764487125.6951839924 455068.9382498096
764562891.0113425255 455082.2312091043
830119180.2615168095 1177287.3928985596
830074361.2449530363 1177143.8059921265
829708730.9813928604 1175815.3737335205
829764108.7591729164 1176166.0481719971
829336662.8029146194 1173080.4718780518
829539141.8561004400 1174824.6099395752
829607011.9823879004 1175060.1543731689
763964145.6342040300 431810.3133308330
763675792.1786940098 426056.9482250849
763873832.4926638603 429528.0669620231
763793324.8273680210 427710.0312478956
763658809.5034927130 425577.1441714958
826812090.2047847509 1153473.5083842278
826088255.3825018406 1149108.2957682610
826767189.5870380402 1152419.9472575188
826030218.8546133041 1148059.7536540031
826258769.1169602871 1150089.7896647453
762723131.8131397963 394729.9301579272
762592295.4876571894 392214.9575406638
762859490.8701555729 398664.9914599151
763027834.5927935839 402829.4367877571
762862459.5087035894 398792.8105710200
825839017.6121637821 1147508.6694254875
825980337.4673650265 1147676.1870036125
763008529.0029920340 400772.7572522120
763320851.7539578676 412813.1536091234
763296000.7461565733 409256.7579255510
820697315.5065912008 1100784.4622173309
820692706.0357948542 1100526.6408672333
820720531.3751444817 1100998.4063224792
820313080.2879704237 1099255.5877666473
820505051.7293940783 1099985.0314083099
806011736.1309357882 971281.1545867920
806174497.9242988825 972452.0834448338
818035367.6488641500 1073646.5897109509
817894787.6707811356 1072060.4922454357
817733655.5895144939 1071619.8562514782
817869849.2027765512 1071916.1541030407
818362321.0851171017 1076467.8150527477
818282067.1257036924 1076040.5637710094
817915328.8672957420 1073474.4766128063
817600781.9763020277 1070900.6767165661
815332418.2322704792 1051503.4257447720
815023025.1719464064 1048108.2396104336
814613293.6534551382 1043914.8356568813
815009833.4553428888 1047260.5470521450
815009408.7849197388 1046619.6266725063
814616348.3586804867 1045465.3593385220
814118146.3415428400 1041777.8869264126
813089465.3857849836 1032407.9980638027
812945414.7195320129 1031831.5381639004
811992321.1985557079 1022613.8738151789
811860544.3927435875 1021685.7421623468
811569461.6234704256 1020150.0420891047
811385215.3090690374 1017758.5665031672
809217331.9119297266 1000640.4518749714
809466582.2231920958 1003145.5232250690
810137986.3586413860 1009485.8008968830
809585214.9069739580 1003510.6981747150
809777419.0579338074 1005957.9035580158
811160362.8664474487 1015919.5479484797
811463374.2830196619 1018589.7336670160
809119769.7780281305 998835.3669143915
809415435.9043928385 1001981.7689377069
805960214.5946577787 951220.1552310586
805508862.2987505198 926784.9851536751
805287729.8387846947 923580.3301109076
805060717.2479236126 920786.5919212103
864569055.3640947342 1293062.5916748047
864633337.5140819550 1293383.7687988281
864877816.9868546724 1294303.8654785156
864748385.4283660650 1293812.3310546875
865245954.9559001923 1294371.2124023438
864271536.2196958065 1292516.8367919922
865260666.2250512838 1294784.5585937500
804290213.9910947084 908717.9763827324
803911646.1694012880 904496.6553072929
804027475.1972261667 906663.8688387871
803533528.8039296865 896668.1408424079
803765946.4741731882 900106.5904273689
803440965.8396331072 895764.2032519281
803678852.8174985647 898627.7031985223
867287779.9953812361 1299139.6282958984
867807032.1474078894 1299580.8416748047
867929480.7449800968 1299975.8728027344
869619984.1231352091 1304710.0027465820
871441906.9181028605 1311042.9522705078
870944179.6185344458 1310501.2821044922
867953650.6490988731 1301459.4382324219
868418069.7417821884 1302693.6262207031
869589203.3635718822 1303947.4239501953
802191857.1264982224 872031.2632400692
801885382.8344954252 867798.0392386615
801802715.2653758526 866830.1639945209
801747768.3390682936 861186.1038676202
801624432.4356646538 859745.6653409898
801735587.3527399302 860368.2908140123
801787642.6453117132 861930.4658628404
801602397.6231443882 840772.5784267038
801334549.3851339817 830512.0774119943
801586814.4562051296 833898.7474559397
801377713.3585683107 833492.5509837717
801599895.0021216869 836234.2446178049
800257285.4340982437 806745.6085545421
800507562.6926763058 809648.4316441417
800356616.9586768150 808222.9620625377
800098339.7530033588 804997.7729832530
799911286.2828249931 802121.9559361339
800054367.2019253969 803493.4180638194
799998634.8588494062 803025.1005589366
