368214132.7064933777 1434155.1160784988
369342770.5126651525 1520137.0913135507
368973313.6127040982 1516647.3904464380
368987988.0123313665 1519671.0127487318
369620632.5342805386 1520434.4276956201
368848354.4285340309 1507951.1437745378
375962199.3249366879 1872226.4398532808
376687131.3157515526 1899377.4098527553
387111754.0969012976 2229181.0344600677
391110105.5656282306 2343287.4474792480
364887714.4390088916 1147097.9270412885
376290679.5185093880 1884176.6910373094
376929668.4613849521 1903153.0449327379
414874918.3435485363 2717919.5341796875
362969685.7716826797 944682.1379906907
364591571.5733491778 1145722.2779654227
364707259.4917875528 1146908.6750332676
364340872.1268888116 1134246.6185818873
368781543.1427869797 1507824.0917852060
376384185.4579222798 1891120.1253396394
378291484.0048788190 1950236.0799880521
387311542.7147445679 2233649.6855831146
394270741.3012253642 2433458.6267089844
415328822.3523319960 2720511.6708984375
362945888.2793125510 942590.5033780670
364410372.3508870006 1134398.5084650367
374739610.1577745080 1819230.8476675823
376066395.5726938844 1878370.1602933705
376102166.8711000085 1879982.2333098352
391072271.6819261909 2341471.1388854980
391191242.5061810613 2343667.0253601074
394740899.0569891334 2440336.3225097656
394812722.2433701754 2443117.0036621094
407323213.9127568603 2663832.7255859375
415713916.9619364738 2721349.3457031250
430627790.1124547720 2736850.7309570312
394711115.3165432215 2437066.6530761719
393003462.1943584085 2398604.3090820312
394734742.6292431951 2437761.4267578125
407101726.4820571542 2662557.3115234375
368736244.5836921930 1501820.6867163316
406258762.7026614547 2652314.6635742188
364242683.3148716092 1121640.2584744655
364330134.5938838124 1122217.7684788192
368755321.0588599443 1503719.1197388903
368894907.5422271490 1511150.6847560392
392626185.2912447453 2381923.7521972656
393976460.2950977683 2423890.2258300781
407477774.6897765994 2665905.3750000000
408552414.4080514908 2677028.2109375000
374525814.6075593829 1807549.7246375754
375085540.7509823442 1833246.5284471214
386768010.9886790514 2221513.4651842117
386884331.6874219179 2223505.9560909271
387041662.8935298920 2229046.9890499115
409145801.7246200442 2678552.7104492188
368938604.9192008972 1513356.8208557800
375385234.1186372638 1849893.5433757901
408395912.5639709234 2675239.5966796875
363023306.7057419419 951554.7614218331
373920024.1068379283 1781866.4128070548
368651836.7028282881 1499998.6330053941
393697213.8842831254 2416578.2675781250
364180281.1207284331 1113217.5698704207
375134804.6194184422 1835263.6019334495
393619983.1696386337 2413007.3356933594
415200664.0824599266 2718885.2529296875
364063509.9319477677 1093542.7927708114
378579893.1279677749 1961450.5985427396
364088894.3277015090 1101752.2862591231
409399912.7069697380 2681709.2753906250
408253245.4554332495 2674379.1982421875
408676602.7252355814 2678137.6816406250
414989529.2686679363 2718195.2519531250
363971878.7287153602 1083267.1509673083
368479589.5837879181 1487783.8441298143
393469078.7420020700 2409611.1123046875
419915192.2017863989 2728351.4428710938
368524214.0264894962 1489057.0808290578
368350340.8568021655 1477268.1124608852
375739803.0276587605 1864849.1205008924
378758741.8125595450 1963957.9118329994
403199292.9451551437 2603444.3427734375
375887847.1082932353 1870304.1416228712
393714503.5342495441 2417815.9216308594
402159748.9296823740 2591203.5354003906
375993257.9845405221 1874378.7881331034
429755640.6803948879 2736816.8334960938
364016892.0920069814 1091231.2100071395
363993554.1689847112 1090383.9922337020
375589186.8781530261 1861114.3983252943
403100060.6525947452 2602087.3964843750
393119631.5451470017 2402027.9221191406
429210235.4370964766 2736211.6884765625
375388276.7761979699 1850395.8364183605
429364462.6367853880 2736239.8051757812
413713358.8376160860 2709857.5332031250
413946348.5738872290 2711952.1572265625
416095041.5491404533 2721898.0415039062
428052279.4925811291 2735517.6147460938
368225303.3948200345 1470109.8144567348
375304817.1233453155 1845735.5591823757
375265065.1826825738 1845620.4484340847
386893740.7544745207 2225681.9177608490
375489175.7146659493 1856251.0563709438
401809926.6404851675 2583445.9606933594
429658436.1893982887 2736678.5346679688
393478876.1535094380 2411349.2333984375
402376840.1927781105 2593310.4401855469
375542270.0693883300 1856465.6304714382
375202512.5165268779 1844237.7505886257
378090803.0481012464 1943052.6937575834
416370288.9519367218 2722023.1367187500
363297906.7220291495 974982.0080177485
374082190.5817909837 1788261.6130339503
392895285.1171258092 2394901.9584960938
392720379.4091933966 2390395.8498535156
402210079.4729686379 2592239.7595214844
407967184.7927591205 2672780.3076171875
419197827.1953200102 2726979.7773437500
427945118.8526574373 2735240.5947265625
363807440.8033539653 1058267.0927122096
363904725.2388558984 1070669.3560545901
378321361.0403891206 1952447.0768142240
415956194.0660195351 2721592.1928710938
428070876.9070190191 2735682.6967773438
363839222.6455400586 1058665.8154051760
378155645.3637291789 1947833.9535232084
377981597.1356534362 1938510.5717356699
377893823.2556940913 1936678.2980599897
401862811.7546373010 2584588.2023925781
401955578.1745327115 2586863.8405761719
367502619.9085265398 1418657.6499004951
402225533.5904804468 2592655.7497558594
419528263.8679337502 2727849.9340820312
374040529.7938395143 1786235.4372527003
374047244.3698267341 1787002.1743628383
377871719.1511589289 1935346.2979777353
374038240.5438758731 1785160.7821013331
403816962.7767191529 2615059.4829101562
367267129.7785788774 1394703.4633932849
409190038.8726973534 2679355.9750976562
404165453.0806825161 2619304.9125976562
378133185.8358527422 1944773.7930176752
404347271.2917093635 2623102.3676757812
363198121.3658543229 963356.2701446711
363404412.3861899972 986201.1726651936
386627998.6280204058 2217214.5235881805
404553978.0566673875 2625794.4780273438
404307156.0498549342 2621310.2392578125
391011945.8687434793 2341444.4974670410
404673711.4097350836 2628204.9589843750
403969165.3379824162 2616298.9047851562
413087774.9973073006 2693285.6965332031
363643579.2581846118 1024340.8348773391
413169886.2097119093 2702755.9409179688
367372679.7057561874 1406429.7700176826
368328443.0822886825 1476270.0115378210
387481022.4977139235 2239663.5850505829
378031955.4833710194 1942066.5711052911
387132489.5662930012 2231660.6944274902
387317912.3189677000 2236769.9447307587
428522245.4659765959 2735942.4189453125
363306265.2633139491 976166.4131900369
367334685.7763377428 1395889.4758282294
377590722.5157151222 1925837.2568324655
377421756.5494263172 1921528.8273101347
377157133.0525127649 1909969.5834031599
387199052.8430922031 2233230.5905361176
377232365.9134888649 1911274.3772053123
377297598.4413750172 1911291.9863683358
404606122.4042901397 2626786.6259765625
386965628.8019840717 2228227.7960491180
377104979.3512390852 1905949.3933532790
368394787.4557954669 1478611.6545415865
367261295.5547540188 1393187.4191113105
387923780.4277354479 2247293.3118801117
387841792.2968184948 2244996.9145545959
387975053.7588070631 2250118.4246406555
404215866.1814892292 2620817.5148925781
392713308.0932089090 2383831.5983886719
392973004.6581999660 2395323.5788574219
363694903.0853508115 1035490.6356280715
378997834.5107989907 1965328.6958307987
379418939.4503983855 1965948.5304565914
387458149.0670847893 2238799.1543254852
390856751.8092476130 2335665.3883972168
363649068.7700940967 1025225.3098052413
367335141.4158558846 1399730.1008282294
379494120.8299775720 1966129.0213033892
363572664.6613484025 1016544.5504088965
363541492.4262892604 1012997.2453235061
363484686.7759850621 1003073.5202258498
363481763.5192883611 1001176.4183047683
367409706.8971035480 1407767.1835081610
379590727.4006696939 1966803.9916033512
379212996.4746342897 1965920.7843613392
363455578.7683861852 989907.3710563489
414101837.3366516829 2712103.7978515625
392298268.9714349508 2376554.4114685059
405094068.2544366717 2633746.4208984375
391752772.6945921183 2361130.2272033691
391968396.1911193132 2366862.6559753418
392065574.9712086320 2367806.2631530762
391875341.8239068389 2364829.4115295410
392069665.0105559230 2369225.3692626953
391811876.1505612731 2364368.4472351074
427502311.9163100719 2732879.3134765625
391956327.5109837055 2365884.1108093262
418637890.5452623367 2724459.8999023438
400217170.5801745653 2546669.4040527344
400109829.8490789533 2544974.6638183594
399436051.7233835459 2530360.5908203125
367698299.1734884381 1426873.1352383206
413106983.0553157330 2702672.5761718750
427659471.9626390934 2734680.1054687500
427454092.0653035641 2730654.8828125000
413201250.9481227398 2705465.5170898438
405768944.5493683219 2640229.5874023438
399892379.7938582897 2541022.3581542969
405729823.0026726127 2639747.9887695312
405908257.7082963586 2644281.9111328125
406138638.4500040412 2646507.6987304688
400659239.8330927491 2552706.0866699219
400354858.4816439152 2548696.1198730469
418690555.3549072742 2725190.5317382812
405887889.5864329934 2642085.4223632812
418846004.2345438004 2725836.8925781250
418407367.1660437584 2723536.7236328125
367207536.6494889855 1355097.0588441673
365691470.8535504937 1230217.3799755890
398098950.3877617717 2498113.3143310547
398073532.8189201951 2496519.9310302734
365590886.7969066501 1208162.8274275679
365626114.0700644851 1219870.8194395918
401309436.3662611246 2560260.4704589844
418329950.0243022442 2723423.2553710938
398746783.7597471476 2510123.9084472656
365606362.0750455260 1215023.5463683028
365546959.5796703696 1207312.0058409590
365557176.3880106807 1207399.4804503340
398573282.3752077222 2507459.6013183594
398539892.6609629989 2506549.9201660156
390281146.4544911981 2307610.6983718872
390448066.5650743842 2311357.7417984009
367160508.9989458323 1341769.5259033181
398776698.0950900912 2511621.8928222656
367132423.5297648907 1335686.7461181618
366935446.8021755219 1317857.6426025368
367034616.9339984655 1329157.1543212868
390159147.9411556721 2300060.0217361450
390436557.4970431328 2308455.6903305054
366871983.7162431479 1310330.2273099986
390232647.5029232502 2304944.4830398560
365488800.2140944600 1194134.7826964278
366969421.1239619255 1318742.1242826548
398253868.2078074217 2498972.3555908203
399046281.0661757588 2517032.6179199219
365466447.5108798146 1194125.7006651778
389997725.2224934697 2297495.5973892212
390198581.4361606836 2303782.2817459106
398459782.2218576074 2504321.0634765625
366749951.2212858796 1289662.4792151446
401455471.3966141939 2561398.6574707031
365249039.0540156960 1159193.7744587865
366656369.8297640681 1282635.8380560870
366632206.3888936639 1281594.6857123370
366475669.6326600313 1265454.8592555635
366575338.3069677949 1275799.4037604327
366533603.9436811805 1266617.7115810029
366404195.7967227101 1262423.9867274873
366422538.4666530490 1263635.0370204560
399038613.7275469899 2515411.5158691406
365312417.2261758447 1165164.7794321030
426895727.9511176348 2729917.3159179688
388567434.0252379179 2255554.6093521118
388584771.1186807752 2257028.9203872681
388405134.4506277442 2250683.9484634399
389181300.6116649508 2270365.4776992798
426582178.6130771637 2729610.8178710938
388978025.4554919600 2265145.7543106079
389143791.9274594784 2269898.7428359985
388982360.7072496414 2266207.9137344360
386192601.7939808965 2171441.1034240723
386103949.5247684121 2169603.1204166412
386079069.0676572919 2168362.4630985260
386086681.2171437740 2168485.6906375885
385603647.6497005820 2148807.3844242096
385668156.6509876847 2154098.0953617096
385743805.5097318292 2155560.0343265533
385894254.4276893735 2161805.1827640533
384451828.9630287886 2070680.3489303589
384702916.6503667831 2079604.0099487305
384467267.5370956659 2071974.5363235474
384208349.9982916117 2056518.0275039673
384353050.4039814472 2063461.3105850220
384353810.8488469124 2063493.2616348267
384345560.9065235853 2060507.1415176392
384324771.3485243320 2059662.4794082642
384272960.0425903797 2056828.3902969360
