704469673.2892650366 5637.1274309417
734806781.0577850342 7026.8523886800
751467519.0891120434 7475.1472215652
656704412.3265124559 2006.5530260790
656517752.5574902296 1984.1938090648
661735053.8351614475 2720.4895788421
663954023.5153967142 2999.9317231664
664384935.0193697214 3045.0745092277
704335186.3213531971 5616.7908964416
704557723.6553032398 5637.5717115661
704822899.4979466200 5644.7463436385
735264376.8020224571 7070.1282464266
751738164.1068860292 7478.3429050446
751660978.5726759434 7478.0049524307
663720410.4396626949 2962.6938290760
665459611.0339300632 3143.0475221276
665742168.6560764313 3168.2893852296
679755211.4033588171 4221.4093930450
690472860.7140644789 4887.7721435926
704363322.9329973459 5622.0228662749
751252685.1121641397 7469.6064329147
751037896.5775889158 7459.3337335587
751619122.3084163666 7476.3077144623
751729022.6700024605 7478.1182899475
751804421.0929534435 7479.1608562469
656372857.9345297813 1961.4043997414
664135751.1190235615 3021.7394243125
663974439.4699690342 3002.9135578043
678637948.9357186556 4174.6187846389
704584744.1348187923 5638.0002050658
739395431.5141055584 7212.9440131187
665921330.7790507078 3182.9137409755
678913029.5689642429 4188.2046487060
689908551.9779281616 4852.2452548645
739486097.3443901539 7213.3885483742
739533663.5933842659 7216.4043931961
767273555.4092142582 7482.3915777206
690017985.0408933163 4866.0757831237
663742253.0794790983 2976.6745095739
664271588.9437930584 3023.1492817258
665751887.1127927303 3168.4689195457
690301629.4131441116 4873.6185191772
656670721.7891355753 2004.9627242412
704519293.6587127447 5637.3288183471
739299633.4588571787 7212.3603415489
739136663.9763981104 7209.9888052940
666176273.3464657068 3191.5529001060
704874763.8180075884 5649.5896082183
704813867.1929235458 5641.5850587150
690007612.5068432093 4861.0789178512
705038865.8273006678 5660.5851674934
665462034.6439334154 3147.8352710710
735188552.8917788267 7067.6106487513
735537331.0658284426 7079.1900275946
735031506.8759230375 7059.9352144003
665710280.5284556150 3163.0660398307
656615545.8519915342 1988.6917050928
677910484.5571833849 4117.7917415598
665701730.2488905191 3162.9799115958
655826292.7331490517 1772.3909735206
666009666.3250820637 3188.7888440809
767055697.4563121796 7482.2764673233
661782795.8561656475 2723.5194391277
665838187.7764372826 3176.8488557896
664347950.9676691294 3023.5824846117
655985251.6034103632 1873.4778022395
665663300.2523000240 3162.8149354758
665662489.3145130873 3162.4327660720
735021325.6714776754 7059.6795839071
735163322.5869772434 7063.9477704763
677855233.1840455532 4117.5952407816
735493454.4772171974 7078.8074306250
656359528.0292705297 1941.9123137444
767048305.3492736816 7482.1648092270
677636842.0316277742 4098.3341552713
738645705.6215233803 7184.9050180912
677570123.1744400263 4089.3529873343
655714226.6789234877 1749.2895388130
704604766.9555478096 5638.1445811053
656790278.8199623823 2020.5096893082
677853725.5054508448 4110.0287620524
744357162.4336924553 7301.1051135063
744682166.3577359915 7316.2092800140
677763160.9017299414 4104.6284143427
661734564.5436685085 2717.1914410319
735451200.0840363503 7071.9580021352
655887844.7818678617 1824.0011569479
661615850.0081650019 2700.7871632841
744882246.3450338840 7320.9005041122
740279019.1255383492 7226.7172820568
656049450.7665768862 1877.3850619482
655973469.1723517179 1867.5528830054
675513391.9142713547 3918.2999515515
675743281.4571788311 3924.9555416089
655683416.5728843212 1710.5035740856
736044184.7973866463 7096.7704004049
735774274.5402266979 7087.2041181326
744168073.0206481218 7298.3641459942
661542163.4923902750 2690.2921181147
704341704.5452481508 5620.3812849780
704101701.1461256742 5605.8224210253
689662265.5932179689 4835.8871844358
745142162.0590285063 7323.6627178192
677120533.0221902132 4043.6186428618
744868746.5136189461 7320.4851350784
750198776.9677087069 7424.8269729614
676987231.8702598810 4033.8729451846
677004699.4994418621 4034.5355994578
677090432.3519477844 4036.6506574702
657185935.0685349703 2036.3350877943
677228791.5944763422 4045.0430598807
675844410.8766951561 3941.8495211492
689353189.5514467955 4814.0169822569
688966356.3862068653 4790.4479034222
736394524.3256793022 7104.4675104618
689317766.4700875282 4803.0577918299
655873870.6028589010 1803.3738596707
736478170.4792933464 7110.2715103626
736757924.5918897390 7119.1026146412
736773958.3080784082 7119.3267090321
744657772.6257584095 7312.5198945999
676260955.3726756573 3956.8097441911
676827484.0690947771 3989.7277866902
736798113.2325286865 7119.4852116108
736581052.0672665834 7112.5496666431
737019303.1694997549 7122.1506903172
676461973.0725293159 3962.7025295946
676530012.9274115562 3965.6088799539
704030521.1580425501 5566.1679826591
676527048.1170656681 3965.5767239633
738012401.7073771954 7156.1173894405
676582913.9845755100 3989.3614392098
676561935.3724460602 3986.3232541673
688535724.9590470791 4747.0211636097
737684041.9841833115 7145.6535353661
738237328.6863691807 7164.8408336639
737889340.7487109900 7150.7539162636
737859763.6064249277 7148.5431909561
744391318.7453186512 7307.3549447060
743642977.5304796696 7285.3132343292
688191823.7337310314 4726.3001297334
687944848.2702754736 4706.7591584622
743891213.3328858614 7294.4164381027
724390513.1442422867 6490.0386461666
687342688.4756566286 4664.8202408586
687450056.2726653814 4677.2519659527
743737615.7002707720 7285.6539082527
703766116.2171945572 5539.3623982933
743539345.2706977129 7264.3278582096
743887604.9057726860 7292.6873874664
687105116.5877208710 4659.8321523110
686597367.8410451412 4623.8697301487
663343565.7790859938 2882.9731288265
663118468.9437935352 2859.8612251990
686916815.7445858717 4641.8562320504
663020938.1155309677 2845.4597601804
686854531.9743392467 4640.7483825127
687101005.0245778561 4656.0121163765
662966228.2886937857 2827.2827467832
687038020.2521414757 4652.9176560661
743886062.2030950785 7290.3881859779
685963067.5089726448 4589.5716573337
663508328.9914140701 2892.0176482114
663078920.1771727800 2849.5149458134
663288178.6859331131 2868.9338126096
703073053.0351746082 5499.2396186429
703385669.5275346041 5520.9359791118
745706129.6209022999 7329.4128046036
703094392.1686170101 5499.5922361451
684027262.0989539623 4453.3722201917
702868310.1950562000 5486.1737252313
684326820.4521369934 4476.1056998405
684377579.0627099276 4476.2216590080
684326450.6447019577 4471.8648026619
748822619.6646810770 7370.1330480576
702806748.0108588934 5475.5742410707
724658378.5748398304 6499.3270530155
662887016.5386067629 2824.3932764338
749037597.7595028877 7371.0771236420
684290782.8666797876 4469.4081823064
684208956.0651785135 4464.0897142125
748625586.6086636782 7363.6288833618
748587074.3669695854 7363.4065380096
683965899.2489609718 4445.3769888431
748466190.6239888668 7360.0818147659
662248834.6985855103 2736.5313890011
662465752.1008034945 2759.4251873496
662502721.9267554283 2759.5893083746
662191664.7832880020 2736.3744332821
723952617.7909524441 6455.1087711020
724258830.4517719746 6480.4664408378
724843417.7201257944 6506.2591440579
723968334.1611466408 6472.0707738562
674049102.2874029875 3772.5426548953
673978144.8675150871 3772.1556786533
673502199.4533619881 3724.8438949148
673543585.2603217363 3727.7072439494
748257180.4491448402 7359.3781766891
659157099.4906350374 2254.2517488381
659008774.5153111219 2233.0872642473
658839398.7376165390 2187.2740563229
725065226.7050154209 6510.1818473613
747377507.1908606291 7337.1447105408
673186808.6962307692 3686.4222705305
673079676.9489572048 3681.6891834567
661013964.9080475569 2548.3749323172
660408824.1317533255 2457.7720749179
673253620.0766782761 3698.1232092321
658788003.0708020926 2186.7217637371
661261137.2131423950 2571.7100172324
658852115.7702143192 2210.0529202298
673302865.5677205324 3705.2635595739
673078179.4359968901 3672.5342986444
681257159.1734138727 4238.7460865091
681445459.6258257627 4244.9484572166
681217342.3664315939 4237.5015949319
681141195.4300217628 4223.2165139418
725861405.0089774132 6533.9669691002
659544757.3125468493 2323.8378246532
660223168.1850625277 2433.1319744619
660206334.9131870270 2417.0288770554
726114236.0735893250 6545.6129545471
726000830.0656435490 6539.5896054594
672426527.0590076447 3608.3847240462
659965633.1508812904 2373.6621220498
660037330.3030704260 2375.0006444439
659468895.5996326208 2300.5808777840
660101678.7636725903 2375.4058270887
659430808.5735702515 2277.2233187027
658313965.7606425285 2058.9572938787
701449959.7593721151 5356.3888971117
701223468.3566393852 5350.9584562090
701076136.8120197058 5335.2461542991
701209682.1421302557 5342.3852357772
727077875.2003004551 6577.8707590601
658564951.1330863237 2109.3061758630
658480092.3007347584 2084.9861608979
700586766.0553851128 5311.7196773843
700383976.1216531992 5297.3381733255
658539228.2530094385 2085.0654474419
699889392.3432680368 5266.9585657171
700247394.9817836285 5288.4564218782
700031383.2338925600 5271.5388943535
727039445.2037099600 6577.6584787866
726933446.6420369148 6571.1618394157
727185856.1779955626 6582.3560341349
727678105.8280435801 6602.1592033407
727422544.3160623312 6591.7236384651
727749846.6349530220 6604.6872509024
727349082.8547922373 6587.8509536362
671563812.9515793324 3432.1074943244
671663813.4413138628 3444.2766783387
671926064.5332434177 3476.9906222633
671927400.4809033871 3478.1883961115
672165618.7371371984 3507.4908997946
671733865.4222636223 3465.9217690772
730360515.0784031153 6670.6931575537
734134016.8835426569 6787.8009596365
699560450.3086345196 5160.8117890630
699528880.9409319162 5160.1666720185
699474936.1825758219 5159.7801401887
730858747.6317120790 6688.9905178212
732054397.7470288277 6724.1026973873
732318384.1877065897 6727.7840548195
731997729.7651376724 6722.6626301073
731770593.8159928322 6715.0398429950
731661049.2643077374 6714.2613935731
731147313.7212746143 6697.2286544107
733166230.8200255632 6746.0782776503
733150120.7832156420 6743.7937341361
733315133.6824840307 6755.6206584601
733764732.4881067276 6766.9276290564
670640448.2441861629 3300.6488176690
670793379.4923220873 3305.5564405001
670731342.4856750965 3304.0399706341
670562466.4144122601 3282.6029151953
670651873.9026426077 3302.2545796908
698225530.9655005932 5079.2684707665
697830949.7253676653 5043.6036945181
698028020.3257691860 5061.5361450964
697919485.4986661673 5057.1088594252
697842401.2160309553 5049.4519590193
720481736.9688053131 5899.8401104333
720374800.3384267092 5896.2626235848
723732463.7162702084 6030.6133183405
723445132.0300344229 6023.3382093438
723259891.9119954109 6006.1353876123
720172284.0259745121 5890.7760235192
721096624.9677585363 5927.5214180378
721360607.3232570887 5931.3422140507
722913145.3736313581 5993.3688184903
722079103.0338605642 5951.6478220057
718973493.7367626429 5817.7107864520
717987971.2048115730 5747.0289616793
718118160.2070708275 5752.8121241097
718177211.1209207773 5757.7815893655
717640844.9507404566 5720.6108833193
717305394.7451056242 5714.6750479578
717280980.4655119181 5705.8759861826
717196664.9873627424 5705.6791611552
