133283933.6576840430 717.8554661826
133610623.4124250561 864.1413124670
135314186.6820211112 1153.1359784520
135286682.2370115817 1148.6987292683
135892831.7788464129 1245.1745662173
135971512.7628756464 1252.2709774965
133631577.4738482684 866.6920577398
134212255.8726556599 980.9075119177
135314043.8049143851 1152.5529286778
139982725.1886746883 1700.9822746070
140404904.0798521340 1750.2792654784
141712433.3916907609 1870.4275054932
135420071.4766349792 1166.1761101857
140180466.7276230156 1725.9278174193
139963638.0294093490 1698.1151181014
141852968.0869198442 1876.0452262163
136770973.4530318379 1341.2071854117
140063691.3158267140 1718.2631436141
141944594.7380728722 1886.6096878052
142085851.7900896072 1890.2405815125
133685967.7737674862 883.7163775471
136537644.3225859404 1317.0335696050
139821287.2308975458 1676.5377124103
134666265.8378779292 1072.5266372785
135644423.2603587508 1205.8082424780
135712321.0188262165 1213.3357920131
136499836.4021776915 1312.5534408399
140084727.6145482063 1723.4901667388
134163569.2848406136 975.2253811483
134748432.6431101263 1079.6189555815
135262992.5449506640 1146.6213490880
135855383.1014390290 1232.4954812011
133667395.4656460434 870.0114204065
140008115.1320844591 1715.3577391656
142107585.8843376637 1891.8632297516
142040203.3128780723 1888.2376155853
133101675.6235180944 560.7008913492
140198167.2387108207 1726.6588929892
141624858.5411581993 1860.2428026199
134021891.7410680950 957.4717381125
135884151.8576676250 1237.8132996529
141415841.7776638269 1843.3516702652
140555193.6206161082 1763.5385614187
140167971.5509783924 1724.1358586104
135319725.9268785417 1166.0696084416
141691735.9070109427 1867.4887180328
135617510.9468150735 1205.5601477107
140248331.1939839721 1738.1355603488
140361849.7217363119 1743.7105444223
134006469.6129232794 941.9126278045
141681164.3260279000 1866.2316961288
142073200.7924282551 1888.8467235565
141801002.5397465825 1872.0008687973
141625907.0396327078 1865.4862394333
141693799.2185576856 1868.6551651955
141872808.6517157853 1884.9344987869
135759372.5259203017 1228.8952326259
139834465.2138220370 1695.7803034337
142113149.8570556939 1898.1665821075
139911612.9841475189 1696.6233919414
140014662.5521714985 1717.2616081985
140213688.8379804194 1737.9971600326
133673898.3969059885 871.1811305972
135217256.3713474274 1145.9887754834
133812606.3925579041 910.8250515492
135058767.4658755064 1122.0215361035
135112815.6690912843 1128.8732221043
136804528.6310371459 1348.9863436528
133706181.7023749501 890.0512229659
133980212.4812501520 941.1924045210
135037398.0894833505 1120.8180191434
140704906.0276805758 1770.9925172701
140926719.2985319793 1786.6333253980
134932971.6853678524 1107.1708962834
135134826.0631721914 1141.3564932263
136662987.6040090919 1333.8224936179
140322692.5487525165 1740.3490353003
134057997.0002952963 958.0962633987
140601190.1516418159 1766.8993089795
140517949.6768426597 1761.7547402978
140376963.5979388654 1744.6396720782
141233327.9684948921 1816.7817065716
141120470.5144174695 1810.3092455864
133474588.4197795242 821.6469723376
140326772.7660916150 1742.6520922557
134897608.7366542220 1099.7263998474
140424031.1704439223 1753.5358156040
140463830.8395380676 1755.7895572558
140480231.5049745142 1760.7083938494
134744213.3614380658 1079.1303020185
133689299.4474859387 887.5210174432
133819574.9230890125 910.9198298876
135127193.4829359651 1130.7716826573
140807620.9534614086 1785.1162216067
135807588.3211362064 1231.7566739997
133649294.5069781542 868.0089418069
134910747.4857264757 1099.7365792310
140981434.2505207360 1789.9689507484
140776583.0892408788 1783.1137430072
133470643.9318297356 821.0687374205
134060244.3832101375 959.6454560531
133602164.5210126191 864.1221162454
133977526.7731278688 938.0234787588
140751685.5525687635 1780.9282214046
135078776.8009388745 1122.5533056176
133285938.2363947183 720.4058975189
133970913.6887445301 936.7408845549
141080275.4242151976 1806.3549280167
137626768.8905977607 1439.1657255815
133895992.3737118095 934.1366531973
137720526.5017824471 1446.1231445299
141005829.1439844966 1802.2910539508
133835063.8648975343 912.3608747621
141083377.9936862290 1806.7927465290
135183828.5666333139 1143.3590488127
137494505.1214319766 1423.8242366539
141141083.4421329498 1814.9839379787
141280262.6357752383 1829.9544550180
141180950.9653814733 1815.2343277931
133125785.4247734100 603.3006843187
135738910.6495617330 1220.2882014435
136627830.5128026605 1331.5405628987
141300792.4172985852 1831.0702298880
141503043.2838564217 1847.3588559628
135156720.2537939250 1142.8215360213
135667588.7158733010 1209.3286302468
135080791.1486103535 1126.3883157726
135179581.9313399792 1143.3347203946
134591427.8297024667 1052.4791514194
134977700.6357563436 1119.3994386113
137439128.9736333787 1421.7199448274
141345933.6374096870 1835.7964773178
133939553.8363992125 936.3103711380
134815619.9500871599 1095.5363981454
141502176.0463962257 1846.9660799503
141545943.1524779797 1853.2422580719
134939109.0024700463 1112.6562345988
136683897.5752789676 1336.7424234077
141504320.1436920166 1848.0402868986
134561156.5380634665 1051.4839527300
134742357.2432468832 1077.6475703335
133879257.3807596117 915.1010572811
134532287.7718481719 1048.5923258579
133837087.5920140296 914.6883938437
133438601.3223808557 817.4711426367
141252550.8119696379 1818.1867332458
141262485.0416483879 1821.9168274403
134840045.0117863715 1099.0065481244
134917345.1602911353 1101.9855164802
133411786.8964074552 788.8877665010
133787532.3506601900 910.8015682821
133545815.4556913525 841.9186443200
134704069.6707127094 1075.0062470921
134726097.8842664063 1077.5613147235
133490997.6731543392 822.5897180308
134811230.2113779485 1095.2104538447
134770610.6618188620 1080.8425148893
133121847.8876975775 601.6073655791
136838829.8727698624 1355.3636776173
136579280.7713960111 1317.6792614766
133376119.3246042579 772.6988732095
137502890.9972295761 1426.1405690836
139720302.7399215996 1663.1004519761
133226749.0480344445 697.0711097306
134647474.5914476514 1056.8105491151
136604860.5249318779 1319.4712202855
134449950.6437973380 1025.3116796008
133111936.5214447677 579.1103791304
137526829.6993688643 1427.9554763965
136797834.5280251801 1342.6634464386
139789483.7833359540 1667.8794062734
133204368.4377513975 674.5945189571
137177335.7285181582 1384.5903619455
134614525.2975229025 1053.2845125562
133219730.3913579434 696.0164747386
133189244.8236090392 671.9476175860
134659976.0864473879 1058.0750530055
137340814.8450402319 1408.4388041468
137272169.5754640102 1399.8919063734
133469655.4629996270 821.0462792712
133163545.3559847325 632.0638397851
133412942.4872814864 797.5931813326
134556626.8137829006 1049.9704098842
134541757.8321393728 1048.6467645160
137292818.7179372609 1404.3006226944
133250689.9193942696 697.9359027110
133212429.4544894546 694.6715589718
137322848.2107710838 1405.4406112360
133527247.4724003822 841.1042193673
135685942.0826111734 1210.0979717156
136869468.7011152208 1356.7153993220
139688237.1326722205 1658.6064346433
134396397.6605282128 1005.1337236197
133767991.5173392445 892.8139888945
137524490.6808449030 1426.3590488841
134336933.4198587239 1002.3899004080
139784326.7108955681 1663.3705871105
133146576.6894612312 609.4739566439
133155060.2586528659 629.6065107819
134401690.9292366207 1019.4246670047
133748086.7147585750 891.3565708562
136209641.7763832510 1279.9913955395
137393722.7928796411 1411.6335757898
134483770.7133247256 1030.0195757927
137260995.8488803804 1398.3848599123
133145181.5119582266 606.8316656642
137331865.2612167597 1406.8493253218
137274144.5845852792 1402.8054841684
133139760.9167815149 606.6817348593
137200397.0173521042 1388.4561529428
133187488.6149903983 652.4452562643
133203919.4285577387 673.6160830880
133685756.0973316282 871.5373638436
133186062.3697820753 650.4563085943
133165580.5809154063 649.6148114123
134380975.6033025384 1004.1911598810
136636839.5705742836 1332.3121996195
133631558.4166298956 865.5503795898
136021258.0510065854 1257.1671282257
133565764.6493088156 844.3170532638
133149892.9480314404 629.2716180005
136133978.0886371732 1271.2138393008
133611076.6277631968 864.4816125199
136001096.2101577520 1254.9345057093
137104352.4517762959 1382.6211002440
136913253.6018947363 1357.1521824867
136166727.8855728209 1274.6641980008
133163475.2736483067 630.9171955983
137230658.7227803767 1396.4281502039
133590596.9462317973 855.7203300200
137079560.7164959013 1380.0504842371
136752398.4364510477 1341.1122810104
136961564.8610335886 1364.9634059595
134400093.3736347854 1005.6371609115
136913462.5005002618 1359.6925199981
136777324.6400963664 1341.8825100035
135599869.7710682452 1197.5003992821
135477895.6582523882 1177.0441673304
135440642.2981304228 1174.0037383082
135582431.1703749895 1192.8228186871
134313868.7528823018 999.4693123468
134248847.8146397173 981.7514931330
136120976.3735814691 1263.0828851910
134297496.0260102153 983.5890013709
135421497.6425049305 1169.6949992980
133361534.6757825613 743.4321343620
136851299.8753976226 1355.6472845346
136264596.9326435924 1283.5511535973
135509437.9443588555 1179.5232675577
133369459.4891487062 744.0064743586
136449619.5291498899 1295.8041621860
136349525.3986099660 1293.5794782833
136334593.0960757434 1287.5510134322
136418121.6954003274 1295.7038570623
133341274.0454437137 722.4485697577
136283039.6779519022 1286.0716636673
137933156.5829502344 1458.6742454955
133326243.4703097045 720.6746513712
138612081.2718254626 1529.9264323527
136342874.9757273793 1288.3047205005
136105850.6425262392 1260.7745010373
133342008.5361946821 726.6957347224
135510559.3025317192 1179.5410321979
135570518.2379735708 1179.5917480271
138022332.5893174112 1467.1917074734
138701142.3924093246 1539.7651541606
138298848.2714765370 1494.2552387530
138510542.9410579503 1516.7119837049
138094300.9098216593 1470.9304444605
138042356.1378173828 1468.9643487746
138844908.4008220136 1550.8631427754
138175797.8881517947 1483.2562625223
139017475.0456649959 1567.3515051007
139332994.2839343548 1588.4962417949
139253662.3175205588 1588.4495682586
139120907.7132947147 1573.6714215875
139395780.5165109336 1591.7601755727
138531548.0575472414 1518.5592580605
139221181.3087376952 1586.4439616073
138294412.8421402276 1491.9454311025
138964805.4237325191 1565.1611568797
139141214.9408545494 1574.5790208150
138821863.5195306540 1545.9358631540
139155091.0267620683 1581.4404904712
138906501.6682615876 1559.0749252308
138518152.9082200825 1518.1978658903
138082356.4823883474 1469.1086764151
138712650.7425196767 1540.4616878498
138962470.0048931837 1560.4135053921
138222396.4072044194 1489.1455666834
139077873.3242641985 1568.9336669669
138648348.6769612432 1529.9768822311
138487017.6235110462 1514.6712840572
138901404.8260042965 1556.6037155652
139199966.5504906178 1581.7379328236
138663968.8178121150 1533.1115637403
138323245.6345903873 1496.6176913753
138281480.3329415917 1490.9976720586
138427297.6228570044 1509.5513213649
138016827.7130165994 1461.4029413723
