198753224.7423232198 404259.9246826172
187644368.9762725532 293330.2652428634
195048644.7070171535 385144.6347808838
189407695.5990339220 326195.8986956030
184539484.4823297560 176657.8695156025
184924059.3478857279 204598.4373924918
189346640.6070449352 325176.9538177103
192958384.6354635358 369009.0692443848
192796897.5487270951 366160.8052673340
195195026.5713857114 387715.8724517822
196182381.0428239405 393108.9449462891
196550171.7049848437 393830.5745239258
184955998.8564495146 205099.2778060623
186946079.3950876594 278795.3763855128
188694674.9465669692 315949.5960841030
192863235.4437729716 367493.7773208618
194757531.2359153926 383750.9886970520
198547854.3321871161 402425.4821166992
185113356.6856254637 215275.7628438883
195116042.1313307583 386463.6012115479
196125479.8747744560 392275.0964355469
202455381.4870806038 411144.1180419922
184585022.5649056733 177031.7384167349
185927518.1519613862 247125.2348064296
198605001.8350934684 403530.7515869141
201829833.5750817060 410465.0614013672
212684607.5177899599 415284.3350830078
185015884.3025823534 209115.5912666433
201546292.3881192505 409622.4232177734
186303414.8462265134 251198.3412689082
187236148.1319123507 285535.0203416971
188811570.0047127903 317736.5154480934
189834735.8981135190 330588.5859307498
193178865.5846179426 370509.6843261719
202772797.4380523264 411303.6546630859
189798052.1483710110 330003.2605564892
188729132.9951163232 316254.2611246333
189452434.2659496367 327818.0798867047
193048612.2369793952 370162.1888732910
184613082.1537037194 182100.7935862781
184957299.1079912782 205148.4762294628
193186808.3782748878 370930.6017150879
184960059.2586539686 205190.0454204418
195913967.7780180573 391247.7504272461
196263210.7540998459 393418.8171386719
193202789.3340151012 371401.9152526855
201899361.5707122087 410609.5506591797
212507942.4179537296 415239.0157470703
195466314.1706781983 388614.2177886963
195947395.8038225472 392035.2248535156
184586200.1651257575 180028.3851390125
184898416.9943659604 202385.9771263786
185499506.8440620899 229796.4391894452
195660092.7042503953 390595.9153442383
202760468.3066973984 411165.4603271484
184963345.6969996691 206238.8369900761
195049019.4647116363 385637.4842987061
195514856.7290685475 389678.9792633057
195143167.8918646276 387248.0952301025
188301055.4061467350 308147.4957830533
202247986.9621981680 411090.6995849609
212471557.2186157107 415169.9034423828
202304044.9155270159 411128.4307861328
184737377.4319826961 188500.9018224429
185776109.1069316566 240756.5791448466
198274064.5744647086 401890.4636840820
187613407.3905719817 292927.2796032913
195637158.2437359691 390237.7595367432
189189846.5724538863 323904.4746241421
193301572.7218125761 371403.9222412109
193316371.2627071738 371741.2423095703
187408336.9969725311 288834.1359704025
188901723.2307815254 319743.8238179982
189124803.7311164141 322609.2492278665
189671306.5943588316 328335.8800061792
193752094.3924670815 374815.7730712891
194660781.6421718001 383082.5801849365
189370252.2909988761 325834.0395110697
198403990.7020243704 402219.3323974609
188951313.1231118143 320643.4648398608
189243035.7896246016 324919.5170501322
198567868.8985410333 403147.0249023438
187365248.7025207579 288370.3793786056
193706261.2950423658 374644.9319458008
185680532.3068635166 237817.0782150738
193530896.3499898911 373276.2621154785
193643278.1722641289 374486.2538452148
185885783.6642558575 245190.2315591685
188996549.4276426136 320827.8741668314
193340205.2820395827 371952.7699584961
194383530.2772536278 380499.4540634155
188936371.0881069005 320630.3175567240
197892541.0994182527 400612.3430175781
184671208.1137157381 184024.1132569553
188919635.9772075117 319883.2906054109
194271481.4133794606 378467.4313507080
189082442.1788132787 321825.1415313333
188952113.4662241042 320672.7596953958
186987440.2376847267 278921.2150695948
187428287.7320386171 290045.8427575119
188979562.4243375361 320750.3343242258
193837188.2573417425 375018.5642089844
193358009.7127752006 372656.1934814453
199087511.1913115978 404803.0728759766
199382252.1310696602 405551.1602783203
201647007.3889673054 409905.0560302734
197429651.9908272624 398344.4715576172
197863103.7638837397 400373.8885498047
184681405.8516857028 186186.3957810642
185631786.1155689359 235347.2057837956
194600146.9231407642 382147.2033386230
194903452.2402465045 384853.0736236572
187070411.1616030335 282409.8433044581
187203726.6058746874 285265.2043524534
185043449.4315718412 211059.1840736456
185953117.5418979526 247234.1335843327
186902408.8291583359 275146.0363357691
186939054.2938010097 277060.2808044581
185031112.4425848722 209311.3608296104
185972825.9530583918 247552.6072200648
198946475.1441766024 404279.7884521484
184973190.5658280551 208720.7484276481
187022521.8139319420 280674.7477234034
188824484.7732973397 318152.4659637064
194627526.3887457848 382668.0449981689
196607719.7616559863 394165.8710327148
184965152.5673032999 206717.1664760448
187535198.5609591305 292562.9436598048
188679782.6982195675 314781.3182158768
188597790.7951793969 314460.4020904154
185595522.6105445027 234278.6971473210
196482792.2939412594 393803.4639282227
185819898.1253714263 242954.4568736516
188569418.8132072389 313729.8904845268
194529893.8902455568 381825.0304107666
196567633.4563513398 393899.8395385742
202051327.7140263617 410804.5426025391
186179917.0817853808 251177.7550019138
196949056.7808992267 395998.1607666016
196800173.7550578117 395747.6126708984
204016367.2077535987 411633.4013671875
186070324.7114591599 250548.2626904361
201458587.1898947656 408908.1380615234
197269725.5248155594 397978.0845947266
184981235.7696551979 209090.7941800244
187283555.6572776437 286447.3613596139
192674443.5000775158 362962.2604217529
199518970.7892841697 405787.9146728516
185654466.0233989954 237389.7931556217
192678671.5197181106 363105.4608612061
204013771.4160848260 411607.4633789062
187359138.4016242027 288219.7283380330
196918861.1305473447 395830.7601318359
203978434.7392997742 411579.4914550781
184858924.7556284070 201290.7548956648
187200741.5554074347 284867.1505631832
200240122.6707506478 406860.5128173828
211983984.9210240245 414581.0418701172
188371319.2615207136 310207.1555757076
200208963.9838799834 406530.1773681641
184880629.9762839973 201733.7957680412
188244200.5470649898 307710.2454968840
199329532.1160406470 405372.5123291016
185915435.5665480793 247076.9874829166
190265541.1471063495 332951.0678836256
192688969.9206084013 363215.4261245728
192556418.5623240173 362179.8293304443
190306987.2736611366 333325.9166079909
190410441.5481606424 334178.7768193632
188536350.9300763011 312900.3604526073
192526703.2333368063 361861.9514236450
199486637.3585271835 405570.7608642578
184743587.7380000949 190131.8272934498
185836800.2324777544 244371.0460637920
200158503.2110184729 406389.5191650391
185798757.3091140687 240928.9527739994
185069322.8946392238 211516.2239214722
188424386.1052646935 310506.2637528926
192494428.7886466086 361301.2228150666
185834998.4889558852 244057.4034494869
185722654.0536684394 240158.8431825154
188115713.9265516698 304515.0646218807
192404980.5447760522 358697.2447114289
185568187.8715760708 233918.5179481022
184728796.2379041314 187079.4674386459
190465494.8810603917 336034.2838592529
200199755.4808783531 406454.5255126953
184788636.7387249768 194217.0746163803
192693410.1491692364 364451.5535035431
184773544.9723006487 190585.3359758931
184724565.6329484284 186405.9255990463
184926625.8061453998 204995.3828971572
190022804.1141485274 332282.5551967621
201265714.2237841487 407499.4878540039
201346838.7991676629 408572.2589111328
188325978.7300803959 308667.4902988225
184742518.1775769293 190094.7635812240
187135590.3131376803 282988.7309742151
187264271.1738759875 285948.5648485599
211897516.6381645799 414528.5660400391
187170149.6508717835 284812.1379871545
189988051.3370202482 331870.4227420241
201525362.5295092762 409035.2923583984
184787905.3941020966 191145.5217599350
211833039.1012213826 414490.7598876953
187580343.2540095747 292741.1154737696
184821152.0097048581 194258.7325233759
185441054.7487165332 226276.0300720818
188209597.1128924787 306954.9747781307
187665970.3546526432 295165.2402413115
199645356.0477233827 405969.7449951172
185474943.7367011011 227179.7459663637
185552832.9593499005 231261.0033806665
211536174.0824970901 414222.9073486328
185388396.5631648004 224610.9561380632
185450530.1207123399 226523.4646829255
193926083.7996528447 376176.5342712402
200213547.7305158079 406566.2435302734
197109629.2475278080 397096.0568847656
185410125.1662927568 226257.8509439714
185544424.9836288989 230054.0768360607
197376467.0188926458 398162.8309936523
188186246.1888497770 305750.4924020618
197528289.6040588617 399240.0314941406
185313843.8085536659 220411.2843871238
185271928.3017229140 219973.7586832754
211169991.5499084294 414206.5916748047
189733520.0238442421 328443.3003131300
184857059.9021269977 197882.1718060076
185201226.5224803984 215627.1294851787
197471226.5274611115 398900.0761718750
197552162.4182654917 399263.0285644531
185345654.5227147639 222057.7819823511
199896082.5924061537 406383.4969482422
199855455.4652289748 406342.2489013672
185373298.3479463160 222221.2771872170
185233855.4152392447 217359.3307902711
186927932.6244335473 275652.4920314220
185235234.9713183045 217935.4709471948
211704327.3917953074 414315.3441162109
188077037.9234936535 302814.0853042454
187976859.3476557434 299414.6959285587
211758767.4384911954 414378.5355224609
187939021.8161935210 299317.0481653064
211720403.7801893651 414346.6334228516
187849396.4411224723 297983.9401368946
187776175.5253073275 295953.5595013425
187731059.9984755218 295847.9403112456
187998480.4365155101 299941.1463577971
193998801.5540627241 376197.4539184570
191798093.1339205503 349526.9549906366
210671481.9468261003 413726.4249267578
191899651.8143900633 350481.7893509553
191944544.6837771833 350612.8473529816
209434280.6059063077 412593.2957763672
209545668.3010542989 413017.8111572266
209410103.7130500078 412108.0255126953
209354244.8998121619 411898.3756103516
209839284.5261180401 413382.2537841797
187802039.4837981761 296772.0942470059
210214526.3708540797 413478.8565673828
192005447.3647910953 351232.3926410675
191964658.4885717332 351103.7146625519
191805666.5683203638 349748.4375629425
198139595.0996606052 400772.9223632812
210363842.5717457235 413531.0250244141
191359868.4519260824 345720.5097675323
201286700.8527064919 407766.0645751953
191350658.2353138030 345039.8001167178
201295562.0827543437 407778.8680419922
191282643.2874162197 343461.9138965607
191065112.5523071587 340690.2774677277
201229673.7661540508 407225.3153076172
200826550.1820836961 406961.5421142578
191078561.5824503601 341195.9654465467
200802743.3267880082 406899.0592041016
191326616.0481774807 344968.0771866590
191302600.1246541142 344639.1674033999
186898744.2825880349 268618.6323735539
186886246.4870129824 267875.5014752599
186795112.9035814106 263327.8065932144
186831422.1589367688 263707.5516188492
190997271.9150995910 338749.9420287237
190887778.7168111205 337016.2303282842
186774521.7069884241 261044.6384234775
186768821.4314895570 260666.9725229368
186826359.0858761668 263388.5356707920
190840537.6117294431 336882.0448729619
186683857.1485493779 259774.0687518467
186760658.6030264795 260406.3144140590
191008139.9010029137 339555.2148863897
186519527.8538016677 252671.5810834366
186560374.6032362282 253786.0097485977
186644079.4131245017 256255.0176166195
186580254.7108168900 255787.6821576554
186492746.7737266719 251907.0181256729
186605148.5342592895 255891.7873822647
186508968.6646027863 252488.1781488109
186494826.4805699587 252107.0118246424
