82352975.8392643780 5681.8646838665
83027958.8128614426 6001.6057891846
82719583.0585575551 5898.0990295410
80312853.3934218884 4638.2550620511
82831089.6240757555 5919.8651056290
84213286.7595935613 6274.8489761353
79827520.4191364050 4287.3882710263
78304045.8173966855 2980.4851113040
80236457.8358440101 4603.6089228913
83937228.5744340122 6228.3352966309
80016731.1669208407 4483.7973200604
82434777.6677825302 5713.5612268448
78424874.3879048973 3103.4826870639
80422191.8400786817 4712.5460100621
83298410.1714877039 6088.1991806030
78805675.3408399820 3549.3081430924
78903788.0923212022 3657.6867000088
83060416.5269469619 6002.2827835083
78482178.4237110764 3158.7596142218
84234346.7875498831 6275.2624435425
79941496.4468213320 4394.1790279523
84085882.3707344085 6244.0628204346
79140175.3522884250 3822.0611731098
78253877.1640058011 2810.9913408238
82506653.5640189946 5784.4920973778
83387255.0113318712 6099.1288909912
84186825.2989846915 6273.2012252808
84118341.1602577567 6263.6855850220
84369071.2600877583 6303.9114532471
84270408.5844317079 6276.3651046753
78848614.0354876816 3570.3383051679
79835953.4373556674 4339.6750186794
82075722.0887833536 5577.5751444846
83230622.0688280165 6041.9820098877
82965038.5184274763 5994.7443389893
79314338.1921902299 3987.6882743244
84028190.8237023652 6242.5009689331
84320076.2085512131 6279.9947509766
84363531.8235664517 6285.4242782593
83360383.4025505781 6091.1249694824
78372696.6366986036 3089.9452553470
78780319.5242231339 3548.5338686481
82705994.4633100331 5827.5689764023
79142788.5791899264 3878.2294224939
78439839.3709403723 3120.6554833133
82978745.8141442537 6000.1916351318
84160283.9041551799 6272.7427902222
79737532.5497409403 4287.3521684185
80067768.1068608463 4499.0233050212
82208070.9502006769 5606.8861447368
79314368.2053802609 3987.7156033284
82008428.2984052747 5520.7310788184
82885498.0651466250 5932.2689352036
83448142.9135586172 6109.0908355713
80594356.3758555055 4713.0690669343
82223276.8854357451 5617.0089718848
83146048.6827547252 6039.5741043091
78609508.5855279118 3332.8706712779
82494556.1509434581 5781.7738594413
83085675.4541278630 6028.0364151001
78589311.4411567599 3320.9790544566
84099601.6820591688 6259.5039596558
78488238.0373881310 3207.3556345034
78682640.8614142388 3455.9881258067
78740174.0952322781 3487.3944113627
80275293.6867280900 4612.1306728646
83207928.5357169956 6040.4402618408
83951198.0791057050 6231.2764663696
82853112.3618188798 5930.2764015198
78580344.8301923871 3235.2965040263
78513694.9030187428 3230.2352000531
78446508.4452115446 3121.6912078475
84192479.3058863431 6274.0389022827
82909953.0469176769 5947.0152072906
78609507.3844521642 3323.5574383792
78321708.8423799723 3011.1953392703
80114927.5786956549 4517.6837627366
82257988.6566216648 5676.0654046088
84004709.0316024125 6233.7961196899
78887823.5811466724 3649.8727939650
80370911.4340441227 4679.5906948224
83085075.7916490585 6027.8792800903
83093295.0508485883 6028.6407546997
82835954.5412927121 5927.1615066528
82955352.3436860740 5947.6259689331
84105733.1921128184 6262.4451293945
84313039.6855146885 6277.6379623413
80360268.5251513124 4648.0140537396
82677777.1939191818 5816.6041703224
84297206.9410583526 6277.1841888428
82163537.6067309827 5599.1434146911
84207016.4848350883 6274.4788589478
82790585.0847799331 5900.4836778641
83532932.4390172958 6129.9042129517
79305422.4840940237 3977.1348156697
83403215.9645055979 6099.1836929321
82798962.6852290481 5906.4150409698
84356165.9885694981 6282.6769332886
78590093.7476718724 3323.2631046828
79140268.4392118752 3836.2710860139
79697157.4007345140 4264.8770319745
78252741.0759778321 2800.1732371000
79392407.7736211717 4023.1128048665
82210700.5019417107 5609.9936461002
78170348.4601141661 2519.8059061952
82352591.9278348833 5678.5424766541
83514797.9059047997 6127.7837448120
78646002.6776546687 3430.4391984996
80363333.4112249315 4674.0772766396
82973653.9637965560 5998.9739379883
78833481.0287489593 3565.4481098875
78882461.7046361566 3637.8578779921
79692123.2321462035 4207.6618594304
78886621.2567209303 3649.3593266234
79182736.2537026703 3878.6257709033
82718430.3833081871 5839.6117944717
82885802.3172372580 5935.9999170303
80399091.7760887742 4700.9088515714
78218870.4193009883 2745.5788939146
78158532.4387225658 2473.2877651379
83912418.8481194079 6196.9854888916
83917508.6769700199 6199.8924636841
78179167.0162981749 2566.1594413444
80353475.0644131005 4643.8536037579
80128896.2246151865 4534.4126332700
78140516.5817002803 2383.0757724866
82559655.0106395781 5798.4008665085
78298305.4221438020 2927.2841225345
80001522.5927294195 4421.0530993864
82364515.6346890628 5686.2579867393
78469351.9258506298 3147.2401351547
78354500.3281585574 3036.7442665774
82135705.2261795551 5578.1384560615
79917521.7207079232 4380.7463982925
78754523.9953897297 3539.8991825804
82692680.6242720783 5827.5429649353
80373889.2464067936 4680.3107494488
80281899.4391927719 4637.0638565347
83649643.5352176577 6161.1153869629
83127271.2677978277 6035.1341171265
83691388.2733574659 6169.0443344116
83617226.1648184955 6151.3669586182
79840001.4228311181 4374.3371760175
79401637.7592452765 4054.5298428303
78200879.0931642801 2617.8061502757
79419523.1003907621 4054.5311436490
80006347.1801832318 4456.2509714887
83755809.4571171850 6171.0773315430
82881272.8348851949 5931.8801612854
82243740.1689247489 5622.3793026954
80043944.1631075144 4491.7475551739
82151787.8204888552 5578.4968773872
83404325.7017121017 6103.6613082886
79359039.7324014604 3989.6374554476
83658923.6986522079 6162.0181579590
79273115.7778871357 3946.9484433532
82371392.5153643340 5704.9707467109
83452763.7090331763 6127.5780105591
79952119.8920605183 4419.2631186768
78303265.6524552554 2940.8215542514
82961269.3955305219 5956.6365585327
79869446.9245936573 4374.3563495725
83795937.2204073519 6190.3745803833
83541144.3202745169 6132.9252586365
83601757.1515005529 6150.1856765747
80208667.6458350122 4601.2076992169
79940585.8784407377 4386.2287928388
78280459.3134103864 2847.6559068639
78208575.4521542639 2623.6515094563
82191713.5370929986 5600.1083445536
83623949.6816616803 6158.4873580933
80192792.9686942697 4553.2382199094
82367007.1260672361 5686.4835717231
82402488.2541030198 5709.5678689033
83760430.2525917441 6189.5645065308
79377030.7226122916 3989.6468353171
82522192.5567954630 5785.3223505020
83268273.6811203659 6056.5204467773
78292939.5781757385 2909.2198489273
79434975.5362133384 4055.1092795730
79240514.0158978105 3945.0696987874
78877207.2933803201 3604.6436083540
79107310.8055480719 3779.8661847860
82469428.7280219644 5719.0373926163
82665960.8599628061 5815.1498503685
78460833.7092549205 3134.0782746352
79642924.5234445333 4164.6758844827
79234643.7205446213 3907.2886641835
83235881.9773915261 6056.4239807129
79207539.2738866657 3888.6329012439
79604743.1487468779 4139.2958294755
79517281.5415711701 4070.6928492206
78753108.1484059393 3505.7194731459
79574064.7493505478 4134.0835625644
79470134.2671767175 4058.2720189410
79658008.5235988498 4165.1396368014
79673836.5143654943 4167.3183895951
79098237.6101667732 3764.7688648871
79539627.5788697004 4116.2544330023
78854903.3154836148 3571.9642994627
78183075.6542315334 2579.6968730614
79428435.7613706291 4055.0246556419
79078044.9924892783 3744.5066363402
78585169.0996979922 3242.1977190748
78955423.5417433232 3667.7742204517
79005854.6584414393 3695.4588462636
78980807.3249598593 3676.1861291331
78165867.3434889019 2493.5417884961
79232524.0188713521 3891.6789774543
79119978.1563545913 3821.9016635008
79012765.7564440817 3723.9079658315
79379111.5754051805 4004.9682226330
79002448.5433783531 3692.9504310414
78825765.1690554619 3558.3140764087
79032108.4819196761 3729.7073316425
81005133.1425333917 4762.4902036422
80986336.2963912487 4753.2788570159
81239075.1987076998 4854.1733459157
81077530.0966491699 4771.4006844014
81149192.0832639039 4822.2334443182
81032709.9930756390 4767.4239615041
80975454.4306924641 4743.3781242818
81571241.5587019324 4977.3831038910
81360840.1305266619 4893.5267533064
81515919.1922070980 4930.0862272382
81359839.9088766575 4877.4199894506
81530774.8818667233 4977.2941396832
81341599.5210615695 4876.9662887582
81523722.6881623268 4937.2944953579
81335000.8552590609 4865.5488129116
81393561.3258472085 4907.3898151952
81446624.7239331007 4912.6887997228
81249117.5865610242 4864.6455906469
81249729.7964892983 4865.5283726293
81122112.2536869049 4773.1294738856
81639670.4723992348 5000.8916410047
81335147.2645249665 4865.7314131856
81714296.6280738115 5009.1280595133
81618772.5321581066 4981.0180894044
81471025.0659348667 4915.8409260419
81125427.0256150961 4778.9970075396
81140626.8718523085 4786.1241819469
81927981.0504783988 5076.4941404164
81889608.1838271916 5073.1824882776
81864140.9766104817 5063.7498610467
81822377.8527985811 5019.7439463586
