98952590.4692815840 11796.5333730332
108535638.6988182962 23602.6051483154
98835332.6241017133 11406.5545026413
99039182.8901071399 11834.8964516274
102990848.4666560739 18305.7403905713
107714386.5471495986 22958.7855510712
98382801.1408939809 9290.8780196658
98166770.2970719188 8868.4359461069
98117397.2696070075 8575.1898315698
102205137.0373295248 17375.0756585002
108603366.4980549812 23736.5674896240
108544688.0296835601 23619.2138214111
102619655.1353243142 17884.2185036540
98871940.4967159182 11410.6684622816
98924923.6611762792 11769.3691884628
100291617.4502380639 14416.4512983113
102448904.6359851956 17756.5393136144
103030239.8203241825 18362.5489196405
102954287.5652282983 18215.9474781156
102694440.9164161980 18086.3549858928
103219623.4334905297 18509.2016401857
100915072.7624482960 15376.7979047596
107782236.9682208896 22959.7167129517
108378822.3813257813 23537.4137420654
108762855.4821952879 23799.9315032959
98136926.6928137839 8632.3635841608
100256831.4964291006 14379.2749067097
102951557.2930625528 18197.0379596211
99941233.3567291349 13945.9139812984
100174505.4097728729 14348.4373414851
101105181.0005257279 15678.3725908995
102771445.7952497452 18130.0229831196
108225010.2546775639 23305.2582321167
98053467.2488456964 8241.1393390596
108610416.9160290658 23769.7919769287
108579173.0929378867 23673.8792572021
98838601.9048800468 11409.7982361367
98880113.4479259253 11441.1319557778
99546214.7903323770 13202.1292123347
108411244.6758004427 23565.9216613770
108624717.3215841353 23781.7132110596
108750472.5484354794 23794.6483001709
98951844.1985469609 11784.2013766221
100982300.6638172418 15406.4937146902
108448800.7158382833 23567.4314422607
98264994.6468373537 8965.1555559635
101034504.5952748805 15674.4303911924
108602684.4129733443 23691.5690460205
98743596.1438722312 11038.7131116143
100536366.7191198617 14961.8136004210
107982245.9818975329 23279.2205047607
98107752.5194760859 8292.1284096888
98699297.4102621675 11032.5941459290
102768525.5501686931 18115.5986945033
107935300.1489764750 23206.4132995605
108404455.3277543932 23545.1134567261
108398485.8141811490 23541.5509262085
108676600.4196330905 23785.6169281006
98683888.1503589302 11029.1880802265
102585228.9166260064 17840.5706688762
102684158.0348657668 17947.8987585902
108279347.8153947294 23536.3547210693
98778380.4473168701 11104.4794675461
99121923.9566797167 12135.1090906560
98909984.0707564801 11703.8663612953
102742215.4557634592 18088.7967954651
104123970.1698347479 19336.3929319307
108736465.7406451702 23793.3810272217
98789436.3595061600 11397.9161855332
102628729.1008744538 17885.5670886494
99613080.5690378249 13277.8241781741
100139573.9923746288 14308.6717838197
102296220.0656658560 17497.2942177653
103683732.5436509103 19014.8347323832
100274189.8465096354 14389.0008588582
104137516.2486223876 19391.4410867539
100846575.3444536179 15346.9556182027
100772633.2480339259 15333.2666033506
108236023.3752681017 23447.9516801834
108268202.0358228683 23494.4820518494
99087410.8944711685 12113.5601827553
100750874.3697567135 15049.6575276852
102222146.9381029755 17455.1126458049
102411747.4639170319 17749.7667595744
108463874.5038983822 23601.1893157959
100374921.5802257210 14719.8559919148
100542306.0571828783 14981.9978655577
98237144.1531956196 8887.3093835115
98913022.7512047589 11727.2749916664
99283490.3129308075 12515.1318005919
108639749.7132030725 23783.8547210693
99148877.0769102871 12139.7075403631
100580874.3035739809 14986.0576900244
108266902.5057892203 23448.0309185982
98324382.0829999596 9271.0019710362
99719314.9483998567 13305.1522225886
107489461.8676922470 22663.9208068848
107641265.3458459973 22762.0204162598
100454192.1224401891 14736.1704877957
102307039.6129135638 17509.1658493876
102332062.8989179581 17528.4901482463
103709036.5077073425 19028.7849534821
100367115.2853526771 14666.7663552873
102321492.9085040390 17515.5892083049
107315948.9414907396 22532.2050448656
99078011.6543400437 12105.2600000799
102554345.7725380510 17826.5656487346
104098640.3556555808 19326.5551004257
107636717.1153126061 22746.0994262695
99175354.7298657745 12145.8578699529
103953276.7955974042 19194.4405465722
108681183.7327197492 23786.9544219971
100051789.8052469790 14034.5849347859
102361849.2029445171 17545.3893029094
98342480.6604092270 9281.2677270174
98239255.7121186703 8939.4443322420
108456762.3176622987 23573.8946990967
102482825.3421576023 17796.5796459175
102206873.8233596683 17423.3553913236
107443438.9524322897 22617.5563240051
108712555.7696691453 23791.4980010986
99162510.0007451922 12143.0667628646
98313213.2812490314 9026.0299701691
99233621.2922529876 12486.7403821349
108102273.3340271711 23298.7448425293
102852482.0527592897 18183.6804535955
100446812.9507787973 14719.8903444148
108386417.1191129386 23541.4633712769
104062361.6318314075 19320.9432840195
107533298.1475555301 22688.0470581055
99223378.0532404333 12209.9384526610
102609476.4506423920 17857.1877430081
107593071.2256535590 22712.4095001221
103944089.1905310899 19186.8459298309
104058780.8097476810 19201.6352964711
107323322.5052241683 22575.4600563049
102990410.8004816324 18233.0835174322
104058804.7261466384 19249.5199283060
107809932.1679306626 23028.4411773682
99390707.6537909806 12787.7606152892
99188756.5957573652 12152.0065755248
107701356.4120592177 22922.8681774139
99788945.8227180541 13629.8564528971
103129485.5152944326 18440.4558759555
98482860.2066719234 9648.8258429468
99276553.5147199631 12494.3870386481
100227909.2423493415 14362.4436498433
98457911.7498702556 9641.5660367310
103185933.5293171257 18477.3979095221
107680729.4773477912 22919.2182769775
99324104.4910544902 12539.1983295381
100435506.5232331306 14719.8695938763
107858387.8854195178 23063.9496917725
103143789.2726122588 18443.1180386543
99402989.0162826329 12824.5926160216
107788598.5324251056 22964.8875808716
107791642.3701285720 22992.1274070740
102802457.3527321368 18136.9781537876
99231771.0007638335 12453.1396130919
100026927.1830166429 14021.8625646382
100153967.1459296495 14348.4029889851
98519257.7916413248 9662.3009909443
103517270.6176459342 18734.8759378761
103795474.5128966272 19106.7442189593
99581004.1337057799 13239.0778817683
100353412.2680945098 14624.2338774800
100611056.7620235831 15016.2161363065
103456417.8848415762 18732.0059682269
99785671.5858706087 13582.0395599156
103384428.3322513103 18542.7758818265
98411930.0462885350 9582.5364041626
98431874.2034786493 9589.4310880005
99330791.1693856120 12550.2250794917
100514287.2134931087 14904.1837176085
99729041.6188484579 13573.5822152644
103395190.1528861970 18612.8193693754
106333192.3491819799 21538.1133787632
99891476.0195685178 13650.1584960073
103531697.4726263434 18782.3607209694
106607080.9286835492 21864.3255097866
106390782.8181596100 21574.4598596096
100121184.9809292704 14053.0420549390
98475164.1905442476 9648.1340785027
106500755.6909444034 21717.2732636929
99405062.5483933836 12867.6248788386
98397486.8741001785 9327.6283294559
99522800.8922483623 12921.6780824213
100584340.7087490261 14994.2765620947
106485610.4889948666 21711.4341676235
103670517.6671067923 18888.2022734281
100306039.5282688290 14610.5448626280
98399039.3450442553 9333.6687468342
100023636.7198399752 13988.8359328359
100120397.4019711465 14039.1376191228
100129001.6305684298 14292.2406264394
99921853.5631300211 13920.7876235097
101917792.9392248541 16757.4191837311
103547735.6737374812 18856.4596704018
107176318.3809100986 22237.9455080032
102137860.7780550718 17149.7133680210
100065769.1000393927 14036.9831102369
101998369.3536344767 17054.2904338837
103660730.6957269758 18878.9564507973
99538191.3167885989 13136.6143842041
107266726.5906529129 22405.7306632996
101947376.3801306039 16813.4900264740
106580317.7533942163 21770.4196717739
99754731.5848591626 13580.2065383046
99971304.9261575490 13951.6595412343
103729354.1165668070 19049.2123864662
106440053.0958564281 21616.6846940517
102069020.3690831512 17125.5589223430
103399687.0689857602 18730.4774962064
106445698.0155466199 21646.5296723843
103517841.8965140432 18763.2783493396
103098898.4242835343 18412.0115366575
106584366.8733287156 21779.6645143032
106208938.6187563539 21345.4444053173
106681493.1059477925 21908.9507081509
101964154.4627682269 16979.1895122528
102180725.4989639521 17198.0077520236
98666698.1327404678 10607.3022304657
99710124.3736117929 13289.9726605713
106769459.9700010717 21985.4943940639
106931072.2026800513 22090.1403093338
99476081.9789173156 12918.5196576416
103168653.3371477276 18457.9933778186
101871828.8212901056 16723.4155111313
107078398.2368588746 22218.6478929520
106578763.9988453090 21734.3031861782
106635113.0783045590 21869.9274152517
101844832.5776567459 16709.5168971717
107303610.5809470713 22431.3039598465
102065925.3874792308 17054.9337014556
106290958.1993210912 21496.3438451290
106372425.4567754269 21559.5067403316
101990018.9962922037 17012.9638347626
101938729.9601834416 16771.4653453827
107214226.2062898278 22312.7046852112
107214200.4179300368 22271.1238822937
107017534.0240841210 22216.6033678055
107213873.1390726715 22240.4732294083
106955679.9695324004 22132.8880205154
98668161.7006479353 10607.9040065887
107037520.7387576550 22217.0795030594
107167691.9089633673 22226.0990800858
107082659.9973741323 22221.6450166702
98604050.0431799591 10279.0438915226
98627348.8237134367 10318.6725491616
98595985.0209593624 9993.1122539169
98580040.2057729661 9964.2566250893
98658640.1066221446 10338.7719934615
101204560.5596444458 15684.6301954800
101261250.1613844335 15736.8870384474
101791155.1383044273 16158.5279837331
101786998.1273089796 16135.2510467252
101749227.3169132471 16052.9057634553
105830620.3954846710 20502.5073135197
106016253.9473786205 20656.4948470891
105924477.6006033570 20628.2204330266
101721072.8105035573 16051.0491781911
105638785.3638291806 20091.1861849032
105664810.0266400427 20120.3722315036
105728532.3878275603 20407.9823312960
105374894.1306174546 19700.6649956703
101715058.7029007971 16010.7154989918
105583023.4639157802 20057.9925430119
105653667.6331445724 20106.9567611516
101685501.7964002490 15761.0194655249
105708615.2708551437 20257.7600066960
105671546.7536887079 20121.5357291996
105447403.4373282045 20029.8440453112
105715165.5870849639 20388.0994079411
106176207.9908389300 20737.3589065373
106121532.0388518423 20724.5916641057
105566944.7231979519 20045.0263466686
105247173.0126492083 19415.5827806341
105259749.7078108788 19550.1254289495
105331139.0709995925 19575.8001741217
