822735398.9589922428 38005.7896745229
823342093.4760740995 40849.6269876440
826156992.2273247242 53796.6528345269
826402656.1274402142 54714.3517269641
832079948.0131064653 66908.1980669902
831845897.5617929697 66534.7707012103
831948101.5599933863 66597.3103532538
853510740.2160652876 94352.3100903402
861144459.0386781693 101375.9998953986
881101802.0676321983 116867.1209288944
881266365.2167181969 116920.9500800479
891777246.3837720156 123770.3524274888
891664925.2752102613 123734.6546678605
913887247.5954538584 133982.2876281738
931223338.2700716257 138408.6023101807
826362175.7589287758 54505.0421642008
891865939.5139869452 123787.0694017472
891600381.5699259043 123701.4685869279
931954123.9361717701 138564.8864898682
932960384.3592129946 138624.4890747070
892170793.2882832289 123841.8657174172
823498173.5765577555 40910.2348064557
826458726.3956856728 54802.6908982944
826220771.8319220543 54161.8007091154
826345851.8303172588 54479.8142588008
861184715.1053212881 101439.9495108771
881482876.8577253819 117118.9895087589
826604879.1633596420 54839.0289982851
826197091.4836318493 54080.0916901725
826279763.8279011250 54429.7791160215
823478531.8982449770 40909.9359449530
826582346.1330699921 54807.8438602638
831638063.3483257294 65979.8008554290
831982150.7705204487 66607.2557912544
881522025.3810074329 117235.9854034517
881471643.3311035633 117102.9602593664
913082818.4945480824 133709.0470962524
831806996.7118496895 66228.6548517059
913583019.4367460012 133870.1172790527
930227681.1757397652 138129.1564025879
822745959.2654236555 38093.7349687009
890301787.0771542788 123097.0779606762
889655354.5222419500 122713.9272510471
822841225.7155997753 38392.7331857109
832679898.3346590996 67464.8804757316
890018799.7192384005 122957.5420090618
913590200.2469443083 133888.8460998535
853114120.0460760593 93982.1054326813
946932830.5172996521 139586.3092651367
822695212.1277083158 37689.2900972058
889206660.2324208021 122325.9035152259
881689329.9619600773 117278.3917685855
889796384.4235135317 122776.4353178205
889750522.1336869001 122747.3119587513
889432007.0111671686 122574.3219417395
832286609.4014139175 67078.7418648555
853222090.7136628628 94129.5356021308
881459769.5585625172 117098.3626328815
881518293.6947367191 117162.4658423770
823274997.1268754005 40581.0727395308
823256929.1391816139 40556.1736165220
832259276.7458662987 66911.6005150548
853263878.2532031536 94189.3016064534
881571744.9817988873 117277.2610579837
933949922.9536297321 138698.2633666992
832388362.5393080711 67194.9206095630
852727400.4290398359 93585.1858384351
831735618.6037974358 66220.3469139739
831580700.6564764977 65979.5007073088
853116211.1533734798 94027.0762585442
854222187.1436601877 94857.7966859096
932166401.0952782631 138568.5536499023
822926340.9456723928 38827.9807757408
823080031.0288341045 39553.4584108092
823677932.6484016180 41219.3290855561
853927520.0954736471 94789.8486073089
913284216.9451482296 133760.9999008179
933050782.8065420389 138660.2173156738
914100356.4943140745 134009.8744049072
913813052.9066895247 133948.8870391846
932547150.5933376551 138600.7957000732
832874686.6211770773 67600.9904779169
854032140.4921603203 94840.6192303018
888811724.9594309330 122056.0184912147
889265187.7685220242 122346.2784477012
823284481.5041402578 40847.8760826264
882048503.7017860413 117539.2022062781
912005642.2443850040 133147.0271453857
912132063.1965121031 133335.8653221130
832893030.5407438278 67666.5535723987
932553555.3317275047 138603.5977630615
912029732.4694547653 133178.0846748352
912254862.7556393147 133395.5465660095
930086836.8702580929 138071.9776153564
932555387.3709211349 138617.2799835205
932315962.9857296944 138596.9103240967
827003526.9958999157 55054.0714507354
853352243.2195283175 94246.7668209443
887931682.7354412079 121374.8060963588
823129039.1517874002 39824.0656686399
823187107.8930588961 40129.4823809240
887916509.2789087296 121292.9904377895
853574739.8031457663 94457.6639769445
887437687.3299243450 121049.1148770290
887559598.3982219696 121068.9080098110
887687093.3716208935 121259.7043965297
831342818.4478398561 65045.3210562359
853291718.2453037500 94210.6454832921
887584574.0352330208 121105.1133778529
887469465.8533737659 121053.9229176479
887467100.5259819031 121051.8007252651
887338155.9698169231 120978.8467610317
886260940.0118532181 120067.0658133464
881987416.1903736591 117465.3410189446
886485828.7257628441 120165.4765990215
930810682.3580912352 138298.0122680664
886074424.0109007359 119985.1734972102
854237788.7768911123 94899.0862632179
885495836.2183604240 119537.1990049211
882507531.4707612991 117716.4042536352
882556948.0506327152 117736.5578135901
882331654.7933762074 117670.7026982639
882002151.0964396000 117513.2357335422
885228322.5206575394 119340.7373748524
885278541.1168038845 119482.3920264942
908088795.4235295057 131117.7977251709
885788911.1978344917 119762.8346839649
885576365.2336778641 119591.5058557642
880436303.3800282478 115978.8025967728
880788404.9111511707 116602.4930551980
859674224.6758251190 99949.2209720304
857836301.1686987877 97928.7234687614
858020382.4371061325 98510.6534793111
907445134.4426246881 130899.1150622070
884964882.3166847229 119124.5201910836
911667071.1011191607 132944.2602462769
911798768.8980263472 133009.4512100220
907587869.9321643114 130931.0935358703
858993081.8464490175 99392.4588637829
885263704.6709465981 119359.8916300637
858665755.0091967583 98952.5049823052
858775908.4502910376 99175.5842747125
945992907.1572552919 139399.9856414795
858591623.0009503365 98927.0018085870
858486143.0200493336 98906.5915542126
858736516.7264928818 99035.4632562255
858397834.8443800211 98851.4500660333
907698385.5711396933 130983.7970725745
858168432.8484508991 98603.2696813974
908299900.1506878138 131291.5654177368
831254069.9571274519 64069.3951448018
907929330.4802806377 131075.6470942199
945367651.6079924107 139260.7384338379
945286487.9672889709 139070.0172348022
856289957.9476011992 96562.1599646990
855669710.5514407158 96093.7642299987
856089502.5976843834 96472.6220847552
945339699.7773437500 139097.8242492676
910874082.2184365988 132407.9333877563
945578208.4059722424 139280.0851440430
830718555.8716998100 62479.2445771219
830953829.0776832104 63103.7424836429
831251753.4363447428 63995.3125126848
908516213.9245673418 131378.2650787085
830757606.4275753498 62774.9995133402
855252345.4061087370 95692.3238954124
830782106.1531741619 63001.0608558326
855031673.1394480467 95498.2190905390
945941245.7293877602 139324.4685668945
883305169.2561790943 117820.2237471061
830817238.0948197842 63010.3127145192
855328989.1118134260 95730.5907641230
831119328.5806282759 63729.6336994668
831049875.2601282597 63482.3741522159
831208670.5998761654 63779.3934728728
854906361.4693491459 95387.0227804956
854990411.6126872301 95473.9945421991
909196846.0208356380 131581.7899581641
910137383.4869641066 132008.7854311466
945719094.6773798466 139288.8474121094
854639559.0901677608 95060.1088209925
945282139.5682903528 139048.0222015381
928372603.8916356564 137199.2338066101
928694796.0934991837 137418.9613418579
876880273.5286470652 112674.3242737271
879859361.2554807663 114792.5224689134
880018759.9002199173 114802.3559526434
928389004.7756431103 137224.0470008850
876971518.7706950903 112738.6914800622
878312834.5996516943 113742.8202003125
928401399.8351695538 137371.8645477295
928924075.6884945631 137533.3565521240
878639749.8669883013 114013.4268325452
879415273.1370766163 114394.6800550111
879536962.0386166573 114487.3707135805
909696792.0474586487 131676.4058308601
879507710.7267916203 114434.7893694528
879563353.6211218834 114588.1849225648
879166721.9404290915 114340.2223198133
878998841.6060942411 114172.6396324353
878784928.0776456594 114041.9378352778
830124939.3871055841 60442.8524690657
878554362.7870446444 113870.7247363342
830087421.9277051687 60204.0404654960
829914391.5760403872 59868.9133165101
830008814.5117508173 60145.4944231133
876158756.2835315466 111941.4402209194
876300829.5695673227 112174.5825320156
829949230.4932516813 59895.1709138970
877260734.2847734690 112849.1112615539
829847721.8253769875 59593.0379641126
829782541.3181760311 59538.7724170158
875954620.2516449690 111883.7182370098
829892734.3688158989 59624.9129524896
829660555.4099512100 59254.8677559564
828836282.5182371140 57467.8162764478
828692412.2455633879 56784.0230744899
828610139.4179159403 56741.0112562495
828603104.5469478369 56537.8969731429
876617194.3391627073 112357.2106239677
828746670.0712643862 56851.5282370844
828713216.1247228384 56823.7627014243
828566837.0905894041 56531.7167599171
835953131.6974021196 67983.7182233265
836049338.6531674862 68059.0057307413
828500016.3116883039 56468.4649129608
828407550.1123508215 56214.4005938270
836219573.7611988783 68290.1859255961
836391821.8217352629 68385.0810009745
835977711.7813133001 68019.3364688090
906952955.8447307348 129822.2085995674
825725229.7090859413 41642.9148908182
825848457.8660255671 41689.4590293689
906672003.7541888952 129806.6632676125
825751233.1054844856 41643.1730738206
826109665.5286272764 42277.7656948571
907178198.4616715908 129964.7599854469
826155092.4986144304 42563.7863385907
907108765.8878898621 129943.6362214088
904684434.8004115820 128310.3293833733
905262065.7572308779 128662.9975104332
904838368.8463577032 128387.4017964602
905036657.9563696384 128536.1175904274
904929573.8303757906 128478.5786223412
945039698.3707017899 138917.1019439697
903927616.2945878506 127603.6904819977
848467174.2649939060 84843.3103588961
875486342.3198200464 109676.2355537341
875111339.8190501928 109310.8700659790
875138462.2434941530 109317.2505393402
875216224.3618820906 109504.2911197917
848772597.7957839966 85109.9178656679
848927945.7941980362 85305.1055448904
874752234.7658952475 108787.2058539623
874774199.8077346087 108932.4629884520
874371523.6760252714 108423.8412385741
874324775.0636707544 108221.8966601693
849014973.5028190613 85400.7105136692
874030739.9753202200 108119.4902570064
874092835.1411796808 108221.7058146798
850843897.1628556252 87348.8922049453
850706069.9770023823 87271.6476703350
850879408.9083598852 87373.3720631873
850670544.5702207088 87245.1140218054
850624033.5249085426 87162.1874432837
850433588.4488246441 86924.1375721966
849822121.7492651939 86283.8430960411
849573045.9954850674 85921.7516424888
873641475.6867071390 107612.0372447138
849673232.8517122269 85972.5810683006
873586221.1602543592 107461.3301916149
870873886.1142591238 105012.6113699456
870732700.3184469938 104920.3625698374
869790848.7653406858 104004.2432871344
869631721.6179578304 103834.0610410454
869156890.4795579910 103369.3344365838
869384933.9717924595 103552.6394796851
868724760.9330534935 102646.7628078227
868628840.9440522194 102608.7512838279
868216406.8201713562 102314.4287871455
868276855.9194588661 102388.4093782340
867953301.6672797203 102096.0279285272
903084454.7841269970 123846.1845299518
903355608.5721378326 124040.3223435199
903172626.0406196117 123961.2172730325
847250640.0818897486 73353.9075246000
846760977.5457993746 72694.9200043366
847163177.0723031759 73083.9112801121
846006576.7585803270 71336.2007382213
845764190.3215211630 70946.4216723847
845895736.3710855246 71283.0212224829
845722367.7932997942 70865.3491896498
845869947.3288799524 71226.2459019529
846636090.9338933229 72343.5509058496
846495007.7685912848 72028.8428979697
845615797.8797656298 68821.4008065432
845604095.6389497519 68800.0960956754
845539281.4345315695 68758.8798341623
845467634.1341222525 68757.3891408718
