95774171.2065068781 3.8001865231
107327289.9291934222 8.5897151038
108769789.5676614195 8.9932634607
94237985.9799079299 2.7554420180
99230978.2580555826 5.5500775147
101590237.6675792933 6.5697845612
108658254.5922315419 8.9559385590
108024213.9226319343 8.7785465659
108447191.2973103672 8.9292432973
108398250.2167851627 8.9088403241
110282071.9596444666 9.1424779817
94606168.3305642456 2.9972677156
99386805.9182973504 5.5830375161
108441446.0888765901 8.9196862316
109298671.6139551550 9.1100783199
94470235.7858186960 2.9513391787
98915791.2890577316 5.3772641346
99414240.6905860752 5.5907744179
101526991.3689778745 6.5551153356
109217095.2015605122 9.0902099162
95430238.3784201890 3.6236077042
107162640.8273827583 8.5034740716
109506127.2256240100 9.1168344393
110609608.8534538448 9.1578508839
97881719.6501342058 4.8891196186
101103700.8334590793 6.3736683126
107550703.4062488526 8.6396167457
93878795.9794759750 2.4372730702
109174994.7292065918 9.0810940564
99475015.6268310845 5.7012330238
99040702.6660353094 5.5296246354
107874897.2875212282 8.7031834379
108925775.2097422630 9.0585427433
108896207.9998671561 9.0384818614
109127449.0879075974 9.0793583691
107780413.2127524167 8.6446775787
93453267.0137916803 1.0945467873
93498407.6488292813 1.2699646892
108937423.5628888458 9.0696035475
108169692.6694655269 8.7942424528
108682801.3152722567 8.9705772810
110645927.8198176771 9.1588649675
108034063.5692565292 8.7816424035
108991287.0126314014 9.0725588650
95791192.3828006387 3.8030604229
97707358.1621471047 4.8590372214
108374347.7529184967 8.8905630261
107957691.5141309351 8.7677947164
108286276.5077772290 8.8074606005
108352593.3374925703 8.8400819898
108484026.3509980589 8.9314795732
108987787.0091269165 9.0713409483
93543489.4575408697 1.4294894180
93609377.0751345009 1.9349041344
101072658.8986686468 6.3735017935
109274424.5579134971 9.1078604311
96969747.7473448366 4.5066765508
109954338.8167134374 9.1293628812
97553986.1025241017 4.8285218561
94415504.4191862345 2.8032306368
105292594.4082967937 7.7152420729
97537732.0845711380 4.8150639142
105645832.9585787505 7.9044821799
105966287.6159251183 8.0576229204
110629884.6258379072 9.1587136760
110258014.0276467353 9.1352595463
97070065.1396889687 4.5125345978
107921469.0919288397 8.7298953043
93605935.6224635541 1.9211996947
95136432.0516670346 3.4514951184
100850983.7834687382 6.2235577910
101466875.2721149623 6.5112744356
95945434.1484821141 3.8558651766
95998283.4447323978 3.9675346553
105306727.3912002295 7.8438469978
94633733.9677417725 3.1082783416
98569573.1917480230 5.2133512204
110359810.7744537145 9.1485981420
106291594.3310542852 8.1583850828
93843506.7259752899 2.3011498600
102059672.6609451622 6.7267238107
102024125.1650721133 6.7267237240
95466741.8787391186 3.6254871527
101234835.4562301487 6.4190743254
100014035.3999469578 5.8809712481
98729216.2034367174 5.3580162469
101920751.6129167974 6.6861343553
98663675.7577610612 5.3442721483
93471077.7434358895 1.2658416581
94980619.8735329509 3.2945559556
95396323.8965200484 3.6231035069
96851755.6832431108 4.4718471373
101057258.4447149038 6.3605869322
101712297.6727970541 6.6036065863
109852605.0446168929 9.1194532663
94430328.0069480687 2.9270504064
94683885.8211708665 3.1096713574
105790449.9722687751 8.0213258720
100512797.9126031548 6.0830398889
95681831.7021392733 3.7952674141
94901931.3574125469 3.2804422489
94264712.3221579641 2.7656170836
101386919.3608981073 6.4441047097
101911203.4088349491 6.6157952980
93458335.6349036694 1.0952205086
101019199.0393880010 6.3588323237
101148518.4425450861 6.3885852750
102142244.2391317040 6.7267553919
105706370.5770096630 7.9285215145
108268113.1828128099 8.8060143553
101581668.4657015651 6.5551521183
101523412.8309432864 6.5404461101
93507370.7204037309 1.4283581392
101561183.8186918050 6.5551470034
102142251.6417120248 6.7268059240
99985705.3273526281 5.8784483716
110209269.4625290036 9.1352225691
98938913.4853871912 5.3849596088
97188334.8526515067 4.6434555257
107833805.1465464681 8.6529112738
94758268.3070612997 3.1443190387
101132793.9770314991 6.3835069472
94858767.2625590563 3.1621521525
93588361.6081579030 1.7684082892
94986308.6188526452 3.3021815941
95107269.1709121317 3.3153719082
98985053.7979725748 5.3936171401
94242279.5730881989 2.7650615647
93687552.7157875448 2.1087255189
106311933.0309606940 8.1721760702
106202451.7024868280 8.1068289841
96823740.3416782022 4.3608365114
94753639.8634524494 3.1319731830
94707285.3004739434 3.1305732056
94587015.0977239013 2.9875834137
101494339.2422270626 6.5256129157
105388348.9374435097 7.8636601052
105754029.9491298050 7.9440772986
95479105.0329739451 3.6383282513
97931211.3558580130 5.0010553715
105848017.4719078392 8.0357593975
93639754.1824711561 1.9477985445
101198188.5368705541 6.4089867275
95205187.5818351954 3.4574471341
105702389.6297978163 7.9120208555
105761710.6638266295 8.0149179554
106291944.1963464320 8.1703166057
106208390.6543035805 8.1573756082
100601184.3239193708 6.1614411721
105460701.6881186366 7.9000482752
101446403.6673419029 6.5012690377
93505398.6076738536 1.2842096587
97381355.0318790376 4.6864001004
101008308.5607102960 6.3328979712
100626273.1549851298 6.2018931609
101257308.7896774411 6.4219928000
98068538.3481099755 5.0315707368
107068448.1719032973 8.4058570359
100612121.3539572209 6.1823961388
95220066.8052968532 3.4737899825
96878073.8872920722 4.4723513347
96886538.2927172184 4.4732401532
105904004.3190921843 8.0555355555
106742145.7302633077 8.3327129149
106194608.4371733367 8.0671761485
100240593.1978165507 6.0323548653
94285511.9560931325 2.7701398926
105999643.4009982049 8.0612565569
106854201.0390657336 8.3648743187
106420595.1183509529 8.2055573130
93643564.1971460134 2.0842176587
106332123.8422346115 8.1984648521
106561349.4637902081 8.2401565087
100676216.7331509590 6.2160587609
107279014.0195201188 8.5086748842
100977588.3227841854 6.2653420601
100638970.3734626621 6.2018934050
95470710.8770715743 3.6290555225
95555112.4038583040 3.6715947576
99834448.0393068343 5.8449322854
106924433.9707261920 8.3807017987
98354717.0155342370 5.1873329855
94546426.2819904536 2.9721551314
106523222.8918194175 8.2103244440
107048486.3992393017 8.3907875444
107140331.8696869165 8.4567047376
100215733.1546588689 6.0165406739
106448008.6087108254 8.2078328400
100115575.9396717995 5.9120892648
100741779.0692484826 6.2216651484
106810475.1924156249 8.3554921856
98800608.3987231106 5.3747875136
106664846.2493456006 8.2809499818
97272890.5865228623 4.6655268054
96899362.9863248318 4.4939184170
100319740.2663583308 6.0449539980
93552043.8828969896 1.4440290375
94184099.7047316581 2.6419444270
100386859.8102168143 6.0652984376
100213567.3115935624 5.9261007261
100414860.6359750181 6.0787760232
100224902.6265775412 6.0302847725
99417330.3560061753 5.6733238970
100860111.2950694859 6.2503844116
99640296.1319087744 5.7017372212
99717328.9262071103 5.7038392623
99766468.3960373104 5.7145873320
99818301.3524126559 5.7218151477
99025921.0388889760 5.5018203731
94081958.6804358512 2.6157480404
98167475.9039988518 5.0495466222
104618862.5789710283 7.5057920883
104942861.7833312601 7.6395804776
104497080.6713655293 7.4769848636
104739486.1411766112 7.5058191173
98793937.2613797635 5.3665670124
94435429.2061119676 2.9366699532
104785320.2938745320 7.5789389467
104754452.4781172872 7.5141228832
104943654.8051812649 7.6627582802
105088000.9964721203 7.7059224076
94324944.4214514196 2.7804898471
104894027.6706805080 7.6127832441
95315382.5631687790 3.4869802967
98016996.4823699743 5.0214862118
96582754.2285755724 4.3136966908
98582318.7088389248 5.2348991092
94071557.8049412072 2.6088814586
96718382.4215902537 4.3487299996
96641971.6002500504 4.3175606243
102450857.9780783504 6.7799070012
96058526.0580075234 3.9793168361
96591607.4542373717 4.3140903450
94029619.3066795617 2.5934531763
93599725.4772343189 1.7844842298
96551208.0901831537 4.3002387489
96044913.1778182238 3.9717011673
93830077.2536672801 2.2930621468
96252179.3365287483 3.9991024483
93759135.3289918602 2.2656646818
96846671.9105059206 4.3608464810
93985480.6154956222 2.4727582484
102627043.2172675133 6.7813000170
95699992.9804364294 3.7953707480
97679367.2855057716 4.8482938437
96290813.9087836444 4.1300260585
102526057.6377029866 6.7799570448
97870373.2782670110 4.8770131068
93815279.9198973775 2.2854366694
96472044.2248811126 4.1785146270
96256928.6037312895 4.1286303605
94469450.4681207091 2.9375950801
94539812.6869512200 2.9518946976
96334900.8011268973 4.1531020951
96283318.5936622620 4.1291345579
97421837.7895621061 4.6923986459
97439112.1272324324 4.7059089158
97080217.4429542273 4.5207902575
97098147.9780565202 4.5337963300
99381891.3954481333 5.5533765226
95765954.8187021762 3.8000828092
94055149.7961764783 2.5941120291
95476354.2405387461 3.6354348386
96125782.6917838007 3.9977094325
96058862.1936927438 3.9925071503
95961765.0231353045 3.9570219720
98650047.7190862596 5.2408478005
93738342.1884495467 2.1269054748
95820371.1041685343 3.8311222005
95530803.9438818544 3.6486251528
96014220.2786776125 3.9677132996
93828864.9383524954 2.2879595459
93869265.5680114925 2.3041102104
98199643.2568183392 5.0499997400
97899097.0441283733 4.8899187716
94966670.5722542107 3.2849650579
94129708.0058002770 2.6289383546
93947440.8106412292 2.4595679343
93548428.3204047680 1.4414148983
93932046.3614877462 2.4546651373
93586963.1514543891 1.6025136914
97906169.6672465950 4.9022348942
93561705.9292908460 1.5983540611
104198477.6633219421 7.0906297243
104294499.4897432923 7.1508459975
104423725.5126669109 7.1801592163
104308126.6496687531 7.1512274868
103378107.1525978148 6.8388127000
103869770.0121961832 6.9421009745
104106668.0609836578 7.0652181122
103632515.1535111666 6.9103429568
103745687.5006573051 6.9172346185
103748155.7783165574 6.9349952407
103349265.4046727866 6.8057159506
103579720.6413709223 6.8863732689
103353146.9806176126 6.8138760684
103454731.6021917760 6.8494085990
