474789629.5582103133 826526.8796386719
474229222.7981811166 825154.6389160156
411093056.0323544741 240849.6449708715
411159414.2281516790 243063.4731120840
413206350.1417828798 324195.5411005594
413142065.4666255116 324063.0678949930
443806682.9812737107 704568.4011337161
443862782.6106244326 707670.2389633060
443961268.5210337639 708700.7462875247
443837192.1091776490 704883.8662216067
452639109.6441722512 755515.0673848391
461709992.6285043955 793741.3097534180
473255490.5510043502 824019.1208496094
474271171.1675558686 826398.9572753906
473599708.0051417947 824765.7349853516
474927784.3290273547 826535.6815185547
476789761.9292412996 829285.9335937500
428113911.7998846769 561552.5138498889
410969415.1169518828 231948.3833211139
413044548.3217184544 321140.7066279032
421471008.2581548691 475267.3201484055
435982385.0480460525 644213.8266596319
452532984.0639985204 755169.2895865440
460926651.5879555941 791232.3939208984
461859554.2209781408 794450.9830932617
476097390.2369926572 828882.1346435547
413123168.4920083880 321400.3994282313
421398382.1000831723 473752.8766507477
452731600.6125249267 756345.5186858177
461792909.7177349329 794244.6135864258
435948201.1835359931 643670.2459258595
452413778.7031809688 754848.0164923668
413234404.2754072547 324251.8424274303
421331597.2896772623 472856.1695584626
429231725.5185290575 574055.1147392141
436096422.0013956428 644542.3948545018
452009656.2864668369 754156.7208380699
461106456.6191520691 792672.7599487305
474007647.3535192609 824849.7755126953
475796772.5016961694 828506.5277099609
413139586.4469289780 324010.0340204813
413225650.3913319707 324212.2935419657
429549992.1321814656 580201.0031059133
452246158.2284212112 754537.8592658043
421432367.2074860334 475236.8742865891
436513402.9918012023 649617.0829578592
444054467.8207725286 709324.6972177625
452194666.3761029840 754446.4503383636
460822386.4500709772 791036.8605957031
476161199.1883316636 828926.2161865234
411013697.1247625947 239890.2706279531
421989343.8129480481 482895.6995128364
429728876.7514685392 581847.0695458101
444393564.5960376859 712477.3703719974
413564063.8937755823 330884.0406667717
413244306.5454299450 327138.6792470940
429588159.2769294381 580566.2676933156
435597543.6006287336 641069.9430652475
461374500.1229318380 793613.8210449219
451425945.7862510085 751157.6374640465
410971636.0617313385 235974.9801006094
451681503.2216744423 752127.2736945152
412900846.8100951910 319052.9533711054
421204482.3228834867 471987.5185126633
444553239.9621679783 713250.5272472636
444142094.2306604385 711279.0920516849
474949313.5887507796 827664.5164794922
460493686.4135150909 790105.7918243408
472473698.5231829882 820130.6118164062
420956005.4389770031 468316.5216485866
421219000.1398275495 472520.7541293473
423112707.5714753866 497184.8770030281
420942199.3809226155 465266.2052919836
421156491.5264021158 470267.4507026047
435562602.2130426168 640773.6035151007
460720241.7218453884 790886.6906738281
420770709.6952491999 463570.7652428121
420995900.3335470557 468753.3772620530
421057389.1856048107 469843.2599677414
460781191.6273492575 790952.6324462891
469374007.0660365820 813779.9724121094
412849098.7858710885 316109.6381399162
420964533.9535002112 468399.0818178625
429937636.7110816836 583820.2887701737
412972599.4563313127 320095.6079828527
412784403.2812935710 315932.9211445429
462063846.9953824282 794885.6316528320
412676973.8971283436 308705.2590461351
472663774.0180618763 821026.2955322266
451149243.6054816246 749012.0153938532
412685729.1378770471 311738.0478680708
412798175.3425319195 315934.0924201586
475641486.9823216796 828230.6014404297
435421246.1426725388 639831.8973810589
422839134.0229631066 493211.0459920047
430426445.6500003934 584274.0179046737
429851018.9337110519 583815.4197929250
429612299.2059017420 580862.1996391164
416125332.3204272985 379850.4071130394
429638770.0992218852 581211.5863578664
442325510.3096224070 694703.3183224797
444905059.7548522949 714475.0295516849
422876034.5759949088 494931.1138020633
473946130.8889017105 824823.4893798828
472187813.9580707550 819672.9121093750
472153172.9737893343 817879.2864990234
411418879.0334960222 251436.6875630394
472941978.7604683638 822657.5147705078
460933407.8369764090 791673.7635498047
435719486.6966656446 643362.1424423372
476095000.9940445423 828717.8607177734
416247989.5375024080 380581.2992028832
421640327.6473712325 476974.6981119484
423033090.9592188001 496825.4626790164
416189238.1883257627 380391.8746286384
421653005.8098395467 477650.2959513039
436113509.9860292673 646544.6935359454
461007424.5975637436 792319.4486083984
415886427.6373943090 376217.2510594963
423317175.7284041643 500975.9253255008
429635899.0632286668 581058.0816490399
428751078.5794447660 569337.6200510608
428302122.8778604269 564816.0390478717
412629527.3868962526 307831.2296426870
429267482.9067310691 577188.0548332082
428985971.2578492761 573796.2231681691
442437296.6240392923 697184.4842160344
412726767.6329751015 311938.8762329199
450939616.2433199286 748692.4406635761
411297832.2542179227 247900.8890214295
443114654.9952196479 702597.2458123565
445236502.0251466632 716543.5593978763
450118644.9466546178 743175.0016074181
421734695.4455279112 479540.5607649357
428790492.8667742014 570790.5054270374
442566589.3163458109 697776.1363766789
442988079.2004755735 700738.1832516789
443040572.7765139937 700903.0578854680
461064121.2185575962 792435.0675048828
442700650.3840081096 699758.8221676946
443395991.1680862308 704121.6408932805
450483427.8903099895 745272.6870932579
411249047.7966306806 247277.0051793233
450272995.0640074015 744604.5990805626
422187417.3722008467 485582.7944075138
423122683.1738172174 497545.8078862308
436610575.1637219787 649690.7607833361
468881657.1517576575 812353.6191406250
469255058.4309195876 813204.0523681641
428176821.2890818119 563485.8248507129
469321862.2804387212 813624.7167968750
448982792.3588667512 736517.5044455528
449123063.1881996393 737832.6317954063
449408400.1616495252 738286.6901185513
449530926.5542693734 739280.7607016563
423126274.5234315991 498625.6664754031
415496252.8039537668 366597.5159597448
415649934.0270223022 370454.9655497982
423403835.3100386262 501357.3000041125
421640920.9306788445 477251.4822468132
423298458.6240515113 500731.7719614385
448751453.9168903232 735315.1184592247
415297398.7767792940 362678.4808770488
460326205.3649369478 789197.0150146484
415537324.3586320281 367213.3752281084
415408459.9533653259 366292.8975640605
427849210.2111203074 557769.2325995388
411854867.1995182633 264112.7444297238
427980557.2427059412 559895.5081885280
415255083.2661237121 362280.4073230098
448368217.2445904613 732952.2845609188
448466203.4854660630 733741.6030477285
427760132.2851250768 556287.0333350124
468616358.7010278106 810916.5717773438
411580998.3786465526 256765.4586666091
427839994.9663216472 556599.2558691921
468521392.8355361819 810428.1080322266
411510109.8163647056 252678.3237112029
411626558.5531268716 257087.4047658904
460672532.5062934160 790439.8244628906
435240448.9456551671 637338.2778579211
415036551.7160565853 357760.9918090175
415093279.2716347575 357801.2472404013
435130699.1985807419 635781.3566543078
414846963.8636005521 353283.9991587098
448460943.2537547946 733242.5259302258
414862194.7542795539 353658.3865844081
435187068.4579544067 636214.8866584417
447842337.2130730748 730463.2164627016
414292585.2312919497 341294.6695115878
447743612.8434186578 729621.5216384828
459000209.0883520842 782156.0613708496
414408128.1767652631 342218.1739801480
414494026.7002840042 342682.1134246900
447916472.0904673338 730699.2154861391
459321622.8900058270 783269.1958923340
427958862.5015009046 559432.1702823462
468185146.4764060378 808351.7015380859
414265229.3218379617 340378.9717088384
414117581.0497110486 337563.5352386548
468279795.1092264056 809102.6954345703
447388951.3123546839 725750.9964730786
447447988.9360179305 727033.4340849000
427170664.6597533226 547590.6535968902
468685304.2459298968 811442.2753906250
414004072.7838864326 333588.8437309577
468419855.6740712523 810094.8086547852
434932514.3527877331 632051.4024402387
435056584.6715769172 634596.8099109419
426532580.7160003185 538862.8795340182
446733609.3094710112 721691.5215108471
446550789.0505290031 721058.1495311337
445947028.9972730279 718096.6774424391
445842274.9555529952 717193.1324344589
426241861.9977483153 535157.3325089039
420626404.8679988384 453615.2650747582
425752787.4267410636 527202.7129073059
426308323.4234293103 535479.1099257385
425802128.5744249225 528280.9302611565
434486975.1716059446 627312.2499268509
458909097.5268431902 779878.3842468262
426028282.4243034720 531928.7795424378
420569747.1208734512 453104.8694311801
425404819.3375362754 523768.9501280999
425524541.8237774372 524418.8930390449
425925489.9158747792 528935.2207111185
433573442.7547815442 615994.4900391556
433737410.4869441986 618732.7641175247
425583360.9047102332 524959.9836505717
434119086.0647619963 622768.8327515579
433665207.9190965891 617850.3004334427
433846864.9440692663 620367.3917420364
458631698.4818589687 778576.4178161621
433281120.8523195982 612410.5508934150
437609912.5618582964 653168.6446352899
437748679.2937481999 654524.5401320289
458550701.7253477573 776985.5606384277
458430257.3193489313 776667.7949523926
433509179.2931658626 615015.1702266822
433516533.3835373521 615272.3425899635
437950742.9680938125 657074.0519313643
439179187.7124437690 665961.1053592310
438715312.6892905235 663245.8479823897
438873565.9122416973 663449.3020229171
438713243.4231626391 662629.2140659223
424845253.3400604129 512316.8642586833
424532739.2766813040 509515.6798168635
424347105.5134720206 506715.0872915154
440483210.4329044223 671698.2766151549
424477852.2725232244 507073.7199408030
424243814.1674802899 505854.4861136889
424234498.1674156785 503947.9493735870
439292778.6927297711 666583.4612526596
439562050.3268284798 668599.2735843360
423935368.3278645873 501704.1416312670
433387457.8803172708 613938.6284456584
458152411.7442350388 772899.8800516129
442031063.3290876746 686234.2815679908
441426430.3000785112 680424.7243674397
441547719.1289216280 680928.1034720540
441667272.7665990591 683207.4847586751
440064185.0997914672 670963.4611752033
455513508.9797438383 758988.2169038928
455645600.9167346954 759994.3011324084
419105652.6579501033 410469.0269651820
419149353.5444628596 412434.5692015102
456974496.3253767490 765340.7444969416
467991767.2040598989 803207.9573974609
456971291.2512506247 765142.2316098213
468024789.8943169713 803789.5151367188
467771368.0837360024 803038.6621704102
468178227.9776462913 804123.7703857422
432053468.7064220905 587710.9306513853
432336858.5818507075 592709.4711834677
432126149.2247884870 588878.7339666151
432223155.3863682747 590418.1083591245
420511211.2900760770 431927.7018988370
432303055.2411377430 591065.4079196714
420223956.9832428098 426171.5328729986
432350017.1468828917 592883.6315524839
420388701.8049063087 428530.7099359869
420177866.9840184450 424353.8338059424
457906289.4904446602 768563.4435389042
420281941.5093653202 427118.2813311457
420066327.0064103603 423903.8359202384
420270951.6016208529 426837.1189171611
420017050.7493217587 422918.6244944572
418036578.6567389369 382908.1768349907
417919674.0719735026 382661.4797524712
457863393.6188842058 768340.4909021854
457777390.9798061848 767508.5343362093
419038386.4260216355 405651.8295546656
457477940.2610639334 766406.1711732149
457377427.0070059299 766164.8088723421
418789464.9810037613 398500.3200746640
418638070.7251347899 397653.4908353551
418763329.1309382915 398082.6144212349
418729711.3443546891 397907.2320076884
417886636.2797871232 381804.7537715784
418087924.1560009122 386125.9663624442
