160865203.7486611009 84693.6717632496
166994175.1094892919 150484.6194536984
166923617.4704165161 150422.7445357144
169614700.8306481540 167680.6573151946
171746652.2552352846 181075.1085205078
176319253.7950091660 190457.5821533203
180978761.3119887710 192522.1130371094
166839115.8856787086 150322.8992038071
166914730.0185810030 150414.5180952847
169765372.1299344897 170600.0482568741
169723221.3626943827 169251.8208560944
169725704.7463335693 169259.6748905182
171702752.5697793067 180524.8522796631
169657177.5087149143 169071.6487369537
169628248.5473735631 168872.9118938446
172024940.2420533001 182964.9636764526
173876522.1734868884 188506.6718750000
160876482.5501034856 85389.1647594559
167008203.2909633815 152399.6691649258
169786224.9054918587 170851.8361759186
171701652.2829852998 180349.3728504181
172389158.7859528065 184950.1147460938
174698843.7070614994 189327.1773681641
181349032.6222752631 192759.4938964844
163020375.5124230385 116201.2964619994
163482761.3704238534 121271.8970060349
163593089.7292406857 122732.2597303689
171629450.5173400939 179417.4246215820
181577079.6574831307 192860.6215820312
160322713.9869574606 60218.6842599064
167376273.0119673312 154515.7760837376
167662594.4288438559 156676.9799387753
169945219.6968480945 171536.0967807770
171651344.4148754179 180097.1399536133
160507848.2834453881 67111.1072004586
171743264.4210458994 180871.2968750000
163900570.6617872715 124407.2425603941
170114470.8489361107 172649.6615975872
171869997.4459799528 182361.2690429688
172946487.1910656691 186356.3673095703
171840487.6851318479 181535.4236907959
174167635.4568577707 188736.3341064453
181520392.7814369500 192811.5378417969
160468811.6654053628 66868.6651838571
172086190.3317000270 183402.1329956055
169904701.7069033086 171157.3547763824
173717706.9900462627 188159.5638427734
175995608.6232232749 190058.7070312500
163176099.7776276171 118109.4019449353
172006239.3496452570 182405.2924575806
172299265.8976048231 183926.2468719482
172618449.6666889489 185432.0224609375
173982927.8295193613 188691.6816406250
174558877.8644658625 189202.5432128906
170083933.2681412697 172030.8902072906
167619415.3344859779 156486.6931084692
174311221.0118144751 189030.3703613281
163234538.7539653182 118981.9204792976
164883364.6379751861 134666.4873265997
174281272.8206855357 188900.8391113281
163522160.1149654686 121488.9123988226
167929549.4907774627 157903.3655155003
161721951.6846896112 99632.4628381669
163457290.6043416560 121046.9135021567
167911061.0925776362 157790.0947620273
175333731.8994388580 189740.8520507812
163354443.8659344316 120288.3415588458
161651796.6403899491 99193.7505663424
172221990.6278522611 183768.9281616211
160400003.6161164045 65606.1930666119
175416842.3465526998 189775.8686523438
160350729.8730454445 64786.6119906604
161549762.2264165282 97869.3907637387
175323882.8169197738 189580.3103027344
164991980.5538019836 134868.9019531980
160385973.3051884472 65425.8557236642
160573656.4983973503 76731.8685240448
167719196.0272905529 156788.4447696507
176810642.2747923434 190459.4588623047
184254615.2939197719 192950.8692626953
167773791.8345773816 156791.2481143773
172647350.9275113344 185703.7950439453
170060005.8385300338 171744.7757101059
163710631.1594291627 123411.5017257631
163750773.6273304522 124365.0427312925
176227351.9967332184 190350.6353759766
175695750.0602361262 190053.8283691406
163720976.6282154024 123443.4749673679
175099085.3274142444 189556.7170410156
172313028.5345761180 184311.3435668945
176103425.1734039187 190198.3518066406
172676446.3208076358 185863.2354736328
174217479.2414760292 188770.6302490234
175472339.2462484837 189867.7440185547
173823947.8600859642 188473.8232421875
167632391.7633589208 156662.1518314183
172868961.1956701875 186271.0527343750
173556987.3784548640 188102.9180908203
161511455.5638490915 97465.6170186787
161558065.6310437620 98171.6158308773
172550598.5327892005 184979.0856933594
163522257.1182773411 122269.7614308670
170926343.6725843251 176443.3515930176
172691175.1954495311 185900.1475830078
160582242.7054862380 78715.5379461646
170579288.8896623850 174748.6046295166
161633288.6014585495 99090.2042403012
170734136.3179530501 175269.9469146729
173358997.6694835126 187444.6905517578
167315183.4681490362 154090.4869144261
170345343.2164625525 173685.1761627197
173718784.8282441497 188191.5383300781
173468546.6992751658 187781.9494628906
160380945.0643390417 65213.5477724224
167077800.3358860016 152616.3750217259
160727712.3142350614 82692.5406417631
172797764.3526410460 186206.5184326172
173272612.2798398435 187399.6151123047
173812331.6493465006 188368.5941162109
173043677.1669607460 186747.1751708984
160768485.0138901472 84099.9494532132
173269600.0720179379 187296.4304199219
173388628.5935507715 187764.5224609375
160634847.6271108389 80747.6094697797
160329101.4190007448 63573.0512209088
171069939.4124299288 177521.0516662598
160402358.7152911127 66584.9356997013
160815720.5381215811 84654.8238120460
180293684.0274312496 191307.2514038086
163588166.3865661025 122323.2204971658
161697783.5284221172 99538.2306284695
171320303.7615320981 178184.6394653320
161695395.5627377927 99467.9698018818
170234306.8059749901 173143.1988067627
170310461.5885247588 173451.9267730713
163290062.6264455318 119096.7789939418
163328783.9183201790 120264.4586572051
160754020.0205787718 82977.7305162930
160700923.1820468307 82400.0391897046
180842434.4836548865 192379.0764160156
170431827.9661734998 174641.8684234619
164872688.2422651350 133958.2847771421
170798175.6532552838 176406.9808197021
164930867.5210324526 134842.6140802205
160328813.8136342466 61797.0853170753
164999434.4288909137 135369.1095147580
182754293.7375006080 192894.9639892578
161499383.1140370071 97434.8279561787
167996145.9861555696 158520.0092535317
171022476.2981921434 176779.5848236084
183989729.3523946404 192933.7198486328
161497388.6863650680 96307.3939394651
170389589.2202858329 174078.8057250977
183142322.0504243076 192923.1433105469
162921706.0801981986 114925.2760394216
183491741.2561109960 192927.9450683594
160681138.1074906588 81157.3869532132
167137217.9557525218 152647.2995069325
170976205.1221224070 176777.8859710693
170953250.6658433974 176542.7886810303
160636866.6503641605 80763.5670217358
161419869.9130256176 96031.4756965465
170588604.7925002575 174999.8041839600
162997119.0814505219 116082.8302976526
162873997.5065900981 114077.1938918233
167387924.9893374145 154747.7187106907
160929063.5021481216 86427.0383735084
162896255.9768344164 114103.2069647908
167205881.7881623209 152860.5982730687
167276532.7000270188 153918.2620609105
171178637.6440006495 177753.5317077637
161433028.4851741493 96305.6403140812
160896789.3380293250 86116.9374213600
171273527.3858674169 178123.4686279297
164595616.9524010420 131669.7043049112
180548670.1278539002 192149.3581542969
164287355.7223780453 128860.3759970441
167555893.6928301156 155826.4432908595
160790133.9151573479 84433.8325553321
163032149.4292876720 116246.1835412979
160979081.4622413814 86427.2830270835
180492874.7342771888 191925.0708007812
180303520.7391932309 191904.7869873047
160786100.2591927052 84393.8965278053
162975181.7592028975 115217.1545916796
167931093.5996499956 157913.0511710942
180569449.5230463743 192165.7185058594
164299582.9907131791 128917.5758871809
167933525.6218972504 158492.2314799130
160734298.9575747550 82754.2722602271
160633642.5094164908 79246.0111327184
180363184.5096147060 191912.0080566406
180641706.8715792596 192303.6621093750
160614959.5081910789 79028.7076349937
167795051.0256125033 157648.9996767342
164428229.1552706361 130680.7444968000
167588417.9256904423 156464.7684085667
160614519.5627559423 79007.7958918297
163080953.5480478406 116889.7105430365
181293162.1471982300 192613.7630615234
160656422.5283330083 80770.6028381073
164609236.5694495738 131754.5484821573
164800384.9463680685 133915.4184303060
164884739.7942631543 134740.3179077879
164480632.6804978848 130819.1626486555
171457179.1137359142 178655.4788775444
168344772.3156294525 159463.1741265059
167297674.8615181744 153921.9746803045
163149620.3005144000 117262.0036540627
162999773.1194970310 116154.9473245740
168094200.2828664482 158710.3907455206
163315206.8124239743 119578.6274650693
167460113.1436084211 155377.2446693182
171558406.0901336670 179020.3053588867
161244179.1218765974 91747.1665893793
161124041.7049720585 89968.6517273188
164675534.2233977914 132888.2387289777
161363284.4860151112 94924.9799240530
161220052.7444535792 91732.3653522283
160529683.8214868903 67150.0306875605
161293604.0174283087 93277.1391551495
161202430.6836137474 91586.5057846308
161149143.5295077860 90201.3062716722
161246760.1307752132 92035.0260750502
161169570.1894506514 91438.3356872797
165216857.6733570397 136934.1556603387
165398724.0112119317 138092.8788463548
161033974.2517143488 87514.8664489985
165435681.7991895676 138815.4909069017
165285331.8469901383 137085.8285594285
165374523.4760399163 137458.8221890405
168432878.5740629137 160565.1038779020
165430618.6790626943 138432.1978356317
165340884.0551792681 137442.6952149197
165511673.0652980506 138856.8675934747
165160326.1524761915 136782.3490611985
161081092.1110157967 89405.1938415766
161035654.5324248075 87562.0965220928
168511806.0686688423 161109.1146500907
161040201.7739503980 87608.3050632477
161077939.7971026599 89210.8554637432
161076879.5643792152 89180.2583770752
161156909.5984240472 90388.7264523321
178278301.4127512872 190724.3038330078
164636634.3858781755 132481.5808005109
164738459.0793911517 133347.4000000730
164666139.7949925363 132747.5601706281
164781444.3981822729 133544.5132789388
164649273.5805486143 132713.8863425031
168914862.0611379147 162639.8745713383
160992333.1503005922 87200.4385945797
161054833.7521338463 87895.8447219431
168494871.4523712397 161103.7468768284
168134941.8603345752 159075.9689656496
164363136.2977858186 129504.4701814428
164370188.6275711358 129510.3576898351
160559051.9238238633 69188.2416795839
178398766.6256666183 190764.7296142578
163918826.3307459652 124544.5211854875
169224888.8920519054 164945.0864346344
169371669.5771621764 164992.1409158893
169429950.0229738951 165552.1820535846
160545079.6694546044 67357.7408327211
164417171.9656642675 129524.8520478979
163912619.1991698444 124524.2804790810
169165526.4428129494 164288.2174205780
169162152.9189596176 163946.1785492748
169404132.3682535887 165509.5323822382
168765331.4329776466 162051.2176494598
169426886.2022039592 165539.0861339569
169054216.8961958587 163849.8984355927
178839010.6991144717 190936.1522216797
164015364.9417262375 125435.6616221741
169151812.3736765385 163858.4364756588
168713243.2502441108 161830.7853078842
163980612.4378783405 125406.2188578919
164153969.2635579109 127155.9550257996
166816368.6982013881 148481.9284257889
164226933.0895419419 127468.8034678772
168369749.0417322218 159799.2593488693
166825896.0753857791 148560.5955342054
164085640.0065915585 125683.1023036316
166827352.8153146207 148605.1040338278
180108023.6392488480 191216.6411132812
178520384.6631022394 190775.9176025391
178077117.1083334982 190556.1815185547
178191960.8156526089 190667.4112548828
180093721.6004615724 191048.6273193359
180004802.1105297804 191047.5117187500
165982665.4742201567 139720.2649300746
165938450.3157009780 139592.3044460468
166132502.9265198708 140221.5740708402
166138571.8421906531 140707.2112778715
166765559.9122414589 144661.6903401017
166702013.6065462232 144227.0310993791
166632632.8761129677 144126.0254536271
166737777.5582519770 144520.6602278939
166438197.8032771349 142491.2867530576
166504033.1122630835 142517.7395998976
166547461.7284697294 142565.9383328694
