877174948.6996737719 2669258.4901008233
920817377.0389198065 4071724.8392238617
921066178.5524394512 4078322.2269191742
976545270.8708622456 4610860.3623046875
976416307.6124207973 4610432.9765625000
976332387.7457132339 4609138.7070312500
975973662.1407446861 4605923.0737304688
877418277.7744143009 2669685.9489688873
877033515.0594233274 2658012.3388614655
877078553.3151645660 2664289.7841129303
877151151.2728718519 2667568.9836978912
876854732.3247969151 2648290.1136620715
876968057.5794620514 2656881.0263614655
900792503.9174091816 3619976.6841760278
901288521.2952353954 3633520.1570764184
920841355.6371641159 4075991.3694477081
920935606.4391622543 4078202.6643695831
921228028.3569412231 4082215.4175434113
959283420.1673759222 4537792.1323242188
959151351.4698121548 4534173.8676757812
959241696.0474195480 4534851.6796875000
959327248.2594797611 4542034.7646484375
959576012.9179251194 4544458.6030273438
959678863.3713715076 4545867.5292968750
879499862.8671592474 2775122.4948120820
879338075.4981811047 2771519.6271363008
879564459.3960202932 2777831.0694435197
879595952.6440860033 2782521.6094055879
879540812.1648969650 2776642.8314820039
902709041.3614224195 3665746.9126573205
902690570.9419509172 3663719.3911729455
902396625.0557004213 3661230.7832627892
920838675.3430457115 4074338.7920551300
959451652.6454923153 4542681.2675781250
960035563.3107569218 4546581.6894531250
959705591.2946562767 4546448.6220703125
976260684.8530339003 4608239.1699218750
868560906.5680209398 1953338.5649974484
871945772.8728388548 2314363.4614280565
872276828.0733979940 2338886.4842552049
876640212.1617103815 2632209.0746353343
879254678.2218128443 2769374.6334839570
879415115.2851181030 2773700.3547974336
879244479.4109839201 2764765.8378296602
879197402.7028253078 2762777.3983765352
901574302.9982647896 3640095.0599084496
901352766.8219707012 3637109.5137658715
901894599.6713571548 3649182.2933869958
902031872.9536008835 3651658.6036744714
902365690.8928670883 3658573.0933213830
902142640.5834966898 3657672.4273057580
902304267.9260754585 3657791.4708047509
901808128.9303369522 3648270.4711213708
902096460.5206828117 3655805.4019151330
920589299.8292522430 4065039.4239149094
963842739.3364028931 4581275.9199218750
963109521.6808536053 4578104.6948242188
963664051.0058135986 4580461.9389648438
962941728.7622959614 4576089.0385742188
962851328.7078278065 4575542.3032226562
962781353.1350605488 4572249.3115234375
963205628.6340403557 4579143.3227539062
972203724.9076797962 4595088.4511718750
972230626.5256736279 4596473.5791015625
976041346.7612119913 4606439.9252929688
868620106.6994688511 1960367.4717357296
868846393.6637605429 1998952.2885252971
868730598.0829168558 1991294.7536742229
868625315.1223895550 1962163.7543285030
868991493.0719723701 2017452.3006103176
868979436.2364413738 2007458.3962234992
868882748.8019596338 2006139.2306335110
870300686.1007976532 2144422.7259119786
869317260.5304728746 2037952.1011156577
869253785.0195453167 2022402.0170151133
869212464.7449290752 2019048.2613693613
869256089.5068243742 2028027.6823934454
869607844.9313241243 2045362.1273309130
879405230.6784952879 2772698.8508721101
869443872.7204360962 2043838.9776727099
869923113.7382603884 2119362.4240051769
869787910.8108876944 2097009.6455322765
869852261.0860526562 2108978.5461939601
869876000.0971226692 2110192.6028078822
872153015.4417536259 2333033.6105979783
975620096.0563130379 4604085.1791992188
869707313.8901396990 2075814.9539221551
869821009.2267109156 2102517.5107916621
872998125.0877913237 2347740.3263419969
872268983.6539492607 2336516.8449272020
872506851.2409455776 2347284.8588245069
872424759.5112999678 2341939.6995490892
876492078.0559256077 2620210.7800796703
876387438.0508272648 2613752.9299820140
878930933.2079066038 2749482.2388687837
878769951.9992835522 2739218.9921646821
975434982.0219931602 4603990.2373046875
975733507.6667656898 4605258.5668945312
869751748.4898834229 2091267.8879889275
869885087.8208706379 2110781.3179434566
872449343.4024649858 2346825.2547172410
876258747.4706777334 2600560.7671402171
876327835.8992557526 2605925.2275894359
972765616.8396677971 4600669.7080078125
973149041.1866495609 4601367.9653320312
975145092.9608857632 4603150.5512695312
878586417.6898756027 2721801.7754699695
878476946.9629985094 2720066.8794738757
919955320.5672770739 4047075.1364874840
959144593.2839336395 4533049.9116210938
890990441.6936222315 3226771.0072170496
891166468.9482461214 3234220.2032619715
891343661.4255620241 3241322.0459133387
920163588.0426359177 4049455.6450324059
919575735.9771983624 4042572.7451300621
920089184.0855832100 4048329.4214735031
961866211.4216856956 4562651.0883789062
962269380.8472931385 4566899.0273437500
972817207.1605701447 4600715.2836914062
974662178.6618208885 4602417.4965820312
869811983.9948455095 2099393.4122236995
974057574.2223463058 4601526.3647460938
972377112.5019190311 4598883.3266601562
871863372.2224959135 2286603.8423523465
871776472.4063862562 2285914.0328287641
878078382.5770727396 2691799.4697122136
878058755.2896357775 2690685.6478127996
912639256.1212948561 3893968.1924992204
919350452.2612524033 4030991.3127393723
962400153.6558573246 4567210.5380859375
961710907.7334368229 4560957.7998046875
962246130.6565263271 4565501.6210937500
970643870.3639943600 4592010.0434570312
871711203.0921062231 2274780.9819031935
871503939.0588428974 2262272.9866536697
871641582.8212664127 2272995.0966133634
871618388.7979547977 2269005.8925450882
871527437.8743209839 2264642.9326985916
871286919.1643320322 2242288.8261922440
871406134.5394924879 2249226.7569783768
871255223.0430754423 2237104.7581990799
870938196.0562826395 2180446.0061708717
871214678.1780282259 2210474.4274179256
870804642.3322037458 2163449.4438387183
870732666.5759596825 2158374.1835848121
871069062.5413848162 2192040.9036928443
871124760.4330284595 2198194.8483335269
871020285.6202456951 2186815.3337465553
871032610.3494486809 2191893.9901186256
870875606.3569484949 2171740.1913667945
870965465.6986619234 2181727.9799410133
961487258.5947681665 4556903.6035156250
873880204.9587785006 2350388.0013690833
873925973.5903494358 2352405.5932880286
874249170.9524016380 2371737.1410001162
877860725.2621260881 2681789.9727639714
890736896.2726097107 3213836.9469143152
970358558.7069902420 4588820.2045898438
970407252.8202912807 4590285.1889648438
971691828.5600094795 4593859.1293945312
874386725.6589437723 2382642.6115277652
971822061.6958107948 4594046.4414062500
874784593.6403775215 2413275.9261364527
875110269.8248857260 2429939.3491100855
874861381.6246367693 2413474.2806286402
875084443.6454901695 2429579.2682690211
875198516.8851655722 2434270.9753426202
875129806.5295456648 2433758.2295727320
875117560.8058199883 2433492.3971752711
875223114.8717334270 2447189.4399303980
875358603.2274737358 2464756.1934475489
875284190.4097017050 2456975.3320507593
890952278.9705679417 3225380.5382229090
969207314.8265106678 4585921.5673828125
968931192.3894611597 4585394.8715820312
891076627.4611636400 3227580.1651760340
890766402.1010539532 3219180.1510158777
968397717.9123286009 4582307.8764648438
919181079.0713434219 4027792.7477087975
917866705.2577290535 3997782.2710965872
917551553.9578034878 3988261.7332547903
917123570.2548439503 3973106.0834021568
916936094.9514150620 3969697.2151805162
915728728.3612506390 3946772.5868372917
916343592.9485157728 3959719.2827769518
915769724.9069323540 3950525.9540247917
916313027.1617972851 3954464.1350718737
915847477.1746823788 3951405.9085093737
915944708.0901191235 3952042.1443492174
915671241.7064831257 3946486.0558614731
915584091.6254628897 3944854.8761129379
915153978.2460334301 3929737.8363027573
912863918.5505529642 3896343.3907414079
914152971.0221747160 3918809.9669179916
912560368.3272640705 3892010.7218562961
912285242.3158575296 3885420.8204803467
913826602.2208743095 3913106.4610280991
912145824.5841219425 3882898.5762882829
912188202.2170509100 3883127.1671238542
912388524.1091665030 3886359.0074558854
911924281.0259629488 3875637.8463230729
912025082.9699717760 3877131.6458836198
911888531.5336393118 3873521.7425633073
909246030.4859622717 3804092.2573211789
909582090.7845143080 3808194.8816462159
909578315.9953929186 3807410.5619470328
909439828.3496185541 3806807.0048181266
909583360.3667994738 3809041.5356713980
909345015.4435478449 3804901.7274743766
909002744.5726467371 3790587.5957809538
909140959.8209961653 3791649.0948043913
909161350.7692416906 3798967.8111129850
909043052.8096001148 3790860.0794235319
905488385.5088286400 3720351.6535655921
905236494.5400191545 3715250.1481944984
903848834.1347882748 3677798.9315540260
903984459.2701566219 3679726.4083729363
903670274.7149915695 3673045.8373280144
903642214.7181048393 3670712.1732655144
903499405.5369081497 3667017.8372386098
900735516.9270621538 3587185.2025707960
899181451.4891633987 3523588.9855080675
899128857.9390263557 3523374.1317483019
899660822.6761485338 3528831.8280098438
900083148.3283047676 3538175.3039619923
899823798.5879154205 3531247.3884697985
968253625.0762013197 4581592.3886718750
957363951.8111580610 4484293.0273437500
957199896.2920080423 4481029.0126953125
956996508.8267828226 4475266.6176757812
957265631.3226889372 4483466.3173828125
957192728.1780937910 4480348.2880859375
957134829.5671852827 4479325.3359375000
968256787.9672697783 4581766.1416015625
957384221.8717180490 4484944.3413085938
898568018.5518460274 3473300.8442882830
898321138.5277693272 3469715.5642856890
898688019.3803423643 3481512.0186046893
898229305.1734205484 3464042.9308895404
898322254.0043714046 3473182.1777843768
897452333.8255310059 3451131.8861164385
898240684.7533742189 3467307.2247890765
897954080.0162814856 3463699.2746395404
897201574.1766223907 3438365.8783737398
897207156.6351768970 3439421.5692917085
896339846.5271110535 3405241.8356491304
955977566.9878513813 4420893.3747558594
956098290.9980726242 4428643.2321777344
956427603.4412679672 4432320.1198730469
956531376.7937884331 4432464.2585449219
956778633.1598284245 4434034.9641113281
956701866.5908911228 4432775.9770507812
956356598.2503407001 4429426.8557128906
876207709.0248312950 2533370.2704346506
876128222.4680504799 2527116.2040899028
876095058.4184080362 2519387.3367235251
876102901.3030916452 2522722.1008836813
875959195.6524857283 2516478.6041872092
876160801.7973275185 2529415.8879273264
875980433.3031536341 2517136.6770555563
875895750.2262181044 2509915.2374651022
894952212.3880726099 3375348.2941521108
894986256.3864609003 3376593.0996708721
894775555.0827604532 3371145.5719803274
894687644.6583462954 3367465.2323744595
894739243.5739854574 3369428.5666092336
894399339.6994985342 3350757.2570846975
892828242.4307614565 3287505.5812010765
893317403.8195153475 3306884.7624754906
892958242.5505636930 3295111.3878417015
893158727.2569015026 3298890.6571631432
892883028.9186114073 3289201.4725928307
892753522.3001964092 3282004.0732398033
892865220.7462712526 3288339.6952490807
893117739.5060807467 3298196.6683936119
893060939.2120393515 3295230.6188330650
892897589.5899995565 3289811.2521338463
890452989.5723302364 3161829.0816016197
890593023.0741045475 3170739.2074561119
890346391.9867353439 3156752.4794287682
890507134.4962518215 3164111.7404150963
890331039.3147014380 3153760.4355597496
890301571.7786597013 3141972.1891455650
890282344.3452441692 3141338.3897261620
890325388.8794466257 3144632.4434180260
890249886.5582953691 3139799.3793712854
889645616.9163366556 3102811.0319435596
889430869.2481678724 3091832.2735207081
889264885.7809187174 3084705.2681496143
888132840.0137937069 3021515.4136993885
888271050.7892651558 3028968.0706818104
888178988.0881917477 3028326.4576447010
888076244.3052933216 3016808.9498322010
888068986.6585316658 3012668.2541534901
888084378.1590774059 3020015.3679230213
887630734.6992362738 2987660.8586456776
887811575.7445389032 3001107.0371124744
887925346.7848275900 3007264.5640900135
888061992.8887798786 3007951.9065887928
956068139.2320208549 4423463.2348632812
