75826440.3453944027 808391.6345214844
77008411.2852187306 991541.0869140625
77059560.0060940832 995901.9912109375
78249748.3857665509 1099691.8510742188
81249879.4006188959 1271750.2705078125
77007152.5055291206 990863.5322265625
79745861.8476146460 1208347.1005859375
80951151.8113994449 1263413.6113281250
81432186.9150376022 1277342.7529296875
77164691.1127396971 1009030.2065429688
77802539.0796200931 1071550.5454101562
78262259.7363838851 1103636.9946289062
75774744.9510908127 792046.5207519531
81359577.7421423346 1273780.0761718750
78076163.6477397829 1088834.0366210938
76806119.7395720482 963868.7893066406
78224765.3709969223 1099321.6909179688
79422373.0459980369 1191540.0537109375
80683010.0766705275 1252336.2626953125
81434079.3140089363 1277525.8720703125
77937155.1251957119 1081773.4609375000
78403635.3129942715 1105948.6772460938
76974870.9585547745 986929.2019042969
77014796.5098078549 992352.6210937500
78260337.4383185655 1102928.3496093750
77210201.4954643995 1009538.0673828125
78316791.4861212671 1105339.7065429688
78171490.7105232626 1096736.7065429688
78184791.7713232636 1098616.8725585938
78008149.0931800455 1087962.6108398438
80050914.0359847546 1219763.0507812500
81578871.1793504506 1280654.8671875000
77137243.7622546256 1002242.2099609375
76822502.6201965213 970018.4377441406
80582189.0925756395 1246048.9433593750
75831149.8402758241 811590.0698242188
77100736.8970916569 1000558.3305664062
81240456.5728380531 1271300.6787109375
80798729.7343874276 1257245.3925781250
83267156.6315990686 1291822.2841796875
76062924.6205887794 864959.2639160156
81642818.3775447160 1283230.1601562500
75843427.3092640340 812987.7531738281
82357928.1257068962 1290779.7939453125
77728901.0029356778 1062304.5966796875
77703857.0780936480 1062107.4858398438
75847463.9888932407 814939.9885253906
76902498.8682727069 976727.4416503906
81735939.1242409199 1284331.5781250000
75794939.9180210531 800739.2304687500
76963905.7243393064 986539.5686035156
81948549.1894317120 1288964.8378906250
76975321.3742759973 990788.7490234375
76830619.4890991449 975086.1076660156
76888639.6572760940 975579.3630371094
82225650.2871866971 1290043.0009765625
82503979.1476166397 1290969.1894531250
76747217.1643505543 962644.4897460938
79147964.1602116376 1170132.7949218750
77745468.6001621485 1064818.3754882812
81426087.1116039008 1276538.6074218750
77456354.2574428618 1034866.4052734375
77574030.6218349934 1045921.9560546875
79730816.0102017969 1207261.9482421875
75828097.4754679054 808767.0463867188
80928972.0650228262 1260362.4101562500
81867420.3978879303 1288600.5625000000
82179364.2318460494 1289970.4843750000
77916398.2676727474 1077012.1157226562
79366261.9068386555 1185403.9931640625
79912121.9697912335 1214446.8574218750
81854714.3345700055 1286684.8984375000
83482816.5149978101 1292129.3261718750
75795338.3882428408 805837.4982910156
83155860.2879450768 1291730.4482421875
81055485.8286281228 1264284.3906250000
82163403.0979207158 1289938.7636718750
80940208.6171681583 1260609.0458984375
81557801.9762427658 1278895.9814453125
76690808.8566287458 958714.2138671875
78822260.4435169101 1149336.9653320312
76670254.9464098513 957268.8825683594
80866824.1863214374 1258592.5468750000
80806733.8066388220 1258084.3193359375
81198065.9237969816 1269246.2568359375
79592644.4248347580 1199673.7822265625
81278120.5893172771 1273257.7109375000
77931463.8094979227 1081098.5263671875
75781182.5393212736 797145.7263183594
77963156.9084452093 1084128.7016601562
82053522.6210867018 1289747.4433593750
82105453.1232175529 1289853.6748046875
82235059.2502337694 1290721.3691406250
76654274.3717144281 953349.5476074219
81255712.0089282244 1272196.5800781250
76381779.7767724842 918088.3322753906
81035973.2713486552 1264168.8994140625
77518625.0829921663 1044986.3886718750
81924094.1600403041 1288909.5410156250
76002769.0988134593 859035.5588378906
76219813.5073603094 890004.8088378906
76805438.9861842096 963735.1020507812
80976528.2175478339 1263859.9208984375
81059564.4503317773 1266420.9785156250
81799497.9315270036 1286062.5195312500
76690508.1929540038 957698.1035156250
76720403.8865201175 961820.9936523438
77885314.2034768462 1076093.1772460938
77934813.4089510739 1081347.7504882812
79619477.6130727232 1199986.3056640625
80860317.3953541070 1258393.2978515625
77886276.2348682582 1076717.1791992188
77982287.3843063712 1085605.0844726562
80559865.0793902278 1244880.4335937500
81347795.9649733752 1273515.2412109375
83471178.4581466764 1292075.4570312500
81115830.2839735597 1267482.1093750000
80748685.3117097020 1252547.6523437500
76468990.3088244647 932216.3752441406
77512284.5907456577 1043210.1879882812
79473532.3102503121 1192548.1630859375
77780554.1121132076 1070016.4375000000
83081793.1058967561 1291683.5166015625
76509956.3391889334 932568.5175781250
81381632.8816475719 1276163.3447265625
77656628.6325232983 1059065.9423828125
78985311.7796642035 1157007.6972656250
79035253.7141426653 1164937.4541015625
79588247.1679147035 1199342.0898437500
79747974.6508339196 1208523.1523437500
81996721.3306333572 1289015.7724609375
77676160.3630734682 1060406.4414062500
80923199.5588839352 1258746.4277343750
81444179.6209012419 1278587.0029296875
81589958.1318324059 1282921.1816406250
78851553.2365141213 1150714.3056640625
83463581.0018887520 1291839.1162109375
81832613.0329928100 1286577.5156250000
82113151.1433824450 1289883.4667968750
81378148.3352399319 1274583.7861328125
81679444.2901676744 1284250.5263671875
77487859.9533933252 1039080.2846679688
80727220.9483287334 1252444.8398437500
80668481.5058216006 1249517.0380859375
76708922.8854091763 959461.5410156250
79628054.5887267739 1202154.1591796875
79401617.5993655175 1188890.5664062500
82418423.3199833632 1290809.2900390625
78118309.6182740033 1093209.9975585938
79533849.0466917306 1196856.2470703125
80244353.1379015595 1229669.9326171875
77489630.4141885638 1039780.8564453125
76309776.3113500029 909334.3408203125
79327289.0291036516 1184080.9809570312
75912482.8104090542 832556.1508789062
78992292.8487646878 1158642.2656250000
82568337.5404376835 1291044.4150390625
77316875.9805477858 1020515.7548828125
79327543.5303353071 1184627.3925781250
76767232.9261948466 963285.2714843750
79742687.9582791477 1207326.1933593750
81487244.0694077164 1278643.5058593750
80856867.7240131348 1258140.8222656250
76509969.4709675759 933546.3085937500
79017264.3563344777 1160723.7968750000
77229263.9416331053 1013113.1303710938
81558720.6943552494 1278900.3857421875
76065797.0753959417 867199.7543945312
80279770.7199052870 1230477.4082031250
76579792.1197403073 946466.0102539062
77445022.5018325746 1034435.8242187500
83160583.6440771967 1291737.3857421875
79091430.4014104009 1168664.6191406250
80335321.4461952448 1230498.5712890625
82821057.3920512646 1291567.3847656250
81193110.8963938057 1269193.6171875000
78104397.9969078600 1090621.4501953125
81475104.5445746779 1278591.4072265625
82350925.6460412741 1290755.4208984375
82773955.9843754172 1291513.5156250000
77863644.1224434376 1075287.0874023438
79983934.5690895170 1219586.9990234375
82880826.9389215708 1291586.5507812500
76517741.2784475088 937011.9340820312
79042649.8951480538 1165982.1533203125
76667139.2926298231 955784.9606933594
76538476.7333952785 940743.3532714844
79896719.9684528559 1211479.2226562500
83439059.5544206500 1291826.9589843750
78894030.9169011712 1150853.9926757812
80188970.6476056874 1226589.5927734375
76527401.3351687491 940565.5808105469
75838605.5636665821 812730.1372070312
76066496.7258249223 867308.4333496094
79401949.0006853640 1190551.0976562500
77582662.4443218112 1048420.5332031250
76105125.5046257228 876550.6850585938
78922566.5005693287 1155182.1835937500
76070387.3242936581 870854.6547851562
79865465.3492568433 1210121.1708984375
77592091.4606705010 1050142.3862304688
79290500.5036428571 1181304.0722656250
79744491.5805702507 1207470.3525390625
79713621.9202096015 1206256.2861328125
79375091.3288167119 1185998.8613281250
75832065.7808831334 812018.5710449219
77427488.1742654443 1033969.5102539062
79231766.8890410811 1178415.8925781250
80118515.8996472061 1224489.7968750000
79956483.3514926136 1216794.7392578125
77607290.2695094943 1051806.5400390625
79379430.9690299183 1188808.8994140625
79626135.0398257524 1201845.1806640625
79494631.1050022244 1196230.4541015625
76498573.6955563575 932467.0769042969
77296213.1995377541 1017843.5566406250
79165100.2322422415 1171792.8286132812
75857505.3392471224 820268.7368164062
80220066.9910841882 1227920.6289062500
76614358.5608431846 947268.8237304688
76032489.0380415916 863125.5273437500
79958549.0302759409 1216801.2226562500
80093967.1975757182 1220391.1044921875
80188365.0804167390 1226354.1318359375
79966767.9451073408 1218566.0917968750
77502483.1472173631 1041504.0200195312
77261921.3382726312 1015564.3540039062
77337846.1374425292 1023823.3002929688
77401752.6617569923 1026469.9785156250
77502301.5529794395 1041291.5932617188
77409503.4686430693 1032393.6835937500
77604787.3103344738 1051544.0932617188
79204267.0671422482 1175117.0429687500
76513514.4713966846 936707.5661621094
83213562.0473135114 1291775.9101562500
76453845.0289901495 927689.4855957031
75964506.5930916965 847406.2338867188
76343217.5767217875 910617.5520019531
76222488.2821373045 893862.3703613281
82558745.0442755669 1291012.0449218750
76431964.5286336392 923977.7160644531
76397300.2337491214 918264.0524902344
83117141.3350200206 1291711.8974609375
82679603.4674010128 1291072.0029296875
79195984.2631540000 1173728.3750000000
82804537.0058558732 1291532.6816406250
76273749.0823337436 904207.9685058594
76323869.2831989974 909426.4816894531
76244675.7054250240 897942.1054687500
82472795.4592807591 1290954.5791015625
76245655.4568018168 899512.0192871094
76813951.4642246515 965996.9060058594
80404302.4861037135 1234173.5878906250
78984141.3813214004 1156907.3183593750
75990600.3095478266 853061.3261718750
79175612.7222815454 1172113.5966796875
82535214.3383001536 1291008.4482421875
76237022.9559460878 896246.4365234375
75907708.0297261775 828663.7314453125
76941521.7793751061 979695.3200683594
75878108.0282906741 825444.8347167969
75923218.1913641095 833071.4335937500
76300418.8832502067 904578.6462402344
75890638.3116874099 826262.3835449219
76957733.3196658492 980067.1381835938
80529395.1851965636 1236825.8212890625
75955581.9015748799 847385.3488769531
75952084.6338499486 845936.3249511719
76118457.0182548761 878344.3376464844
80423739.2174008191 1234905.0097656250
76095597.2213402390 872508.3684082031
80517760.3890938461 1236793.1035156250
79871354.6436343044 1210351.3847656250
76402194.4275549799 918904.4250488281
75888710.1737261564 825469.7944335938
80507425.5468520075 1236200.5517578125
80491853.7691825032 1235559.6191406250
76178270.4675488025 885777.8601074219
75979664.8865652680 850814.7590332031
76000379.2061392665 855631.1635742188
76034691.1981274784 864762.4523925781
76221023.1021257490 892012.3151855469
75940996.6076596379 840236.0878906250
76195672.3928733766 889293.0964355469
76141340.4169224650 881438.0256347656
76144865.2155769616 881474.1464843750
75987343.8669160753 852821.6372070312
76014377.2797179073 861588.6760253906
75927585.3841730952 836992.2509765625
78710638.4577099234 1119765.6577148438
78684940.8708667457 1118308.5307617188
78719003.4670964926 1122877.6347656250
78756376.8165934980 1125563.3881835938
78723395.1443051100 1123640.3442382812
78749492.2658328265 1124749.4780273438
78810167.1863341182 1125925.8901367188
78774094.5105676353 1125865.7485351562
78661025.1086823344 1109435.3515625000
78626785.2994025499 1109092.8398437500
78672921.7725518793 1116179.7089843750
