360082679.2170801163 65582.6230163574
338647157.7174531817 47362.7090482751
338496334.7461915016 47354.2003543305
325143427.5444514155 24857.8787945353
325199345.6712642908 25204.2634077587
325730702.8636853695 26332.5139580883
325975773.0578874350 26344.5337425985
328280888.4928779602 31132.4394995844
336868458.5030875802 45553.6104552329
337970966.1075690389 47098.5759551108
338156629.5384121537 47351.1907682458
337802357.3148701191 46979.2629210532
350904519.2617533803 59063.3949726634
363218069.4636265039 67285.8235473633
325719457.4638676643 26231.3355715063
328555764.4725908041 31139.6892578205
336904187.9050484300 45675.0845458091
337505749.0478273630 46590.4945494712
350883365.1873075962 59061.3733695485
325375615.9167957902 25923.1739314117
325217899.0977463722 25514.3754377880
325155339.6965007186 25007.2277058207
325164331.8722056746 25163.8646381937
328563683.0286235809 31170.5116627581
328177411.9305610657 31096.5158549765
347229407.0854375362 55974.1607312842
350877601.2980626225 59042.4306934886
325101493.5304368734 23874.3087109171
325138086.9824477434 24520.0681751810
346327581.6976159215 55259.8249223505
325179597.0517088175 25198.3380127989
350610548.0926386714 58905.0085896067
360208587.3287794590 65703.2553100586
359927473.8373991847 65568.2652893066
363681633.2457653880 67405.8604736328
366710979.8312752843 68077.9100036621
351377498.8780529499 59498.9101890065
351409835.9157292843 59611.6902180724
350925059.7867494226 59272.6055320241
359713201.8067967892 65401.2418060303
360134853.7470195293 65684.0866699219
360285382.2202315927 65706.8010253906
361382948.1172569394 66328.4643402100
367743651.5457264185 68219.7847747803
377751911.6577304006 68935.1747589111
378302658.2273442745 68935.2225189209
367184549.7272404432 68162.5554809570
367528449.7838451266 68189.6418609619
375829093.1982851624 68893.4160308838
366877195.6745537519 68103.0504608154
337635122.6893750429 46685.4341067107
351174651.9919409752 59418.8343108390
351277202.2528194785 59498.4117567018
351256225.6785507798 59419.7561133597
351010509.8968339562 59334.0081440732
361060848.8374177217 66226.2310066223
350621089.7808251381 58952.9500416331
350907587.5870960355 59189.2131067775
327657835.0360123515 30392.3373138508
328029063.5783547759 30949.6480921445
348507038.1547970176 56895.0095619767
326646713.6765792966 28048.4435518937
337305485.8755871058 46254.6289821615
347786838.3590771556 56616.6767034216
327847847.8345824480 30592.8715297452
348045546.5638967156 56874.1380973740
327969389.6110790372 30910.2146916998
327748409.6775558591 30543.9266896857
350278244.4488477111 58688.1021436416
326479907.1224840283 28025.5740279746
367075116.8197243810 68137.7159118652
347892734.3130246997 56674.2238443478
359837564.7965028882 65482.2691497803
350391914.2722750902 58802.8563526683
360571963.7528738379 65891.5821914673
332545619.0892637968 38349.4115762436
347628533.2518216968 56486.4531406073
347695281.3418928385 56570.5011357947
348022248.8261045814 56835.3493909521
337104051.0439648628 45935.2997127523
325703162.6886522174 26175.8019082962
359481894.6845139861 65056.6832237244
359298855.1752385497 64958.2049446106
377618202.0150426626 68933.0082244873
336648273.4450885057 45319.0250839757
350233178.8236483932 58500.2599476390
326531160.4827985764 28033.8256549728
332235044.0554033518 37688.7558017695
347857258.1728844643 56650.1291550307
377160782.1780722737 68927.9603424072
377670306.1470347047 68933.8022613525
347286180.7743648887 56251.1476163550
360991793.8342753053 66159.7016067505
367004270.9487936497 68130.0192565918
376109748.3619420528 68898.1748199463
346263435.6007438302 55185.8301847375
347437970.8607373834 56357.4889573737
377324724.0995957255 68928.9923553467
347251960.2026423812 56122.6416604076
325652603.8060085773 26171.3221872268
363465768.8898238540 67342.4005432129
366972700.6986088157 68124.5054321289
361808291.2421032786 66564.1271514893
363029552.0052898526 67185.8690032959
363920217.7422006130 67445.8707580566
332661569.4839616418 38447.1835756028
364201021.8187427521 67465.5995635986
376247878.8509321213 68904.9706268311
377012223.6120167971 68926.1707916260
326378390.4251247644 27668.1518936050
326450954.5743249059 27774.3149801684
346153851.2056703568 55177.0010831750
326301321.8987115026 27653.9753131759
336761759.9369263053 45363.5345993372
376231014.9134012461 68904.5623931885
332706961.9629247189 38761.8331370303
336771710.1674219370 45402.2108368142
375115870.6791062951 68799.6248779297
375059142.9314364195 68764.9708404541
336856469.3723015189 45474.3092909506
375566537.5379853845 68872.0019073486
336905223.3183373213 45682.9526894851
346941693.7660558820 55767.3206457777
347075532.3663448691 55971.9405646010
326163889.4760327935 27282.4982776535
361480528.9218013287 66446.1766815186
362785472.6730220318 67032.0970916748
328131903.3319249153 30949.9826196519
336623320.4821876884 45073.6816599839
346770234.2262307405 55699.4491315978
336589680.4794625044 44956.9279717202
346487091.2746260166 55472.4663706108
346670934.7222628593 55588.1254968925
359760885.8774738908 65401.8928565979
364511313.4078075290 67572.7548065186
359815827.9820909500 65410.7612342834
362341026.7208910584 66781.0452804565
346545257.5378742218 55479.0873519874
359603962.4246429801 65195.3683357239
326000578.9352160692 26863.4040622604
332674297.8902966380 38607.8455667221
327843446.2992607355 30554.7514873234
346743655.3061740398 55672.0705118461
346410493.7809774280 55414.8794794364
366393735.3625921607 67961.4114532471
362450302.9956066608 66782.1008224487
361151996.4703577161 66261.7154884338
360390732.8078598380 65729.9786148071
362566046.7339477539 66962.0640335083
349851288.2404005527 58125.7826164253
349567647.8268198371 57863.3016109951
350030576.4225469232 58153.6245480068
360391416.4019734263 65768.6961593628
327347171.9200814366 29366.0194356779
349839280.3996151686 58025.1899357326
327442762.8795013428 29616.0321826639
327411010.8953546286 29607.0654137978
361816936.2968997955 66579.0002899170
374555618.6684018970 68710.6588439941
360664923.0895249844 66002.9984207153
363897408.0437766314 67422.7298278809
349930093.2116271853 58151.1364410408
327054610.9106163979 28597.3488691954
349180450.5595905781 57554.5010033138
366134390.3804671168 67825.2555084229
327257142.4662001133 29298.5380853066
326932892.6806270480 28510.9481170945
332371775.2507587671 38158.4449414716
374451705.2295437455 68675.0623168945
361050925.4139816761 66192.1897354126
374751064.0343726277 68711.5460205078
348878761.2024382949 57243.1214093454
364342861.6895558238 67513.1504516602
365830555.8293620348 67756.5168151855
361455992.9257491827 66441.7489471436
327083911.0401977897 28757.3570098384
327232021.7692607641 29028.8726854128
374039177.6917898059 68665.1072998047
332195365.0867766738 37674.0785616288
345338175.4441130161 53975.1858548431
345733917.9775425196 54364.8687521948
345579148.2469807267 54238.4450613989
349278236.7675722241 57559.7405529507
364305640.8605948091 67497.1187438965
374828401.7940917015 68736.9927368164
349039497.3759124279 57256.9292275794
348640952.5234517455 56997.8979367502
332139147.6051317453 37632.1141884351
365680967.1189572215 67697.7522888184
365805472.4987175465 67700.1888732910
375037896.1691488028 68749.2355041504
365425918.7405242324 67695.8426513672
365820584.8245807290 67736.3229675293
365023621.9662238955 67614.2037963867
336493296.4902766347 44428.9721349475
331922500.8882042766 37090.3578019613
345874279.2027868032 54535.2820597126
372856169.6169096231 68454.4340209961
372857477.8329029679 68501.4048156738
345671223.1323184371 54331.5323954059
336240164.2992033362 44053.9696574023
345630222.5287495852 54331.4512796833
372787781.6511817575 68446.2876281738
336048821.6318758726 43730.5868117621
336031794.1249562502 43677.4964517073
336188005.2093628645 44048.8923842718
373576898.5155364275 68557.0612487793
373392280.4850032926 68555.1266784668
344916156.7281641960 53496.1699907391
344942959.4148875475 53632.7164079754
332088939.9295111299 37375.1136741100
331933667.1613102555 37223.6138291830
336137570.7268096805 43958.9486615469
345257868.8525278568 53907.0130195527
335762944.1670047045 43194.1199182539
335878321.8590211272 43408.7145484283
335510345.1442518830 42861.3613834127
344552841.4968360662 53102.8691045253
344659317.5166954398 53247.9999122529
335439598.4149445295 42546.7027569479
335253429.4483024478 42224.8597462839
335175257.5663402677 42213.0916798777
335010039.7783558965 41885.0624383158
344932718.2135537863 53531.4498329072
334958834.5279148817 41614.0841258263
334624876.7409708500 41108.0520771711
334636043.0140768290 41241.1338642805
334394216.2706297040 40873.8929128477
334192680.8076567054 40475.6584784879
334211755.0680899024 40505.6248925755
334538709.8214668036 40894.8803872796
334354778.2940317988 40570.5473306308
372410910.0396662951 68237.7023010254
372445474.2588664889 68250.2976684570
333772898.5760554671 39781.4532415249
344122649.8404238820 52293.1486674894
344409945.0422022343 52663.8650713910
343704452.8827748299 51720.3622088640
333451373.8010292053 39150.4239025094
333522622.8405243158 39334.1728498318
343933659.1248504519 51895.3840687315
333281428.2320809364 38925.3677961209
333301586.6808918715 39072.6903821804
343795294.1025513411 51879.5335345475
343940560.9065025449 51987.2945542543
344162119.8154948354 52295.8242516725
331649135.6244274378 35920.0172046839
331597334.0368996859 35704.8496340333
331451032.0871815085 35605.5092853724
331446320.1155786514 35399.9286571730
331300252.1031929255 35208.2952800978
331250133.0502104163 34896.6208223689
331369229.5613387227 35219.5576586116
342098544.1431157589 49136.7768886464
342231846.4776104093 49594.1415150762
331005263.8662978411 33815.3479293247
330931757.6141603589 33801.4477488582
331042619.7940919995 33884.1641472054
331092734.9187816381 33895.2864186352
330869999.5079957843 33551.8131558370
330799976.2953670621 33516.6185640877
343312923.9446052313 50729.3065065807
343348925.5308159590 50799.3893770641
343365873.6219174862 50819.0225987798
342795436.6749688387 50212.1138655217
358502384.8852697611 63318.4150342941
343000093.7017158270 50539.9063476026
342991322.6662396193 50526.8625151189
342958085.6287590265 50483.3659636052
330602304.7736833692 32739.0233940900
358855334.6522112489 63615.9066390991
330425821.9058721066 32369.9258022130
330526350.4783793092 32453.0513034557
358867597.7291589975 63631.4251937866
358458525.9640052915 63238.8435087204
330292695.3149944544 32011.9794877064
330508600.4386778474 32390.0392519684
330332513.8897063732 32023.1489345030
330266655.3852096200 32010.6724001617
358682282.3735001087 63443.1552658081
358617318.6387643814 63394.9604873657
330066763.7942170501 31637.4404184284
342074480.3167608976 48890.2426789750
341971222.2858785987 48645.7062046344
342095449.4885247946 48912.7711651141
341895838.5192946196 48607.1798838370
341400278.5884970427 47430.8144566901
341332682.5660220385 47430.4596898444
341555278.8073557615 47628.6300685601
341647689.5425303578 47829.7410619766
341577436.3712180257 47787.6105597243
358158397.4277049303 60912.0331311864
358251012.0859087706 60940.6345182103
358368950.4567536116 61040.5498586339
358308141.6956508756 60977.9258924169
358290288.7418355942 60943.5198560399
358390138.5097539425 61176.7193036717
357810278.5293202996 59937.0249162358
357768864.4705004096 59936.7808213872
357866068.7477594018 59991.4364915532
