213457515.4010479450 3248403.3222656250
217278540.3680782616 3595344.2949218750
226701449.3668735623 4074109.2285156250
217094791.2711639106 3590557.0732421875
217111747.7366801798 3591040.0693359375
221768701.0716085136 3908953.5214843750
225209799.4396709800 4043415.3710937500
217028357.0909893215 3581745.4580078125
217193644.4209853113 3592049.0507812500
221601628.3653628826 3899662.1093750000
225207569.9723311365 4043252.3691406250
225922989.1710325480 4070450.1835937500
216779176.4495787323 3578546.5224609375
211874045.3814244270 3001843.7177734375
214032818.1014988422 3314240.4082031250
216824327.5042405427 3579989.7998046875
221569348.0871364474 3899344.2246093750
213296986.0628007054 3230989.7568359375
215332787.1804071963 3444426.0634765625
216698882.9829296172 3567695.6250000000
211752449.6313849092 2990424.1542968750
235689886.4069386721 4188882.8730468750
211837935.1790894866 3000986.3613281250
213172169.2615806460 3205333.2939453125
228802643.8535134792 4140005.8632812500
216908546.8218086064 3581515.2763671875
222541489.6092309356 3948833.9433593750
210745932.4624781609 2736016.1142578125
216733265.3541063368 3573655.3476562500
216892194.2876780927 3581052.1503906250
216859080.7415849268 3580639.7207031250
213449840.8493024707 3246188.3007812500
214072985.6787126660 3316069.2314453125
216715593.4478476346 3568232.9941406250
234406208.8180397749 4188201.6503906250
213238455.4050447941 3217798.8427734375
221662846.4948883653 3908407.0957031250
228864373.6190234423 4141538.2832031250
225909275.6146096289 4066771.0917968750
213181380.9969983101 3215943.4033203125
235576965.7601916790 4188856.3730468750
216634375.9989684522 3563073.4882812500
221299566.7237115502 3886990.6757812500
222055520.6005775928 3924670.0488281250
216449766.9404257238 3549091.3583984375
212071978.2542884350 3006360.7861328125
216546585.4115301073 3560197.1132812500
232772481.9922170341 4185161.7558593750
213728718.4726320505 3282381.5390625000
213992311.8734912276 3311351.1191406250
214121956.0222024918 3323218.4267578125
215188013.2883664072 3421657.5166015625
219517832.9532017410 3773091.1464843750
222691460.1543261111 3957058.8046875000
213525710.9698535502 3256491.3349609375
234217336.7477560639 4187942.3164062500
215033015.8107821643 3416027.3007812500
225270166.4681027234 4049142.1953125000
215222236.7949132621 3434743.3291015625
221139255.0892887115 3873130.8984375000
222907153.8744160533 3962466.5214843750
228417488.1886556745 4130963.7265625000
228727106.8166272044 4139892.9746093750
210833252.0736719668 2742326.3339843750
221232926.0499591827 3882978.7695312500
221431986.3443433046 3895745.9160156250
213831754.0765234530 3297086.4746093750
221369137.9029462337 3893781.4179687500
221515529.0588621795 3897636.7871093750
225453041.5562720895 4054472.1015625000
233301817.3737106621 4186433.1367187500
215382180.7690270245 3444769.7070312500
231340742.8611290753 4181143.8496093750
211246665.0493800640 2901942.1191406250
211384071.4687609076 2928799.7031250000
211269986.8381248116 2909064.3691406250
228532203.9730807543 4133323.5800781250
210663097.2446207106 2694485.4741210938
211423563.4013774991 2933390.4140625000
219930426.1419462860 3794989.5937500000
221706849.8584665656 3908541.5332031250
221442384.0058379769 3897122.5234375000
225392879.6759051681 4053933.2656250000
232042245.5438942015 4183032.5273437500
232490620.9947117269 4184721.5136718750
211274026.4384254813 2910455.6054687500
213925725.4344083071 3306864.9296875000
210869695.3225722611 2754588.0175781250
211817353.9991547465 2998850.6572265625
221701363.9101597965 3908411.1191406250
221623057.1310984194 3908061.6269531250
231239642.1676463783 4180264.3847656250
213920719.9752119184 3306537.0263671875
211256917.0677890778 2902785.9111328125
211172807.2330423594 2885493.3710937500
231052582.6827177107 4178562.0898437500
211916370.7205382586 3002871.1005859375
221517272.5634215474 3898775.6894531250
210834764.1057527065 2745897.0146484375
215427986.7115899622 3453429.6376953125
249421886.1466229558 4189724.1132812500
210761189.9773365259 2736782.2714843750
213718351.6138539910 3281644.8984375000
215304499.7293752730 3441798.5136718750
229107661.2831969857 4146642.3144531250
228893197.2410720587 4142507.9472656250
211332467.7579526603 2918861.6787109375
248649229.2086450458 4189294.8320312500
215405795.6027548611 3450545.9814453125
220018980.7283162475 3802138.4667968750
219707953.4292148650 3784690.3398437500
232606680.1155863106 4185048.7656250000
213374771.2861016989 3241645.2353515625
231731343.7406420410 4182601.1015625000
210678900.4261382818 2703232.5112304688
213295334.5349486470 3224837.4267578125
213662985.2488611341 3274696.2177734375
215824693.9490770996 3490349.1582031250
210710232.5059120059 2712297.5498046875
213749428.7924652100 3288323.9570312500
210739105.8056543469 2728517.7177734375
228928798.2618679404 4143058.0429687500
230135225.3660824597 4163917.2792968750
213483933.0149236321 3255039.6953125000
211205413.3458732963 2896618.4843750000
213472917.7726498842 3252540.9707031250
215994460.8786054552 3509013.2128906250
216403210.5517969429 3542485.5937500000
216373529.4192066491 3540743.6396484375
225793419.0055493712 4063151.2070312500
228981815.2923946381 4145277.5351562500
211666774.7960764170 2967519.7490234375
215883045.9602167904 3494979.4707031250
222773242.1576369405 3958310.1914062500
234705739.5763918757 4188375.2324218750
211685357.0468865037 2968989.9501953125
234234162.6926509738 4188049.2480468750
234007851.8154190183 4187884.3222656250
215273085.4917341173 3437918.3037109375
216210064.5936212242 3525864.5986328125
235107359.1727682948 4188457.2343750000
216318040.1251902878 3532599.5703125000
216125853.0743972957 3519156.9814453125
220016599.0060369074 3800876.6855468750
233794193.4462072849 4187520.1445312500
211953103.4233181477 3004708.9824218750
215985110.4269815981 3508853.2011718750
220212885.6513037384 3810277.8496093750
231681892.4195606411 4182187.9941406250
233550772.7093093991 4187035.7265625000
211881774.5110301971 3002596.4404296875
233612862.0600672364 4187217.8925781250
210672378.8491997719 2699723.6987304688
222547934.9077988565 3949556.8535156250
229468362.4269184470 4153077.4531250000
211824965.9850152731 2999050.6806640625
222643620.6751216650 3953439.9628906250
228818302.5548039079 4140660.7246093750
219778534.4343489707 3790471.6250000000
233602362.1994642019 4187084.3535156250
229248644.2407702208 4149615.4550781250
248826850.7180850506 4189644.2636718750
229561761.4424633682 4154120.7070312500
248831516.1599529982 4189666.5859375000
211687230.8094999194 2980199.2197265625
225606326.3837496042 4060375.1113281250
211158555.7024073005 2880642.6484375000
211787517.9925146103 2992117.0634765625
222410167.7847649157 3943848.8710937500
222304163.7264772058 3941098.4765625000
220110772.1342665255 3809577.6250000000
222208610.2228227854 3934246.1777343750
213543172.3773095012 3262069.2207031250
228864521.6546928883 4141827.1347656250
226098210.5987288356 4071581.7910156250
211081878.8432384133 2842703.4970703125
215547520.1044753492 3464471.8417968750
215488703.7234921753 3455175.7070312500
215500725.6760191023 3460426.7871093750
222680327.4989622235 3954729.9062500000
229127362.0593220592 4147935.0937500000
211602171.6308807135 2964140.1669921875
225248520.8060076237 4049118.6816406250
215385346.9025032818 3449055.3095703125
211538400.9918851256 2947311.2587890625
215190139.8306297362 3432362.4658203125
232007716.9089674056 4182873.8691406250
231022684.7609002292 4177543.2851562500
211082854.5568739176 2844409.9492187500
215081310.1171826422 3420251.6328125000
211087214.4881539941 2845824.2558593750
211055516.5923853517 2840634.0000000000
211562835.3272743225 2955241.9111328125
232352296.5017971694 4184192.5820312500
233157855.7505181432 4186106.3867187500
230932937.4891911447 4176321.2128906250
230395687.5821228027 4167292.7402343750
210939719.1677240133 2765718.0078125000
211517800.9386788607 2944891.2333984375
232168056.5951900184 4183660.9941406250
215790839.9194959104 3485056.8154296875
212919038.5023459792 3160779.3613281250
215623909.3586674631 3469851.6816406250
227727256.6040187776 4112108.1210937500
224056857.1116759181 4006608.1777343750
232143199.3580116928 4183498.9492187500
214347611.9701201618 3345175.4150390625
217299408.9198774099 3596600.5732421875
214962845.6999809444 3406419.1699218750
224040135.6657567322 4005259.2421875000
248550228.4528742135 4189134.0722656250
217417669.8654877543 3599937.4394531250
212845609.7902744412 3154593.3544921875
214502322.5602443516 3363855.4365234375
214711154.6322852671 3382793.4287109375
214760799.9705316424 3385724.3212890625
214616593.8921037614 3375545.9892578125
223938896.8794130683 4001852.2851562500
224193211.7318490744 4011275.1269531250
213064714.9259241819 3182939.7617187500
227573570.0145556629 4108666.8593750000
229888388.5783933401 4157242.2089843750
224050217.9986916780 4006554.6289062500
214525539.7966251671 3364235.6191406250
214860537.5064823329 3395211.7500000000
210958486.5893597603 2778851.3378906250
214436023.9941904247 3352573.6337890625
214456514.7498468459 3358730.1943359375
224086769.9779193997 4007363.0410156250
223988047.5106145144 4003235.1230468750
224100175.4228812456 4008076.0371093750
210952951.4378007948 2774363.6337890625
223577847.3614920080 3985023.8242187500
224145912.0195848346 4010492.5371093750
212800063.7270851731 3141999.0898437500
230612272.4899614751 4170751.2343750000
223292336.2295591533 3975317.3144531250
210986644.4436819255 2779582.5205078125
223716317.2446627915 3989578.0878906250
227765389.5848195255 4112887.6796875000
227530196.4127735794 4106942.3144531250
223284454.5559174120 3975276.9707031250
210931589.5109525919 2765484.5839843750
214265148.1576468945 3332554.3798828125
212874228.0872885585 3156548.3730468750
214305159.4264078736 3335114.3164062500
223848176.7178912163 3997011.7578125000
219007547.1327658594 3723009.2207031250
230593312.9885688722 4170569.0312500000
228133668.2285239995 4121844.9492187500
227447039.5849067569 4101707.2265625000
227426053.2813114524 4100725.4296875000
227446295.9332417846 4101123.3886718750
211092338.5801671445 2847709.4853515625
219203886.5403483808 3738520.6718750000
219162427.1478520930 3734170.3964843750
210994859.9480374455 2792470.6884765625
219167828.6812142432 3735181.5673828125
220377356.2203015983 3812707.4140625000
219211949.8679494560 3738869.3417968750
220428778.7389864028 3813599.7539062500
220497064.8971900642 3813925.2792968750
210989951.3355693221 2789297.2421875000
223804622.9451715350 3990922.2089843750
219228895.4897077382 3741208.9531250000
219344926.0904474556 3748277.3339843750
212937234.4727996588 3165456.7158203125
219304133.9170259535 3745125.7890625000
212977111.1338027120 3168411.0488281250
219306341.4552415311 3745972.2617187500
212652778.8629073799 3116498.9912109375
213139924.9410948157 3194537.6083984375
212932420.9225712419 3164070.8740234375
227292150.9586660862 4099400.1835937500
227029175.9424076676 4092093.0722656250
212658433.6757377684 3118721.7236328125
227282602.0974141359 4098616.9062500000
212921302.7988914549 3161896.0517578125
218865872.0831187069 3698926.5068359375
218905684.5986931026 3700191.4072265625
218961383.4391755760 3704378.9306640625
220653260.7199702561 3815554.0722656250
212634395.4596728384 3111834.2597656250
212693303.6032283604 3123060.6318359375
218829184.4023573101 3695746.2705078125
220735005.9848484099 3821798.9785156250
212600393.1231271923 3104306.9492187500
212692153.5527769625 3119437.2294921875
221029730.1456128061 3831268.7226562500
212523753.0161888897 3082315.9062500000
212507735.6912973225 3073540.0126953125
212440413.4864481986 3065158.2021484375
212467959.9253865182 3072018.6425781250
212386437.5450251997 3058307.4003906250
212425907.8932791352 3059182.3632812500
212139392.6549937129 3009229.0000000000
212253168.6619711518 3023492.3583984375
212315519.0652019382 3039680.6640625000
212186591.0257195234 3018578.8505859375
212281107.0079394579 3026835.3115234375
