388626519.3604833484 3559298.1992187500
390651512.7343023419 3598287.8398437500
391062497.3158705235 3605988.2255859375
393868359.2717269659 3648333.3056640625
394593567.0971539021 3657585.5791015625
394542494.2962246537 3657127.9248046875
394454232.5003411770 3656854.5869140625
394807446.0850035548 3658285.2392578125
399428460.5470117927 3679745.2294921875
380632445.5128982067 3293808.2202148438
389080135.4952217937 3570488.0888671875
388985328.4944803119 3570065.5205078125
367047391.3880078197 1963583.6049804688
368827755.4805381894 2269533.7656250000
368895306.3205350041 2270851.9599609375
372518942.1520532370 2711988.5205078125
372880280.0258589983 2743052.1914062500
372792679.0279117823 2735006.8657226562
378292537.7834904194 3143772.9721679688
381661271.0937016606 3334962.2465820312
368949768.2467791438 2284877.9975585938
368794994.1513104439 2268887.5566406250
369058555.0593011975 2294769.0351562500
373140618.6976967454 2754795.4824218750
390189603.2958447933 3593712.1562500000
390045046.3191859126 3586460.6240234375
398836938.7339215279 3677368.1201171875
399101661.5707830787 3678985.9951171875
406706912.3075489402 3692316.7431640625
366725387.7453986406 1900977.4274902344
369100114.8292388916 2296173.0922851562
369385595.2046666741 2333593.8671875000
385689370.4270941615 3471734.9150390625
385689539.9071639180 3474421.0136718750
388946244.6291160583 3567969.1855468750
398864735.7127909064 3678300.2314453125
398683295.8745485544 3677344.0673828125
394140717.7455301881 3654040.4570312500
394309432.1848468781 3655129.4775390625
366729548.9087387323 1902366.4294433594
366665297.5276707411 1893395.2663574219
369268564.5882885456 2326146.3383789062
373333145.2165907621 2756548.8378906250
380359372.7660323977 3282983.8452148438
406634417.9343177080 3691393.2363281250
369699589.3574221134 2334959.8847656250
372988298.8706405163 2747317.0913085938
373065519.3546496630 2752435.4116210938
390740599.6182974577 3604596.1943359375
398486851.4951562285 3676658.3037109375
398421709.1135020852 3675757.2119140625
366828522.0627479553 1923296.2956542969
369336480.1814991832 2330313.7534179688
369675404.4895539880 2333607.9472656250
394554151.8105897307 3657310.7548828125
366759224.6196192503 1906441.5148925781
369792067.0464143157 2335928.0424804688
369300163.8741279840 2326571.6206054688
378365837.7865827680 3151534.7060546875
378489474.5799277425 3156776.1684570312
380034944.9029121995 3266876.2055664062
368896198.5945165157 2272047.1171875000
369064343.0444256067 2295209.9257812500
369151048.8263804913 2315171.1757812500
381610516.4230040908 3331999.5043945312
373042076.2344505191 2750807.5400390625
381139667.7089582086 3312470.6088867188
381413465.8610180616 3325736.4291992188
381350412.3640155196 3321636.6606445312
390072760.2639947534 3590602.3798828125
381302379.8005393147 3318278.3549804688
381318980.4230961204 3320107.2397460938
394829657.7711197734 3658508.5869140625
372681454.0648609400 2726656.5517578125
392969012.1996055245 3638644.8154296875
366805033.1626622677 1913445.6696777344
366736863.8518119454 1903709.4055175781
374268013.2619721293 2849491.1689453125
396553568.4695409536 3666907.6279296875
378196768.9895018339 3139237.8793945312
381296447.3770597577 3317154.1528320312
406645227.8617268205 3691962.6455078125
368995242.1845198274 2287667.4267578125
372472246.4628985524 2706580.4506835938
385712033.4565488696 3476147.8906250000
393819213.4228659272 3647735.5576171875
372371163.5320018530 2695629.8095703125
372251502.8938484788 2682726.5004882812
381065469.3846176863 3309467.7700195312
393151426.3565121889 3639377.3720703125
393920614.8095386028 3650284.1308593750
380738058.6324589849 3299196.4506835938
380236387.9833386540 3278171.9516601562
396136827.7969404459 3665147.6679687500
392970630.0359306335 3638748.6093750000
393304851.7957592607 3642473.3886718750
397569615.5535431504 3670452.3535156250
406316994.4082922935 3691301.5517578125
385883062.0141359568 3480693.9082031250
392598358.8916859627 3633805.8564453125
374241733.4777925611 2847774.5947265625
380264782.2513020635 3279592.6401367188
381011334.2276999950 3306677.2768554688
389425931.6653730869 3577714.7421875000
391064038.0538429618 3608223.5283203125
380512944.7903239727 3289709.2963867188
381194695.2024945617 3316120.9311523438
378231453.8767764568 3143544.1127929688
380867263.4293441176 3301336.8491210938
380899127.4586393833 3306371.4438476562
395259651.7987989783 3660472.3876953125
386507340.2300599813 3486396.6181640625
392924001.4004607201 3637408.7529296875
379858879.4219311476 3242109.4116210938
379583997.4835526347 3228247.6577148438
389431789.9684962630 3578354.9921875000
389255378.9682089090 3574459.6708984375
408727224.5368348956 3692376.5673828125
372568749.8762723207 2715790.2905273438
391069567.1928160191 3609267.9853515625
374279254.7259839773 2851828.9521484375
390488734.4186196327 3598229.4121093750
395038969.0246460438 3659254.1103515625
396704677.7739818096 3667467.3671875000
372201672.7371138930 2672591.9716796875
367221380.5434868336 1976313.9135742188
385588403.2089822292 3470980.3183593750
397873127.3964428902 3671900.4619140625
389255216.8077480793 3574070.4775390625
389125426.9863697290 3573638.9130859375
368896348.6214951873 2280174.8339843750
397968384.2637921572 3672261.0068359375
367242811.2201674581 1979590.3974609375
368903847.4744673371 2281234.1977539062
372242290.7338522077 2678840.4853515625
397680766.2454081178 3671542.8232421875
374415297.8739552498 2853258.3808593750
374387783.2004023790 2852999.7495117188
397264025.5728076100 3669782.8632812500
379669847.8465306759 3233860.5600585938
379650225.0961220264 3228250.4536132812
379878770.1064583063 3247336.0092773438
397200173.1304808855 3669150.2226562500
367190096.2453769445 1968424.4936523438
397147369.9978511333 3669139.2441406250
379531035.1662589908 3222297.0112304688
367306440.8941185474 1981703.6237792969
368769082.4022862315 2259871.5126953125
408933903.6283262372 3692404.8476562500
396019828.1144458652 3663939.4277343750
405343298.2116708755 3686031.8886718750
379798093.5476998687 3240424.9643554688
395902223.7451241612 3662397.6035156250
395983148.8255680799 3662791.8886718750
395895940.1561126709 3662254.2929687500
405765562.0380492210 3690300.1552734375
389670727.8185315728 3583719.5849609375
388373977.6355973482 3553150.3925781250
385529131.0588274002 3470056.1484375000
379955951.7666432261 3250248.8608398438
388428457.4612782001 3556096.9150390625
385357305.2375572324 3460954.5449218750
379741405.2113440633 3239011.3344726562
385166524.0896428823 3452257.0898437500
406487384.7534120679 3691309.7851562500
385341225.4325090051 3460861.8369140625
389550058.9944300056 3579234.6738281250
393599706.0272548199 3644838.9345703125
405881331.8073145747 3690411.2246093750
372198971.4252400398 2652649.8325195312
372169707.7108651400 2650879.8339843750
378324833.4419696331 3146218.7944335938
378467261.8252670765 3154609.6669921875
385450478.9084189534 3465723.1943359375
385071357.1514624357 3449737.4257812500
385180340.6622353792 3455683.0693359375
374115167.1385485530 2836701.9218750000
385377763.4270401597 3461383.6982421875
391610806.5004937649 3614995.8496093750
385267856.0049327016 3459765.1230468750
385476020.7605923414 3467692.0527343750
373773728.9199029207 2808897.2939453125
373791147.4814175367 2810829.9814453125
377956894.5754570365 3117323.2211914062
378103244.4237239361 3128704.7983398438
373696394.1302139163 2802441.9736328125
373661985.9260550141 2798846.2626953125
373613934.0120559931 2794049.4091796875
373565851.4186186194 2789982.3896484375
387951041.4848083258 3541185.7363281250
389646379.7373007536 3581019.0195312500
392186727.0533237457 3623914.8232421875
392147874.6876918077 3622420.3349609375
392066135.5820986032 3620323.8398437500
392071025.9778051972 3620387.2089843750
391923178.7677763104 3619656.2167968750
391793227.9301092625 3618089.5312500000
367461523.7984250188 1994245.0351562500
373457074.7878937125 2771685.8759765625
405593352.3415982723 3689727.5576171875
377911402.0840483904 3111462.5971679688
389578655.3148792386 3579619.1835937500
389636961.3475701213 3580771.8662109375
373483575.0785143375 2777362.3403320312
373400309.3206822276 2765914.7534179688
373502374.7062762380 2778888.4433593750
406301938.6637416482 3691001.0068359375
389656918.9910263419 3581910.2207031250
373335355.1037699580 2762102.8266601562
387940301.4267526269 3537183.1269531250
368684511.3610620499 2210827.9819335938
368693441.8591303825 2213268.0478515625
378955436.8426992893 3168266.5473632812
405381481.9053048491 3688733.7763671875
368732476.3855906129 2216360.5292968750
379102138.0542677641 3177040.6093750000
378833988.5908831358 3159215.7202148438
379120697.0395174623 3178604.4062500000
368703160.3934260607 2213468.9086914062
386704058.7884199023 3494211.3828125000
379032804.0407882929 3172300.5205078125
378837895.4987846613 3162717.1777343750
378760182.6661936641 3158001.4360351562
386844089.6625815034 3498105.1904296875
386571255.3631924987 3493826.6406250000
387924437.5820625424 3523262.7060546875
368635176.5281113386 2168483.6958007812
368652861.9152700901 2172647.3032226562
367985724.5184308887 2014022.0476074219
368084575.5745450854 2026438.5227050781
377741458.5778473616 3077913.0708007812
377553274.5782403946 3062333.3242187500
377449122.0003751516 3058767.6884765625
368408465.2395584583 2111676.4980468750
368314775.9315350056 2096810.0820312500
368531575.9735549092 2144965.4272460938
368483527.4582513571 2137362.5664062500
368495110.9000428915 2137706.2846679688
368510361.8988426328 2139505.1152343750
377677434.1291060448 3073341.9731445312
377760590.3537309170 3080004.7929687500
368130907.7192803621 2031650.6447753906
368296473.9873631001 2085120.1740722656
368273926.4994052649 2084738.3869628906
368467730.9562958479 2126046.0234375000
368129027.9558452368 2026483.4870605469
377353682.5878431797 3043301.0751953125
377310125.6000584960 3039817.7460937500
377036056.2817504406 3018466.8310546875
377341755.1543605924 3041366.4316406250
377130549.5491607785 3029983.4101562500
368237342.5773192048 2069093.2053222656
376984878.1617556810 3013564.2758789062
387235307.2169532180 3509414.9541015625
375965347.8428613544 2924404.0766601562
375974040.1935760975 2932552.7524414062
375824244.8465006948 2923635.1674804688
375694155.2232580781 2912538.7915039062
387109324.8656647205 3504486.8613281250
376056757.2149624228 2935658.5820312500
375758564.4778010845 2917269.8637695312
368404587.2570779324 2101668.7875976562
376822446.4009457827 2992254.0820312500
376812267.2473270297 2989178.9902343750
376491943.0954924822 2960798.9389648438
376637114.5107996464 2975748.6220703125
376395971.6348244548 2958056.6523437500
376521799.8500530720 2968149.3984375000
376496153.0804963112 2964122.2314453125
368223791.1397159696 2059764.3068847656
376319866.9444172978 2944952.1513671875
376196709.3435009122 2942563.2592773438
368192424.8564825058 2039163.2932128906
368208794.2167521715 2042055.0759277344
375627279.1183034182 2895263.6728515625
372104867.2146129608 2583031.5458984375
375581137.5199893117 2882540.3017578125
375270910.4633277059 2860720.2958984375
385008738.9140517712 3397225.7851562500
403817898.7143539190 3680479.5820312500
403859507.3965504766 3680779.2265625000
404979721.3423884511 3683450.2197265625
371492418.5333495736 2418233.7026367188
371460085.9835919142 2411856.4042968750
371125733.2520234585 2368404.9042968750
371309940.7508319616 2397964.9384765625
371202487.7258438468 2378656.2109375000
371267911.8508989811 2386126.5722656250
370979078.7468973994 2341898.6459960938
371078769.0076196790 2349192.7441406250
371123551.7812470198 2366377.3686523438
404829212.3793041706 3682035.6884765625
371028097.8312827945 2346627.1020507812
384668846.5458728075 3352233.4580078125
404899492.5389155149 3682111.0585937500
404974838.1740275025 3682745.1005859375
384543622.6238029003 3348026.2148437500
384435950.7578615546 3345367.3798828125
384843595.6199201345 3355159.3349609375
384838260.6339728832 3353065.3154296875
