461206401.3334284425 77101.6400299072
463816974.5379373431 77408.9144592285
395653965.4256169796 25249.6307743893
395733114.7573810220 25304.6667331024
395861107.2484434247 25625.0972944889
395758527.2306014895 25327.9572737082
400392343.5489295125 35060.5794533071
408377277.8298141360 44023.8159235905
411394976.4466564655 46879.3687784365
411587723.2137009501 46916.8850878562
411346531.9608542323 46679.6023708202
411454648.5966240764 46905.5861766621
411022967.9466474652 46561.8649828128
441072200.2595178485 69789.2726319134
463216951.6107603908 77369.1114959717
395234316.1638287902 23466.7175344742
395155985.7710582018 23135.1582932986
452486059.0799295902 75526.2161254883
440778606.0336118340 69597.5858279467
453117450.0753824711 75761.3283843994
452916241.6499065757 75620.0576019287
453839569.8089359999 75960.3664855957
463903785.2350192666 77411.2119598389
440529000.2169215679 69419.3516398668
440999654.0582288504 69659.9411879778
440799754.3607134819 69649.0762053728
441012965.7456471324 69728.3403370678
401448362.2151071429 36501.5630159632
401097458.2998185754 36234.3602098753
401083837.8896236420 36156.1107897093
401282192.0873200893 36471.8370706667
408526424.6013691425 44108.8771138357
408342190.9303426743 43837.6182183007
408350021.5628882051 44019.6910370568
411388678.7042567134 46734.0518149427
411975670.3634731174 46924.1906088880
401978392.2482230067 37162.3173078033
402407701.5638079047 37182.9071929296
401888215.0462003350 37047.1969940919
401589979.4099422097 36795.0747235748
453008419.5873839855 75710.0722808838
395430636.4437192082 24847.3333049151
395412487.7931825519 24521.6390742525
395415735.6892136931 24819.4711259171
395541549.1722464561 25234.0206950470
395432453.2172397375 24867.5986369415
400582996.7731435895 35436.1745401845
406112638.9450977445 41484.8396706833
434784272.3106043339 65583.4279691397
481356457.7311251163 77957.4896240234
480722230.8110432625 77912.8435821533
481368960.8161852360 77960.4982147217
395302212.7028522491 23711.8550904608
435213585.2598759532 65830.3385762793
453994122.1139895916 75979.3314056396
481450545.6472212076 77982.9619140625
410400608.4319182038 45829.2546913281
410625512.7768802643 46185.1664049319
395491667.3272372484 24869.5449871584
395375597.1488020420 24097.4945305190
395347101.9613069892 23716.2974642432
395209660.2277569175 23380.2977871514
400567599.5146633387 35424.1804283811
406013321.1553156376 41468.6936311136
408459091.5898172855 44094.5975579003
453631740.8357297182 75918.9936981201
400685964.5760949850 35532.3657745524
400556519.4396482706 35394.8992543454
400476099.3312331438 35393.0080727293
400358026.0750888586 35052.0081283132
400333268.7987930775 35037.5665622310
400219029.4816218019 34979.2885514450
410743838.8768505454 46245.7134254676
410292262.6599857807 45585.1212044232
410364059.9541013837 45782.9012395200
410487651.4467754364 46029.6673519305
453736572.4355763197 75936.3750000000
405940313.7010132074 41361.0797564099
400040614.9073772430 34310.8918882900
400118498.9988873005 34601.2371383858
410473237.8306174874 45960.3860417052
406280882.1030048728 41800.3018831621
406256336.5228409171 41750.1056617681
406189232.8155418038 41721.0563477884
434563519.3584036827 65476.5831052481
406172388.4324328899 41500.8422111455
438903310.5138939619 68288.9810359031
399945607.0967862010 34207.6080794217
423205957.4349681139 56620.0639597249
423206424.5609170198 56651.6521030000
408129732.0858713984 43766.0743578928
422875329.7956200838 56331.1081271699
439014607.1544001102 68398.5117881298
453378554.2558928728 75828.6088867188
461771276.1848064065 77277.5294952393
422476580.8129085302 55811.1259379915
461924255.4206513762 77303.1256561279
422619360.7490321398 55896.0440822175
438766080.5293252468 68263.2908713818
409596850.6198865771 45109.9281700945
434641085.4462898970 65522.5197965323
399868469.3777864575 33958.6604955214
396848542.8647913933 26317.0268635203
409258864.6882274151 44818.1568172864
422585471.7351105213 55844.5886674455
438699794.6275367737 68163.2079061717
396980971.8110591769 26595.4857355957
409514562.8228823543 45100.1139477185
422396624.9544969201 55760.1731563142
439081950.1682130098 68468.8265356272
408810322.9362843037 44414.7803503956
408732039.7805752158 44379.9811382378
409207851.8053453565 44779.2411390389
433421382.0060050488 64602.8750930770
462623419.1301893592 77348.5470581055
408867604.6745569706 44459.2152983638
408942831.7207590342 44481.1198729008
408755442.4033907056 44397.9063311363
422561041.5888008475 55813.2009845308
464095415.4781834483 77412.8317413330
463108079.5536572337 77362.5355072021
435425176.3519502282 65851.1305256604
463260710.5603567958 77369.4525604248
463536763.3347759843 77397.2097167969
463772725.1084533334 77402.9997100830
399768891.7014161944 33635.6962155902
396792191.5059573054 26185.5163354327
407514974.6750757098 42879.7214029594
407220081.6543316245 42754.9462744036
407003349.7161923647 42492.8953689865
439353609.7449287772 68588.8380712718
439281700.0794812441 68567.6148046702
462195032.6647414565 77306.8061981201
407169074.1218834519 42593.9183506929
406868201.2828866243 42382.1630883180
406953886.5366638303 42439.6392540895
422654447.7213191986 56110.3453364900
460644419.4193810821 77101.1198272705
461627316.1735362411 77258.9284820557
462238297.7809322476 77308.7901611328
406758709.5700102448 42160.0220685307
406604134.4604434967 42098.0834867690
435004816.3135544062 65726.3343183218
434918065.0127841234 65627.1370221793
462570484.1121174693 77347.4978332520
406622558.8889847994 42101.4162099064
406308861.2072255015 41800.4318412725
462380508.6804323792 77335.3330688477
405884049.8934364319 41147.1662944585
405623417.7287282944 40800.7757785341
434691790.4114356041 65564.2827730595
405426049.7330456972 40543.9394046255
438598823.2413160205 67991.0163440853
435587775.2958836555 66023.4254969849
438634397.6707509756 68009.5132274777
454866993.5184162855 76075.6864013672
421050265.9246628881 54385.8670377281
421331324.2453900576 54664.7961701897
421263436.9994342327 54639.0427522209
405324613.7440451384 40483.8950626837
421021387.5195367932 54282.6092394755
420919512.5354279280 54281.6324061320
405090575.6238262057 40181.2176617472
404935570.3831374645 40119.8319329111
420815005.3711225986 54109.3055179656
436103147.0274853110 66301.4021617845
420357364.3099642992 53725.8348415435
405023651.4104673266 40152.2006157142
404780818.1508595347 39847.0449488849
420518271.0879623294 53861.8479996274
419963738.6188957095 53303.7735446046
454648033.6035199165 76054.1735534668
454573372.3240851164 76044.6187133789
420299534.2784428596 53573.2293189118
419925632.1609064937 53278.1782207141
420159882.8570317626 53561.9475863526
454795705.7529995441 76069.5508117676
459994279.6524045467 76927.1912536621
420132419.7619745135 53377.5881517694
419844350.6782346368 53206.6789553712
419747206.5039398074 53200.0736544678
403799940.5950807929 38666.6496909766
403834888.7362086773 38751.2533812134
403902939.9634245038 38918.7443661301
403664620.5000242591 38651.0134853928
403842720.4004322290 38755.0821869282
403370634.7058432698 38248.2105116455
403740120.8944664001 38664.6491241960
402603006.3313165903 37318.1058363526
403034889.9063544273 37921.5762648193
402748849.5017822981 37546.6709303467
403184583.3008368611 37925.1471576302
402467801.1661303639 37199.5407580940
460157269.3180868626 76953.3944549561
399275368.2331933975 31097.7124513239
418121510.2497677207 51524.2289623773
418174331.6620875597 51705.0448193109
397898550.3202790022 27223.0843353345
397781653.3541529775 26814.6237621381
397798544.9696968198 27186.0419597699
397866808.0089248419 27204.3119896650
399141873.6091611981 30802.5537832063
399361858.9976023436 31346.2367107719
399524880.4223227501 31711.1842460781
398193302.9498354197 27817.4169960319
399299302.8570673466 31339.3908685297
418317099.0961973071 51728.9807138002
398193896.3308082223 28008.4548975202
418105995.2947546840 51435.7527355707
437193406.4034408927 66832.4574897438
398584929.5834906697 28718.6593227991
398401598.6506522894 28387.3750396975
436977732.2029906511 66728.5376784950
436894092.5649046898 66716.2579200417
480579525.3595302701 77737.0254974365
480425994.1431884170 77722.5120391846
480517872.6303490996 77732.7548980713
398677330.7320310473 28735.8491117357
398295176.3579627275 28350.1106888064
437318205.0406879187 67007.3386619240
437417417.2303538322 67008.9582262933
479958397.4785813689 77434.3072090149
437489834.7407472134 67090.2747123390
417778269.8238168359 51104.5202920592
418104234.3438872099 51417.8354784424
430514079.2980648875 61713.4790379153
436855143.2038199902 66671.6595254093
436887477.4111822844 66716.1874184757
479983584.8211998343 77717.6057891846
399694807.8346608281 31973.2004091292
417657607.4773170352 51001.9269692457
417964503.7701770067 51348.3943917906
399203174.7315880656 30984.1845816811
399119942.1273604035 30667.7366772145
399182377.4058688879 30969.8991616815
399076807.6206691861 30664.3133869618
437215900.1407436728 66872.7467610389
398759392.7846843600 28871.4942832082
398952962.6883870363 29504.9840893484
398953559.4474977255 29697.0041017271
398692879.0195493102 28799.5881432384
398872989.6637012362 29338.3927519167
430158730.1264347434 61491.4627792211
430198761.3896932006 61545.7303310977
398810028.1491335034 28920.9397785355
430812057.3366370797 61929.4483505832
430143021.1467985511 61408.7102429019
431122670.7867560983 62106.0184372052
430621508.5504260659 61809.8199211703
432977598.0645815134 63387.0322237139
432771115.2332482338 63105.1420615933
432854109.3397632837 63297.0313438199
459339102.2707540989 76593.6882934570
459301398.0747328997 76588.7919464111
459078585.3598027229 76528.8588714600
459246472.9097046852 76550.2000274658
458848960.5048747063 76385.1124267578
429754670.9401332140 61007.2595621434
429596982.7036292553 60852.4159029388
457288983.9331691861 76136.2207489014
457135656.7184435129 76117.5124969482
432742734.0119249821 63037.2583808529
432102746.4403678179 62649.7967109311
432198294.5191794634 62735.6267699826
431919273.7924030423 62450.2742193020
431865208.5293024778 62374.9347889790
431668979.6962054968 62367.2426436314
429570172.0576051474 60804.9696048585
428630500.0467326045 59895.6884634619
428838458.2450091839 60013.2948629980
428440015.6711218357 59659.1874771242
425980192.7809846997 57511.3141296152
426813292.7940007448 58110.3678558115
426454747.4206032753 57928.1617617849
427225410.0190647840 58480.0647102365
426239694.5134719610 57792.4626891855
426216799.8397737145 57747.1739771087
427139303.0379747748 58408.9798713693
426633727.2630266547 58028.0648804673
426776826.3053184748 58049.6668196445
417512974.8548986316 50407.9702332605
457521151.4695963860 76138.5028839111
416778113.2304905057 49660.1202211850
416951830.9904909134 49794.0934405436
416580591.1781890988 49430.7263250386
416861190.1951838136 49746.8927297627
457569485.2927762270 76156.4259033203
457702228.5030184984 76210.5370635986
415610181.5862663388 48299.5205131072
416294700.8416456580 49021.0491414565
416110165.5397787690 48741.7238726380
415755765.9983401895 48399.8612561721
415901666.0403915048 48633.6592603225
458199764.9772808552 76314.9982604980
415264083.9690233469 47691.4363908010
458347762.9150069952 76327.9430541992
415522121.5872525573 47933.3516928391
415471642.9427053332 47933.3228232102
415236723.5171574950 47687.7223331841
415589149.4043006897 48018.7872787477
