673436497.1672672033 41647.7176704034
673167877.7148658037 41302.1129264459
673082854.9363120794 40983.6251801222
673129347.8422178030 41226.0158919916
674683224.9199501276 44301.4763825241
674339844.6373516321 44091.1309174939
674514563.1115957499 44280.4117817142
674309416.5467671156 43946.1673756211
674129192.7072150707 43897.0101825042
673301049.1827157736 41623.6922679832
673648328.6525825262 41930.8002564644
673787814.5635375977 41996.8795323109
674054468.4474960566 43525.5571795745
673889862.9341750145 43191.8348273976
673882112.1513214111 42932.0903190710
673813775.1787267923 42871.8132036726
689776260.1796998978 70006.2318712342
690003298.8620653152 70181.1682292699
690194276.2707511187 70348.2937651741
690211734.0532611609 70412.1991911995
690107785.8160514832 70288.8782945740
690329323.6213937998 70413.8121038544
690021624.3076891899 70270.0195451844
771013107.6005334854 120836.1663360596
771385894.1362186670 120939.1734008789
771698918.9565258026 120975.1318054199
771255794.0842421055 120900.3135528564
772055819.1108479500 121016.4796142578
689958634.3144972324 70149.2361582371
689492961.8562500477 69773.6725460309
689869036.1794942617 70140.8702093232
689368667.8187705278 69543.6940752137
689815685.4904959202 70102.2306505310
689750238.4707916975 69915.1098791230
689307516.1723505259 69438.8021494019
689184668.9055237770 69228.0384622681
770858969.1564881802 120814.6050033569
771413560.9177889824 120949.7103271484
689355380.6686332226 69449.5742136109
689241384.1000621319 69386.7208466562
715691527.9386954308 92560.2018651613
769749778.6737072468 120487.2251510620
715306440.3279306889 92208.1063458477
688741816.4185391665 68597.5199441942
688266096.7720803022 67650.4713882824
688649167.5616397858 68273.5692049119
715106445.0742828846 91992.6053057560
714503213.8374865055 91659.4452444958
714893271.5602885485 91821.8105173954
714765448.6261307001 91732.0842767632
714899700.0132260323 91967.5650034794
714609088.8520067930 91719.4485789188
762144265.3901337385 117781.0302429199
762230591.7896995544 117802.2582244873
762242006.8818984032 117928.2266998291
762478588.8198102713 118057.5485534668
762813565.2871598005 118137.7944259644
762630110.4736404419 118065.0263137817
797178623.7568612099 123843.8777465820
684472383.5725913048 62022.6624987871
688414861.6730637550 67979.0766205211
688264232.6006805897 67460.5085192019
714265392.3487621546 91464.2304926762
714270049.5830888748 91523.3712931522
715215126.4660266638 92079.0769507536
762952224.2860270739 118276.0830459595
763067251.8531514406 118312.0039138794
763413987.7574586868 118416.1666564941
763400040.7978898287 118373.4031143188
797295246.1704796553 123857.6604461670
688371007.1637965441 67717.6365633303
688216151.2552559376 67438.7431134157
688244210.4433482885 67446.8477526003
688045243.6496180296 67252.1941004091
688047450.5667738914 67275.4751329714
688148400.8283087015 67311.7851132184
687958442.9842654467 67139.1252678662
687330051.7066737413 66161.5845045571
713768098.0960527658 90684.7833410404
797813228.5878294706 123878.4470520020
684606907.2152410746 62188.3588295596
684424479.4373455048 61948.7027586970
717902159.5555610657 93096.5710649739
687078158.1816059351 65529.5539982895
686917281.1454732418 65345.5334776155
686752163.7123779058 65041.0303495637
686689570.1131725311 64770.9642465822
717617428.4702479839 93025.3843635295
717862474.9653389454 93076.3693610784
764207787.5927532911 118580.5681762695
686640736.0573107004 64734.2488401643
686394018.6930727959 64375.2365506104
686411634.5457581282 64407.3441598377
686599450.7399932146 64476.1154868565
686269451.4373414516 64358.5619485340
686264548.9406561852 64015.6773984394
686627396.3074861765 64647.6507661304
717288123.1803041697 92900.1040765292
763585261.1687628031 118442.9909591675
763842224.9318636656 118526.4378128052
763741161.0207370520 118464.2541580200
796597339.0388693810 123807.8218231201
763538540.7348617315 118418.2818527222
763750450.0814155340 118490.5878524780
685175688.1524574757 62709.2532632771
685403330.9659358263 62995.4471823398
768003595.0731130838 119706.2178649902
768486580.2691515684 119864.8593139648
767843458.5921453238 119440.7379684448
793438171.2274906635 123554.5325012207
793220053.9357500076 123459.2500610352
794231310.5798033476 123609.0628814697
684529881.7700828314 62073.0265542689
684331398.0442497730 61671.8492547694
684428327.9202218056 61988.4720346156
684391075.6716642380 61735.2021667633
713583933.3400563002 90405.5264258510
768309205.5247191191 119808.5125732422
767869966.5749813318 119481.2457561493
794243688.4520522356 123652.7603454590
796827529.9891703129 123831.0850982666
796427579.5648888350 123802.6542205811
684267203.2088161707 61553.4771992389
684193386.4586789608 61405.4724270526
796707675.6750831604 123824.5849761963
686166453.5737617016 63757.5331441722
685994234.9703774452 63212.9756490550
797010417.6347184181 123831.9116973877
796349565.7662867308 123777.6822814941
796786741.8715114594 123830.9203643799
685864693.5323923826 63194.6237317882
767340420.0119818449 119276.7869272232
767518890.4867465496 119312.6143646240
683340295.1722739935 58579.2689047075
683350064.4947382212 58746.0817985750
683586586.4155327082 59087.9924741006
683607658.6048250198 59328.0069442308
683371685.3202030659 58950.9596319414
683867585.3361661434 59829.1037370929
683771386.9742295742 59368.2579691180
683800919.0792305470 59672.3314440021
684092620.0357775688 60099.9688121986
683838476.3755316734 59744.4014894733
684171338.9814310074 60127.5964760979
684003214.8431485891 60005.8312269769
679982956.5260987282 44940.4150941129
695856164.9034903049 72603.5796333360
680346874.0974402428 44975.6870906351
679724361.5313216448 44567.5286373494
679902786.1542738676 44844.2227035547
765396584.9572919607 118686.8434677124
765562177.4890037775 118707.9273376465
767538272.5148185492 119415.8908081055
767493328.0143277645 119302.1115036011
696672098.2564656734 73046.3349497709
697050863.8710756302 73209.3299498073
697140257.8938452005 73303.8029274456
697113947.3081454039 73264.5870356075
696961601.0265026093 73152.9598936550
682427007.8339023590 51718.3914947837
682404938.8457273245 51620.2725318848
766450449.9636327028 118955.2486877441
766303555.9951094389 118946.3793029785
767063536.8424910307 119161.3367156982
766859261.2912689447 119072.2184906006
766862300.7128132582 119112.0200347900
766612953.7713471651 119040.1483764648
766012979.1959995031 118865.7161407471
766031784.4981175661 118900.7363739014
765691675.9693702459 118782.1726684570
681040911.2249965668 45807.9677085787
680862086.6994158030 45424.0025224429
680912144.6515796185 45669.9588132095
681192109.1246435642 45810.4159456235
791598898.2653864622 121747.9978256226
792386109.8396081924 122366.1036987305
792052459.2931904793 122310.4776153564
791716059.1199706793 122154.2840499878
792265825.0866699219 122342.9962768555
681509144.2243463993 46133.5073468304
681574221.8634382486 46308.3157956219
681479005.2447311878 46080.9071037388
682477495.6775218248 52025.0193453162
682463680.8655790091 51991.5212631553
683262592.6779252291 53823.1261009549
683266429.5886054039 53871.0932840301
683154305.5756518841 53333.0293288770
683021069.6785138845 53044.2386422782
683043281.4380449057 53050.4461835056
682854447.2445774078 52684.0818452967
682916322.9888600111 52771.5513643353
713296077.7309659719 88482.8427001046
713377086.1971625090 88514.2050581979
713295837.0409582853 88473.3921690988
712900524.0963461399 87932.3444815683
713248081.8566240072 88195.8470564889
681707723.3441593647 46526.0622029668
761306969.0709428787 115262.2744383812
761769373.3421236277 115592.4031105042
761862076.6655393839 115634.4935951233
761011760.8588424921 115196.4926843643
760879439.2352325916 114142.9946670532
760696916.9867703915 114063.7529983521
760838394.0334150791 114109.9976119995
760501176.7376712561 113847.3407878876
760309091.6122997999 113721.1400661469
759858282.4794251919 113197.4072971344
711981408.9035804272 87103.3594052498
712605434.9561623335 87499.4429700081
712655876.5547932386 87556.3204599624
712371036.3160777092 87423.4862172310
791059015.0749763250 121443.9083023071
791038393.4010162354 121429.5483627319
791144982.1130186319 121444.0531845093
681840109.5478376150 46722.8351286231
711560691.2080593109 86648.0071261365
710943348.0693005323 86261.2968371350
711396437.4308651686 86548.6110156018
711194133.1947791576 86368.5865862805
711020854.4471291304 86344.3485186535
787895720.7517414093 121129.5944061279
787721640.9419995546 121104.9869689941
790374608.6870412827 121344.9829254150
790287107.7331690788 121308.6679534912
710506741.5433162451 85784.6557962023
709529141.5585876703 84948.8748793326
709559210.6718374491 85151.3784651481
709273791.7552989721 84855.4230537708
708734589.6951855421 84219.5284142192
708728056.3026733398 84128.3885153825
709027102.7042226791 84563.1695198710
708629663.2774780989 84003.7239424544
708615815.5435776711 83975.2351729232
708505873.8633167744 83907.3979384261
708671486.7765256166 84128.2911421615
708271525.8644275665 83687.6100453465
708448344.4208110571 83849.3252989608
708422659.4092061520 83769.5586130872
706459738.2485494614 82099.9039378419
707136182.9874806404 82640.0982364371
706337415.8463891745 81828.2072825685
706407009.6020629406 82051.7292094484
705964345.4323821068 81406.6965147584
705954902.5365139246 81337.0396407275
706050952.9670951366 81595.8108793824
704116836.1932774782 79706.0838482066
703965591.1214302778 79375.1079661755
703801519.9935374260 79107.4712911771
703531864.2609238625 78945.7166143583
703611012.9039994478 79012.6889959501
703302315.3312439919 78560.3048667617
703314043.4130893946 78628.1121387191
702844912.3537398577 78123.5535967059
703292164.4308465719 78496.9087717242
703270938.2685741186 78349.0985438283
703076611.2447793484 78288.6321909137
703175277.9184732437 78298.6385231929
701490829.5360404253 76931.4831535525
701381699.0912811756 76904.2554619021
701293870.4520572424 76862.6199485965
701330373.0724952221 76902.0977775760
700993883.0697463751 76618.9576747736
700477111.4972926378 76133.1235320886
700698919.3762799501 76386.7442443689
700623747.9699311256 76287.1856201013
700165244.2277009487 75859.2204643788
700171523.2510852814 75949.4933555444
698715721.8230090141 74052.8445274254
698348230.6505990028 73831.7500356009
698645421.9916615486 74041.6789027026
698472814.5220680237 74005.7677450945
698760936.0269094706 74343.7434493919
698397888.3976210356 73923.6281710436
698253239.4567677975 73784.8565226366
698086268.2149486542 73644.0334807207
759593913.4077911377 111304.8290405273
788878576.6540712118 121178.3060302734
788401334.2434840202 121173.0666503906
788333665.0074223280 121171.6329956055
789793574.3531610966 121251.1874084473
789548753.9346537590 121194.7476043701
752851189.5627700090 93510.2919564247
753084780.1997615099 93733.9264168739
752863933.9712209702 93518.5471329689
753060802.7242136002 93649.6966385841
753038092.7229387760 93546.3149552345
753627023.7799926996 94240.4313225746
753293660.5954624414 93925.9846558571
753388674.0852510929 93973.7332901955
753612711.7371402979 94017.7122774124
756276958.6993720531 95604.6814110279
756406059.9524029493 95653.2060768604
756860790.6247018576 95758.4363930225
756811797.6466021538 95658.6384270191
757104354.7429224253 96011.8471381664
757035686.8954734802 95845.1469104290
