429992397.9265313148 4877109.4550781250
430041809.3256616592 4883704.3828125000
433447304.5307612419 4904382.3652343750
438411045.9907118678 4918134.2812500000
438928523.0934566855 4918289.6113281250
444097316.3203469515 4925526.8769531250
425371470.8129482865 4843095.0214843750
374141812.7631516457 2340981.5239257812
383989275.9358313680 3297120.9145507812
383629167.2868542671 3294925.3720703125
389815472.1166859865 3675404.2431640625
395824589.3348385096 3964422.6723632812
395687090.2928487659 3958218.0395507812
420559118.1158130765 4764497.8242187500
395980319.3273683786 3967630.5532226562
374421283.0197158456 2422088.4167480469
382558597.1962417364 3230632.6708984375
382667402.3977816105 3240521.8188476562
382240435.1894677281 3208467.7167968750
420476812.5113722682 4761926.5185546875
425608900.3858759403 4844641.0195312500
425929068.2958986759 4847304.1015625000
425569978.3825711608 4844547.5234375000
425617928.6686455011 4844792.9511718750
444270033.4254214764 4927800.5898437500
377227477.4490105510 2753322.6091308594
389723355.9208286405 3673565.2651367188
401209304.5710364580 4207384.1923828125
420792431.1812607646 4767340.7656250000
433131312.9476549029 4902656.5390625000
389503362.0899215937 3660045.4311523438
389665890.1057196259 3666980.4321289062
406319464.3519432545 4387002.4150390625
406781408.8286513686 4400987.5156250000
389512373.9585074186 3660788.0737304688
389553568.9964492917 3666038.7475585938
406382223.6930918694 4389314.8720703125
405988173.9823994040 4371585.0263671875
382473883.9487834573 3227762.8032226562
383251905.8602441549 3278828.1337890625
390921764.3554928899 3718430.4077148438
406069931.4371576309 4377365.8417968750
420968111.6485714316 4772463.8105468750
421579138.9377139807 4776522.0156250000
425224950.2586457133 4839213.3750000000
425723086.7960879803 4846427.4921875000
426203154.5065803528 4849652.8085937500
430331157.1737751365 4885575.5097656250
396012825.2837373018 3973714.7788085938
405603987.6704103947 4359708.7177734375
374547860.2047147155 2441967.3266601562
376706079.7770539522 2713367.8903808594
390642182.2981526256 3717836.8173828125
395729415.4872675538 3962893.0375976562
417208893.3546525836 4685957.5156250000
420400387.8403583765 4759081.3339843750
376405612.1038517952 2669793.0554199219
376397638.9162409902 2669380.6179199219
376380772.8596577048 2662152.1618652344
383348170.5822181106 3282519.9677734375
383289001.5954383016 3280918.1376953125
383482804.2075874209 3287163.2416992188
390581629.4632431865 3713914.2705078125
390223173.9011318088 3697936.7563476562
390662561.3582752347 3717918.3139648438
405777631.8525512218 4364557.7988281250
405703014.4589098692 4361502.2802734375
416823275.6601719260 4671989.8896484375
417085460.7520433068 4685662.3271484375
425744489.5869491100 4846923.6210937500
426142080.5232946873 4849049.5371093750
426532595.7319956422 4851823.0937500000
420668867.2517977953 4767079.7285156250
425958760.9503532648 4848976.8808593750
374364869.4582505226 2414793.0117187500
405519062.5353742838 4355727.9013671875
416958973.4101758599 4682633.0937500000
405422459.9035505652 4353043.8281250000
374181907.0943738222 2345495.9277343750
376523696.8598750830 2684829.9443359375
376604705.3098866343 2696180.5344238281
389901466.6373346448 3681577.3129882812
402215737.6837938428 4240916.7089843750
405376071.7857216597 4348104.8359375000
417107020.5328282714 4685773.5058593750
420940640.4766202569 4771821.7675781250
426277022.8798586726 4849935.8789062500
382947189.4063226581 3255729.3774414062
430158049.2226541638 4884851.2285156250
382760530.6474894285 3246591.8808593750
417053672.9710321426 4683514.1484375000
430635965.5690130591 4887761.9648437500
433306063.9002127051 4904160.7285156250
426319901.5840830207 4849967.2792968750
420824455.8234390020 4769242.1523437500
374281285.5567405820 2368369.4750976562
374366308.6032772660 2415589.6489257812
376409704.8237286210 2672687.6267089844
420883651.0907357931 4771098.0742187500
417235438.7758969069 4691692.0507812500
433964582.3554570675 4905850.9726562500
376476969.2668523788 2682067.0832519531
382635934.9657781124 3237546.2490234375
390074204.7425655723 3689838.4638671875
391001180.9647203684 3725193.5747070312
430735653.8671445847 4888360.9492187500
375740307.4538424611 2604057.4895019531
383042344.7229087949 3262655.1108398438
389151759.6014729142 3633164.2607421875
403653445.5121863484 4290349.1435546875
390406566.4141107798 3705183.1250000000
402325106.3007245064 4244605.9414062500
403911164.5378650427 4299496.5097656250
403556029.9775761962 4290263.9951171875
403993353.3773676753 4300473.1894531250
403760916.3052318096 4298191.3251953125
376185673.8910044432 2652697.3815917969
403346451.9341494441 4284232.8242187500
402881726.2535811067 4264220.7167968750
403232654.9472767711 4279110.9199218750
437792508.6458885074 4916625.4941406250
438013797.5726266503 4917327.1328125000
444675850.5709781647 4927967.3046875000
403190658.0846808553 4273365.4931640625
382728039.8023852706 3241628.5126953125
418700329.9398338795 4720013.2968750000
389357321.1407492757 3647123.6816406250
382367050.3017964363 3213307.1884765625
382553081.2788678408 3229168.7060546875
395832151.8577339053 3965229.1372070312
374214782.1002150774 2350043.4077148438
374756694.4287047982 2459498.2170410156
374684941.2103310227 2449208.9028320312
420818696.6271731257 4767531.2597656250
396154925.8035176396 3977930.2817382812
402666245.8768308163 4257227.9833984375
395564921.2912803888 3949470.1767578125
395507371.0759118199 3943794.4726562500
395645164.0891544819 3953044.8662109375
395636345.7135705948 3951003.3701171875
395501452.2694604397 3942158.5351562500
386199328.4584599137 3457046.2695312500
445506683.9462466240 4928090.1093750000
381619922.3004496694 3144373.1611328125
403040160.4025985599 4268356.2910156250
375895803.1808618307 2618697.9978027344
375805108.1134580374 2609592.6486816406
378891196.2216280103 2897644.0229492188
375590533.3234121799 2574514.3737792969
375656680.6245266795 2588775.9787597656
378775207.0935268402 2879151.2934570312
388659679.0082357526 3604116.6518554688
396680845.3904413581 3996191.6210937500
375586544.7089504600 2571055.1726074219
378966171.4002132416 2899174.6313476562
379105332.8582884669 2899381.9404296875
418308035.8914259672 4716586.4511718750
443589419.4859166145 4925343.4414062500
388327125.8465623856 3579961.1567382812
378811000.5364441872 2885466.4077148438
378663073.7848222256 2877640.1733398438
378452745.4752963185 2855980.7558593750
387225785.9991657138 3518546.4599609375
396712819.9422724247 4001099.1386718750
403121117.3291711807 4269590.6923828125
418189965.2565752268 4713885.9365234375
381996473.9945182800 3176008.7426757812
387497835.3069572449 3530777.4252929688
387650343.6377550960 3543626.8657226562
401083183.3266021013 4184443.9951171875
432585571.9508067966 4898009.7011718750
387051988.5459441543 3508905.0385742188
432591149.3678557873 4898612.7773437500
432177511.4874923825 4891928.8847656250
386360296.0745397210 3466876.6865234375
386013181.3520412445 3447685.9648437500
387447784.9735098481 3527363.6650390625
375414657.2012327313 2540964.2409667969
378451417.8388598561 2853433.6987304688
432035670.9987856150 4891888.3554687500
437772803.0167406201 4915235.6660156250
388404583.3677353859 3582630.2817382812
388200701.8202616572 3573528.8198242188
437281001.1685242057 4911198.4355468750
387893904.2333753109 3556832.2543945312
388082055.2126788497 3566160.2666015625
400833747.4220980406 4178590.3427734375
375325709.4729990959 2526989.8901367188
397201433.7308419347 4013529.1865234375
424388049.8090072870 4826021.0859375000
375296514.5097120404 2521189.5043945312
387785777.1878602505 3549544.5395507812
387358419.2865085006 3524910.6455078125
387775789.8371436596 3548009.8676757812
386197142.8143099546 3455223.0356445312
375272150.4302601218 2521140.6821289062
397167908.9744244218 4012967.7490234375
400640658.2402806282 4167888.3105468750
400446273.0064097047 4156665.6083984375
400267642.7418045998 4147759.3154296875
408353212.4531165957 4419481.1152343750
378224810.7600799799 2833951.8168945312
408478792.5645473599 4424426.2763671875
420261627.2152358294 4755339.5605468750
397634582.7990612984 4028534.8769531250
419128338.9360101819 4730740.4355468750
378202597.6692243814 2830272.1738281250
415702933.4805104733 4630322.9804687500
375160276.7018798590 2493418.3623046875
397491205.8152167797 4024257.9580078125
415832347.1787807941 4637195.8242187500
437524034.5854428411 4913386.9082031250
375133174.3345417976 2490973.5810546875
386810784.3498255014 3473108.6079101562
386950511.3399112225 3500235.5146484375
419765053.1711065173 4744348.8730468750
419958979.3412355781 4749956.8378906250
416205543.3213270307 4643743.6113281250
437308324.5350322127 4911436.3261718750
415593123.3828607798 4624733.2783203125
400124479.3974846005 4140452.0117187500
400126228.3874627948 4143255.6669921875
415971843.8374388814 4640115.9785156250
416001075.3565762639 4641887.4628906250
377986559.2774614096 2810495.5644531250
378008081.1080985665 2812680.4433593750
396873060.8643164635 4002589.3710937500
400259192.8755885363 4144150.3896484375
385656784.0386514068 3417825.9272460938
377971532.2367383838 2800447.4443359375
443056199.1521191597 4923181.1308593750
381153510.6630313993 3096119.9252929688
377714401.8327946067 2780565.5185546875
442800022.1711736917 4922328.0449218750
377791596.3112602830 2786774.0458984375
385096922.2833107114 3377522.2099609375
423830400.6312456727 4814101.8281250000
423334184.6123815775 4805446.8730468750
385375594.7533493638 3396652.5751953125
422175964.2956479192 4786058.4746093750
422029532.4504442215 4780891.6982421875
422497603.0098022819 4791524.3925781250
398762579.2668337226 4084370.7119140625
385184682.8858891726 3382800.7236328125
398608361.5036148429 4073535.7470703125
443388975.2898634672 4923650.0449218750
381503320.7277482748 3137501.3540039062
381265862.2970542312 3115795.4291992188
384868521.4320182800 3360635.6767578125
384796487.0575405359 3356656.1113281250
398528937.5587219596 4069335.1572265625
398656783.2826115489 4076256.4804687500
421978730.6979522705 4780664.9980468750
423571429.4043249488 4808373.2871093750
423209138.9433760643 4803535.3789062500
381206551.9913446307 3107487.3173828125
381218389.5246212482 3107704.1025390625
385032715.7924775481 3369605.7167968750
384948332.1739169359 3362870.0297851562
398732099.8513997793 4079341.6152343750
422838938.2193027735 4796343.1367187500
398192565.3144016862 4046329.8564453125
443342158.6318925619 4923264.2285156250
375118644.5565721989 2481369.6191406250
398517690.6548272967 4068049.2597656250
398556461.0427287817 4071487.7402343750
436248668.1119391322 4907440.9257812500
436061831.3792427182 4907058.0585937500
429449006.9734120965 4869407.3046875000
394736709.9261119962 3876315.2734375000
394447697.5018231273 3860227.9633789062
394404901.2582259774 3859208.2182617188
429617051.8828746080 4871163.4589843750
394631258.2264575958 3867084.9785156250
394542136.7384163141 3865613.0888671875
394645246.7042737007 3869570.0537109375
428874778.5636748672 4861875.8730468750
394279182.8213670254 3828312.9951171875
413042786.4473953247 4508159.3183593750
412320697.8105131984 4497880.4667968750
411856701.1120982766 4483712.6201171875
411996556.3652524352 4489022.8896484375
412353130.3330243230 4499468.1904296875
412236802.1788109541 4493563.3984375000
393563045.5807107091 3775646.9121093750
394025314.4054576755 3804622.6787109375
393687991.2252800465 3787986.1093750000
393861669.3289757371 3799538.3457031250
393792863.1519805193 3792388.0371093750
393720469.8812680244 3791963.7314453125
428391706.3560578227 4853745.2656250000
428383895.6100134850 4852221.6738281250
411612552.7296074033 4476349.6328125000
428302842.9870861173 4852166.6562500000
393069428.3964799047 3737330.0380859375
380679384.1445569396 2956429.3295898438
380520051.2540283799 2939618.5439453125
380447089.8065531850 2935196.2744140625
380382627.3585146666 2920007.3623046875
380202570.6402107477 2900038.6030273438
