191497676.0218589902 4724329.2421875000
191469638.8058796823 4716245.7695312500
193349440.9112420082 4861599.6562500000
198973327.7091527283 5095626.9179687500
198701383.2591776550 5089959.1523437500
198343658.1504991353 5078711.9492187500
198470144.2120694816 5084122.3242187500
201678939.6320885718 5159164.2070312500
204620654.6059654057 5193710.5312500000
191199936.3747221231 4694928.5468750000
191212061.4287989438 4695510.8242187500
191191878.2082011104 4684716.5625000000
204618077.9964278638 5193437.4609375000
188223429.8070060015 4239558.4101562500
188201071.0442279279 4235819.7851562500
191160238.3448598385 4683352.8085937500
191240191.3779285550 4703673.7421875000
191521673.9478177428 4724560.5507812500
191551655.6118556261 4728614.7617187500
194501352.3265583515 4931127.8867187500
194495266.9976670146 4927340.4101562500
195721394.5187013447 4987008.6523437500
196069161.0130099058 4997359.3437500000
196170291.1147616208 5005034.2421875000
198533525.9716956317 5088432.0000000000
198489493.7269426882 5084766.0312500000
198805659.9556956589 5094267.6093750000
198788251.8690609038 5094029.5078125000
201664030.8178448975 5158608.2304687500
208564592.2568992078 5197504.2539062500
188387974.4280436933 4271762.7148437500
188241960.1891384125 4248822.9179687500
188284673.0224180818 4256573.8085937500
195464741.5290823579 4975310.5429687500
195713999.5970270634 4985471.3281250000
196532910.2847242653 5007903.4921875000
196049515.7546844780 4995833.7148437500
196219888.3816066682 5005189.6484375000
198011177.2698815763 5066800.5390625000
198733258.3935864270 5090811.7343750000
202266769.5031837523 5169559.8320312500
201843351.9118265212 5162166.7460937500
203060249.1506730914 5180324.8554687500
203264613.6549524069 5183284.7148437500
212373658.9471734762 5197902.0273437500
198622713.2544543445 5089760.7304687500
201804985.7722968161 5160743.1093750000
188386780.3904323578 4265747.1445312500
191316583.4285854399 4705631.9570312500
198391669.5126344264 5083364.0039062500
201947550.5247704089 5165366.8398437500
189002087.3801376224 4359439.1523437500
189090580.9304761291 4363820.4804687500
194027815.1645253003 4908017.8281250000
198254910.8770430386 5076798.7460937500
198085357.0028138459 5073177.3828125000
201860936.4423099458 5163490.9296875000
201439291.5372046530 5154718.4218750000
188220425.6599700153 4236965.8789062500
188899239.1770599186 4350172.2382812500
196076317.3140723705 4998455.1210937500
196320181.1577937901 5007532.0546875000
188223396.1005840600 4238682.4921875000
188149048.6149702966 4230471.0937500000
189087136.1566365957 4362079.9609375000
188996208.2307339013 4350660.1328125000
188854151.0599452853 4345989.8710937500
193217341.3250182867 4857062.9765625000
193574338.1583737135 4882741.7968750000
194384395.7593582869 4924623.9101562500
203544939.1410446763 5185151.1171875000
205086337.0369850099 5194027.5742187500
212256450.3738884330 5197690.4921875000
187938847.2895722985 4175411.5410156250
188996674.7328503728 4356540.3554687500
192750690.3315161765 4824397.5234375000
194454711.1459670663 4926951.9179687500
195928355.9182049036 4994747.3242187500
195625732.2906171083 4985442.5390625000
202965885.0907887220 5180228.2617187500
202840198.8473836780 5178134.3203125000
204345314.2390002906 5192790.6484375000
192764998.1558742523 4825433.6445312500
187366894.9497527480 4008589.5351562500
187414800.5000777543 4022959.5859375000
188119175.4626797736 4218195.3847656250
191626905.9161505699 4734985.2500000000
193975469.0304409564 4897400.1875000000
195522278.5142204463 4979533.3203125000
195253597.6062591076 4964457.5937500000
203530918.6710701585 5184820.9179687500
203276593.8617073894 5184222.2265625000
203366211.1989972591 5184495.0078125000
195380300.1987862885 4969770.9726562500
195616792.0399388075 4982857.4257812500
187356061.8687209189 3996532.5878906250
187344123.6867971122 3992107.0800781250
195166536.8941258788 4960123.1992187500
195285515.1172398329 4969312.8476562500
201547481.9632572234 5158312.2812500000
201142500.2572879493 5147288.2500000000
202567788.6676521897 5173194.1523437500
204112719.0467485487 5189862.6992187500
187463383.8238975406 4037899.0585937500
188682903.5526807308 4310736.5156250000
193527725.4085579216 4877213.5390625000
193470264.5129563212 4876550.3750000000
198189637.1339645684 5074444.3359375000
204165426.1724332869 5191421.8789062500
204015467.0482478440 5188289.3281250000
203238555.2887060046 5182258.3125000000
188099451.6555509269 4211402.1328125000
188813140.8021851182 4336588.8710937500
188809521.4390783012 4327287.8359375000
194432204.7061747611 4925864.3242187500
201402801.6554516256 5154271.2617187500
188062735.4880662262 4204434.7734375000
188060029.2457875013 4194549.4492187500
193561096.8345019221 4880943.1210937500
194178344.2811546326 4917082.9101562500
194092230.8836604357 4913062.5000000000
205062005.3584196270 5193951.2382812500
187945511.3622419238 4175702.5273437500
191685718.1940705180 4735528.0468750000
191942484.3465682268 4760986.7109375000
201821467.1532716453 5161609.6328125000
203948578.3130061924 5188264.7460937500
188045817.0263147354 4192451.8554687500
201429847.8276237547 5154364.4609375000
206132131.3650434315 5195495.3867187500
188061969.5823029280 4197913.3945312500
187482020.1799318194 4040853.7656250000
187946424.1114127934 4179123.0742187500
191715137.5927796960 4738334.7539062500
192127195.1913268864 4777284.3945312500
187373202.4283559620 4015430.1132812500
187368429.4583119452 4013223.5546875000
187414031.7948656380 4022674.6152343750
187572797.5065486729 4048963.1269531250
187787497.8652854562 4101890.3320312500
187633407.6420565248 4079252.1835937500
187643424.2650952935 4083759.5039062500
188039536.8746133745 4191412.2500000000
194741867.5407893658 4945200.3320312500
206630701.4862298071 5196335.6210937500
187576208.7659870386 4052789.0253906250
187625024.3600964546 4074205.9550781250
206548588.5118199885 5196154.9101562500
194701582.7015950382 4942020.9687500000
202136376.8298068941 5165792.0000000000
187579116.5316419899 4056318.8105468750
187611588.2755873799 4058814.3085937500
194689100.9242311418 4940865.4882812500
194819961.2614043057 4946535.9570312500
202810474.7703348994 5176264.7500000000
188749775.2498756349 4326711.1875000000
187539847.8409722447 4047962.1914062500
194643968.2591037154 4938631.8437500000
197508778.1790381968 5051927.6484375000
206351517.5516909659 5196074.2226562500
191735802.4425920546 4744095.6835937500
191836029.0776543319 4752238.0937500000
191846865.6907318532 4755014.3085937500
192108584.5175504982 4776307.4140625000
194663423.2162688076 4939650.5429687500
188026049.1165441871 4191285.8593750000
200842509.3613691032 5142687.0351562500
202034350.1898832619 5165580.0820312500
212271175.6075130105 5197876.9140625000
207978614.4858886898 5197144.5585937500
188706227.1259429455 4319929.4726562500
194534710.1310986876 4935072.8281250000
208304943.6012038291 5197449.8906250000
194279914.9067520201 4921889.9765625000
196679850.6792129874 5017174.3046875000
201223146.1057102978 5151214.6210937500
188692161.1870159209 4316617.7246093750
192155583.4274181724 4784142.6718750000
192321000.2923353910 4800299.9843750000
193799564.8853091896 4893245.5703125000
200713744.2704401910 5138922.3046875000
201249896.3932993114 5151227.8750000000
191863138.0085860491 4755333.6875000000
193639310.8979340196 4883621.8828125000
193864476.5781497657 4894440.6093750000
196759644.1020017862 5023887.3476562500
204106188.6423761547 5189076.5078125000
206806319.5420371890 5196494.9570312500
192107626.2584305704 4774529.4570312500
196637359.1853761971 5013162.9570312500
203932945.6912710965 5188012.8125000000
206418806.8585276306 5196149.1992187500
208007934.0646784008 5197152.7382812500
188655754.0621510744 4306127.7734375000
193657322.4908732772 4883962.2929687500
193463445.4479468465 4875414.3984375000
188537350.4843666553 4288161.2656250000
189711314.3283024430 4467614.7460937500
196724097.0575318038 5019732.5742187500
207629969.4641564786 5196886.9609375000
188625929.0866057873 4305022.9335937500
193717707.2692095637 4887104.5976562500
207970206.2102009952 5196941.3242187500
192268434.3158566058 4793101.0898437500
206174657.7632112801 5195839.1835937500
192037314.8427960575 4773371.7031250000
192164376.9337721169 4784907.0937500000
192038414.9528313875 4774443.5117187500
193927537.9487678707 4896872.0351562500
193679731.7568092048 4885277.6718750000
197616618.4835291207 5056164.2851562500
197712542.2797583640 5058093.4726562500
187921560.1270950139 4159556.3222656250
189628988.8295177519 4448129.1953125000
197447656.5035137236 5050795.3750000000
199636872.5307785273 5103453.9882812500
201503113.6867508888 5156379.0625000000
207411886.8533206284 5196643.8359375000
187857584.1683280468 4130216.6484375000
187900064.8430774808 4154709.6230468750
189658056.2285619974 4459052.8984375000
207283202.4638942182 5196528.4570312500
187843106.4200066924 4127037.7285156250
197716756.5394286811 5058241.8320312500
205626336.5160585344 5194568.5234375000
196660782.5427546799 5015447.1796875000
197103052.8497041762 5034770.3593750000
196840438.2266279161 5025443.8750000000
197160140.7734217942 5038163.3476562500
202443745.6559118629 5170742.7031250000
211390948.3590990901 5197627.7031250000
191981380.2650579512 4765211.6914062500
196548730.5567005575 5010973.3554687500
202531532.0488548279 5171830.1210937500
187745903.7981790602 4087520.5703125000
199429877.3545787930 5103123.7265625000
211530356.4838875532 5197649.6796875000
197268137.6251384914 5041979.8476562500
193076324.9732036591 4847285.5585937500
187824333.9606817067 4124675.0917968750
187789557.6746893823 4117307.7324218750
197015135.6192459166 5030411.6601562500
192580183.8023758233 4815355.0117187500
205986441.0039704144 5195412.9296875000
190080386.4129608870 4507457.9765625000
192933568.5592708886 4836843.2421875000
189170162.1384803355 4376780.6562500000
189952578.0506913364 4496817.4960937500
205641656.6496185362 5194933.4609375000
189241997.2715117633 4391442.0507812500
205517404.8813594282 5194492.3437500000
192929533.5347152948 4835386.1250000000
192959471.2858872414 4837852.3515625000
199324776.3868011832 5102213.6875000000
187864253.5443867743 4140836.5410156250
192753480.5366365016 4825342.7265625000
199157924.6267147660 5098068.2695312500
192857100.9655066729 4833663.9414062500
187876972.1872935891 4143877.5839843750
192667164.1276095510 4819638.4375000000
192491252.2275994718 4809172.4140625000
199277558.6823827624 5098982.3203125000
189911853.4675578773 4491356.3437500000
190050885.3841488063 4504887.6796875000
190043583.5957309902 4504095.2031250000
189924869.2722074986 4493358.6601562500
189843725.4923942685 4484508.4960937500
200788963.4890240729 5140985.1289062500
188514984.7201395333 4277041.2773437500
188508023.7148500085 4274193.4765625000
189721572.2724878788 4468194.4687500000
189676283.2854196429 4460720.9765625000
189143946.2406047881 4375066.0585937500
189173791.8407212198 4383500.5898437500
187784680.5503227413 4090037.4511718750
200438816.7421273887 5129285.7773437500
200158309.2663734853 5119759.5664062500
189581163.1624174118 4441775.6914062500
205450253.2280260026 5194080.1796875000
200079737.2353907526 5118595.8593750000
200505359.8318784535 5130073.0039062500
200428328.3518110812 5125795.9062500000
200517707.0173698962 5130331.8984375000
200521392.5202586353 5130798.1757812500
189534134.4788097441 4431408.6953125000
200539764.9629429281 5130801.0703125000
200055623.4190347493 5115513.6523437500
200208503.2190479934 5120865.1523437500
189482242.3447578549 4423144.3515625000
189368429.6984082162 4407059.5234375000
189451663.4642446041 4416458.2617187500
189457372.4589836895 4416744.2460937500
189426893.9749648869 4409355.1523437500
191063620.2235734165 4546114.7890625000
191130561.3403374851 4548719.5312500000
191061418.9026784301 4539637.4921875000
190884583.1383577287 4525258.4257812500
190942319.1295748055 4531147.7968750000
190812457.1566910446 4513288.5039062500
190799597.7484729290 4510204.9101562500
