861410697.5464931726 4840.3144310272
887406823.0971422195 6242.5701451336
921973298.8821778297 7446.9096986055
924219885.0627915859 7515.0005325079
924894243.9739623070 7533.7048038244
924802313.2302516699 7531.5049833059
950890282.9935442209 7829.0421562195
950520033.7584754229 7822.6817359924
951252804.9984400272 7834.4652481079
951896561.2478824854 7834.7619857788
843299819.2865784168 3282.8822535553
842921732.6385648251 3266.3390899577
843123939.1541481018 3280.5470972933
842769092.7929006815 3256.4185029209
861147589.3346190453 4828.9949545054
861561201.2271180153 4848.8030568517
861532502.1803190708 4846.2938836372
861390909.9211370945 4834.1281052387
861204361.7109837532 4830.0859399593
922275513.2773340940 7467.3007339239
861775508.3574275970 4851.1408759555
861318076.2120280266 4831.1947072971
861415203.9610702991 4842.4037449152
837649867.1506587267 2165.4265397482
837755696.2754859924 2195.2727481298
837929476.3639571667 2244.8883025246
842038882.0180965662 3147.8526319047
858887414.1830639839 4644.1461538475
861100406.0835103989 4827.2410176552
886627389.5678715706 6214.8368608478
842177542.0810266733 3172.6748348185
842299795.5062339306 3192.7482316800
842275090.4498565197 3191.0895996400
842061149.9185218811 3167.0698677012
841671251.5286680460 3103.4488154005
842143214.2364183664 3169.5237852045
841712308.6573032141 3111.0681142163
841588703.7020306587 3059.9513889335
841666394.1294116974 3085.2374786519
843527351.3798779249 3297.0769466241
843855778.2132107019 3318.0276012061
885906225.3910224438 6174.3256220679
923231520.3584861755 7489.0204905272
843727316.7026865482 3308.1872158950
922897117.8913719654 7483.3141659498
922985906.2425030470 7483.4721740484
923080978.2834140062 7488.9828399420
923928101.2833993435 7504.4484225512
923503088.6122146845 7497.7106915712
950677804.9719448090 7825.2995018959
843576478.9940239191 3301.8772085566
923699690.0601054430 7500.1748324633
923935181.2561699152 7507.3866959810
923528047.0630936623 7499.1509028673
843493832.8035362959 3296.3484097110
923240115.7648971081 7489.4726740122
923335448.2561383247 7494.4352518320
889232246.0725862980 6310.3467308676
889468397.8614280224 6322.7566069758
838433901.9958219528 2288.7345593348
838440265.9296176434 2310.0151512255
838287848.1593518257 2272.7396754850
860330310.7492135763 4763.1241593174
886262884.2971502542 6191.0486535357
859424736.5237171650 4682.5769158042
859725590.7338900566 4700.8237402953
888963464.3836503029 6302.8612026369
950443842.6465868950 7818.3046607971
859242227.0004438162 4679.6878694700
888370699.8806775808 6283.0768840948
838318933.9752881527 2285.2694236927
838250050.7309103012 2272.3102253419
888797704.8639645576 6297.3038707396
860122563.2105593681 4745.4114614118
860133761.5166053772 4748.3850188791
885676280.9791349173 6165.9279945576
885958448.6637123823 6179.9731681609
888183888.4355988503 6278.6946342627
838881265.0385307074 2325.2839065146
888037126.3879538774 6269.4357847350
918397797.3423786163 7289.6485360712
859959135.1632711887 4730.4673307456
859736895.1490721703 4709.1961957134
859792990.1227297783 4724.5657592334
859775693.0270900726 4710.5850635529
839070659.3114031553 2348.6241518413
839167147.3918495178 2367.5238771955
918791913.0548994541 7313.3060884327
888793717.5669991970 6296.8020996472
888293901.0117673874 6279.7868450919
887963670.8723369837 6267.1156744996
918496154.1346534491 7310.0447151512
858857585.7142252922 4636.6221526968
858948617.9716577530 4652.8594983625
841575164.0986752510 2930.8043969384
858252141.6496766806 4559.7085707981
918490125.6389142275 7309.5530044883
918841370.9337233305 7316.7456513494
841510108.9998404980 2913.3712075463
858130277.4271488190 4550.3438665409
858447007.4525253773 4594.8326818622
858512660.0604114532 4605.5129706539
858281342.3369791508 4585.9241250992
841446967.5839675665 2883.3766439865
857636595.6570074558 4530.1411284564
839662622.2327518463 2388.3056080433
841354324.2711864710 2863.9956819723
841377314.0967580080 2872.1998538310
947395436.9464982748 7768.1242227554
947404389.9827543497 7770.4867963791
947280471.4807929993 7741.8672924042
841321677.8130341768 2815.6509216559
947499487.7207514048 7771.4435105324
840603551.6958706379 2641.6899828260
840399346.4926626682 2606.3828270887
921237487.2080154419 7386.5755255520
839936640.6118667126 2434.8016186062
839975549.4600119591 2436.1817027670
920436003.0651210546 7357.7739599943
920068148.8235185146 7347.2817858458
919916658.4929317236 7344.8507763147
841162668.4620569944 2790.3392221203
841076356.8290071487 2763.2183430411
841159828.9033591747 2785.6315183855
920185669.8124934435 7350.1574333906
885412192.4670344591 6090.4320922107
839968428.4402651787 2435.3171745970
885211683.9319168329 6088.0395390591
884873789.3992301226 6066.6208116030
884999992.6345039606 6074.5077950558
840566438.1556812525 2628.6624429880
840709518.2647597790 2652.7741461601
840622455.9325163364 2646.7153516212
948123103.6305809021 7777.3242325783
840206431.1080409288 2516.8645249715
840314233.2794052362 2538.7869799098
840100192.8382694721 2453.8821345431
840201728.2009848356 2481.2582959057
840139180.8889385462 2462.6848437310
917732652.6744796038 7273.0521328300
948809075.4702849388 7781.7803883553
840918865.8434190750 2676.1037994126
840818396.7264401913 2670.7325702408
947289977.9477015734 7759.8988757133
884340763.3665153980 6029.3891105311
883868471.3611595631 6002.7570989387
884041628.2247552872 6015.6085942047
884131580.7985708714 6017.2879051761
949142713.4437931776 7785.5510783195
840303138.1147118807 2533.7761385402
883993295.7934942245 6012.7143566864
883742874.1811800003 5996.5826485412
883859731.0240607262 5999.5928896520
949023139.1398909092 7783.5712933540
857051319.6904625893 4323.9329128311
857130201.4410302639 4364.8748778851
919818367.2065783739 7323.7169181108
882658726.9163243771 5922.1688608163
882379103.6577076912 5911.9211904043
882127462.6087496281 5897.7192322248
881955518.8377909660 5880.2412008831
882035150.9365377426 5883.3935642146
856753211.7911405563 4319.9203650811
881492018.1729638577 5866.1259047285
881739645.6128740311 5879.7359732622
881429618.3582091331 5865.3284751669
881511134.3208117485 5868.1110231177
919775413.4132485390 7321.8660303354
919643461.7470982075 7319.5389572382
919703553.4759528637 7319.5494995564
857539457.5363223553 4385.6808597640
879999015.7521071434 5779.7991420622
880146589.1418132782 5796.3867458100
879803824.3916168213 5771.4071986075
880038976.5927402973 5784.7243485278
879637452.0507771969 5771.2359835501
878928060.9717086554 5736.5531267168
879910143.9848990440 5778.6515132780
880001456.2600287199 5782.4219134968
856675308.3262425661 4209.3768205077
853132148.3511694670 3786.8563327645
917278628.4698884487 7245.0717750192
856100500.7661222219 4115.2046249656
855707740.8307226896 4079.9437113458
855679578.1983941793 4070.1172727815
855516847.9150804281 4058.4818991774
855465477.7595754862 4052.8311628274
855385907.4533135891 4034.3972891228
855355557.1262692213 4015.1511223571
855430095.3332437277 4036.1823055403
853207606.3025096655 3789.5082297565
878542839.5323728323 5675.2991116229
878240691.0932286978 5655.6801484968
855116608.9975990057 3981.2306474854
878208946.0409168005 5645.9504941847
877975008.7936807871 5634.9686161670
855094700.1108063459 3970.2433573941
854902074.4222408533 3942.9440780640
877520949.3057419062 5594.1446184181
876534148.8603857756 5524.6190456357
876415009.8768402338 5517.9843082968
876188127.4410797358 5504.9672971312
876274903.8286567926 5510.6088779764
876327064.6837414503 5513.8808107916
876053535.3271931410 5495.7861383753
875877217.4443029165 5475.7970865502
875421171.6289527416 5428.8856437481
875219204.8789204359 5416.2031232596
874517451.5209618807 5355.7958556901
854401610.6420563459 3898.5235776505
854237530.3671549559 3878.7650862535
854233107.4826790094 3875.5809275894
853962546.5377916098 3856.2560342750
853930682.0149934292 3848.7043580240
854036621.5878819227 3860.2948631634
853599787.3275279999 3823.2223279093
916657914.8295086622 7173.7066416815
915904015.9528342485 7136.1124259429
916520395.7050147057 7162.5185293034
915789013.6704874039 7135.0619361596
916371287.9188739061 7152.2419002252
915998804.3636925220 7139.2434499459
916234640.7030851841 7148.9226219850
916172184.7523059845 7144.4472871050
852977221.2053012848 3744.3139738472
852876788.8452761173 3720.5871243063
852629151.5184285641 3697.3044020752
852638070.6809225082 3708.2585794548
852468561.7187566757 3691.9308173279
874126570.4536991119 5290.2202326794
874027470.2384150028 5287.4654298415
873728078.8492355347 5257.1857043569
873787029.5747883320 5261.1632727747
873853151.6813960075 5274.7817519297
873963788.0197257996 5277.0166314234
851851010.4917491674 3595.4915259036
851579968.3564556837 3564.2506380363
851627333.3542412519 3565.7299269068
851704857.6326097250 3572.9681508134
851671232.8153427839 3571.1406850966
851537401.3018091917 3555.2643859612
851439288.1780835390 3527.1749416699
851461006.9057461023 3527.2963675113
851376882.6842502356 3523.1607968470
850670018.0603448153 3401.2667491341
850489515.3657919168 3380.9399149323
850646469.5416171551 3391.4068310874
850622695.2242492437 3389.9914665872
850404181.2558938265 3366.2973410971
850308640.2883917093 3355.9838367929
850203706.3905655146 3333.7018913855
913218006.9687589407 6974.1246113628
912621088.9446089268 6953.4549032450
912835344.5266669989 6956.5985675901
912955805.2726359367 6959.3531966060
912921570.7284927368 6957.0549254268
913376674.2463867664 6978.3791475147
912980401.9319716692 6960.6476712078
913109273.6636360884 6971.5634612888
913078049.9931786060 6962.8049015850
913301962.7355682850 6974.6964959949
872804872.0878316164 5204.1168909665
873253288.8656269312 5232.2370134066
872859891.4698094130 5206.4787930320
872230917.5316349268 5120.7061515576
872125376.7751709223 5115.4333505458
872200439.4652855396 5118.0852961368
872057016.5869084597 5102.6585635966
871289898.9795905352 5049.9566711829
870971600.5742346048 5031.3031615661
870622259.7774521112 5002.4334489304
870609560.7443920374 5001.9285957666
870189031.0628064871 4957.7906830845
869935478.6179431677 4947.2180049160
870124763.3567856550 4953.7747590282
869977736.4436975718 4950.9922702053
869554098.0466884375 4905.7882348643
869477121.2641340494 4900.7961832204
911695440.8398883343 6724.5297196144
911483197.0439319611 6716.8812568421
911292435.8851902485 6701.0438528741
911315543.8410174847 6701.8681208575
911097188.2480700016 6685.5930677960
910895420.1568019390 6682.8286040807
911170624.2936198711 6697.0413677180
911001941.4825005531 6685.4163217032
911001212.4951014519 6684.8176340545
908659076.1472406387 6573.1112923839
908597531.3718512058 6562.0355728192
908125559.9835872650 6549.9265655798
908655968.0042796135 6568.2028844317
908263557.0872411728 6558.1742213292
907845515.4650061131 6515.8342396740
907912588.7838623524 6524.7510003571
906908250.1097052097 6404.1855233890
906837009.4635334015 6395.8398817760
906470089.0969289541 6373.3907967055
906394820.8904782534 6368.7327571356
906215066.6249376535 6359.6862724269
906321055.6759120226 6359.7070320094
