166214354.9645173252 48986.4670600176
176153645.3640322387 82304.2561950684
166345747.5198934972 49794.1855883591
166536853.0319505036 50596.2009156153
166507459.1425531805 50495.5211676836
166243283.7627994716 49583.5916022540
174989333.3201982677 81384.2367553711
174843470.4821336567 81119.3834991455
174965249.2162038982 81326.0545959473
175433153.6085347831 82034.7132263184
175816483.8057005107 82231.9656677246
175511434.0970433652 82141.9134826660
162824748.0649102926 25796.5255095670
162837364.3181415200 25797.0175164053
166044691.9690962732 48009.5805701495
166075518.9080070555 48671.6620368243
174852096.1496833265 81189.3782806396
175297340.3721528947 82032.3108825684
174908763.9478722513 81258.8946380615
175068482.3056196272 81920.9761047363
162715020.1203053892 22667.2645358900
162731193.5669931173 24792.3655626494
163448684.9276654124 32152.0772142569
163307715.1505598426 31265.2471007127
163420932.5877872109 31647.4109589607
165198999.0582297444 43615.1452556408
165163054.7880364656 43591.0283226080
165891236.7376725972 47759.7291050525
168243324.3349007368 57645.8736721650
174588216.4433551729 79940.8540191650
163361404.8191793561 31343.1040064255
162728845.6723821461 23373.0390036711
162875702.6071691215 25800.5912263403
163408547.5155555010 31557.7041474553
163460705.4619041681 32244.5355011970
163368193.2905756831 31528.6229096623
163290524.9877659678 31239.8835474411
163554076.0695141554 32409.0466332147
163572013.2397013903 32556.6705598244
165245456.0136161447 44106.0907306976
165412960.5946775079 44473.5566090790
165287671.8993018866 44438.0938587494
165735940.4931453764 46865.4577267587
166024543.3883076608 48008.0595734536
168123337.4926207066 56770.5782408193
168511154.9052106142 58368.5174020901
168418260.0719687343 58318.4161409736
168400868.9278783798 58222.8838028684
168191878.3855134845 57455.7869758084
174375724.7727303207 79136.9656677246
174525317.0165533125 79933.5204162598
176324253.7440851033 82306.5079650879
168379664.7050893903 58037.4211584702
167997101.0849300623 56616.7272345200
168139044.1487748027 57375.3396917954
167912281.5766602755 56468.9760319367
173671948.1338931620 77187.4793815613
174298017.2658722699 79001.4611930847
174462615.5942900479 79868.5634918213
176452058.5566737950 82364.3094787598
163457960.2621862292 32162.8342234055
165762743.9396295846 46912.4968418011
167925458.3361750841 56478.6441680193
167882090.8016056418 56277.4305316210
173436115.7935750782 76400.0907707214
173428791.2596427500 75858.7570152283
174393050.5346942842 79201.0025558472
174418830.8590303957 79718.5628280640
174670395.0016029179 80530.6449584961
165830016.3131521046 47215.9065582873
165825218.0284675658 47190.4527809329
165939001.6567966044 47846.2614339746
165781128.0380046666 47058.0702306600
165707776.6748627722 46845.2275715179
162816204.0078037083 25013.9635604033
163213471.1568328738 29607.7509561935
163538065.9833204150 32303.2147661904
165295490.1840420365 44448.5389323987
164990394.1325139999 42521.2733763165
165427564.5713447928 44733.2316297300
165592089.7570497692 46183.1461048431
176334485.6106818616 82307.5870666504
163600193.2823143601 33157.0994081059
163590667.1912053227 32887.3555017868
162791626.2322788239 24857.5919990344
162886212.4157633185 25844.5793008227
162784247.2399961352 24849.0089147696
163443414.4806849360 32151.8131128708
162916283.2369213700 25870.2608090956
162918830.4713054299 26039.8476475496
162805298.6156162024 24932.0697153229
165483371.8413493931 45481.4269733734
165692511.3055680096 46439.9298999540
167546477.3715874553 54821.2751488090
167589846.3005633950 54828.6915088706
165692099.1468330920 46362.8729318948
165806041.8217202425 47095.9792722769
165542667.3392870426 45555.4820906154
165615840.7184936404 46183.4407972104
163285212.6326625943 30332.1997991959
163213441.7373634577 29578.3424784103
163213508.1651136279 30304.1962992111
165439682.2604265809 45271.7916953869
165455092.7332344651 45360.4684978283
165428327.0808346272 45271.2165394134
168007862.9131047726 56681.7046841979
163191316.0179665089 29502.5800577560
163816069.1823471189 34056.1826657783
165141949.0492914319 43483.2330951996
165034595.9426719546 42715.7595844574
165232423.7927706242 43641.8959813013
165238119.4740388989 43891.4551620788
165252143.1384486556 44359.2869739837
165091801.9463800192 43447.3574085541
166895535.6237151623 51920.5539239496
167599099.5714537501 54930.2195173502
167804434.8418921232 55729.5165502243
173903445.5848243535 78000.2034111023
173797752.6453419626 77410.5453300476
174180114.8872841299 78726.0572319031
174815876.6488428116 80540.0082550049
162986452.0931249857 26673.8987233657
167491973.2646841407 54677.0232740641
167964026.8522807360 56512.3770060837
167777152.0234157443 55621.2476879358
164104064.4134415984 35958.5216370095
165031758.1158642769 42604.6985300488
167018757.6282544732 52089.5691123158
167677745.5549176931 55415.6429148316
167858352.6091094315 55766.2246319056
167686850.6180239916 55516.3765331507
167779455.9971424341 55662.8279083371
167366564.5813246369 53849.0705985576
167292778.0511609316 53066.9071902782
167120956.1331042349 52668.6233084351
167281507.5600990057 53046.4627780467
167134035.1514569521 52921.9218234569
167092815.7274002433 52249.0645455271
166930557.1449813843 52027.3051306754
166990555.7744883895 52027.3054414571
166848091.4844806790 51430.1805884391
166741174.7263450623 51115.3755652457
162981174.6660099626 26614.1267383117
163185001.3443275690 28622.9882522980
163813892.1421303749 33841.7072532047
163000640.0640635490 26708.6008338053
165022104.3088656664 42580.2111204572
173038046.3841117918 74868.6230812073
163137251.2470754981 28601.9997879425
163165754.7488750219 28603.9143272797
163061673.0674492121 27691.9847618500
162978755.0099629760 26584.2068296233
163805408.7757241726 33802.9719169009
163814532.7983676195 34056.1681601871
164065889.8215835094 35790.3739204872
173215198.9286147058 75594.4769020081
163705057.4634224772 33240.4847995508
165086718.9535759687 42881.5707120744
173481374.3372102678 76493.9954490662
173285983.7329612076 75686.1117362976
173341589.9559963048 75793.8000907898
164232952.8302880526 36840.7494777013
164949414.1865520775 41878.2532165952
163835379.4287887812 34131.9087025796
164072135.3740592003 35902.4550972451
164915039.4285277128 41202.7068832822
164913356.2003662586 41075.3657349057
164839297.1481133699 41032.2543457455
173635205.7149287164 76756.9025268555
163955994.4737087488 34995.2983901370
164057946.0105090737 35182.0220588315
163946028.0607423782 34968.0977256168
163918854.3030432463 34477.5618224014
173339523.0825366080 75697.2691001892
164938699.4822085500 41310.9177597470
173330312.0341092646 75688.5296134949
164954620.8191064596 41969.6510818906
173452256.7629370987 76455.8815574646
173821129.5919291675 77414.3407554626
174013481.9683957994 78158.6969718933
173782628.3725147247 77371.3083610535
164948525.5647231340 41389.7246445126
163936036.1154835224 34895.8020713199
164643493.3891066909 39021.9724476906
164805852.5599104762 40114.4894287670
164764947.8537997603 39952.4327430697
163906841.0064160824 34331.6371508706
164667017.3331501484 39145.8180808024
164719318.2660511732 39933.1801376315
164682676.2858754992 39307.0009116130
164563544.0278319120 39021.2771262126
173893107.0328517854 77853.5293388367
174292873.8215635717 78933.0822448730
163875706.8737714887 34158.0300999871
164482792.1287732422 38099.8121996308
173709218.7767917812 77243.2701683044
174235566.8489083946 78758.5731353760
164494469.8941546082 38253.9173747199
164413673.8983646631 38004.0692759650
173587432.6699374020 76735.7827110291
163868036.0504546762 34155.9030675357
164190950.3585444093 36199.1748454580
164392144.1152740717 37405.6367625287
164167297.4697374105 36066.2810733328
164278112.3030992746 37089.0409108689
164197319.6723147035 36236.0599050531
174001552.6130231321 78068.4224853516
174220869.7245233655 78742.8181762695
164314940.2521507740 37187.3166733989
164119551.7828868628 36054.1894786367
163976731.3867071271 35113.0677899132
163976445.2229831815 35087.9238867769
163844354.0954750776 34155.8984713564
163902098.2530058026 34270.6565974937
163731242.4922888875 33243.9689059267
163771671.5869625211 33344.8219801346
163777551.5368220210 33391.9881594190
173641204.3984753191 76948.1485252380
174123760.3080917597 78271.0007781982
173563640.0322212875 76592.2186698914
173742108.4083062112 77361.9884910583
174405695.6921932399 79347.0179443359
174149743.9855143130 78273.2038116455
174104703.3541128337 78175.9683532715
174235811.9008615315 78868.1253204346
174242774.1412652135 78871.4734649658
170963350.9984166920 63488.5827655792
171327903.3168910146 64434.8126049042
171015050.5400694907 63734.3371198177
170822442.1212097704 63113.0450887680
170818961.9323086143 62754.3653516769
170838495.3873827159 63461.5681324005
170679905.5610357821 62529.0133352280
171253949.1691440344 64255.3566029072
171282816.7036904991 64305.4581196308
170954631.9448886812 63467.9679920673
171156313.5963590145 64160.1249592304
171007259.7061956227 63511.3170197010
171519179.2723244727 64444.5204763412
170652431.3697279990 61621.1428558826
170432734.4699378908 59063.2106163502
170524872.2775813341 60865.2814991474
170451379.0960492492 60067.7075254917
170615321.4419362247 61122.7087767124
170244860.1505370736 58377.0579912066
170384415.9917766154 58974.1825334430
171712153.5219021738 64489.9185886383
171968567.3981012702 65192.9188041687
172024403.0282179117 65556.8500175476
171801642.8171537817 64755.2337760925
171767863.7833811343 64596.1078910828
171956226.0829728842 64923.8442344666
171875602.4306967854 64891.9814500809
172276337.5435330868 66594.3870363235
172116189.7668002248 65827.4428377151
172203497.0154351592 66011.7538957596
172593193.1855956614 66755.2220840454
172528096.6752294898 66736.9753923416
172758450.4911486208 67320.8853883743
173014550.9177892804 67599.9809188843
172999736.4867379069 67491.4910774231
173021982.5870853364 67639.0437660217
172668491.0389540792 66788.3757209778
173017371.8158452511 67620.3506507874
