714865448.5204950571 7706.1047335284
715563021.1745960712 8301.0758018966
723065645.4577640295 14209.3623339845
740261955.4957278967 21680.3270652038
762005424.4139463902 27381.1085893444
762055253.6088354588 27438.4210774235
793947322.7990517616 32592.2878265381
795209191.3238830566 32692.8035202026
814630794.9221112728 33607.3828239441
815970283.7086992264 33634.5247955322
815114692.7778656483 33609.5761718750
815179458.1394038200 33626.1170806885
715186028.2588568926 8189.6028793294
715168335.6904934645 8105.6369332294
715050947.0399487019 8075.2490944932
720798201.3555011749 12695.0812475271
722726204.1691483259 14004.5026296275
749438518.8405411243 24363.5237600702
748485997.8660814762 24194.0834768766
748669828.6062340736 24263.4869909004
748662268.4341666698 24235.2113380651
748318290.7948157787 24159.6343398709
759504015.5241121054 26858.2304562926
794654028.9556853771 32670.6512680054
807765451.0135424137 33371.2395782471
807733354.1311771870 33320.3232841492
808487546.0017797947 33454.0152931213
809087309.0937931538 33487.3623161316
723180739.8724256754 14241.1363085311
714915159.5653519630 7710.1661015804
714872826.4898459911 7706.5510946568
714952312.8480085135 7898.4953776951
722787811.6072304249 14024.5817279767
807792678.6379365921 33400.5898818970
807984899.9573550224 33420.7854728699
748376503.1846580505 24161.0130746706
794209151.3821996450 32631.2556943893
808210654.9366846085 33445.1685409546
808439830.4559419155 33452.9550476074
721109267.8098318577 12819.5009143038
747216196.3999426365 23797.6860252846
793019432.6241652966 32547.0383768082
794419261.1195905209 32655.1274337769
794031046.4168010950 32609.2905864716
794258861.3697235584 32647.3545799255
808415660.4619157314 33450.7630157471
808717843.1028406620 33473.3216133118
810845454.7426760197 33516.3508186340
721212327.7550652027 12842.6669168642
723335607.6105086803 14301.6329140316
791488915.4259822369 32341.8689270020
723134158.6459462643 14209.6549083487
762914767.8944206238 27550.0140776489
763019274.8377599716 27551.3079794947
791758218.8867936134 32391.2818498611
792430905.3966583014 32460.2524976730
793443547.0549410582 32569.6341319084
810362041.4588000774 33493.6026420593
723233046.3841410875 14261.5145546690
720713806.9860355854 12606.0499263265
723220326.0207788944 14256.2510014371
723538197.8496186733 14321.3126014045
747372548.8986978531 23872.3544706741
748284773.3494722843 24097.6936326715
761765779.6137063503 27340.6502595774
793958086.1940488815 32594.9620561600
793598864.0540047884 32592.0625963211
793532363.9091953039 32586.5805940628
723853930.1284189224 14324.6527289397
723513555.4082168341 14311.5467799788
762453369.3678805828 27474.1192955158
792724748.9945569038 32522.2506113052
792843601.3814185858 32538.9623804092
792528576.0053269863 32492.3581514359
810727490.6726458073 33506.5544853210
740044896.6986721754 21567.5650324894
720925965.5978204012 12751.5988002279
748282755.9290640354 24081.4847036096
760285315.4865272045 26987.9086819626
720792430.0538917780 12670.3535297178
721010917.6574263573 12802.9147658803
722366534.2959984541 13789.9287103950
741775520.6626259089 22203.1612218458
747946420.2451860905 24046.0073648187
720867069.0146287680 12698.8057436709
747118788.5750224590 23783.3894482622
721049800.2043644190 12804.1916906008
720991173.1377836466 12800.2545435753
722181319.4861782789 13609.5796809212
810449650.2701857090 33499.1331672668
741419904.2979325056 22082.6061378193
741468889.8166562319 22102.9132304000
722014269.1646119356 13498.8347639726
759346460.8341190815 26804.6268182668
810665654.1827425957 33502.8084602356
815133572.2714791298 33615.0697402954
747100812.7887928486 23779.3194902087
810025306.1925013065 33492.2850914001
722365581.4218099117 13713.2199794933
722159887.4407397509 13597.9008608743
761671674.0293793678 27309.3257502768
810752602.3319878578 33516.0397834778
721830209.6398954391 13388.6092499295
747320668.2584104538 23849.6185189256
761826716.0420103073 27355.4257707224
747463215.3036041260 23898.8199794431
812018747.1879055500 33523.6329421997
722155364.1946241856 13511.8944338929
722134040.0001349449 13502.3640117605
762472544.7733719349 27477.7920585702
759676748.2277524471 26893.6382842399
719259025.2543584108 11116.4913628184
759969472.8659758568 26936.8201871850
763409645.0963747501 27619.2670834613
763196252.2846844196 27578.1782919321
719447578.8452214003 11283.2209868441
759782078.8582832813 26912.8292718865
789473749.6748832464 31767.0669214725
762697550.9860701561 27518.6812044535
761545703.3560228348 27276.8617816955
746984578.3547036648 23671.4565331744
760618083.0066699982 27014.5207874599
741184429.3785055876 21968.3396111585
721540859.7522342205 12969.3270507538
741046954.0614086390 21939.1837956230
740917777.3814605474 21874.5110813896
721593482.8021085262 13042.2111106598
721398156.9125776291 12905.7989595392
741183832.2072187662 21955.9268080513
740745075.1210275888 21825.7885225373
740788454.2200137377 21846.4666640083
764152827.6717908382 27639.3759366671
814378774.8768262863 33562.6786537170
813919103.9041225910 33542.4545402527
760957780.7862949371 27099.5636802261
719259057.2856055498 11138.8595192834
747036018.1882648468 23682.3539447592
761083691.9485695362 27130.2539551669
761269728.3410325050 27158.8052475863
761475867.5787987709 27184.8634829932
789168820.9145263433 31711.6334974766
719340182.7768331766 11200.9075375209
761486144.8030984402 27194.0927994662
812634753.2548959255 33530.0560035706
813495373.9504621029 33539.2242088318
716930494.8717888594 8304.9088283034
813128789.9733035564 33537.4970970154
717135410.8404260874 8415.7957754137
717271219.3668138981 8525.6561126500
717453870.2265200615 8695.9794288767
719306134.2124974728 11198.5761102746
789268325.7883626223 31720.2710516453
790041611.8226776123 31839.9498445988
739635135.9210619926 21224.2633454303
740029702.3166167736 21367.7886771063
739851647.2884891033 21319.4379631976
789747599.3371250629 31778.0676958561
789794430.3738322258 31796.6695317626
803539204.6301145554 32969.8620758057
789948549.9618023634 31836.1239054203
790327600.0868314505 31884.4196548462
760824949.0533773899 27060.5471214448
720301896.3665946722 11933.1327328420
720179468.6358036995 11863.9099095688
717342481.1247401237 8684.6553034639
717801229.8088793755 8938.9941491732
717822260.1035764217 9017.3579028198
717768997.2278767824 8936.7596244226
719595799.1686918736 11430.5109961583
720387360.0843895674 12044.5182607878
804467478.7259407043 33009.8992958069
804297586.1975100040 33007.2752914429
804012836.1346998215 32997.4764289856
720346100.1826578379 12042.6855152545
720311216.7115377188 12012.7670292534
720507068.1721932888 12154.8315998037
720388808.3545758724 12060.7245632872
719562807.4975543022 11365.2537346179
790751021.1115902662 31913.2397422791
719667373.0798969269 11433.1566510718
791442156.9375330210 32010.1578189731
790511326.6025900841 31899.6623420715
803768164.3435368538 32977.3539924622
803957165.2221558094 32996.3250236511
790916794.9167231321 31934.5595140457
791062165.9968864918 31945.3305397034
791211989.1815147400 31975.2710676193
720068451.1553695202 11827.4749453772
790813720.8680400848 31921.5508108139
799950327.7535655499 32706.7776241302
800209185.4699690342 32720.9875698090
799653237.1415176392 32697.4900341034
803098823.3207046986 32827.6062297821
718770988.0079586506 9255.6741442088
718991348.7013161182 9502.4915600023
758443103.5219914913 26458.9847287412
758332843.1656937599 26450.5228777159
757969351.3902921677 26375.7487757545
757827823.0484981537 26352.4969203178
757939640.2498574257 26373.8947582472
758662514.0222878456 26478.4665238316
758161625.0447797775 26398.6768981870
757714028.0198361874 26310.3517241780
757820524.0017361641 26312.8068446959
756817912.7252687216 26118.3752247133
800545214.1267855167 32721.0666828156
719076094.0426017046 9588.7034908582
719213210.1433792114 9778.2791296293
719180462.9622156620 9777.7291113187
799908102.0334348679 32705.3239631653
719172327.0711857080 9746.8262487960
719162555.6580193043 9724.2567303472
719151449.9804059267 9675.0999540140
719083800.9940876961 9668.0333029081
756218745.3968139887 25882.9528911228
756278974.9569977522 25951.5322359095
755872061.1527582407 25858.0555314353
754589129.6139291525 25534.5014904992
754750997.9537464380 25549.3596186048
754447341.9174460173 25485.3398484296
754496674.7652572393 25519.8923258191
754509483.8942462206 25522.9855417615
754351936.0521067381 25463.3883045918
800639570.0755171776 32729.4766445160
754352823.6193934679 25468.0741261250
754097246.1594982147 25352.9331700186
730193515.7900673151 15672.1904526102
752554170.9391274452 25008.8408729931
729438732.1635818481 15547.7501691221
729374521.8141043186 15461.0736836239
729176513.8636046648 15242.9505357414
728958655.1229659319 15157.1572819746
729094035.7950357199 15242.9503280600
728926525.2312872410 15134.8659921368
752128593.1514766216 24885.7632563222
768432586.5985428095 27851.4175064600
768352967.4271378517 27793.1358622408
751875556.5788230896 24817.0661313473
751970813.2789664268 24863.2318494259
751820998.2179043293 24789.6845071255
751756900.0560779572 24746.3614135323
729058948.6898865700 15166.4740102822
728888952.1126887798 15103.6870939927
751633082.9337606430 24666.8888795413
768357824.7057559490 27805.5734376650
751586667.2738137245 24641.8249137969
750726673.6014022827 24364.1989554179
751677621.3740723133 24695.4943389560
802314229.1523715258 32767.8239555359
802826252.9041564465 32803.4764938354
728683995.1713576317 14782.3434812488
728574308.0900303125 14717.3800979761
728718248.5561699867 14787.6753097681
728492586.9095770121 14606.5409258214
728319851.8840371370 14508.2039364186
728201772.0933834314 14412.9111435888
728106331.0927745104 14351.6466289042
802659044.4827215672 32796.8959465027
738731373.6040909290 19594.8598422894
746126748.4056469202 22697.1802331540
746159114.0438536406 22729.8865870121
744937094.5020827055 22341.0789565868
745800691.7466698885 22582.0651439497
745482246.9327971935 22510.1619987316
745117279.7242944241 22381.0823068447
745202808.0787377357 22409.2121783053
745271423.3950176239 22443.2362623043
739181617.2362792492 19793.1934349725
739009013.7352006435 19734.8535568902
739009540.8692126274 19735.0097521136
739137616.9332556725 19779.4043598618
739044891.1009817123 19747.5126610437
739065232.2363140583 19748.4732335964
739318681.8883402348 19837.4458135366
739384160.5631151199 19873.3269742885
738168484.2826642990 18832.7503009589
737625755.5602624416 18535.6288039597
737409186.8754789829 18269.3830818611
737293663.0574431419 18262.8733009773
737269257.6910567284 18251.0210117775
737042314.6474630833 17897.6814469513
736971048.6889071465 17872.5831250367
736686190.8449063301 17606.2933994458
736337730.1740238667 17483.0563316495
736509310.0772423744 17593.2172809765
736148745.9070200920 17388.0312031272
736050589.5477185249 17331.5226136311
735675384.4499068260 17091.0984337985
735748225.9812424183 17187.1089580714
735592589.7802999020 17084.0376103654
735525016.5362483263 16733.5199202842
735374552.8135360479 16710.7345705272
735080403.2252861261 16508.7247055790
735226867.1175159216 16646.2593431712
735214572.7485209703 16585.7171009100
735110852.6764329672 16532.0615560981
735002638.9541813135 16232.1990060398
734905960.3646123409 16137.7507199833
734542656.9606318474 15946.4414917449
734372839.4328800440 15846.9530525873
