86133327.3989536613 4835.3149791956
82615180.9452195168 2664.4458209877
82836333.7270305753 2975.6402208612
82827205.1730294675 2956.1275697419
82936239.5569333881 3069.4363408386
83083864.9946211576 3178.9754822477
83863522.8682473898 3680.8958175257
85393482.6409248114 4534.9446505308
85271688.4423766285 4470.3927267790
85955182.2343196422 4798.0311318636
85916325.5100266039 4790.5600854158
87750498.7745883912 5389.9772262573
87530168.8025480062 5320.8830471039
88019722.8545345217 5468.4788627625
88196535.9555478245 5498.9610786438
88123543.7035577744 5490.2603645325
88079328.7573371828 5473.2389259338
88212508.5176368207 5525.8829917908
88362148.2150065452 5534.0450019836
82741546.6516043246 2856.8467333124
83077850.7777450234 3109.5986945287
84028356.6321521401 3762.2478541210
84029568.7668741345 3773.6762092188
84138777.5823063850 3858.3604356311
85824188.3307441324 4709.0684834719
87645643.2405468374 5358.4776000977
87650065.8034421951 5361.0673713684
88472133.6351540834 5547.6454963684
82305184.4195697457 2114.8993937813
87574357.5542953163 5349.1114692688
87715590.7931360900 5379.5292282104
88325699.8114854544 5526.7658271790
82280547.9918908924 2106.0291722857
82609575.4109109044 2653.3555527137
83004459.3669807315 3086.3734097778
83830845.8855550587 3657.6219241694
84125476.6791495234 3842.9625423029
83900533.1129216552 3686.0582931116
85779913.3134294748 4702.4903775454
87886905.6844322085 5431.5389480591
84048989.9702414870 3797.3264888600
86246391.2631628364 4883.4020695686
87638928.1428654343 5358.2533531189
87552006.0231532902 5337.3358726501
87760236.1434699744 5397.6164932251
88773135.7486277968 5549.7059669495
88371244.6699583083 5540.3663215637
82930056.5830872506 2998.0076034069
85264676.1648230106 4458.2450975180
87773865.3021827191 5400.1716995239
87513698.2313340753 5302.1042928696
87685734.8478822261 5373.3792724609
87929995.7622875124 5432.0762329102
87776229.8569340557 5418.4367980957
82338183.5628138334 2217.4813576010
85502002.8005797416 4576.9676276445
87495527.1986875683 5284.8259754181
82916078.4637556225 2995.1297078430
82846607.3582930863 2975.9343972504
82991176.0598761439 3083.2403988832
83922723.1875580102 3732.7513417276
85249275.8444090635 4456.1469358206
86660330.4362987429 5013.8178596497
84025719.8970805556 3751.1886723414
85572260.5341890901 4603.6629573107
88012210.0061789006 5442.8527679443
82864425.6492018104 2979.7911612988
83931833.2622841597 3748.8485457972
85388755.0023543835 4531.3124889135
85404054.1422550678 4551.1151996851
85520908.8409018517 4589.5406838655
85536235.8650121093 4594.9123278856
82497174.1653328687 2436.1860830591
83693848.7288444191 3553.9713872429
83906399.3316294104 3696.6974265650
83765192.4222222865 3629.8964164387
87632006.5830043703 5351.0038566589
82441901.8800994158 2323.2302882872
82367703.5157132000 2225.1716250866
85402635.0277177393 4549.7604447603
85847912.3109451234 4739.2233927250
83772719.9703793824 3631.7997493297
83800382.6319347769 3637.1492049824
85641304.9857047796 4650.9721738100
85879454.0867752284 4753.7067224979
86394445.0665717125 4926.1258969307
86408979.4956542253 4926.7941174507
83645059.0557902902 3540.9069450032
83808479.4580404758 3641.3628010810
85336011.3377354592 4508.3259810209
85845984.0891587287 4729.0862146616
85609806.9574482143 4633.8510133028
82524739.4888649434 2531.6799434429
83605447.0927292556 3526.0543298479
83733096.4897532016 3616.3360889088
85385609.1042478830 4530.0554261208
85442829.9342553467 4569.5536264181
82249022.2210498899 1794.6246061427
82385409.1413690448 2238.5115624270
85846759.3337688893 4734.7412339449
85669328.6747145653 4683.1394873857
88019679.5133055598 5443.8423271179
82266832.5657048076 1996.1210609674
82503286.2577283829 2514.3287117289
86607099.3857657611 5002.4599304199
86106826.2717192173 4813.9105770588
82384082.6749899685 2233.9027755461
85452968.2245275229 4569.9731754065
85902041.9533788562 4761.0608483553
85812676.8812546134 4705.2857095003
88115974.9268873483 5478.5566711426
85246669.3521592170 4359.7463625669
86561725.5299034864 4978.6831703186
85636351.2432010472 4637.9252985716
85825495.0868486166 4724.7157834768
85583219.2018110752 4620.0171869993
85413601.1606710851 4562.9158018827
86568494.1353347600 4991.2695832253
88106500.2266722172 5475.7958984375
83288937.6708944142 3291.9078489598
85609509.1456384659 4629.2696987987
87953329.0617791861 5441.1675834656
82329467.6160762906 2213.7701442442
85357887.1953177303 4511.5222560726
86587031.0046415180 5001.3753304482
82865096.5599784404 2981.1254865931
85660809.0247467011 4674.6070078611
86554867.5261113644 4973.4312901497
88359509.8819562942 5527.2641716003
82272539.2023455501 2001.2146881851
82806494.7954136580 2951.6635293768
83566767.6555082053 3495.4770192942
86350658.4789569527 4917.5092935562
86563043.3302671164 4980.0095825195
86509853.8229743540 4967.5460076332
88310745.6490270346 5526.0475387573
82323251.6558339894 2123.1272888391
82318658.4601773322 2120.7735406889
82636265.2624313980 2730.6084852745
82595516.0809694231 2650.8327850502
82799793.8115725666 2949.3698084162
83643750.1208524257 3529.9446033370
86291506.7910138071 4884.0889439583
86306569.1714977175 4895.3594965935
82279344.5273458958 2092.8159310215
82294794.5826716274 2109.0580761607
83062600.2879055142 3091.6371342912
83685025.3327409029 3552.2227981817
86159358.6539295912 4859.6761908531
86665213.3755331635 5013.9070038795
82317259.6159236282 2116.2156083784
86198215.3782226145 4869.5376667976
86672965.2986112386 5034.0553474426
83237129.7924729586 3224.8830792680
84980543.6015140116 4205.4314000793
86414747.4031374454 4952.7273983955
86810160.4846050888 5058.6751904488
83726895.8052423745 3601.2212065589
83816361.9386278689 3653.4317605570
84867534.1001051813 4139.2896902710
85137121.1853584498 4217.8796211667
85140759.8307503164 4235.7078302093
86793368.6741049886 5051.5215058327
83588890.9946942925 3520.9193036687
83568545.5355649740 3509.1512668263
86504655.9282257855 4958.2990517616
85011896.0201942623 4213.5684205331
82790274.8577008843 2873.8950655268
84487538.1451199651 3995.4724435196
89163513.9136625528 5555.4836387634
82908064.5629443377 2982.6459832489
84493252.8019079715 3999.1421264748
86656180.4083273709 5002.6300920248
86847996.6959822029 5073.8482155800
87421238.0026331693 5246.1062431335
82560084.9893770218 2637.9114564662
82609662.6745550931 2657.7742569254
84584020.0746181458 4033.0418446660
82594840.8045926839 2649.1788505714
83163889.1226134300 3198.6316144078
86540885.9949141443 4968.8180470467
84696609.7988826483 4064.7896017693
84412212.4883004427 3946.4480166100
86876660.2590500861 5095.1095528603
86732096.7758525759 5047.0472526550
87005798.8281804472 5123.2386040688
86715141.7998741120 5045.2504734993
83228141.3628698587 3216.8388821855
86556279.8608459085 4976.1170163155
86684796.0090663731 5037.9712986946
87142498.2376265675 5165.3488922119
82535845.2341011167 2623.7888557718
82777512.2173072845 2864.0763802826
83204780.2647569329 3216.4234476055
83048802.6142531484 3089.1622960344
82728272.3466614038 2842.2033853338
83266465.7907536328 3230.8996274248
84593139.3360484391 4033.7246110626
84642144.8808233440 4043.0579545684
82789497.6737339348 2868.3384573267
83428787.2266266197 3400.6376499252
84705911.6537799984 4089.3744330071
84534441.0375500172 4021.6212276942
84307507.8431418687 3908.6820859299
87483919.8217787892 5281.6905250549
83496026.6684430689 3419.0828682964
83435745.0297766775 3401.0676659115
82721571.3628203124 2839.9096643732
83136493.3340158463 3187.9310805723
83518796.4579481483 3446.9869377008
82491909.8051714599 2436.0952630346
83452971.2167798132 3406.5962681449
84303763.9917018861 3897.0447794776
84372340.2803038806 3913.6174807213
82278075.2825700641 2091.7592451524
83181305.4958627969 3207.9415572286
83490663.1290254891 3419.0292332950
87117476.7089599222 5164.9372863770
83178602.7291737050 3207.0069997087
83469954.6065643430 3418.3589272327
84647699.7160283774 4051.0951325558
84711015.9485177845 4100.7556662224
83358551.5139062405 3299.6014947661
82790088.1885035038 2871.2484255240
84381529.2797880620 3935.7897409722
84720118.9817286432 4110.2355523370
87168305.0403079540 5173.3359527588
82266222.8877260387 1977.9871660110
83451681.8545298874 3402.2034904668
84566407.2822410762 4030.5170011222
83263742.4600616246 3226.5197210750
86843915.5583068281 5061.9124240875
83273106.4105932862 3291.1455183467
84374516.8092738539 3920.1963360272
84637159.7804729640 4036.1298689507
84504644.0530212224 4013.9653086327
84764255.6820327789 4128.9493159652
84347284.8856287003 3912.4008404613
87079856.3472395390 5139.6802310944
82257854.2803252935 1795.6696636854
83118065.7936863750 3181.6853711382
84485591.0669093579 3979.3854178637
82634655.5274889767 2730.4495203302
87049175.5247806460 5138.2372913361
84757633.3448605984 4127.6356725097
82258591.9968143851 1902.9296881068
87405651.0948642045 5240.0084800720
84555742.3162543029 4023.2008830905
87217673.8604138047 5194.2064056396
87338563.9086158723 5224.2643432617
82766546.5792402476 2857.0711231257
84296840.5542612523 3886.5523958392
84518518.0216097236 4018.1755284667
87163882.8975980431 5165.9275951385
84375677.6714761406 3921.8502705060
86949956.7976784855 5097.0836772919
82414911.0594612956 2301.8126264500
82691736.3980125636 2761.2120981868
84484576.8158127517 3957.5041992627
87257287.5487273782 5207.3023624420
87410016.2783651203 5241.4038124084
84378234.3599713147 3928.6427172199
82670725.9396373183 2748.0527916576
83561204.3702763021 3458.1429578364
82682161.8273486048 2753.1258422998
87369234.5704879314 5229.0702667236
87281147.4435140342 5217.4286499023
87430726.4423568994 5268.2618598938
82645475.5904210955 2736.1887733606
84312294.1873057783 3909.1406633221
87198480.6941240877 5191.9111557007
82484342.3930870593 2421.3177488174
82650529.1739573628 2736.2677707267
84344772.1153696477 3912.1455392167
84315560.1370994747 3910.5591872074
86967860.0038475841 5107.9525279999
88858216.4828572422 5550.0744819641
82266710.5597371012 1989.3897125808
82688316.4940958917 2753.9838473524
82770576.3314731270 2858.7666340526
82668346.6923139244 2741.1968787568
83369898.9443817288 3302.4701035284
82523248.8888424337 2520.3532261867
83410900.2625242770 3330.4981689223
83379081.2855496556 3326.2897205123
82667349.8734944910 2736.9727842701
82514601.0853453577 2516.8458152141
82466368.6119718701 2410.3881673242
82461973.1084481627 2404.3806798782
82474567.2366253287 2413.4864392368
