122809751.7625062168 1325201.7832031250
116559408.2285184562 1142323.1997070312
121323503.1258645058 1313038.7275390625
121159203.4921756089 1310841.3222656250
121625897.8630783111 1318945.4462890625
121327588.9606132656 1315106.6669921875
121038417.3793125600 1306669.3310546875
113687081.7475123703 909599.7631835938
119371000.2690758258 1263224.6445312500
119541935.2066828609 1266876.1132812500
121608236.8487286419 1316417.2109375000
121382740.7254579514 1315958.0644531250
113945306.4977681041 948613.9025878906
118910677.1406438053 1246068.2124023438
120770690.1908570379 1298466.0175781250
115253271.5331713557 1075405.4377441406
119715181.6237304658 1271607.6831054688
113936118.1593159139 946591.1926269531
116492411.8680721372 1139641.0581054688
116576881.0098543912 1143588.4570312500
119359273.6261711568 1262356.2070312500
124303066.8656633496 1328175.5107421875
119449340.4012568444 1264550.6982421875
124106589.8687181771 1327858.3505859375
113712693.7539833486 914345.0397949219
113598974.3156556487 873345.0937500000
123715993.2434963584 1327086.9775390625
119120793.0589357018 1253735.8417968750
123917536.0541138798 1327709.2382812500
118918050.5280282050 1246830.5585937500
119487280.6807594001 1265183.8759765625
116522886.8416997939 1140565.6479492188
113978465.2967658937 950267.0839843750
120815781.6638707966 1299893.5712890625
114283930.1637004763 991726.6877441406
116710704.9230476022 1146973.8486328125
119228495.5432717651 1259320.6093750000
119148416.1602877080 1256520.5380859375
122865721.6820927709 1325426.5419921875
119126559.0152753890 1255669.1406250000
113984464.9326284081 956881.4645996094
115063719.6316787899 1056045.2424316406
116578948.0548989177 1144317.2880859375
119006859.3950138092 1249844.0610351562
119063465.3913895935 1252644.5996093750
116603258.1675187051 1145777.1699218750
114144604.4070402384 975400.1638183594
118700250.8857622594 1232192.5634765625
120527680.9446279407 1295460.1210937500
122212243.7902467698 1323305.1093750000
123342094.9021659046 1326409.6748046875
120344958.4664901644 1289752.6044921875
114189886.2252448648 980985.7128906250
115308071.9516903311 1079252.0603027344
115086544.8994235098 1056987.2500000000
122224009.3253288716 1323444.8603515625
114181238.4906337261 977141.3464355469
118856750.7609990090 1242965.8647460938
120670383.0659622699 1296938.0908203125
118811080.8787712306 1239533.7934570312
120625316.7753628194 1295799.9628906250
122151718.6222867072 1322988.9931640625
116550186.4310495257 1141831.2075195312
116396897.7481375486 1136141.9829101562
116422531.5634947568 1136867.3256835938
118852378.0466727018 1241577.7543945312
122523768.1210584491 1324503.8730468750
122556628.8698885739 1324640.1992187500
116703174.8563347757 1146475.0278320312
118720430.0992024690 1237572.5849609375
122356526.1896365881 1324219.4189453125
123293964.7421289086 1326273.3486328125
113627917.5845446438 887483.2207031250
122288283.7321094573 1323716.3056640625
119665269.9183763117 1269894.6708984375
114266546.2023566961 989205.9050292969
115365269.8894621730 1081296.3176269531
120090034.9464452863 1283731.3916015625
120149879.6618121713 1284596.3876953125
121794805.2882485539 1319994.5781250000
123066727.8090186417 1325950.5283203125
123778235.1725108474 1327218.4658203125
115530597.6828173548 1091479.2624511719
116462921.1830306798 1138803.7402343750
121952287.9180990160 1322317.8818359375
115530162.6258101165 1089815.1889648438
120282728.2454545647 1289003.4462890625
114855230.2947579622 1042598.6013183594
118967897.5102514327 1248264.8208007812
120283160.1261729300 1289568.7255859375
120953345.6422049850 1304495.1582031250
122868977.4882694036 1325492.9589843750
115171753.9584248960 1066744.9226074219
121878904.2739961892 1321755.2880859375
116078743.5897781849 1120929.7221679688
121141595.5807346255 1308631.7890625000
120887419.6188751906 1302983.8154296875
115729533.1494655907 1097709.7143554688
121960836.4671734720 1322529.8466796875
121305766.9059652239 1310893.9003906250
120389311.0977279693 1291309.2988281250
124059160.5098803788 1327785.8515625000
115300252.7065423876 1078007.8259277344
116334533.9804327339 1133433.1083984375
113617181.5395128876 887165.0014648438
113906303.4316479862 945792.1298828125
115487466.3268335611 1086601.1584472656
116337076.6690769941 1134063.4316406250
120828389.8999151886 1302165.2187500000
115407897.6036937237 1084863.2971191406
115776901.5639448464 1102306.8857421875
115383903.9051952809 1082978.8444824219
115403230.5255400985 1084585.0617675781
115385541.5642431229 1083599.7731933594
113898612.3728522360 944182.7692871094
114834185.1702116281 1039538.1315917969
114905247.1997995526 1044543.5656738281
113707443.2857654244 911467.6101074219
114906903.0001985729 1047343.0866699219
116378753.9914323986 1135638.3613281250
115183310.3415531367 1068607.3957519531
113607874.4986184090 877268.3945312500
122648379.6431142539 1324956.3154296875
115591234.5562177747 1091698.1601562500
115548451.1869395971 1091537.0388183594
115846618.8738306910 1106321.5214843750
115619529.2835171372 1095868.4851074219
120124971.0608535111 1283753.7949218750
122137107.2209663987 1322852.6669921875
122655698.4996363223 1325033.8125000000
120887851.4995935559 1303549.0947265625
123260910.7365119755 1326195.8515625000
123726290.8957967311 1327205.3818359375
114405528.4408362955 999964.3923339844
124047850.0302928537 1327770.4931640625
113641266.5606739521 889278.5678710938
115480502.4759036452 1086143.4230957031
119733728.4326477200 1272800.8232421875
123426351.1173757017 1326533.6582031250
113823304.6057677120 936546.7072753906
116106876.1409555674 1122559.2514648438
122717792.0703574419 1325097.7685546875
116237224.2489440143 1128225.0922851562
119676218.1900995523 1270761.4433593750
116093515.6213087291 1121713.2412109375
124587713.2349683046 1328626.4003906250
119705462.8915267438 1271493.4658203125
115085000.5038167536 1056678.6745605469
119948662.3945136517 1278308.6010742188
124983183.0266923606 1328935.6914062500
114213056.5468783528 981970.7790527344
114387294.4958218932 998480.2773437500
119987666.9106701165 1280042.9140625000
118632398.4815496653 1230014.6503906250
114093839.6803733408 968218.6867675781
123033673.8034017235 1325873.0312500000
114324396.6907194853 994554.3300781250
115298168.9166210741 1076011.2868652344
115346713.7377627641 1081120.2431640625
120082104.4485637248 1282611.9472656250
124193766.6725890785 1328168.3847656250
123851026.8874674588 1327497.3837890625
116108673.0955612063 1123703.8999023438
123685767.1226083040 1326802.0791015625
116018944.8335718513 1117290.9697265625
115742781.3311576098 1098751.2348632812
120232378.8211363405 1287687.2705078125
122553373.0637119561 1324573.7822265625
122343349.8812555075 1324181.0527343750
115621276.1346141696 1096687.2592773438
119815889.2829673439 1275786.2558593750
120446149.8089920431 1292632.1230468750
122129672.3273586035 1322814.3007812500
115857098.3164155781 1109021.1821289062
116185265.0385504961 1125646.6557617188
121704873.6338226348 1319276.8144531250
113934715.8241451234 945900.3093261719
115980603.0364316255 1115798.4941406250
116083528.1712103188 1121154.0566406250
114522430.7766522765 1005676.4497070312
114459017.5798402876 1005015.3134765625
116024983.8812651187 1117359.7509765625
120011125.0303364098 1282013.2216796875
116277770.9458062053 1129911.8071289062
116157512.3364985138 1124806.4956054688
121507900.5313532203 1316010.6425781250
120228547.3229717761 1287606.8476562500
116214463.2482954115 1126954.4526367188
115914366.5593389869 1113138.9228515625
116751440.1184797138 1149099.4877929688
115947326.5674453676 1113703.0854492188
114308770.7916332930 992707.9377441406
115782237.7719152868 1105259.4335937500
114439923.3545250744 1000958.9340820312
113653510.8356849104 893059.0854492188
120201417.2989837229 1286548.2929687500
116055459.5354173630 1119123.9638671875
114404369.0330267400 999449.9313964844
114529103.8386321664 1008436.1965332031
114010384.0726558268 958521.1201171875
114568507.1790399551 1008846.6225585938
115246594.6387940347 1070678.7951660156
113641341.4687761366 889483.0986328125
114071640.5560784936 962782.5769042969
113725693.8017634898 915265.2766113281
113633350.8583898246 889224.0375976562
121611793.9323881418 1317286.1503906250
114046056.0328100920 959046.2138671875
113948257.1373240054 949876.5991210938
115986059.6747796237 1116594.9208984375
113868841.9172369540 939793.6157226562
113664407.4236484617 895861.9196777344
114070195.4717137069 961281.4082031250
114316942.8852290064 993589.5688476562
113889614.3418069482 943019.5041503906
113983669.8863360584 955398.4499511719
113682574.5546543598 903851.6865234375
119597308.2739906758 1269043.2734375000
124550049.1459099948 1328477.6757812500
120981272.1545734555 1304922.1484375000
114189186.9083472639 977667.4160156250
113820173.4623886943 934646.1953125000
124105752.6293856055 1327845.5644531250
119900873.8143788427 1276646.5351562500
119932147.2670165598 1277302.0410156250
113644275.2399288267 891466.5551757812
115169346.6587878764 1063716.6667480469
115101873.2746380866 1060388.2404785156
119844840.6099481732 1276230.0263671875
123783852.5970121920 1327386.4179687500
114251176.9682264328 985585.0893554688
113809437.4173569232 932595.7177734375
113706139.1441291422 911396.7641601562
114899685.4919032156 1043693.8737792969
113787786.6336501390 927630.7861328125
113766104.5477647483 922301.0249023438
113787972.0556950420 928637.4677734375
113784309.9004184306 927621.0815429688
123496200.4617411941 1326725.7910156250
113728006.6520594507 917733.2070312500
124441682.6107489318 1328316.8623046875
120811626.9150558263 1299640.8056640625
113734504.5014922470 917740.3330078125
115016155.6021358967 1052963.8962402344
115031292.0448441952 1054234.1135253906
115143261.7308273911 1062601.3483886719
115057240.3022872210 1056008.8229980469
117337345.4250571132 1170177.2119140625
114942896.1734577864 1048799.1853027344
115003170.3503693491 1052798.9050292969
115016766.0926294625 1054189.2009277344
120701685.2978722900 1297702.9248046875
114994006.4860072285 1052168.4243164062
114455102.8436660618 1001565.6586914062
117195640.7835908234 1163760.4545898438
114655603.7370796651 1020753.4206542969
114143144.4767790139 969642.2885742188
114136087.3228840232 969032.3442382812
117270743.4064022899 1164185.8374023438
117128179.4539646506 1162286.2832031250
118176912.6100208610 1200605.4345703125
117740458.1951546222 1187663.7270507812
117973044.3525023609 1193236.8398437500
113681226.2438357621 899060.2119140625
118158912.9228717238 1199636.7939453125
116909770.0727359056 1150790.9702148438
118181375.3565901667 1201099.3906250000
117946485.7999848127 1192802.6396484375
114608700.8952609301 1016621.7058105469
116914999.5195088387 1152308.2656250000
116987151.6356264353 1154400.9877929688
116953548.8599562645 1152902.1547851562
116922468.2396725714 1152443.0083007812
117041494.2203891277 1157548.3198242188
117713972.8139295727 1184810.3427734375
118049002.2576165646 1198723.8349609375
117202687.1574536264 1164087.3701171875
118245476.6969248503 1201922.5244140625
117824991.6402613968 1191347.2490234375
118007994.6889242679 1196406.2905273438
117671731.2445926815 1183562.9003906250
117779865.2367075235 1189184.6767578125
114773869.2850175500 1028748.4763183594
114764008.2534125149 1027970.3083496094
114688377.7426672131 1022099.2644042969
114641958.0251197219 1017965.9467773438
114575609.5316504687 1013974.3083496094
114723379.4479248673 1026802.1540527344
117583836.7600545436 1179911.8759765625
117008216.2385962903 1155661.5244140625
117493472.4359131604 1174342.7597656250
114795072.5633654892 1031179.8376464844
114794974.2529709041 1031165.2854003906
114703642.6964410394 1022334.6159667969
117572864.8693218678 1177690.4179687500
117483950.8939565569 1173821.4062500000
117528762.3939851075 1177364.2451171875
117573242.9747364670 1178504.9375000000
117463614.5805106908 1173671.1181640625
117292627.9291982204 1164802.0307617188
