177200235.0587873459 635126.4926757812
178232969.4330645204 648493.5288085938
180993005.0162855089 677557.1594238281
181497131.6776262224 680269.9436035156
183458611.0632533133 689931.4167480469
186106460.4534335136 694952.6684570312
169037040.1951603889 377343.4157563252
168791157.4442890584 355134.8872223897
174075814.7032180130 573601.7843017578
181974749.4023740590 684427.4045410156
168215924.8794752955 287280.8508040905
168868194.2151839435 369533.3431550069
168966728.0594330430 375136.1684829397
168935131.1717406809 371929.7196630640
169436928.6154883504 399400.4384880075
169725754.8717350066 417283.4272592422
169839185.5267618001 422325.0340707656
173782379.1138597429 565425.2512817383
173850849.6483672559 569857.1885986328
173825647.5811091959 568040.9523925781
173760853.9744342864 565182.8283691406
174970347.8783862293 593293.1381225586
175448078.4236799777 601358.4561157227
174699462.0829593837 586494.2037963867
174847944.3108324409 590890.6489868164
177016852.9921720624 629618.1914062500
176908206.1119393706 629131.6708984375
181431017.6743195951 680181.4152832031
181722306.7952373326 683561.1042480469
184195958.9731836617 693140.0468750000
168225921.5390149951 287888.9998129010
168915351.5907456279 371166.3417498190
168834236.6511859298 358676.2057449026
169826606.1866398156 421320.3476083633
173053942.5316848457 542664.7926979065
175329487.8294772208 598122.1073608398
174735240.3134566844 586854.8356323242
177034432.7264597714 632808.8105468750
177739769.3341208994 642467.4726562500
181173469.3726518452 679647.3146972656
181047107.1978849471 677794.2121582031
180760076.6332245171 675980.5302734375
181536180.8468026221 681901.5070800781
168178528.8057970107 285596.7793408185
173226101.5979557931 550892.2963943481
175417584.9605726302 598335.8135986328
178177496.2707981765 647365.0732421875
168103834.3352129161 283484.1522982121
169754052.6642323434 419545.9016189585
181173640.8560218513 680120.5393066406
168043433.8515731394 278125.3697012067
168388237.0371378660 320648.9166085720
168418749.6293837130 321410.7381203547
169654283.5230929255 415407.5549392710
169711004.1985965371 416436.2045608395
177030562.8870254159 630002.7092285156
177453595.2054224908 639253.1987304688
177120537.7456167638 633263.2551269531
180842974.9423033297 677226.3459472656
180703989.3000725806 675111.5639648438
168008953.5215233862 266331.1121981740
175137548.9894841611 596352.5061645508
177022137.2227692902 629731.6106567383
176876255.2779266536 628863.3400878906
185179992.4675688446 694610.2246093750
168861252.3692043424 367868.8130919058
169597726.8371133804 411568.0902786264
168030357.1087788045 275558.7002676129
168865427.1823911369 368348.2548171682
169639453.7453978956 412833.5294318805
169517344.0360969603 408709.2221145639
175319808.7669496834 597537.4022827148
177757492.3831420541 642758.1430664062
167979306.5815548897 245520.0115782544
168983871.5770063698 375491.9689284964
169048229.0712782741 377642.0824431805
173161950.9404782355 548054.5790481567
174952615.3036795557 592524.6727905273
175186001.9385142922 596438.5864868164
169071921.6589009464 378276.3969680471
167981678.4009130299 257876.7164061666
167986470.0861003697 264440.0010002255
168085554.6669885814 281563.1716879010
168387164.9835124016 320031.5245058537
168860055.8245915771 366015.8151504202
168909174.8956848979 370460.7985183401
169226999.2260996103 385912.4981223298
169254512.1996730566 388846.5142230419
170282751.7280668318 443232.1950293109
170362707.0277470052 445536.5249553248
174909262.8848493993 591705.3644409180
179833108.1010877192 667491.3093261719
175007162.8300627172 594743.7133178711
174995811.2473053634 594623.5917358398
168016403.3286988437 273343.4185069203
168363045.2873901725 319266.5472795963
168499649.6694830060 330643.7658010647
183273578.8706431687 687556.3762207031
168012250.4577600062 272303.5981181264
168000367.6795969903 265375.8665545583
167992709.6046792567 265350.6581767201
168322515.5420698524 313943.3240435123
177202335.1907404363 636191.6835937500
177393163.9734954834 639228.7294921875
183325336.7265133560 689097.4641113281
184019682.1202307045 693027.5065917969
185600593.0624918342 694836.9340820312
168004525.3189271986 266124.5418589115
168318312.9757748246 308235.4545080066
168355612.1700358391 314365.2691037059
168529839.8362883925 332152.1637027785
168455142.5330274403 325889.6168749854
183325124.1786843240 688249.3508300781
180706386.3681228459 675159.4758300781
168304662.8408471644 306996.5192052722
168636411.8855181038 333131.0694528148
170448225.6128802896 449098.5938321487
173526250.4988540709 560500.9791717529
173374165.7891438901 555238.9297485352
177564519.0296723843 640798.0732421875
180421404.7970805466 673274.3142089844
169199886.5863019824 385162.8877820401
169607668.0459114313 411809.4294065177
178187368.5155079067 647575.5903320312
177904283.9988890886 645072.5820312500
177910828.0854545534 645820.9638671875
180548565.6486715078 674124.3601074219
168472124.8008778393 327747.4376116991
173537917.3264918625 561687.2372665405
168421623.6342171133 321686.6087428061
168361481.2463305593 314805.6784960628
168430438.5737778246 325211.6037052199
169105215.4577589929 381643.9251355557
169153578.4904905856 384706.2723227693
169565614.5323484838 410111.2396734441
173193312.7857985795 550101.2114181519
173279492.6636326909 551310.2479858398
173541703.8326381743 561961.6055297852
174767538.9606818557 587853.3606872559
177349757.6181356907 638394.2421875000
177379577.9164220691 638525.6894531250
178042846.4793743491 645963.4833984375
167978221.4110903442 244478.7632716373
170248449.2236209512 441415.7831798121
177606967.0570744872 641716.4599609375
183793971.1397837698 692200.4709472656
169581836.5304598510 410733.7467840398
170478422.1429432034 451033.5296198055
173141491.3111245334 545871.6030654907
178072292.3662846386 646018.7709960938
183725487.9746516943 691199.5344238281
183498124.7831617892 690485.1828613281
183973161.4524578154 692945.1638183594
170157574.7361702323 438363.8781562373
171213355.2904850841 473072.7845849916
171074575.1315841675 471597.4919362599
173205546.0442909896 550873.4416885376
173335813.8076910675 554129.8088455200
183138051.7498740554 687342.4707031250
183439545.4399167001 689581.3698730469
171041653.3347859383 470508.9476709291
183098338.3769044280 686131.5778808594
171042595.3274533153 470697.1747810766
170685620.6536850333 457614.8396688038
170909782.8241414428 466357.9263845021
170037353.4649631679 430878.8828595140
170156942.1582566202 437622.9397393465
170989166.5866896510 470213.9979253346
170689908.8812177181 458294.0719660640
177765989.6508092880 644372.1718750000
180179765.5595946610 671373.8298339844
183885895.6832768023 692324.0759277344
183450826.3064141572 689584.4807128906
173321941.3306880295 552209.1217422485
173418555.0466122925 555987.2431259155
177456732.8650369644 640257.6452636719
177509361.1272163987 640346.8010253906
173457126.6070717275 558715.9723281860
179830516.8067227304 667111.0700683594
170009615.4628717899 429171.8061426812
171103048.5649892092 472696.6306574270
173504422.0409459770 560160.3457107544
174703304.3267173171 586519.0508728027
177356233.4365669191 638513.0415039062
179662103.1421356499 664792.5957031250
180211901.8346183002 671595.2961425781
174672144.5049994588 586160.0018005371
180313249.0766938031 672192.2829589844
174343090.3674732149 578080.9794616699
174785770.8645895123 589364.7508239746
174491968.0872784853 582815.5746765137
177128066.0784843862 633668.1361083984
183779111.5120200813 691977.4528808594
169142391.8539642096 382799.6185483364
171352155.0830262899 473396.9060397679
173395661.8057520092 555734.1243362427
174409090.1411906481 580796.2902526855
174191332.4637843668 574160.3553161621
169146144.5535057187 384454.0784558682
169046024.5466028750 377391.8042554287
170854984.5582353175 465450.1329274708
170764700.7590266466 460885.2602773244
170977344.2650667429 467848.7759175831
173322621.9381467998 553217.8971633911
169056311.7938098609 378013.6538037686
179876240.1192334294 667501.3850097656
180039166.8030109107 669712.4201660156
178608641.2126505375 652401.7001953125
170825491.2679612637 462249.6967034871
170767196.7266021669 461701.4169087941
169649792.8402132988 413145.5516463750
170644589.0011812449 456709.6945887143
180724507.7647611499 675335.9860839844
174278338.4654804766 577209.3009948730
179748222.0606603324 665013.7670898438
180529471.3978986442 673579.5310058594
170578331.9818976223 453570.9618726308
170542814.4966920912 452633.2829676205
170468257.2193730175 449909.2451749453
170064148.8123178780 433297.0842264825
170348773.1063663065 444823.1940695280
174012367.9052008092 571462.8303222656
180239497.5862648189 671694.3693847656
170245419.0954085588 440425.4531262377
178671703.1339189410 653291.3686523438
170142926.7474038005 436452.5407727220
170144017.8440554440 436867.9189923265
179587140.7492026389 663224.0196533203
169288209.0101664066 389838.8099178871
169863871.0786322653 423835.1974505484
178600721.3356351256 652182.7792968750
179942615.0524493754 668594.6347656250
179555495.8032601774 662624.7219238281
184539696.5975914598 693326.4062500000
184829905.2295614183 693487.9492187500
169891819.3017444611 425440.8972147637
178670345.5268740356 652754.0056152344
184839282.8508524597 693728.2446289062
180007010.5935777128 669467.9609375000
179766315.3465699255 666080.1596679688
178464964.5453591645 650870.0056152344
185150846.4760821760 694110.5737304688
178936896.9202395380 656263.8984375000
169320557.2070198953 392515.9040671838
169412633.0760293305 397829.3899070275
169311540.3770020306 391806.6360322488
179050462.0805301368 657778.6889648438
179030415.2784043252 657109.3400878906
179531467.9141044319 661885.0554199219
185157956.6786753535 694132.5908203125
179081257.3863533437 658355.1843261719
179231513.9631663859 659689.8581542969
176581754.3065149188 617222.3897705078
178593947.7650691569 651988.0155029297
178740514.9984707236 654996.7287597656
179568906.6418023705 662966.6643066406
176763329.0953643322 621399.9705810547
179590117.4593564570 663721.5412597656
176738289.2874477208 619596.2954101562
179313453.6360147297 660834.7512207031
178992518.1443816125 656723.9084472656
178658639.1543318331 652496.8291015625
178343215.1292489171 648888.3764648438
176478476.9713567197 612740.3292236328
176336775.7924826741 607033.7758789062
176368846.3803782165 609719.6590576172
176274265.7126667202 606161.1593017578
176443791.7204904258 610338.3826904297
176579099.5296224058 615906.1595458984
176452280.9318036437 611454.7814331055
176672057.1519603431 617391.0164794922
173035014.1763328612 521515.6148834229
168770426.7316627800 336519.9844763465
171648046.6589216888 473803.3510723114
171880181.3612348437 477311.6243012398
173030574.1572222412 519416.5469303131
172943546.6944622397 515799.7417240143
172968769.0120276809 517763.1576938629
168769237.1920398474 335311.5197191387
168750955.7672887444 335296.3324377723
172832470.5132325590 508463.6724338531
172749391.5094371736 505679.0298557281
172440382.8493645787 490904.6724491119
172385145.8823623061 489591.7472324371
172263053.7012136877 485978.0404100418
172459540.3604885340 495087.8114871979
172560628.6372038722 497367.0190378129
172822690.7321595252 507331.2403049469
172682283.5881970227 503137.9124240875
172601275.3477328718 500451.1941623688
172805970.3456913531 506383.2785739899
172734076.0208610594 504198.6397190094
172742232.9889771640 505575.1060276031
172442577.8613099456 494399.4906101227
172343318.4952687621 488678.6945095062
172262557.3553825021 485050.5216732025
172160896.0787494779 482103.8424739838
172310904.0549656153 486705.9986209869
172195595.1575350761 482320.0708103180
172228298.7945666015 483378.1685886383
