90923099.1833166033 733270.7739257812
91205161.7609778196 765174.3881835938
91931248.1282895654 810507.5576171875
92195684.9392299056 822000.3925781250
92803253.0577631742 832262.7998046875
93709960.0210751146 832992.6376953125
89719350.3957749307 472275.9669799805
90011309.2360934764 589812.7554931641
90371179.4342213273 658270.6745605469
91056782.2344091088 746159.1923828125
91172039.0887342244 759935.5122070312
92194027.8957529366 821717.5029296875
92407537.5071349144 830648.0419921875
92290138.1817652136 826750.4013671875
90035390.8228697032 594930.0080566406
91012179.3068529516 742693.7958984375
91733709.3928834647 797521.6958007812
92046944.4013501555 814498.3935546875
89935225.2573017180 571525.5570068359
90167368.4118632227 620536.9847412109
90425848.3117565960 666856.1809082031
90455940.5416818708 670223.5107421875
90992662.6585285813 741963.9404296875
91051815.8808762878 744497.0253906250
91426579.7662145048 779496.9736328125
92202333.3242867738 822114.4130859375
92355377.2161639631 827748.6611328125
89752431.3589616418 499636.6782836914
89943967.1510922462 575301.9436035156
90147130.1149087697 616300.5732421875
90390004.9101459533 663797.2238769531
91025945.3352999538 742928.4208984375
91128380.4865812063 752168.8388671875
91377318.7156889886 776661.8803710938
91314769.6385902315 771669.2563476562
91708163.7504272312 795290.0991210938
92029145.4016192406 812086.0419921875
92129408.5753010362 818572.4101562500
90351951.9099911153 652019.7231445312
90795542.6099888831 714271.7983398438
92252542.7572530657 822441.7324218750
92316230.4132006615 827327.5048828125
92391260.9595490098 828561.1611328125
89750792.9234613180 497887.3147583008
90130896.9293932170 614128.4064941406
91039906.0597189516 744135.1386718750
91345535.3445804864 771752.9873046875
90082077.6549784392 606100.7961425781
91066113.8861398250 749784.1035156250
91142463.3410113603 756611.9628906250
92225687.3690893501 822278.2851562500
92395535.8224284649 829079.5585937500
89749138.7778106630 497161.9458007812
89902971.6528133899 558290.9857177734
91645912.0940437764 792833.9809570312
92400721.6224308014 829877.5712890625
91264505.5928749293 767293.7094726562
91353891.4338835925 775696.4409179688
92012416.6905220449 811534.4638671875
92570388.1194117069 832163.9404296875
90496467.1995155364 673553.0729980469
92042176.3001593947 812234.7265625000
92002678.3943807185 811108.7011718750
92519243.8380918503 831979.8212890625
89747063.2175272405 496367.6879882812
90718620.1082943231 704116.4047851562
91274853.7447439581 769971.3198242188
92023585.4565311968 812043.9023437500
89913673.6733813435 564471.0701904297
91110304.8712047487 751528.3735351562
91305697.2246008068 770853.9985351562
91245363.9345462769 766563.4008789062
91186406.1300707310 761268.7622070312
92120998.0526878834 818544.1279296875
90017806.6195394844 592204.7315673828
91556163.5192092061 786284.4887695312
89949737.2294853479 576551.2626953125
90067707.0940002054 600953.7983398438
91429731.3158051223 779994.6533203125
92055405.1260702014 817053.1904296875
90833012.7596830279 717198.0410156250
91281863.9526093751 770497.3979492188
91530084.2754752040 786147.0209960938
89947628.1280082613 576039.9920654297
89950814.2393682450 577268.6256103516
90071406.2110171467 602151.8610839844
92147913.2523062825 819809.2900390625
92261627.6351016909 822454.5424804688
92249852.5643450618 822400.5019531250
89770142.7358057201 506943.0639038086
90377529.5480018258 660279.3315429688
90745764.9986725003 706375.0966796875
89930442.7295796722 570397.6063232422
90693912.1425443739 702876.9995117188
91407159.4605350047 777053.6088867188
92397621.6237800717 829575.6044921875
92264613.6674180031 826497.0039062500
90099722.8920391649 608093.3426513672
90774835.1793977767 712592.4902343750
92414184.8555695415 831147.7089843750
91592334.1633715481 790831.1352539062
89720108.8582124114 474735.2448120117
90278004.0732384920 639742.9296875000
90476036.6472644508 673474.0065917969
91479270.8265532702 782143.2583007812
91470806.0235806853 781241.1977539062
92156167.8608250767 821271.9091796875
92494945.6286334991 831473.5439453125
92368541.4912137538 827919.0654296875
92298469.1237692833 827015.0546875000
92500786.8174895495 831497.7705078125
89988251.2994054109 584162.7050781250
90081384.6755156964 604448.4667968750
93303344.5278246850 832369.4628906250
90408526.6817368120 663923.8200683594
91659902.7957858443 793966.4829101562
92345825.2810444385 827608.2128906250
93410721.2927633077 832660.4472656250
91623532.1492926925 791083.6625976562
90048745.8448820263 599396.8325195312
91624840.0641540438 792398.8090820312
91825912.7572162598 800343.8193359375
90517382.8840031475 677480.2495117188
90755585.2529888600 709425.4921875000
89728727.7512978911 477485.5836791992
90319849.5455339253 650253.8305664062
90853096.5822364837 721728.4262695312
92461884.5671195090 831303.9423828125
91495033.0872288197 782808.8715820312
91799888.3921423256 800083.6513671875
90054295.0804791003 600152.1352539062
90459996.9188141972 672009.3630371094
89723875.4038173854 475183.5582885742
89735755.5066943765 492219.2001342773
89911617.9996088594 562567.5416259766
91587680.6303821802 787884.6123046875
91757895.2264260203 799427.9580078125
91909448.2491389513 805344.6416015625
93384196.5986135751 832591.4375000000
89964374.0266419202 579666.9417724609
90398939.6271168441 663801.8981933594
92439345.5914468765 831213.5781250000
89984541.9332093745 583764.1440429688
90416406.2008960843 664952.5471191406
90361787.6371378899 653456.8356933594
90317684.2816422433 647181.1555175781
90324947.6418015957 651748.2919921875
90604883.4743552506 688033.6015625000
90823373.0462538600 716921.1333007812
91830241.6418260336 801288.6855468750
90070740.6105815619 601130.3283691406
89906587.6698762327 560818.2150878906
89944967.3093229085 575750.2664794922
90012040.4433073848 590240.7792968750
90075915.5057503730 603144.2966308594
89989464.3099725395 585895.1063232422
90453100.8973682523 667527.4555664062
90670026.9937040806 690605.7250976562
91706868.8829517514 794480.7490234375
91848402.2872811407 804442.5810546875
92365574.4082324058 827814.5302734375
90799542.2941039205 714585.5849609375
91869823.3239958584 805129.9042968750
89979138.4813142866 582440.8270263672
89947928.9942064732 576248.0462646484
91867684.6931267232 805070.3066406250
90544362.5737868845 679903.7485351562
93523123.6376235634 832810.3310546875
89966075.7953806370 579874.2368164062
89918343.2738920003 568801.7313232422
91858219.6654860824 804902.1152343750
91895165.6650120169 805139.4960937500
91847539.9562650323 803863.6210937500
90593278.1603671759 683856.8168945312
90876357.9643658847 724594.9506835938
91731228.0933121443 796862.8417968750
91737787.4488075674 798379.7460937500
90851163.4778024852 720702.5537109375
90029277.5520889312 593912.9135742188
90774015.4143619537 711734.4306640625
90849977.1326717287 720491.4169921875
90848929.0091258138 720092.6411132812
90548344.9128249437 680894.5053710938
90596603.5407779515 683948.5786132812
90005350.7364413291 589749.7724609375
89900107.2629516572 555542.3128662109
89940018.1532494277 574864.0195312500
90263780.9957765043 636755.4804687500
90762629.5493469387 711584.9213867188
93294937.0244856179 832344.9345703125
89760233.7032510340 502141.8927001953
89779485.7192580998 509425.0958251953
90446302.3972770125 667056.4504394531
90450768.1761556715 667516.2712402344
90835319.9491442442 718288.7343750000
90586064.0410489738 681165.7470703125
90905099.7209031582 727160.6210937500
90857537.2149694115 723222.9882812500
89774208.4069048166 507006.7773437500
89758151.6899926960 501663.4840698242
90912988.3250316083 727226.1020507812
90583175.6976307780 680971.1611328125
90834937.9419741631 717786.2548828125
91918488.2466078997 805354.9482421875
90522461.8848207891 678510.3349609375
90831269.7688449025 716999.3027343750
89867450.8592003435 544827.9971923828
90352006.6350126565 652348.0107421875
90366201.1008524895 653860.5415039062
89799223.1649125665 513460.7570800781
90656899.5301716179 689779.8774414062
90319678.9888801575 648065.1413574219
90888158.5617477894 725133.3232421875
89886265.9509477168 555078.7519531250
90506418.5404325277 675708.5595703125
90879982.0027600527 724877.9692382812
90749271.2347068042 708767.4829101562
90807265.6964477897 714990.7402343750
90908271.4422076792 727202.8090820312
93112333.1454700530 832329.7783203125
89929561.4656645209 569648.6541748047
89900545.1925595552 556934.4644775391
89900419.5586372465 556470.3865966797
90974443.7183669209 733376.5834960938
90363837.4635936320 653746.6386718750
90291314.7648288012 640819.6289062500
90735862.9419782162 704786.9345703125
90236322.1169366837 632367.2673339844
89901264.6789782494 556949.9708251953
90257419.8737915754 636137.9133300781
89912377.9062697738 563651.8482666016
90203254.1034894884 624999.4831542969
89858590.2607520670 540514.0614013672
89883125.4837694019 551578.2513427734
89906556.2902922481 558407.6087646484
89875941.6258275360 551129.9378662109
89897065.0631884187 555184.7520751953
89818470.2082597613 518402.5163574219
89842319.5439264774 525093.0769042969
89824953.6904954016 519560.2583007812
90219932.0420061946 629447.3527832031
89806745.0923392326 517712.9899902344
89855533.3430792093 526419.8728027344
90871326.6121042669 724010.8642578125
90878366.1819341928 724683.0585937500
89823474.3782539070 519395.8919677734
90227521.7424775660 630306.8264160156
90810092.9228261709 715332.6196289062
90192151.9781912565 623151.3583984375
90870140.9774903804 723888.6015625000
90158182.3137261569 617065.5372314453
90228027.6232980490 630526.7883300781
90781388.9553084373 712806.0009765625
90146942.0292162597 614618.9948730469
89814070.0115739703 518044.4763183594
90247996.4952517450 632690.3071289062
89802443.9794428796 513465.8146972656
90848032.9582828879 718918.5688476562
89856036.2497981489 530712.8414306641
90185733.9581750333 623028.1125488281
90310792.3105831593 644171.4516601562
90220852.7399678528 629632.7197265625
90875668.2070136964 724476.8154296875
90164628.2337919176 618208.8164062500
90207774.8098280132 626030.3574218750
89839563.6352216303 521442.6927490234
89834365.1391610503 519824.4753417969
89851886.0091069043 526159.3066406250
90658763.1000654548 690119.0798339844
90687218.9149391502 692071.5778808594
