1278686027.7073831558 1372.1780730188
1282675860.3028147221 1376.0297716558
1117573481.9125318527 618.4335690036
1117352199.0293912888 616.0427910600
1117675393.7518434525 618.5251751369
1117394365.5806088448 616.5734509677
1117115892.2397520542 615.5370719943
1201397189.4916872978 1148.9675123265
1201308823.0240972042 1148.5011622557
1201209344.9331269264 1148.2340964011
1200707658.2595062256 1147.3217234990
1200393667.6557576656 1145.0392673394
1200436457.5472273827 1146.1862587115
1200097444.7909288406 1144.8632376573
1117052076.2636022568 613.9620762308
1116874780.1477024555 613.0213503240
1117030279.9219238758 613.9092037328
1116660478.0431432724 610.8320998795
1199678554.4807243347 1143.2905743566
1199937116.6596078873 1143.9186839440
1106356162.1061289310 505.2424219965
1105872256.6797418594 501.1519552304
1263658012.6985869408 1332.6541336030
1263265570.1537632942 1331.1197107285
1263440503.2080061436 1332.2425623387
1281469285.5843837261 1375.4198432863
1281241762.2084739208 1375.3679626882
1093978725.5283014774 355.7807063490
1115920400.3903038502 601.7853378736
1263332665.0121631622 1331.6262523383
1092178549.6400642395 311.4576743476
1106270783.6630048752 504.0519360269
1149466674.6682775021 853.5872641034
1149523410.2597048283 854.6147897668
1263169222.1972014904 1330.7040236443
1263076603.9321281910 1329.0313506275
1263442280.6307342052 1332.2500529736
1263274401.2680583000 1331.3728669137
1280808827.3202297688 1374.1929770410
1281013521.1272644997 1375.0464313924
1196802121.4612076283 1127.5646833039
1196534375.1320858002 1125.3398740779
1196509578.5818731785 1124.8730099689
1196077263.6619813442 1122.5782968293
1196318942.6673245430 1123.1343685225
1263434717.4366223812 1331.7572389096
1263141271.4240493774 1329.8798659295
1150011672.9488747120 858.2912528111
1195921574.3992121220 1119.2763759600
1195518810.4519720078 1116.8383552971
1195844834.4067544937 1118.7507234322
1195761364.1863446236 1117.5481878029
1280971402.9379026890 1374.7588751018
1106512813.3643345833 508.9848330021
1092811255.6971752644 328.0864093391
1106424585.0373754501 507.5012428320
1092629037.4316623211 322.8385712032
1092739007.7209527493 327.5988108584
1184433548.9835152626 1058.7244212961
1279422085.2298281193 1373.2964121997
1149218206.6589760780 852.5945692487
1149194103.9400222301 851.4799240060
1149184060.3713419437 851.3008345234
1149228406.8392841816 853.2342911191
1148977808.0037145615 850.8193363201
1149302457.0753638744 853.5845785566
1148927990.0701079369 850.2162855096
1148781530.1850333214 849.2941134401
1280507826.8667826653 1374.0791543424
1114894165.4889366627 590.9177744702
1105820592.0279223919 498.1131885082
1114698628.0810651779 589.0219221707
1114958235.6273739338 590.9720154162
1093176827.7646055222 339.4779539741
1093171487.7384328842 337.6351269928
1093158392.0176494122 337.3946915564
1093034096.0507531166 334.3175877032
1092883928.1350545883 331.3607798514
1092909552.2867264748 331.6397773255
1106148228.7947297096 504.0270832132
1114665827.0310027599 587.8945267751
1114588214.1190409660 587.8945081826
1114440114.7139265537 586.4540107026
1183555582.9504766464 1055.0370837993
1114489774.5531835556 586.7444708628
1105745435.5294086933 497.9502074244
1114834259.9496815205 589.4928587605
1195390716.0605092049 1111.1862901494
1114422207.5394220352 586.3334226626
1114282033.0486216545 583.7449281886
1105238698.7873671055 490.8086822314
1105399200.0700964928 491.4740061720
1194139695.3343243599 1103.8497882781
1113631052.2430334091 578.6284932989
1113277052.4010143280 572.3713099224
1184991663.7199666500 1061.4064806008
1113096008.8758392334 571.7869508231
1113315240.8724822998 574.5450495941
1184635321.0582487583 1059.6229253533
1184328749.7471511364 1058.7060482431
1112934912.5343887806 569.5738022616
1112847279.9986364841 568.6395521343
1095638691.4536974430 361.8049681524
1095818230.1191210747 362.7913436304
1095941766.7539703846 365.7621084981
1096121325.3814454079 365.7622358499
1096289597.8806686401 365.8123219789
1095698244.4507770538 362.6850046449
1112408038.2485268116 561.5454768850
1190791787.3009872437 1086.0538944518
1190177353.3831927776 1082.5983137405
1190512382.3897497654 1084.1772467410
1190351453.1040611267 1082.8917136705
1190360455.6851918697 1083.0105787432
1095542144.6533110142 359.5760617488
1095874343.7295334339 363.4605945196
1104432209.2109839916 478.6820965552
1104403551.3231072426 477.0006664221
1104198868.2719848156 475.9114553326
1189846281.8508596420 1079.9341298760
1112732970.5519165993 566.0460185851
1189739843.8512563705 1078.9895493508
1112647131.1148450375 565.2610510434
1189874654.2390038967 1080.5399001063
1189452575.9725875854 1078.4224555191
1189196447.5573346615 1078.1216046508
1188052227.8220412731 1072.4676371018
1111002722.0175619125 545.3840347887
1145900558.4800543785 821.0281127059
1146185057.6146883965 822.9272360915
1146238055.2881641388 822.9383652174
1146244681.3888862133 823.9032066727
1146039636.9737086296 822.8936560118
1146035731.8092844486 822.8333462068
1187422194.0587978363 1069.8118891594
1110651133.7710244656 540.3792447045
1110334871.5577640533 536.2920834623
1110509564.7010109425 538.4501329430
1110413877.2732231617 536.6095017396
1110571642.2714526653 538.5112239416
1110444565.1137516499 538.3905347787
1110589788.7096924782 539.4103000288
1186644648.6768720150 1066.7865653659
1186237794.5813837051 1064.8002466731
1110236119.1692309380 533.0211309222
1145430200.4491496086 816.2610199856
1145566016.0649125576 816.8685997310
1145772436.2639505863 819.0250051203
1145652088.7617309093 819.0038389745
1182632503.7046959400 1045.1233605555
1182997371.3976254463 1048.1487225400
1108782274.3068101406 515.6142487254
1108841855.2687864304 515.8557940180
1104101612.6687061787 463.2754009913
1104086361.7815570831 460.4511583152
1182701409.3576116562 1045.4697451895
1182145088.8417642117 1043.0271667545
1181867813.7742149830 1041.6157312048
1181978748.9043819904 1042.0885908258
1103971387.1688416004 460.3154047185
1103895597.2552962303 456.4819835346
1103648745.9959874153 452.3609039745
1103910633.6016230583 458.5320894176
1181756361.3641791344 1041.2578570497
1181384995.9495155811 1038.2847003368
1181443232.7398228645 1038.5828941492
1181505193.6426091194 1039.7296447185
1103701818.4730720520 454.7486046514
1103796825.4617004395 455.1405309933
1176978418.8879013062 1013.1954589448
1176470927.7761671543 1010.7823544926
1176340662.8215866089 1010.0262900776
1176007266.2688388824 1007.9794727749
1176136794.0974311829 1009.3187437242
1175977458.2619600296 1007.8487426343
1176008429.8979070187 1008.1077193952
1173711253.5164058208 993.8180493753
1173836572.0923867226 994.1977964680
1173499137.2896580696 990.4724100029
1173382269.8924574852 990.1661737783
1266246457.7854378223 1334.8257111907
1172946708.3368155956 984.8740679949
1266488319.0994281769 1335.2627685964
1217071310.7101867199 1161.5982160723
1172578574.9119153023 981.8334654897
1266697251.9599523544 1335.4421297014
1169243421.0559339523 959.4591774725
1169337588.9818055630 959.6326043391
1169345847.2345373631 960.6065275454
1169058094.7660613060 958.7948425579
1168924491.0807821751 957.5542063358
1168748196.0934667587 956.7080371025
1168774165.5597803593 956.8339733126
1168831329.8374049664 957.3292929771
1167844561.8459997177 950.9433110838
1267745112.3629927635 1335.4545798004
1268337032.6867747307 1336.4756021798
1268070770.2094886303 1336.1012716591
1267981937.2796142101 1335.7122903168
1165222968.8361356258 932.5525307818
1164647585.9487488270 930.3768371819
1164375231.6496813297 927.7949884766
1164190067.0457842350 927.3735472444
1164371871.2043342590 927.4932583897
1164107620.2988622189 926.6961436277
1164149125.7303586006 927.3384762747
1164031779.8383309841 925.8451374351
1163687510.1823375225 925.0677630012
1103625240.6030237675 432.4245168638
1100630826.6060996056 369.4208136131
1100771546.7509818077 374.2092489653
1103197217.9874024391 420.3315460796
1102676891.7386124134 405.2415387721
1102743125.3552989960 407.8506775930
1101561470.3624138832 383.7955746315
1101610667.6944603920 384.1964435345
1101662142.1117849350 384.2115730696
1101812574.2590138912 386.8140487761
1102589535.0434410572 402.3216698405
1102498624.1583325863 401.9834101628
1102617855.0914609432 402.4421692928
1102372700.4789597988 399.3575726611
1159563629.6835870743 899.8222138571
1159160194.5438096523 896.5528483825
1159075060.9076490402 894.4450677472
1159228838.8235464096 897.1648604112
1159315174.2295348644 897.8739980894
1158954686.8393275738 893.7723743270
1158770084.2320976257 893.3731648277
1215741712.6561024189 1155.9354248947
1215449849.9409723282 1154.9236483878
1216060630.9019410610 1157.4263341135
1216326630.1975505352 1158.6857719129
1215929041.2220876217 1157.1993074125
1268264405.1113915443 1336.1178278625
1269123506.2398688793 1336.6258047521
1158790894.4618415833 893.5130318838
1215423398.8906247616 1152.6339850357
1158484036.9471516609 892.6831607173
1155862666.2673661709 874.9873535387
1155754634.1676297188 874.3725364409
1155292132.5734553337 871.9650963447
1155394030.8988647461 872.0195636950
1155122072.0437576771 871.2954325876
1155530205.5627279282 872.0625179272
1155582613.0735936165 872.9794341154
1154631134.9450268745 867.7420963813
1154608376.7540702820 867.5587037826
1275515548.7402036190 1342.4212422073
1274994128.0231931210 1341.6440773904
1276180936.9650619030 1343.2589772642
1275677667.5780196190 1343.0576668680
1275414180.5881786346 1341.9455275238
1274815069.9918758869 1341.1028186977
1274947142.2862617970 1341.1709947288
1143376672.9633512497 780.9320765913
1143415774.7680501938 781.0633296024
1215096638.3114006519 1151.7518969706
1141353293.4374539852 765.2939639422
1141689784.5680143833 766.9476846833
1141792431.1969988346 768.0940472264
1141836006.7445557117 768.8433060273
1141329362.5317096710 763.0052619443
1141404498.5128922462 765.9971250672
1141336370.1896209717 763.4985867009
1141131648.0931689739 762.8720636831
1220900091.5195064545 1168.3243329347
1137675649.1346921921 731.8294194411
1137921215.7836811543 734.0203007166
1137784723.3169202805 732.1323195170
1138211272.3338835239 735.5960764591
1138452192.6557686329 737.0610970810
1137207046.1896035671 729.1560794782
1137269511.9303719997 729.5782039385
1137438872.4334466457 731.0523768138
1137658629.6854691505 731.3598554123
1137373572.5636074543 730.0308178940
1134380332.1929633617 700.2751565107
1134022369.4627449512 696.4855454749
1133753164.0014979839 694.1399609633
1133469731.2545778751 691.2734666689
1133370981.6988420486 691.2704048912
1133293696.3898630142 691.0628571101
1132607571.6287512779 684.0010482903
1132097185.1720268726 678.7534759536
1132342302.2433755398 681.0321865238
1132285293.0938189030 680.5921391806
1131907638.9157578945 678.2739658512
1129716995.5051383972 654.9907768269
1129526254.1874217987 654.7584640468
1128989355.5754406452 650.3017904545
1129212002.2722914219 651.9139279839
1128906356.6309370995 649.5894789096
1128656996.1224944592 645.8885410053
1129133413.1320626736 650.3497116395
1128832949.8385276794 648.2222251516
1128691609.0701253414 647.6251539808
1128685522.7989716530 646.0334889831
1221087012.3072032928 1168.3905910076
1220274192.7100105286 1167.0267567457
