175160063.2175235748 169500.4000244141
175358873.1777877808 169918.4829711914
182574796.8142747283 174999.1401367188
161732705.3575424552 78881.4302995056
168581372.7065880895 140909.4100531712
180797855.9974664450 174808.3322753906
160319947.6504406929 43675.7503669113
162851932.8765226007 94839.9184477841
164536260.2904246747 111748.7125540823
181398037.8851908147 174883.1326904297
174476744.1561987400 168306.8444213867
174646116.5295885801 168376.0562133789
163124827.8571640849 98078.9495492891
171347945.8949156702 156155.2212529182
171565984.0980206728 157351.3250279427
174963577.5522288680 169287.9423217773
179733936.5856427550 174397.0764770508
160234579.0278521478 41624.4758914849
161009982.4653334618 68440.3927206872
161548660.5487068295 77678.0048938720
173057495.6643114090 163224.2991333008
173482756.7646335065 164647.6155700684
161213892.6877192557 71745.6173863932
164443682.9878677726 110874.4668477587
160575457.9497493505 54436.8492615968
164475196.6981566846 111168.0794560872
170767138.5709812045 153275.9037375450
181132040.8616712987 174855.0408325195
160888373.3565005064 66282.3956498979
160353517.9586414397 50647.7844848931
161536508.5039976239 77605.3871875731
175271964.2873532176 169892.5548706055
163676364.5328238010 103880.8665362314
160260802.5614444017 42119.2831426254
171350189.6389144063 156461.2755894661
177068798.2018881738 171916.6101684570
179894003.0437729061 174551.9405517578
160973171.8459647596 68380.4877878604
160447917.5946516097 52717.1624782793
180116217.8689182103 174621.5209350586
182299663.3530824780 174948.5196533203
173227526.6705313325 163869.8626403809
180034890.2059762776 174606.3102416992
161424550.3605526388 75925.1512349201
169678051.4364202917 147540.8048057556
173681425.3952757716 165661.9129028320
160451019.8296135664 53721.7614420205
167778493.6811648011 135781.4601674452
160872575.0989340246 66266.5737430630
160424135.8892444670 52174.0063739419
161230016.8755212128 73209.6529111788
164416909.3508992195 110669.0673323683
160433799.8297254443 52359.5827363282
161482349.9707940221 76220.3328662841
169064826.7491200864 143878.2252082005
179603539.4902446866 174356.4741821289
161378401.1685128808 75572.2453418700
161267524.0818153918 73821.1644397704
160405169.5126631260 51184.3733817749
160361014.7615318298 50833.4291509353
160421773.6287313402 51405.6866553985
164212577.2080192268 108923.3573944978
163623763.4139402807 103551.7550250009
173210043.0090078712 163370.8950805664
164456454.3503776193 111118.7008827142
173313220.5151528120 164185.1619567871
173074595.2892076969 163322.3107604980
164249194.4530144930 109697.4654267244
167470714.8831904829 133677.7615411356
160448270.6731177866 52825.1961187981
169778638.3795821965 147889.7489280701
173344890.1980444789 164608.3210144043
179504240.3670076132 174178.7708740234
170752011.3527194560 153219.4704489708
175688889.4578591287 170180.2593994141
171069119.6067824066 155231.4591374397
174157095.9373942614 167212.0335083008
160661801.4543977976 54612.4907107651
162800690.1978410482 94092.3641916231
162801958.3069318831 94228.6314035371
179345579.2203768492 174115.1942138672
178696741.0386421680 172597.2501220703
160382009.5192687213 50922.9694312774
165163372.3211422861 115529.4126935899
171222727.2786089480 155960.8595094681
170893049.2579466105 154354.3667302132
174002263.6115198135 166768.3316650391
174764087.5152251124 168957.1009521484
175875712.1412414312 170448.1077270508
172102854.3239718974 158985.4865570068
173922704.8846197128 166450.7681884766
175782017.3163473606 170367.8540649414
170303706.3036369681 150789.4425010681
160866006.7558703125 66060.1349918423
173954193.7913095355 166739.7031860352
172111681.2911202610 159409.5993041992
160781410.5234379768 62987.4532838412
161038325.2341086268 69708.0217159148
173702806.9914756417 165737.1871337891
180032224.5246515274 174591.9810791016
170978760.3999818861 154669.2037663460
180633217.2388938665 174746.4494018555
182521589.6491340995 174958.0456542969
160771627.4538623691 60744.8058805792
167913622.8221567869 136918.9762766734
161298577.9654649794 73977.3639933988
168616938.4479624033 141071.9421271458
182200585.0338360071 174923.8895874023
164336134.0104055107 109930.7350166254
169040450.0491985977 143552.3489675969
167894280.0503792465 136916.7289622203
160212241.5541082025 39853.8675563922
167673061.2549557090 135096.0726325288
182237459.0676233768 174946.3397827148
164998131.5704151392 115351.9881093819
179547255.4146745205 174236.8771972656
160802505.4748083353 64233.4318973599
169156736.2031280696 143897.7640570775
177357587.9660562277 172163.1132812500
178771098.1820682883 172717.4739990234
164174018.8243428171 108643.9944312982
164822117.2432693243 113729.1365504861
180641945.5797537565 174775.1343383789
168825416.4869021475 142480.8448676243
168719143.5974984765 142116.8579749241
180499651.6384969950 174686.7541503906
170400608.7809326649 151726.3164076507
175480632.7545284927 170037.0054931641
160231420.5487503409 40174.2983289352
174470766.4921864867 168196.4445190430
167594187.5356849432 134662.6938517466
173785195.6408635974 166160.8457641602
164492802.1772995889 111463.8892665505
178949003.2398163676 173404.1092529297
161138159.2329741120 71691.2860212252
163942932.2127441764 106285.9593244955
164530452.7053810358 111523.9486666322
171685913.4332898259 157930.2160339355
171924360.8065943718 158668.8533782959
179788054.0042542815 174453.3576049805
174109059.0442554355 167072.9071044922
173549363.2097797990 165195.7093200684
173772062.1579010487 165958.3482055664
171645600.0480590761 157403.8199620247
176887355.0088076591 171803.2962036133
163590358.5535706878 103252.6108824179
168733407.6773662269 142200.3618353978
161831773.8192465305 81104.2798950030
175171748.6901995242 169570.6259155273
164706641.7809707820 113134.1820345521
173856079.0088367462 166354.6053161621
160909411.3940304518 66747.5528742252
163935628.2751047015 106137.5258949213
163991370.5630002320 106903.1483924799
164635760.9724974632 112273.9114672542
179623720.8279559612 174357.0737304688
174327203.5186530352 167860.2266235352
160244581.6074631512 41881.2118438771
167962817.9355386198 137262.8904612437
174031456.9576529264 166960.2235717773
161987738.9870567322 83269.1338137463
163658122.7896096110 103825.4778486655
161867125.2226071060 81462.1136016920
164665189.5838554204 112759.8048406541
164682974.1996444166 112775.2780905962
176510472.6816519201 171157.7579345703
175198424.8268102109 169604.3750610352
174173215.6602759957 167497.3042602539
174352311.0317067504 167929.3079223633
163906021.9452445209 105934.0688789301
160263357.2097560465 43387.1409210255
161908101.6019960344 81701.2811605288
174404743.0757572055 168163.1121215820
174192978.6521704793 167530.6016235352
161028323.7398896515 69463.1965966998
168669466.2348094285 141427.0545931235
176959937.5731106997 171849.8486938477
162778575.7284142077 94059.6299081758
161024065.4540384114 69393.1451576082
163089105.3426619768 97870.7965341524
160788016.2943020463 63016.7623957498
162209545.1700439453 83496.3351476220
179111611.8606809378 173583.9874267578
162060225.5142868459 83270.8744643880
161894972.3397220671 81691.6156448079
172026360.8187326193 158845.7416381836
175090636.1914420426 169442.1320190430
160960676.6008989513 67913.8731510220
164078787.5184484124 107942.0063749142
180455533.4293343425 174650.4906005859
163143100.5318764448 98097.0548309438
164068562.1259205341 107892.6634986810
162969881.1250264943 96227.9378110506
162774014.5199469030 94026.5699411348
163834847.9213955998 105730.5075422690
168255122.4323256910 139145.3179710284
162087525.7796632946 83463.8740880517
167665868.1814852357 135055.2269521132
168180876.8516913652 138732.4856791869
167826836.5747192800 136465.1511922255
162936630.4518620074 96160.3666652494
180513710.3036564589 174692.5604248047
163055923.1446222365 97015.9494977907
171751824.7907908857 158241.9951019287
160835886.4952442050 64547.8588360874
174680829.7253450453 168627.8115844727
164235775.6035079956 108971.3222176150
164015215.9554376006 107340.6268049643
163645697.8541732430 103754.1462751791
171898449.0700554550 158429.8499755859
162869104.0198385119 94864.5287666433
162808770.4954646528 94525.9599939302
160844867.7043894827 64636.2327701626
163910413.3180698156 106034.2913409189
160775318.9952202439 62407.6203598557
171429971.5109398067 156780.1124424934
180462578.2953813076 174667.2723388672
161124349.1472822726 71262.4393434450
171510773.7660393417 157171.4404602051
162972239.4401973188 96401.8718778230
162961143.8704390824 96176.7409421541
176639801.6434393525 171347.9583129883
163122928.9952344000 98075.0091806368
162913335.3914051056 96045.8077035860
160859084.2551163435 64646.8412081776
161098648.4273111522 70183.0838399706
161137186.1643967330 71366.4602853386
161930853.0147289634 82361.3752013696
168511698.3090100586 140569.2116046324
161963126.9231440723 82906.8251873506
170034338.2894293368 149567.9677391052
170727725.3249116540 153047.9745642543
160994709.3337496817 68439.2263666568
169837568.7353838086 148094.2053642273
160936300.9892622828 67512.9225013582
177057737.2557575703 171890.3762817383
176539959.0331392586 171173.9700927734
163470890.1041903496 101292.0335946993
171787402.3137877882 158302.8340454102
176186213.5715068281 170619.9305419922
163011993.7221526802 96647.5901208833
163303353.3678925931 100027.0918222383
171726883.5121675432 158116.7170410156
168019518.5001107454 137517.0976939574
161974931.3863591850 82942.6569744600
167987259.8052816093 137484.3197093382
170750913.7557539940 153074.3055197597
167936880.7942211032 137041.0269389525
177183522.5103730559 171965.9317016602
176814283.9518505335 171591.4625244141
161795590.2702635229 80911.3760906709
161668872.8106916845 78875.0038357927
178881035.4655303657 172983.7052001953
171901741.6059167087 158464.3181915283
163432493.3401411176 100825.3166491576
167466675.1676685214 132256.0222626701
163564627.2476590872 102362.2905769683
167415389.5350196660 131794.8293324485
171692117.9767845869 157941.4811096191
178831513.1372855902 172864.2669067383
172357730.4537374377 159886.1994743347
171160323.1903640032 155624.0051274300
179106502.3346593976 173425.8427734375
169844901.7131879032 148439.2467432022
176186759.1974619329 170633.8012695312
170158823.1603406966 150214.3072166443
176260816.0253752768 170728.8150634766
176144293.8885730207 170581.5467529297
171064764.7709956169 154973.2710348964
172555860.4410468340 160297.2364311218
167380771.0889530182 130916.1047018617
172587035.6166085303 160472.4117813110
172559009.2445305884 160399.0411682129
170799560.1842590570 153714.1728293300
163280056.3842754960 99120.1002832369
176383062.9024179876 170735.7679443359
172861956.5604497194 161275.0467224121
176442803.5882574022 170853.9934082031
163286325.8532793224 99734.7736230806
172375171.1925124824 160107.9281120300
163231752.3074192405 98606.6289430574
176464947.2529712319 170922.5496826172
165518433.4251830876 117112.8173309269
165498254.5054367185 116930.4873266520
165758412.9317739308 117652.2347221973
165471957.8561682403 116748.8186479511
165573601.0985247195 117398.0919409099
170212502.0278106034 150617.1948966980
170009709.7228231430 149311.0863304138
169990337.2382852733 149223.0229301453
170077067.4253952205 149936.6933860779
170158673.8322789669 150014.0330547988
170368941.4910159409 151389.9583778381
161780113.7629324198 79840.1539829373
169642241.8852601945 146470.3204388320
169541102.7957095504 145967.3293652236
162705777.6499853432 88584.6683857255
166261181.7388183475 119106.5335382819
166451707.3672377467 119135.0895855427
165947746.9702385366 117894.4106592163
