97310211.3822525442 3807177.4921875000
101070078.6772359759 3813128.8906250000
88932573.0841369033 3493354.7890625000
90565992.8904202282 3645536.8359375000
97854046.5362161696 3808624.7500000000
91546522.9411613494 3697227.7460937500
97590927.0799229145 3808030.6914062500
89541854.1572720557 3561000.9257812500
94863770.3207293898 3791801.6914062500
89643201.4769050032 3574497.8203125000
92986051.4760870486 3753459.1484375000
96390995.8342544734 3804078.9570312500
96944616.2982363850 3805307.3164062500
90671501.8842042238 3655715.2656250000
95129970.0768275410 3794619.0429687500
95229670.7299219817 3794908.1914062500
98582949.2815103829 3808853.9023437500
89585766.0533608645 3563078.2851562500
93841713.9296731502 3774826.0546875000
94734866.0482997149 3789837.2421875000
96958704.5427712053 3805767.9062500000
97482937.2747184187 3807589.4726562500
94710339.2645894140 3789372.9453125000
97922450.6367324442 3808798.7343750000
88371546.4624728560 3376528.9375000000
92109546.4039175063 3723947.7148437500
93433535.5110788792 3766688.5000000000
94919005.5571962744 3792841.4375000000
88075506.6558777243 3269392.7929687500
89647982.3722448796 3578106.7617187500
90034524.6957124919 3607081.2617187500
95290172.7241198719 3795804.2851562500
96952447.7125217915 3805762.6718750000
88975814.2325201631 3499808.6562500000
89972947.9666723758 3605182.7812500000
90356460.5117381215 3633183.1679687500
96503709.7022420615 3804252.0000000000
97259741.9179465473 3806647.2148437500
88302646.7652441859 3351227.8164062500
89855791.0246623605 3597568.4687500000
97378287.9094891101 3807349.4101562500
89769096.1476370245 3588040.0078125000
90777300.8474054784 3658406.1835937500
95421457.9528012276 3797408.2460937500
96347081.9404871911 3803938.0664062500
99947984.8999588042 3812003.4023437500
89010611.8663660586 3501476.2812500000
89125538.5858537555 3514936.2695312500
89878712.9379813820 3598334.1406250000
93803886.4880040139 3774298.1367187500
96078939.1584292501 3802368.1953125000
96553540.3142733723 3804587.6210937500
95356681.3140274733 3796706.4843750000
92376996.0537865609 3731591.1796875000
94621132.8508313149 3788766.5156250000
95814672.4980449528 3800559.0937500000
97047632.1968611181 3806581.3671875000
96641711.7856085002 3804997.2968750000
92357369.6520540565 3731571.8867187500
92982060.1401627511 3752198.0117187500
88131326.8262757659 3295753.7343750000
92090915.6852510422 3718263.8906250000
96916523.3479155302 3805261.0937500000
88135953.0855509043 3304536.0664062500
88349884.6341062635 3369660.4531250000
89963485.8463468552 3604231.1015625000
99880842.2438428849 3811800.9023437500
88357754.9166353643 3372237.8281250000
88323416.9824731946 3365617.1718750000
88410977.8480495214 3383102.5195312500
93776145.1003292948 3773963.5117187500
88278099.9279596657 3349005.0507812500
92888561.1470908076 3750902.4570312500
94305110.8199248612 3781778.0429687500
101040434.0599557012 3812612.3593750000
88251218.2248735726 3344697.2148437500
88380069.2132064551 3379089.6875000000
88017075.5654224902 3227925.4843750000
88309847.7924171537 3361793.9140625000
90294027.3283913732 3630214.5234375000
89937485.2462676316 3600246.4960937500
88565022.6652351022 3418060.6640625000
92209112.3351434022 3727474.1953125000
92472156.1443460733 3736151.2539062500
89090991.5112756044 3511946.7500000000
102089466.9978714287 3813857.8515625000
88159489.7757944167 3310079.2695312500
92408755.8048548251 3734707.6718750000
92444239.8741938323 3736043.7031250000
93183938.7348966151 3760780.0664062500
95515904.8191244900 3799152.0937500000
92943404.1495145112 3752100.9609375000
93544361.8808475286 3769988.6367187500
88863718.1808056086 3478191.3671875000
92517381.1233336776 3737514.3046875000
88433995.9537075758 3387752.7968750000
93684040.1031007320 3772451.8164062500
95385821.8333572596 3797002.4726562500
88868687.3094125092 3480194.8906250000
92940889.4978389591 3751911.8789062500
88339504.7626002133 3367520.1484375000
89738194.0844671726 3584587.7578125000
88607383.9608019441 3420819.3671875000
93283228.3085823804 3762537.8515625000
99549914.7496446520 3811399.2539062500
88244093.9158693701 3342354.3750000000
88626596.6176441312 3423475.6367187500
89743884.3584894091 3585150.2695312500
94338051.1776530445 3784163.4257812500
93775998.3288218826 3773606.4257812500
96025373.5146128386 3801589.2734375000
89626278.7490534633 3573367.1679687500
89915114.1498257369 3600213.8554687500
89797957.2078157216 3592599.5429687500
93504971.3642969280 3769428.5117187500
93013700.0230001956 3756057.6484375000
88220210.0260076374 3332802.0234375000
88662199.8448592573 3429902.0898437500
89705909.1066958755 3580447.9531250000
92408589.2295728475 3732922.7578125000
96036736.3280345947 3801928.7500000000
88448733.2505881339 3391227.0000000000
92601931.4529663771 3742255.8906250000
101753209.9339219332 3813793.5000000000
88534737.3186095655 3411952.3750000000
88117472.2013321519 3291172.7812500000
88621117.3446134776 3421551.3945312500
90763426.2602405995 3658276.5390625000
92768982.0617152601 3747156.8984375000
93224241.7084528059 3762520.0937500000
99114768.5456740111 3810686.0000000000
101925000.1036991179 3813803.8710937500
93109564.6224642545 3758228.2343750000
101603634.3538742661 3813752.7968750000
101186307.8677645922 3813163.5703125000
101549657.3534476459 3813577.8671875000
88473461.2066918015 3397146.2812500000
92572374.4021465778 3739160.4921875000
88202028.9868980497 3322875.3789062500
90691204.1904016286 3657235.8281250000
90727214.6253615469 3658240.5820312500
88459841.0978417844 3394421.0078125000
88830718.6219821125 3471806.0234375000
101257830.4968303889 3813244.4414062500
88100492.5501707494 3283792.1992187500
95926052.5869229883 3801477.5195312500
101753083.3015749604 3813784.1953125000
91633791.5214135796 3702915.1718750000
94783894.3514536917 3789934.1171875000
95508303.3081929088 3798437.0156250000
88199313.1042415947 3320194.4375000000
96320855.5124226213 3803185.2187500000
89117235.6278474629 3512855.4492187500
89223437.2383995354 3527207.7382812500
90164639.5554714799 3621678.1015625000
91709305.4152601957 3704661.6953125000
96191206.2613661289 3802547.8906250000
89160013.3396908790 3520167.9023437500
99271372.7992599607 3810699.2460937500
95895564.4191345125 3801091.1015625000
88066125.6594729722 3268263.1406250000
91479280.6698826700 3697060.8710937500
88261877.5870998204 3344755.5742187500
89719828.3068875521 3582572.7226562500
93106777.3557546288 3757759.2187500000
95490046.5871327072 3798337.0664062500
89291983.4135700464 3530692.9414062500
89602152.3020262569 3568804.2382812500
91289239.3745757341 3688883.1835937500
91718413.5662741363 3705632.3476562500
90285890.2286159247 3629528.3203125000
93609383.1580123454 3770603.8046875000
95666407.5609174222 3799848.8046875000
99523867.8419027179 3811022.1640625000
98885486.5688363612 3809934.6992187500
88600835.1674679667 3419891.2500000000
98735892.2198202759 3809652.7578125000
99942009.0885966271 3811889.2851562500
89756067.9031823725 3586781.6679687500
88305842.7677951008 3356048.4765625000
99548200.3362047374 3811268.6601562500
94994410.1012637466 3792864.5390625000
93414060.4093150944 3765189.1171875000
99323095.3590170741 3810827.4570312500
88210333.5131437033 3324125.6875000000
88096980.0950015038 3278761.5664062500
91179934.5259548575 3681613.9335937500
88482526.6191966683 3399596.3281250000
99083236.1206102073 3810367.9804687500
88035747.8777068853 3245503.4062500000
88440711.3852154911 3388347.7656250000
99434217.8598321676 3810844.1132812500
88423127.5019045174 3383895.6093750000
89419664.7190525532 3536077.5898437500
91120511.1519297212 3678508.1562500000
88689301.2368708998 3443405.9648437500
88729064.1983287930 3452553.6601562500
90717234.1222456992 3657457.1445312500
88013676.3292212039 3201278.2617187500
88044444.0825135857 3251080.2226562500
88277945.4559105039 3346440.2070312500
88064934.8205307573 3264427.0039062500
88242020.1622700691 3337986.2500000000
89030001.3918695748 3505008.8632812500
88025649.6860853285 3230422.8476562500
88764044.7896452099 3457855.4882812500
90944043.6465233415 3670219.6992187500
91079394.1798525751 3676532.0781250000
93937525.9113402069 3776065.9492187500
88716293.8329466879 3445731.9140625000
91011965.5925363451 3673764.9335937500
90388955.2064522952 3637117.8984375000
89378112.8061665297 3534599.4179687500
89153970.2277205586 3518914.0507812500
91609028.6301416606 3700978.8906250000
89129479.6620495021 3516878.4921875000
92679176.1437339187 3743120.4570312500
88095395.2971930653 3277590.6445312500
88215907.6319674700 3328820.1132812500
89018374.4330472052 3502942.1992187500
92857521.6634869874 3749810.2695312500
88075565.1891154647 3271809.1484375000
88906451.2532069683 3488019.6914062500
88807878.6718800068 3466816.8398437500
98679943.1862052977 3809153.3710937500
95088080.3633990437 3793362.3203125000
94429895.4672545791 3785044.3789062500
88525640.2841879725 3406093.4218750000
92768022.2104673982 3746873.6523437500
88779546.6397513151 3463428.2226562500
88885862.7821018994 3483752.7968750000
93682257.4674910903 3771110.1250000000
94442501.4995122850 3785493.9570312500
94000225.1499862373 3777318.3281250000
88038659.8081505895 3249013.7812500000
88099787.2632823586 3283237.5468750000
90801163.4856116176 3663787.6992187500
93753973.5140888393 3773512.6757812500
94020988.4865595996 3778412.2539062500
88672083.3319999278 3437606.0703125000
88806639.4402808845 3466525.1601562500
94322187.3125916421 3783350.1679687500
88043193.0292675495 3250340.5976562500
88186259.4769353569 3319753.3632812500
88178151.7565187216 3314830.0117187500
91056662.0041263849 3676004.3945312500
90848382.5862735510 3666653.9921875000
88028672.1164844185 3244801.6875000000
99293585.4308854043 3810748.8554687500
88010672.1188541204 3195339.8281250000
88014587.9174029827 3210931.2226562500
90132067.4199293256 3617998.5781250000
88517678.1520002037 3403581.7734375000
88064767.6311783642 3264179.2773437500
88432453.3794097006 3386921.7460937500
88052387.4508080184 3263018.8320312500
88049138.9455454350 3260343.3242187500
89972556.6371794194 3604236.3164062500
89949462.7363689393 3601018.8398437500
90779568.5130282193 3660631.9414062500
90634069.5058517158 3652212.0078125000
90469901.3499871343 3643127.5507812500
100575764.8496255875 3812014.3906250000
88010227.5744076520 3195054.6367187500
90640720.8813047260 3653258.1054687500
90609190.6321440041 3649763.6054687500
94003975.2144528627 3778095.3867187500
89290470.2030495107 3528618.3281250000
88772658.2708831728 3460133.5078125000
93907808.5294165611 3775894.5976562500
94010407.5194622576 3778257.0820312500
88866662.1189488769 3478629.6796875000
93826860.2364791334 3774424.3320312500
94428094.2716687024 3784400.2929687500
90579489.4881942421 3649586.4921875000
88110366.0043397844 3286715.8710937500
90203487.5693597496 3623145.0742187500
88007613.2101987749 3193220.3515625000
88122798.5537155718 3293081.4140625000
88759929.9388439953 3453466.3242187500
95080807.9010665268 3793114.4296875000
88071611.3928239346 3269272.0351562500
90319335.9065089971 3632880.6210937500
91204128.4740470201 3682390.3164062500
90097055.2759079486 3613429.8945312500
92065321.5426230133 3717602.5429687500
91198820.9823834896 3681781.9101562500
100822863.9522740543 3812345.3906250000
91939513.0937415063 3712243.5898437500
100734992.4600313455 3812057.8828125000
90418538.9228349477 3637928.8945312500
90468762.6473117620 3641343.0273437500
90283028.5509084463 3629055.8984375000
91995660.6881319582 3713229.7851562500
91846691.9052060544 3707681.8007812500
89477915.9134878665 3538590.6132812500
89533836.3609814197 3545049.1796875000
89512644.6782249361 3539793.0898437500
89517244.0087242275 3543982.4765625000
89527897.5743445307 3544840.3203125000
