116131134.0446166396 445932.5463867188
107393765.6048089564 91037.0096087456
107619516.3264425397 123218.3665778637
108093331.3541140705 169371.3165255785
116281456.4805338681 446215.5498046875
116199626.1619585156 445992.8090820312
107299994.7500598431 75722.9349217415
111081228.0259001851 333017.3226884604
111137752.0833874047 333858.9683908281
113432377.3695807904 409412.6303710938
107678894.1290362477 129960.5520051724
111434049.7327706814 340970.3258957863
109087132.7513609827 245964.7465636730
109362138.7158360332 261432.2642235421
114905308.4577282220 443029.8242187500
107715947.0390154123 130523.9338370562
110327461.3228870183 301713.7733192444
108171881.1148984581 171182.6446944475
108178141.5457228422 176950.8917647600
111298491.3340919763 339452.6997636557
111270182.6338671148 337061.7098954916
115653738.6255426407 445341.4936523438
107279577.8069353402 75672.6012632251
107277200.6752536297 75598.6325702667
108146027.2349134684 170666.6197921038
108045984.3435501456 162585.5512248278
110231797.3925942630 301253.5383996218
111360368.4230748266 340601.5863093436
107628834.3567404151 129360.8385060455
108642511.3396880925 215127.7725604636
107675148.0334417820 129546.7840110064
107818259.1505428255 137299.7783232927
110013724.4854386598 293495.9876183718
109909854.8475543112 286556.5063983894
110126576.4714919627 296311.1197311878
107728835.9991143644 137073.2640105486
107736398.6720870733 137118.3892872955
107717773.1846600771 130992.3101493120
107624400.3121781051 129085.0396338701
110072871.8689658046 294243.9692316055
111209528.0871143937 335394.7572587729
116439173.1742575765 446245.3127441406
107569923.4256796837 121327.4888526201
111048691.6728868932 328446.4235795736
109123396.0134356320 246307.5039510727
109798920.3150061071 282272.3723077774
113337245.3886438906 406811.6458740234
107335117.4063718319 83356.1833515167
108713112.0025776625 217017.9229574800
109013641.0499209762 239754.9345045090
114015249.6911657900 424119.7940673828
107509497.2898836732 113816.6484442949
108560740.7005014271 207306.8235308789
108913563.9813898504 234406.5709121227
108996108.7186697721 239059.3685195446
114150669.6715877354 427013.3743896484
115470926.6726608574 444516.2099609375
111286897.2237490267 337809.6954911947
113519980.3819940686 411721.0058593750
114944505.0501706600 443621.2404785156
107313959.9401803315 83261.7075343132
108123873.5387055278 170626.2866317034
107477789.8027794957 106627.8098517663
110101603.9572998583 296213.6707238406
109838135.4321566373 282469.9509210587
113256606.2112864554 404558.4877548218
107476677.6942280233 106037.7466992140
108163620.4953711331 170793.9062911272
110086971.9602225721 295100.9087506831
108180335.9280504882 177038.1488639484
108678607.7686020732 216300.3219762444
114073329.1846908033 425188.8786621094
110167895.1763472259 297448.9599542618
114525576.0825350285 434018.8527832031
115863282.0041921735 445423.6730957031
108071085.0290788263 169193.3409835100
109929688.3183676451 289691.4091730118
114624376.0351050645 436464.1683959961
107497877.7474669516 113509.8482617140
109911020.0681153387 288775.9062041640
108648778.0071631372 215241.5012720488
110937405.1393276900 325656.8557695150
116047974.5913612247 445669.4653320312
113467150.5989584625 410052.5450363159
111061439.2393028140 330707.7093108511
116023307.2115920484 445652.9919433594
110787404.9569244534 318681.7976715565
115320270.3527716994 444204.4238281250
110796899.9879457951 319595.1473419666
108615792.9622581750 210905.2763553523
109059727.6791393608 240548.4262511730
111011862.4544806331 327637.2064775229
108584081.6708602905 208420.2288928889
115095153.1437815279 444039.6535644531
108971737.7367287278 238339.5207624137
109310074.0735482126 255061.2889538668
110981497.9388577491 326723.5299638510
113564861.0150139183 412191.7620849609
108298178.9944300801 184707.0656089820
110903234.2131336182 325260.1641448354
113609890.6630851179 412304.3007812500
109105464.7855179608 246040.8023574352
114933393.9631084502 443129.0910644531
114906362.6928838342 443044.9331054688
108629457.0564251840 215063.8063846491
111080553.0205422193 332131.8026689291
113817794.7873228043 418971.3983154297
114959876.0189136863 443794.7277832031
107493828.7249886394 107301.7128004134
107529494.4241477549 114531.2664076090
109430336.3145039827 262759.7167817354
113451131.5175786912 409962.4106445312
108952376.7909351140 238283.2515761852
115200368.0874093324 444167.7832031250
115995125.1068243086 445576.2136230469
111126840.8524769247 333301.9653351307
113895678.9503142536 419018.1027832031
113703405.4564006925 417684.4169921875
114826415.0208414346 441484.7221679688
111044682.6836290359 327994.9902547598
114040449.9316337109 424889.0289306641
108775819.2271719426 223923.3546329401
113647727.9217145741 413591.2821044922
110817294.0651051998 319845.0946075916
115010117.5123241842 443849.8830566406
110878162.6313270777 325259.3160431385
113624914.6532785147 412522.1975097656
113661897.0766922534 413811.4805908203
113210709.0914980322 402179.9177551270
108106786.1970394701 169901.6356642283
115453900.2179973423 444434.2204589844
108735031.3534241766 221640.4050651453
108739823.6729948819 222821.3571658991
113682557.7090592980 415299.4514160156
113624884.4033291787 412450.1324462891
107566314.9465097487 115327.3421581984
107452313.3319312334 105737.8956249952
110752828.7656047046 318677.9495379925
113398374.6746637374 408786.1173095703
107497121.6966054142 107475.4251133204
113478451.2662780732 411466.9366455078
109597044.2776307017 273106.1442627311
107528631.4879631996 113987.1599697496
110866278.5190322101 320722.4049103260
113195513.0494320989 398094.7243510485
113304237.2906570733 404615.0600738525
113314319.3950893432 405850.4050292969
107616270.4077025950 121478.1819489002
107555599.8476076424 114780.4158378839
107593828.7271004617 121429.7933648825
109453765.2108259648 262950.6468701027
110740039.5414614677 318546.4497277217
109413367.2447140068 261634.2600598000
110791842.7867959589 318924.8134796619
110684919.2173739672 317623.9185822010
114593575.5550276786 434953.0333251953
114064241.9827097207 424910.7406616211
115582435.5616429150 445147.5009765625
114201307.4989535511 427274.0347290039
115838640.8002444506 445372.7399902344
113647491.3430968970 412760.4802246094
109548527.0576368123 269317.8040966652
114663660.5354374796 438127.9824218750
114227014.2006113976 428243.1542968750
114697489.6938939840 439002.3549804688
114285875.2845759839 429886.1585693359
108116189.0257442743 170316.7246665992
114421700.5264548063 432805.3077392578
110489674.1246964335 309250.4701662064
110528727.7679563612 309942.3902313709
113928960.8014335334 420780.5440979004
114874574.0180517584 441611.1323242188
114785252.8633624911 440217.1071777344
113791618.2735935003 418627.1391601562
115557794.3576952219 445096.5678710938
113920871.5269404650 419294.2691650391
114604633.1124208272 436174.5290527344
115529954.0842379928 444560.5175781250
113929352.0896319300 422381.6968994141
107376570.4766456187 84811.5945921279
110514952.4102678001 309289.4140619040
108166383.6902924925 171077.8851890601
114096592.5749152750 425995.2982177734
108858472.4624711126 231034.9371294975
108760504.4661393315 222821.3571696268
107437105.7887923121 92237.8746984005
110660665.3280021846 315726.4927358627
107385640.3390257061 85102.3555121422
109342350.9389399439 257096.4017529152
115449494.7302944660 444360.8178710938
108315351.7742437869 185420.6106819101
108242494.7914927602 179262.9810036607
107399744.6382169425 91444.7195286453
114246281.5741875619 429739.1519775391
114345316.5707866251 432393.4906005859
114483492.8513523638 433622.2387695312
108183970.1606316864 177564.7550517507
114415124.1314681768 432641.8739013672
107404780.9537521005 91674.3156274563
109876114.5196052939 284826.8820409179
115480518.0295998752 444519.6455078125
110624739.0418911874 313050.4310793710
114660301.7918702811 438104.0422363281
107437143.3481019735 93725.2082314491
107449218.6642637849 99720.4862706661
108349056.7164556682 186990.0687855668
108845753.1357676983 230578.9079471491
114671495.5461868793 438828.8676757812
109439959.9234065264 262882.4270214699
108265380.5039519519 180365.6112660356
109681039.5396454185 276892.1767279506
109500113.4461921155 267047.5415342711
109736464.1940994114 278682.0792956352
112997042.5740358829 390320.9847679138
107371549.1359534860 84783.7086846828
107364555.7384869456 84616.2197747231
108912584.1878243536 232322.1616059542
110541039.0724039078 310438.4916718006
108349026.9740891606 186212.8002308793
108808436.4964619428 226066.1986279152
108270205.3500724882 184612.6342152543
110475672.8597096801 308971.3129262924
108774881.1412805170 222846.5061535500
107350183.2768123448 83660.5014264584
108837959.1412466317 228821.5099838749
115459301.7197970450 444471.0388183594
114566441.0688734949 434268.9292602539
112915314.2782283723 389026.0718803406
109177387.0956198573 247435.5453076027
109720599.6789941490 277228.1758413315
110605291.1477172077 312369.0702927113
107386927.1610972285 85200.1947678328
110360204.5526859760 303959.3082604408
113138281.0116712749 396478.2053489685
114822915.6822863072 440607.7336425781
109898317.3427682966 284870.6308621764
110362641.0330032259 304084.3034839630
114463434.1488366425 432921.3535156250
115553221.1615169346 445028.7272949219
107432569.5505569577 92069.2670670748
110343707.7846418619 303855.3614495993
110434974.4516992420 305690.7564691305
110343734.0276473761 303932.7757562399
112812571.7971887589 381548.9585667849
112762537.1936800480 381494.7113133669
109699768.9844987392 277165.8356541991
109207041.4393196851 248422.5863232277
110337968.5696934909 301845.5108636618
112678010.2714233100 378293.9128600173
107423525.5274915993 92013.6940647364
113060203.5487998426 390587.7153587341
112868179.1204662621 383420.5645848513
109151352.5626737624 246430.8562512062
108284327.9163226038 184657.5115572549
112898639.0244691968 388562.3980809450
108273226.0097833872 184612.7542330362
109377483.9038795084 261560.2533154152
109322965.8813017607 255505.6692089699
113098668.9375011325 394863.0635032654
110200000.1420928985 297707.0157464743
108230199.1007187515 178177.0740542449
112968291.4992344379 389251.1872655153
109323116.9206208140 255536.6933788918
113168405.1023169160 397112.5779075623
115402909.5508830845 444266.1367187500
109254759.0740229189 254361.8303714655
109211603.0245208293 250726.2025341652
109236074.1762842983 253802.7025341652
109415815.5168709457 261894.8743845224
109652308.1864583194 274093.0434750915
109222458.7721558809 252793.8068066835
109570660.0393133014 270501.4789990099
109652173.2189882547 274016.7054624557
109631846.3618651628 273252.1737207174
109493584.5782490671 265404.5457872152
107865518.4215429872 138278.5487861633
107833822.8474477082 137891.2794461250
107876108.3789294660 144799.0581903458
107821209.8401186466 137493.3941129595
108421952.5492513031 194060.3804098703
108407412.4271741211 193921.5748201944
108489618.2499069721 200903.0086580850
107879253.7005746514 144848.2364740372
108488520.6288874894 200409.4414728494
108494114.8975826949 200904.5455822088
107928044.9322398901 146220.6583757401
108445524.8975085318 196439.1570955850
108300917.5016019642 185331.8404955864
108503737.1766905934 201331.3220880838
108324673.2314938009 186185.6527010538
108501938.7240977436 200973.6531759836
107960801.2604038864 149111.7574968338
107890982.7460069209 145330.0463533401
108391056.5615614653 193145.4578768350
107864508.5225404352 137964.0867586136
108044327.1087941378 155060.6345309466
108036230.5993152261 154934.4867661782
108011167.3037431985 154734.5897359848
107994056.3086277694 154006.9886839427
