255832073.8177464008 2499944.3652343750
262997212.4388994575 2520743.9003906250
233650906.6681348085 1243548.2763671875
234998845.3805598319 1457728.1228027344
243627726.2034169436 2119235.6362304688
247817685.1546792388 2309912.2714843750
247266600.5225127935 2288762.6875000000
251792460.3121289909 2430915.3593750000
252242800.3810167611 2441814.1718750000
254500637.8485521674 2484889.3398437500
233107958.9519053102 1118437.2976074219
235023096.1267423928 1458110.2639160156
236995401.4705652893 1665007.7795410156
237371143.7305627763 1666399.2976074219
239664112.8293888271 1872917.9370117188
243586409.8717997670 2118659.0698242188
243710952.8192813396 2125687.4311523438
243514361.7248616815 2112222.1655273438
247394805.4262283146 2294990.1005859375
251298719.7432363927 2417132.5800781250
263339289.6552346349 2521339.7187500000
243644739.7604573369 2120690.3144531250
243708456.5399013758 2125319.7524414062
252240689.4190464914 2440827.0800781250
255406674.2659689784 2497728.6386718750
257626505.7656596005 2509499.2636718750
236970826.4822708666 1663212.4985351562
238913665.4326111972 1821869.2133789062
242940107.1250712872 2081178.8095703125
247901774.7541523576 2311835.4628906250
251840883.9646808803 2432644.3417968750
252162006.1696203649 2438784.0332031250
251911790.4073570073 2434196.8935546875
254394075.6548565030 2482132.7910156250
254535554.1270115972 2486666.1542968750
255392063.9127258062 2497024.4355468750
263106499.0152801871 2521250.3144531250
251799676.3506389558 2432499.5156250000
251485965.0723196566 2421970.0966796875
237057865.0848842859 1665805.8322753906
252869030.4224853814 2445770.3320312500
252414821.9192717373 2445358.9921875000
233608723.1435229778 1243482.0073242188
233500963.1215657592 1225407.5349121094
239637734.2801889479 1872745.7143554688
252187509.7319495976 2439681.6914062500
247963005.6926975846 2312323.3134765625
254432003.3843567967 2484536.4003906250
239691397.3537453711 1873892.1284179688
251723868.5351268947 2428733.1064453125
251628258.2154186070 2426608.4833984375
253783065.8820218444 2467717.6220703125
247557159.6077025831 2301203.4033203125
247700304.1475094259 2308095.1787109375
253978920.1037415862 2475896.9687500000
254534658.1711967587 2485400.2070312500
254069031.3158539534 2477902.1533203125
254104993.2316060662 2480309.2880859375
234751337.6514228284 1426790.9692382812
239620103.7479406297 1872508.7885742188
247601185.3104093373 2303264.4101562500
256459699.3105056882 2505563.8281250000
236893313.3549306989 1660606.8757324219
253816588.8829949498 2468668.7656250000
233406313.6027216315 1202443.8647460938
236036929.2916413546 1578038.2697753906
243582399.6103554964 2117332.7626953125
239774311.5740198791 1874373.4506835938
243045461.3004273772 2089585.7416992188
249131184.5496751666 2354222.5908203125
242846408.0360553265 2079623.0932617188
234585731.6670415103 1397520.6950683594
233113976.6676849723 1127387.9926757812
248966333.1153568327 2349006.6679687500
249051332.1159779131 2351575.3955078125
248756785.8040461540 2340796.8330078125
253881775.5881671906 2472291.1914062500
254039948.1812782884 2476385.1992187500
236857780.6264359653 1657249.5161132812
234707638.5058169067 1417494.2336425781
236846351.2739942074 1655882.4714355469
233186088.6329968572 1144868.1464843750
247602246.3098747134 2303920.2167968750
233205446.0911623836 1150704.9082031250
233135029.4427053928 1135925.8105468750
253883363.7040552497 2474272.8818359375
255276077.9407424331 2496552.5878906250
243277448.2739726901 2104663.8525390625
238789022.4249086082 1814145.6411132812
239619445.5276478827 1868173.4184570312
243087124.1843155026 2092596.6347656250
247832531.5093390942 2311043.8984375000
251986701.4846772850 2434615.7832031250
239093543.5232299864 1836857.8884277344
243350810.5907252431 2105938.3789062500
243169357.8786791563 2097246.4892578125
247205385.0186971128 2286442.6250000000
247464147.4492318034 2298970.3867187500
247459233.7815550268 2298969.7841796875
235202738.3546909392 1485896.6928710938
262029113.3656845093 2518890.7441406250
235216921.8263286054 1487255.0402832031
257878965.2008267343 2509817.9941406250
234637636.7984787524 1416254.0417480469
248693105.6398948133 2338679.9472656250
247155957.8715701401 2285320.2724609375
247518085.8043961525 2300749.8896484375
256696238.9493919015 2506113.9277343750
242998591.1734181643 2087361.3232421875
243099215.6618336439 2094740.9375000000
247298707.1342311203 2292078.5878906250
238738625.3011300862 1810946.4277343750
235030487.7304243147 1469408.0974121094
235056992.9115617573 1470282.2399902344
234185586.3092894554 1335330.3166503906
246462459.8408302069 2246270.3447265625
250724413.8038823903 2400490.1904296875
263081980.7621942163 2520846.5917968750
234246650.9905043840 1350619.0468750000
246504295.8701325655 2247959.0834960938
246753377.2547010779 2248308.6591796875
248265821.0810672939 2326402.5625000000
250842858.2356325686 2407122.2343750000
256198169.9681509137 2504442.5683593750
262250422.6329168081 2519135.1035156250
250602632.3387711346 2398899.5986328125
242679287.5573030114 2068836.0629882812
262507551.4754788280 2520059.5058593750
245898659.1832391024 2226007.1479492188
234121387.7119382620 1332891.0754394531
252068056.0265927017 2437059.5878906250
245867470.3460745215 2220049.0532226562
250776889.0679272115 2405878.7978515625
246005735.7759119868 2230122.2338867188
233239307.7807205319 1156526.3986816406
233552532.4457473755 1228011.3215332031
234820063.0148955584 1438033.4685058594
238450842.2677251995 1786490.3881835938
238844583.0261665285 1818036.0856933594
245790626.1446607113 2219560.8413085938
249871193.9408943653 2365072.0371093750
248363095.0913367569 2328502.2216796875
250049038.6453894079 2366565.2089843750
233470327.8605158329 1214385.1105957031
234908296.7739001215 1453812.4094238281
254896904.0849808455 2488631.6640625000
242254570.8218115568 2042637.6162109375
233402220.3593797088 1200802.2189941406
256140205.6409500241 2504335.6015625000
262258775.8521544039 2519200.2421875000
262806390.4252419472 2520550.3671875000
255529188.1265159845 2499812.7460937500
242611656.3022830486 2064401.0698242188
233387675.5771564245 1191348.2822265625
249485924.5325855911 2363484.6416015625
249306585.1394427121 2359009.5585937500
238601189.8312050998 1795294.7216796875
255205634.9684044719 2495113.9238281250
239176916.9485622346 1842363.7890625000
249168327.6058227122 2355166.8496093750
242495300.8282267153 2056152.7875976562
248764797.0154360831 2341716.5146484375
236304430.1875767708 1608466.4523925781
242344059.1230207980 2045968.3740234375
239214967.7793739736 1843460.3740234375
245729044.6592470407 2215052.4487304688
236430260.2475970387 1618676.9790039062
245388541.7125951946 2197502.1928710938
256035550.6946765780 2503844.8906250000
233366567.6804230213 1181904.8115234375
236551491.9528774023 1629407.7412109375
241546399.0029328167 1990522.9174804688
254948638.8499141932 2490600.3642578125
255921550.5979566574 2503162.0078125000
258080016.0191179216 2510160.4218750000
238714491.3119027615 1805958.3398437500
239013781.7677434385 1829150.1821289062
248709482.8023268282 2340069.7226562500
262834412.7983290255 2520558.9062500000
233324644.6145150065 1178929.7006835938
238967873.3772800267 1827142.6533203125
251036989.2685662806 2412284.2089843750
248502042.0353874862 2332786.9033203125
236547191.3040695190 1627558.8605957031
238472529.6079752147 1789668.6669921875
238923033.1804216802 1823841.8037109375
258172404.9901304841 2510229.5273437500
236488765.0846740007 1622738.1767578125
246154080.2216693759 2236177.1586914062
234720046.2168426216 1425268.0483398438
234886145.6745414138 1441234.8291015625
245876702.3981202841 2225090.6635742188
234072183.0921727419 1324024.3139648438
234788709.3253608048 1434880.9311523438
236468222.9672466516 1620716.0864257812
241410537.2006120980 1986092.3940429688
233288064.4048376381 1166195.6708984375
236175525.6639118195 1594588.9553222656
255859497.7552484274 2502676.8769531250
257534398.4320937991 2508900.9843750000
245575740.5228491724 2210391.4067382812
236329996.3920613527 1610604.6445312500
241443776.2065947950 1988586.6928710938
234108249.2188250422 1328248.8818359375
236036829.5795573890 1573894.1892089844
238732745.8343454301 1808736.7885742188
241562297.9787840843 1994806.7094726562
257443307.9814579785 2508827.8632812500
235972829.8999722302 1567812.4487304688
257331353.1192227006 2508437.8046875000
234609953.8830966353 1405087.4648437500
245552777.3380877376 2206086.1235351562
250595295.3829512894 2394386.0371093750
236055915.2362545431 1579990.9621582031
236099361.5355008543 1584795.2141113281
234215656.2470944226 1342434.2539062500
234532942.0188103914 1392720.6635742188
235970668.7009980083 1557311.9343261719
238608384.8046247065 1798219.0395507812
245439481.0682890713 2200777.6538085938
242017205.3072814643 2019732.7333984375
245301622.1755012572 2196996.6860351562
245290415.0298547447 2195728.3676757812
234516512.8833680153 1386122.8122558594
245100654.5466781855 2187235.4809570312
234478426.6044914126 1376612.2299804688
244986786.5537450314 2180415.3803710938
234432217.8480598629 1368652.5930175781
242132225.2310115099 2029661.2294921875
256882236.4275961816 2506148.4101562500
242202888.5598040521 2035554.3789062500
235773121.9826888442 1545716.2199707031
242021120.6422769129 2024130.6342773438
241999393.0763323009 2019690.2529296875
241925448.6253949702 2019098.0458984375
234438866.2398890853 1376526.0334472656
250505591.8030936420 2392000.5126953125
260812636.4299935997 2513052.2382812500
241688520.7659478188 2002396.3520507812
235715473.5267007351 1534162.9995117188
235713277.2362106144 1531171.2495117188
235641122.5414434075 1522260.3012695312
235659286.3081795275 1526183.2065429688
235700399.5883004665 1530493.4064941406
256905347.5912734866 2506425.2441406250
234401225.3673788607 1364259.0930175781
235541856.6083083451 1495408.7185058594
261772514.4012864232 2518038.0664062500
244789764.9843784869 2169069.3383789062
244945223.3760211170 2177215.3188476562
261881967.5825386941 2518094.9980468750
244887655.9407866895 2175182.5200195312
233889030.3461452425 1281952.6503906250
238301520.1585604250 1761332.6520996094
233781391.0132616460 1258558.9858398438
238263044.7581407130 1759508.7292480469
238069381.8863118589 1741423.4099121094
246755957.5173914433 2254527.7294921875
233922529.1156843603 1282087.1125488281
233788451.2232688367 1264762.3156738281
233709067.7577974498 1246896.4304199219
233746766.1290921271 1253681.6496582031
238138447.1968236268 1744901.0153808594
238181312.3666456640 1753237.0739746094
260986255.6855891049 2516202.8164062500
238039698.2074415982 1737317.2810058594
237975681.5772218406 1735660.0739746094
235556664.2765212357 1497686.6804199219
234007612.5350808799 1295063.1789550781
261397330.2963379920 2516963.0410156250
237722766.9642676413 1702728.0815429688
233936642.9089424908 1288005.8112792969
234022513.2032246292 1304421.3937988281
237855602.5210950673 1711139.5507812500
235497386.8286879361 1490478.0676269531
261684254.8878616989 2517824.9726562500
261469008.4838145375 2517331.5742187500
260816504.7827393413 2515632.5312500000
260465968.0106460750 2511744.3535156250
237664339.9415577948 1695548.2158203125
237832787.1909214556 1709056.5058593750
244609311.2018723488 2148993.1201171875
244279275.5775807202 2129631.9252929688
244434818.1531669497 2136971.5664062500
244551751.3511324525 2142957.2353515625
244352040.5985902548 2131055.9013671875
244362815.5527767539 2135820.8613281250
237456123.1163028777 1670898.5417480469
237442449.5320073664 1667270.4399414062
240898727.6287767589 1921414.6245117188
240390580.7625062764 1888811.3330078125
240493728.4355587661 1893461.5468750000
240359777.6741881073 1881596.5312500000
240489959.3380711973 1893032.3657226562
240310802.7396433055 1880516.1557617188
241327909.7919330001 1942867.0839843750
241240604.7213101387 1934509.4433593750
241291976.0762066841 1940500.5869140625
241092530.8953073025 1924390.2294921875
241156811.6337242126 1929247.0688476562
