102969004.6697304249 1375664.9101562500
98885099.0320014209 1279134.8652343750
99060892.1002791673 1289259.1088867188
99749934.8231609166 1319149.0688476562
95886996.2712265998 1047578.5585937500
96492779.9894079268 1108879.5847167969
100848675.4440799654 1351874.7333984375
95995311.2431748956 1058521.8452148438
96653816.2773149908 1123743.6525878906
97744057.3621726334 1208433.0341796875
98150952.3467075974 1236931.4179687500
99111387.0599342883 1292632.4155273438
95404112.7308514863 963562.7563476562
101657428.8598794639 1367293.6738281250
95940991.6334559470 1053821.8789062500
99034944.2362117618 1287572.8334960938
101018554.9969582260 1357465.7705078125
101130504.6497741640 1360666.0742187500
102579579.1734540612 1373604.1308593750
103523554.5392334461 1377081.1962890625
98004033.7376752794 1224688.1635742188
99030798.5231624097 1287249.5864257812
101122173.1257806718 1360656.1132812500
103605032.7119454145 1377855.1142578125
98253546.6054042131 1240466.5625000000
101059531.8889883161 1358183.9169921875
96731797.5877516270 1130559.9763183594
96716167.3995044380 1128572.7097167969
97682928.5592251867 1199573.1938476562
103269611.6680599749 1376943.5410156250
96643696.1425867975 1121537.7951660156
96688509.4116241634 1127462.0095214844
96710085.1729751825 1128312.2619628906
96576537.5486937016 1116992.5354003906
96534659.2388626635 1115571.9411621094
98272771.8963885158 1242578.4492187500
102563735.5495956391 1373600.3583984375
103132312.9993015826 1376006.5527343750
105853958.7263697535 1380635.1337890625
96749799.7759118825 1131744.6994628906
97419883.6379875392 1182316.5317382812
101342150.0225525796 1363294.5322265625
105941606.6206576377 1380801.9619140625
102408532.4583496600 1372635.8857421875
98008430.1202812493 1226145.8168945312
99615241.0996322930 1311250.8315429688
98401142.1683664769 1249717.4165039062
103271147.6486546695 1377008.1396484375
101827938.3837841451 1368627.1240234375
101807662.0457265079 1368350.7099609375
98268968.3752996475 1242530.1298828125
105500753.5747981519 1380632.5341796875
101343915.9882636666 1363314.1718750000
100980992.1715689600 1357151.3203125000
100052233.6324983239 1330468.9492187500
101628066.5990487337 1367288.3242187500
96520596.3494141698 1110815.9392089844
100366422.0246973485 1338996.7001953125
100479541.1735998541 1341304.9482421875
96700144.5221011937 1127564.8479003906
97583684.8728478551 1196167.1254882812
100595633.2845994979 1344427.7626953125
96631675.1964149922 1119192.4826660156
100549008.6076810211 1344354.8076171875
101678578.6697364897 1367559.1015625000
96756760.3923133761 1131867.1247558594
99952070.1486817300 1325674.8002929688
102582443.9920513183 1373617.6914062500
104275959.8426034003 1379170.5224609375
97274065.8410421461 1172951.9985351562
101008234.3692438006 1357419.4609375000
98184095.6235522777 1239423.4980468750
100957108.7638012171 1356746.9101562500
98851818.6734767109 1277546.6972656250
99872040.6745457202 1324181.0097656250
95509125.3656506985 993226.1484375000
96661277.8426768035 1124738.8801269531
100854224.1536946595 1353976.9619140625
98805484.1279314607 1276697.9238281250
96595199.6306620538 1117539.1506347656
102311370.3304100484 1372430.5488281250
101566738.9483866245 1366029.6777343750
99817261.4608800411 1323121.6176757812
100500259.6943770498 1342265.9707031250
100593667.8089631051 1344413.2128906250
95985815.6162580401 1058313.0800781250
96881485.5026313066 1142231.4299316406
98799002.8047404140 1276356.7265625000
100949111.4894225895 1355613.0566406250
105009206.6141833812 1379499.4560546875
102488997.4113155454 1373002.6708984375
95582607.8912737519 1001695.7609863281
95972505.1851864606 1056961.5607910156
96404287.7773198783 1101838.8176269531
100577781.2253227681 1344389.2451171875
100949602.7786799073 1355767.8457031250
101511214.5931662470 1365788.4355468750
103737127.7599512041 1377954.0517578125
98753021.3854915649 1271710.4926757812
99313571.2716619372 1301337.0390625000
95812783.2073783726 1038781.2155761719
97821001.4508110285 1215799.6542968750
100275838.8866563886 1337461.1416015625
100941138.3445881307 1355522.3554687500
97781206.2858597636 1211738.1020507812
100917866.3771922886 1355440.8056640625
96291268.1910539865 1089418.6840820312
96447010.9210638255 1102523.0920410156
104224162.9287960678 1379053.5390625000
96855074.4583152086 1135492.6320800781
97938637.8034764528 1223371.9335937500
101701083.5344591588 1367580.9423828125
102152126.8668261617 1371235.5244140625
96478357.0429584086 1103815.4597167969
104509692.3596082032 1379289.6718750000
98832094.2132208794 1277307.4804687500
103798828.2167299092 1378221.2539062500
99099213.0686219484 1291449.0307617188
98676929.3674754351 1268860.4965820312
95430616.4202002138 979639.9387207031
99932023.7172102779 1324906.0039062500
95392043.4023957998 962773.4365234375
96018088.8918978125 1061036.7612304688
95846946.9617936164 1044354.2011718750
98873993.2099837214 1278326.9814453125
103255730.6669835746 1376763.4296875000
97455115.9373470396 1188252.1918945312
97491999.3005897552 1189434.8227539062
98782907.3434515446 1274860.3525390625
105150428.7913819700 1380004.9746093750
96794728.0490664989 1132591.0261230469
96402094.5743706971 1100752.7343750000
98873687.3529719561 1278109.4648437500
96910309.8762626648 1143486.3415527344
98097878.6303309500 1231247.0810546875
96189275.3133826256 1078806.9904785156
100122747.1733379960 1331291.2197265625
100097322.2019839585 1331035.8095703125
105366686.1437474936 1380406.8779296875
97469566.8468654007 1188593.8442382812
102654096.3388272524 1374078.2841796875
104535094.7371743172 1379385.3955078125
96801750.6073132455 1132905.2272949219
97908536.5489515662 1219961.2568359375
97816202.0145342946 1215086.6582031250
98035242.8459981978 1228613.1962890625
98147906.5399199128 1235182.9462890625
100853496.6960616708 1353236.6699218750
96480127.5951747745 1105469.5910644531
102919914.9101445079 1375473.8408203125
98540599.3542164117 1256160.8544921875
98741843.3599235862 1270559.9375000000
96871556.6352364421 1140771.0300292969
98097960.4701581895 1232978.7631835938
105385100.0733243674 1380439.9052734375
100010728.1696242094 1328431.0957031250
96814662.5477695763 1133136.1540527344
95797480.9658452719 1036766.3754882812
103743619.5557674766 1378099.6738281250
98718959.2808196694 1270288.1728515625
102444786.3224183172 1372651.7441406250
96355449.5709605515 1095997.2365722656
96336091.1478002369 1090880.1997070312
96715251.4166283756 1128498.3063964844
98689146.0695142597 1269501.1865234375
105325804.5826313347 1380369.6376953125
95479528.7749031633 988848.6396484375
95773074.6695015877 1032989.3459472656
100639897.6272486150 1346471.7080078125
102241617.0666795522 1371715.1523437500
95747008.4781199247 1031275.2111816406
95744707.7429413944 1029889.4528808594
100789929.4318869710 1350956.7480468750
104144835.3395291716 1378902.0585937500
104022312.5145813376 1378665.6699218750
101723998.6799338013 1367733.1845703125
102109489.2540738881 1370907.6748046875
103065757.7864205539 1375940.4765625000
97712736.9001860321 1205903.7661132812
100666197.7598333657 1347527.4238281250
97368965.8691866547 1179503.5708007812
100783851.3639663756 1350590.1982421875
101671009.4872608334 1367429.6240234375
102093413.3982620090 1370747.7050781250
104126199.3349535018 1378686.4892578125
100070442.5383099914 1330557.7734375000
102763948.7277241945 1374410.7666015625
96288820.9681818485 1088240.4260253906
103967589.0167607218 1378570.8173828125
104086656.0348102301 1378676.2529296875
95786530.3013826758 1033776.8984375000
95715170.6215748638 1026761.4584960938
98139101.9384344965 1234540.0322265625
103943102.0252837092 1378511.0625000000
95913360.8721778840 1049334.9516601562
103859697.9220811576 1378325.0410156250
95669789.7622947544 1019498.6079101562
101900239.2004473954 1368938.2285156250
95647639.5074118823 1014613.7983398438
103582957.0664074123 1377321.2783203125
98545259.6133423895 1259670.1171875000
98570623.2949452549 1261137.8242187500
100412517.6388502866 1339274.9013671875
96359865.6206260026 1097149.1643066406
95417375.1122817844 977771.9343261719
95473234.2265097350 987637.6152343750
97932429.1827522069 1221239.8110351562
98455528.7502375394 1253897.7456054688
95451223.8134789020 984165.1516113281
95407707.4302306026 973309.1499023438
98553615.8404244930 1260496.8222656250
95525093.9784018248 993522.7902832031
103410278.8428870738 1377055.1572265625
95492969.7944055796 990785.7265625000
97772649.8606404215 1210457.1210937500
98233826.1782522947 1239944.3623046875
100169255.5112145096 1333376.1855468750
101046971.1068722010 1357719.0751953125
101706349.4080987126 1367605.1933593750
95693160.2085440308 1024210.0239257812
95723810.7867754549 1027977.7832031250
105292598.2562722862 1380240.1416015625
96448395.9465746284 1103751.5268554688
97557784.2833231837 1195537.8276367188
96271617.8298133761 1086211.4562988281
96112846.3897172511 1071489.2253417969
101455472.8282586187 1363896.3056640625
95666051.9161473513 1018817.8581542969
96282477.2079793662 1086683.1518554688
101985031.5978573114 1369828.1816406250
102114462.6730349511 1370916.4033203125
99174615.4456836283 1293754.7041015625
98485415.2706726640 1255201.2758789062
101975684.0913306028 1369787.8251953125
96232325.7138302177 1084688.2912597656
97612335.2015759498 1199545.6723632812
96051068.3068751991 1062832.2954101562
95876971.9553731084 1045386.2399902344
97693354.2398940176 1203049.7622070312
97601553.1365771145 1198736.0297851562
97610381.1758409888 1198949.0610351562
98322521.9726588577 1244973.6894531250
99705133.5295176804 1317586.9160156250
98985934.0044230819 1285365.9682617188
97545526.0123554021 1193847.4697265625
99331328.2992675304 1302445.8232421875
97442320.9068309516 1187762.1811523438
95582356.4668464512 1001318.0920410156
97371605.0825611949 1179822.9479980469
98434838.9382870048 1251755.3750000000
95737239.9230801016 1028233.6862792969
99812781.0834928900 1320851.7802734375
102710461.9132128656 1374262.3095703125
105142157.7621879876 1379735.7119140625
105036165.2584667802 1379553.1210937500
98376377.1575464159 1249392.3710937500
96048095.4558116496 1061900.0454101562
95548282.6965187043 998434.3032226562
102678882.7657831013 1374170.8564453125
95471542.8959672898 985355.3132324219
105052571.6746227145 1379608.9521484375
99247492.3214204311 1298532.9257812500
95924582.1270651668 1049503.1166992188
96163555.0613287538 1072770.4389648438
99406711.3048105836 1305357.2724609375
95615202.9270625561 1010850.4089355469
102893887.6612314135 1375066.0351562500
99416838.3151060641 1305405.9257812500
105066540.3111816943 1379704.6669921875
105078821.2135060430 1379730.9941406250
99352864.6435692012 1302594.4687500000
102903032.4470857382 1375155.3916015625
97327461.1152098179 1177362.4167480469
99049674.4736219645 1288064.5444335938
99440801.2937179506 1305969.6406250000
97261654.6195639968 1171981.1213378906
99579246.4712825567 1311149.0859375000
99556847.1286350191 1311054.6132812500
95591943.9651784897 1005293.8681640625
96172793.0682010055 1074584.4211425781
97329375.2824107707 1177445.0114746094
95630089.8468432277 1011413.7810058594
95607120.0424633920 1007574.8571777344
96394501.4836953282 1098581.9602050781
95597847.1671565920 1007474.5839843750
97246628.3674080670 1171149.4582519531
96130985.2183195651 1072281.8381347656
97224246.9689970613 1167808.1271972656
97011196.1113243997 1149718.6970214844
99174512.9854432940 1293293.3310546875
96090862.3740533292 1066186.2866210938
97134897.4477733672 1161122.0510253906
97250904.9164451957 1171275.9475097656
97164266.1325296462 1164205.7541503906
97008019.9787255973 1148286.2004394531
97095907.9985664040 1157300.0388183594
97107502.8696132749 1157923.0485839844
97151022.1314064115 1161291.0676269531
97095136.8752706796 1157233.2683105469
97007147.9409177154 1148120.5407714844
