110000907.5288302451 19910.5750630070
110443193.1690789610 22946.6958832145
119881946.5068619698 54174.0132598877
120224564.5208118409 54995.5621032715
120480303.8314072192 55500.7125549316
121815154.4706593156 57558.5566711426
119856535.9932887703 53914.0456314087
120349247.9482324123 55214.6058654785
120195101.9135908335 54929.3808898926
120209267.7227641046 54954.7181091309
122842841.1170344055 57719.1627502441
110915052.3300498724 25814.2185263806
120578859.9735680819 55770.6707153320
121201462.4723972678 56852.5111389160
112806141.2447926402 33583.7751285285
112717646.8598061949 33283.1334326342
114829699.7553111017 40418.8281716108
120013510.9248499274 54673.2333221436
121393421.4480490386 56918.7878417969
114480087.9181901217 39573.0761700869
121729458.2369589508 57410.4762268066
120111179.3751392215 54837.1118164062
109605858.6365348250 14374.0665823682
110848806.5291450471 25082.5661856607
110685761.2644812912 24591.0064765885
111910951.5936443955 30005.3934464455
115431822.2426093072 42693.6738575697
120247207.8051101863 55100.8508911133
120350711.0090131909 55468.6686096191
121508847.5910759270 57213.4396057129
110362104.5099454522 22716.5461256504
111853175.5661026835 29677.4290528297
118608036.4898341745 50805.4027175903
120334080.3066182137 55102.0549163818
111873130.6045454144 29814.4089779854
118424678.4528742582 50596.0166625977
112068505.0239668936 30509.6699967384
111762306.9262234271 29597.7404313087
120517348.6734101772 55654.8300018311
120539435.4578549564 55711.4371032715
110301884.6768335402 21954.0929932594
118278452.6474304646 49765.2478294373
120744444.6341844648 55942.0463256836
118271789.7433796823 49110.2744674683
120751249.8035010248 56078.9712219238
110382494.4810725749 22840.9491178989
118380286.1453057081 50064.8620223999
120938603.0536067784 56371.8768310547
112916588.8214811236 33992.5882007331
111208639.1263954490 27079.4970454872
110450406.0010054559 22964.8729765415
121137517.6657534391 56533.9235992432
127399976.4980066419 58132.5172424316
118577675.5835233182 50744.2794723511
120710529.0060019046 55928.0325622559
118465776.4017993063 50726.0986709595
120654323.2306430489 55800.1402587891
115527229.6839874685 42990.5848745108
119655067.6087710261 53471.9303665161
109807585.2851013541 17987.2748382967
111535261.8022494465 28670.4442672431
121197842.9497159719 56747.5781250000
121075799.0069336146 56478.5038757324
113244142.0730900317 34198.1194260567
109744393.6799301207 16589.5643520039
122337314.4706049562 57685.4028625488
115869891.0735374093 43789.9740809202
109760916.2891160995 17166.1552926879
114495504.5285917819 39775.6854027510
115314716.4800381362 42073.1035903692
120854737.8249199539 56269.8618164062
119700938.8062348962 53574.2515335083
115883744.6409772038 43790.7343195677
109814721.7826370448 18149.4317253511
114395161.3420053422 39410.5440148115
110243986.7781500965 21818.7897717357
115370897.8418389559 42371.5172143281
115220296.6390079707 41905.9045130908
118634549.1433611959 50806.2310943604
119527871.0522265434 53304.5491104126
122492470.8244247139 57693.8913269043
113993584.2511377633 38050.5405052900
111217204.5979149640 27252.1732680500
121142593.2304130793 56554.6342468262
110160039.2518398762 21005.2187600434
110975839.1865053922 26063.3152741842
113814381.9272609055 37237.8075405955
115482307.3537111282 42833.3529683352
122320570.1347807944 57681.7878112793
109606941.9231533259 14424.3484444334
112937707.1733143777 34146.9382516593
121626207.3141633123 57277.2608947754
115795062.1587785780 43657.9749867022
113143655.9595247358 34192.0870504230
119357723.0318273604 52653.7800750732
113086372.9470575601 34191.3139230460
126881888.1183512211 58012.8718566895
109808944.2410312295 18104.7327354830
127299002.2563435733 58091.8743591309
114062902.0673958063 38111.2288434580
127329726.3594264686 58118.0256652832
110068540.6544185728 20171.4050581306
110780658.1821068376 25013.3487173989
114339030.3178709596 39003.6039431095
121436252.2894926965 56993.6033935547
121935696.3345024735 57615.9189758301
114077046.6717038453 38156.0432012759
116079892.0384414196 44493.4296982074
122014806.9583416432 57630.7298278809
122569550.9771611989 57707.1412048340
118825828.9788104147 51441.3325881958
122188230.1119775027 57636.2425231934
121579858.5160723180 57223.2847595215
118968280.7508217692 51860.7415618896
110236348.9384639263 21790.6347525120
111173578.7774704695 27078.0134505928
119865234.3297372162 54024.0532760620
122232065.3226631880 57660.2660827637
121918745.9993850291 57612.0600891113
112964246.8020636737 34190.5721255988
116348514.6961901486 45208.5926187718
109602730.4337512553 13620.8175148679
115759695.2052715123 43585.6071124077
115798872.0137875378 43688.6742151976
113909543.4313933849 37688.9224092290
119780396.4421168268 53735.0709114075
119729982.0280610621 53695.1817398071
114435197.4531240761 39506.7860295177
115545424.0536120534 43075.2638735771
110272609.5782410502 21928.6697995067
109588426.8983389884 12678.2975675738
119641497.0199877620 53403.8913345337
126998441.3834368885 58065.9153747559
110148387.1537208110 21003.4943368137
119968207.7651257217 54285.9220046997
114358350.6197743714 39282.9394615889
115592914.0671648085 43227.1628779173
116305852.6975780427 45051.1460306346
119181954.7447220683 52343.6176300049
110732095.7659858912 24736.3272330239
110159756.5043152869 21003.5458728932
115780192.0764301121 43613.6400640393
110217137.7372705042 21725.9662806988
118936878.7793467939 51799.5721282959
114227559.1814644337 38799.8847897053
116178950.0974176228 44683.7497995580
115726017.4872089028 43485.0392969847
110517109.3679817617 23603.4280532002
119092859.2490334213 52223.8677825928
109709775.3583319336 16228.8164677545
111115570.2839449346 26732.0914698564
114519349.0660381317 39807.7614907026
115970595.3543740809 44165.1620895648
116009697.9933381379 44366.0375020886
109901874.6866440177 19057.2010126878
119027496.0302884281 51868.9842987061
109860349.4298638254 18339.5352952648
109975601.6714309156 19257.7688438464
116254153.1150952578 44897.1897995258
109719466.2501891702 16274.6834837645
119140792.0471332371 52279.9715728760
119197451.4452526569 52406.9195098877
109576266.7839609236 12678.2881025983
110713739.7870890051 24642.5232830420
111618009.6225954294 28975.5768356025
109666177.2938299775 15428.5840170099
110358103.7373034507 22687.8514921665
118935688.6004800946 51756.4216995239
109771461.4146851599 17202.3188509028
111389470.9254739434 28063.6472701728
118868899.4830194861 51526.7311077118
110739372.9383871853 24746.4956884012
109917094.8261105567 19084.6220147870
111203609.1163588464 27078.7552480400
119278099.4364407361 52590.7871704102
109738837.4429024309 16405.1122212572
119035351.2866414785 51959.4454803467
110002497.1581835598 19910.7647476662
109589688.5195802599 12865.4293636097
110140496.3391135633 20999.8033015728
111547997.8320735991 28687.6954408586
113876140.5896081477 37424.5027513430
113909220.7432924658 37627.3030033931
119082818.1228313744 52040.7980346680
119370782.6798138022 52712.3078460693
115382003.2036571205 42400.9901081622
111356809.1379887015 27882.9176940620
114722038.6451746821 40395.1403893232
109679055.1193704754 15514.8244985174
109868948.5014852881 18374.2488454860
126887399.8115186393 58034.8479309082
119388095.9369417727 52842.2363281250
119228396.3130710125 52507.0019531250
119515619.9574345350 53099.6743469238
109840239.0632747412 18220.7939017694
110184420.6011163294 21160.2756679058
111527137.1919011772 28603.5282485187
112663086.6398312449 33061.2790095061
111430387.0597032905 28115.5446469784
112875874.9729957134 33907.1629061699
123284015.8513955623 57728.9779968262
126941660.9515636563 58044.1025085449
111317315.8181827962 27758.5147018135
111295120.8703884482 27627.2391715348
110131619.8880289346 20852.8298937157
116290388.6756624281 44988.5074875141
109650868.2120047957 15336.2780098630
113861954.9568294883 37410.7681398317
110010162.8195498586 19937.2626741193
112678042.6304351687 33106.3449606746
115501944.8324736059 42867.7068079710
123345486.3510543555 57738.4488220215
115965095.1238044202 44164.1317550922
114108431.0842473954 38322.6977052614
109900994.8342470378 19025.3331086896
111077787.2593288571 26565.0711054951
112407003.6458860338 32135.8519474715
115335891.3271022141 42128.2483614683
109614746.1810504645 14431.1441802694
115957362.5329663455 44075.0170912642
109949527.6329041570 19254.4432927053
123168314.4022182971 57725.7115173340
115631113.7324326336 43243.9813801348
112522238.6572697908 32539.1394230574
115639620.5397616923 43254.4200398028
109653849.8562193364 15380.0196214835
109590587.0654694438 13512.4188790037
112684370.9946962893 33119.8798452169
112299698.1551530659 31463.2283360213
111087216.9612828344 26573.4541402161
113902187.3891310692 37520.6146515533
109596765.7479574084 13593.1117646037
123144332.7320408374 57721.7431335449
109897793.0203843266 19009.1569265407
126458614.6987881660 57907.3056945801
112469046.4055028409 32375.6754247397
112520996.3600608706 32499.5479636043
112660480.0928684473 33044.7155528069
110951662.1586927474 25866.5332753807
112509463.8042740822 32498.7356235236
112236241.3528805822 31280.9709049910
126409164.1549951136 57899.1134948730
126539843.7528482080 57910.1993713379
112414761.3380128741 32192.9004704207
110773647.8670008779 24926.9785609394
126595268.2064914107 57935.5454406738
126721299.6390533149 57982.7112121582
112216808.5496107936 31201.2890594453
109615389.1147741973 14532.7470802976
112306320.4089817852 31572.7267730683
111278960.1148848981 27361.8612350151
109726614.5837845504 16291.2579978537
109696292.3512967676 15619.8371336590
112196226.1788962930 31113.8536903113
111757353.3209173977 29188.6114018708
112111711.1449062973 30579.8587967753
112012824.5973938257 30213.8671585917
111512353.0929034948 28276.2572190762
110874176.0056501776 25168.9801202491
111962654.8061810285 30172.2057816386
111721661.4131150991 29181.2904424816
114565354.3419956416 39889.5406284034
114675050.4554860145 40247.9761869609
111064406.2589855641 26445.0771288276
110107092.6269163787 20341.2026705146
110600199.6191957444 23954.8120302805
110638214.7539250702 24075.3669386501
110656940.7886797786 24119.7005942538
110665405.9408577085 24128.0122691616
110563361.5060172230 23827.4025903419
110085883.0333756208 20174.5219018906
114670641.8846484274 40245.9496346861
115336751.1176398247 42224.2944908142
115124472.3951727897 41607.8384941071
115100497.7055270225 41450.8566856384
126353145.3236356676 57782.3741149902
126358766.2320473492 57785.6545715332
116721107.8911315203 45621.8401013613
126104403.5402459800 57745.6426696777
115060764.8929411024 41407.8364713192
116693804.6484984159 45487.0950221419
116777709.9633805603 45697.3735591546
116601442.8827110976 45387.5473297015
116662616.6024224758 45441.5638702288
110320137.1524341404 22042.1786586791
114492773.5776934773 39631.2066187561
114662221.0106173009 40219.0718784034
114878302.1489092857 40753.8143217266
115046674.2205370814 41197.7245370876
114626812.0297560841 39996.0149074327
115044720.3157465160 41109.5764807267
113726570.9366914928 35876.0969462000
113404543.4511542469 34652.8313273750
113371303.4849372506 34580.7513070032
113584998.5427427739 35292.8251391351
113619511.3568937033 35331.8501269817
113626923.1042167395 35346.2019641399
113620212.7033467442 35343.5385216679
113575116.7051759213 35279.3337008953
113604282.4501898885 35300.7020905912
