162340696.3389050961 21729.7103207825
162258623.0086967051 20710.9010556458
162341908.1661646068 21808.6396420716
162331321.9776991010 21688.4233013397
162342765.4935896099 22356.6922300576
163544917.3134621084 31741.7994484078
165327896.0961500704 45565.9225767925
171840453.6442665756 76306.2684483528
173086420.2214459181 81113.8653030396
173445913.7017596662 82171.0523071289
173932513.6198340058 83518.3309326172
162309595.2391534448 21625.7476857422
162421931.1759003401 23204.0976610650
162452571.4203693867 23444.9393335953
164538239.0820703208 40838.4528195346
164539196.5648550689 41356.1415981539
164380285.8157435060 39939.6006641546
165439317.0385918915 46281.8857337059
165582813.8350545764 47085.5362909632
173346545.1298561096 81977.4207763672
173860836.6421105862 83494.5797729492
165420236.7139403224 46234.7542627649
173988511.8394412398 83526.5579833984
174292823.4614545405 83546.2333984375
162351258.5934627950 22527.8411587253
162330690.9173637927 21630.9006040810
162267145.2216719687 21584.6759885071
163311531.5402764380 31068.6600254524
163354923.5155742466 31608.3532932746
164365719.9466779232 39796.8754749457
165394035.3890229762 46173.6067255335
165588716.4640737772 47102.9226916628
165615423.5262703300 47110.4390625041
171864977.6633600593 76525.2959628105
172019831.5600204170 77326.8885684013
173882943.3709829748 83518.1943969727
162599890.8793567419 24322.6041704160
165505157.7335602343 46537.9747241335
165488577.1597758234 46440.9165576296
165751535.4672453701 47122.8685857849
162443629.8218774199 23410.6746049863
162449848.1023067236 23431.5916602984
162502924.1673839688 23452.5743968859
162444744.4493402839 23412.6240832582
163400067.6491148174 31619.4451500449
163242448.3057563305 30814.9684666145
165409412.2773850858 46180.8825981217
165153759.4373972118 44399.6234542923
165371310.9185420573 45699.6358940201
163180776.5339268744 30696.4237278450
164319147.2402080894 39632.1035862127
165211708.5786830187 44742.7217399674
172514080.2198858857 79103.0744471550
163043552.3828632236 29144.6124887401
163288133.3037425280 30913.8828363353
163097660.6211723983 30001.9532709056
163013360.0341362655 29086.7483971305
163071247.5799092352 29772.1066264334
164570638.1193926632 41391.2452177135
164451907.5907664895 40631.5882587591
165090596.8767655790 44209.6635042122
165821851.4690082371 47132.7249654811
165934393.5046468675 47133.5232004598
162456117.6882157624 23446.0231500608
162967457.1183219254 28214.9685171387
164433621.5364120305 40491.1041425793
164494484.5211642087 40780.2233408252
164398708.8220576346 40429.8424549261
165177757.0956471562 44481.5644218521
165178571.4307636023 44619.9168083267
165681713.3354234993 47117.7180363904
165652510.2277190089 47117.7149350923
165779610.7076780796 47127.3804352563
163001377.7419465482 28346.6091345093
162939633.2943589985 28179.3841920561
164403660.1378808022 40441.6309452215
165411658.1081737876 46205.7853696626
165365747.6890491545 45605.9340652423
172210812.2500557601 77712.7557101250
173656069.9736691415 82860.2668151855
162904782.9899279773 28172.3134802125
165265283.6192825437 45480.5809818106
165357474.6188744903 45586.0427436857
165223930.3220578730 45268.9530326920
171964680.4584765732 76787.1953005791
173614328.9951899946 82784.3960113525
173756717.7783437669 83014.7543640137
164250947.8055890799 38728.1087742010
164189128.2871114016 38145.5633182684
164870112.0226941705 42848.5617305869
171938171.7369931042 76720.7666811943
173678692.4595285952 82883.8814392090
162616897.5564069748 24557.0008500777
162984133.1069086194 28257.6276790366
164710229.4843884110 41994.3454929059
172091135.5347296596 77558.9779086113
173492864.8191778064 82232.5602416992
173579102.6159336269 82736.0002746582
164364811.8971044421 39761.6217208393
173482348.4191905260 82225.5228881836
173734027.3578912318 82991.1397399902
163003072.2654595077 28810.6319302244
164302175.6815287471 39551.8796428926
165049264.8447286189 43654.5089771384
165052943.8336142302 43785.1623584861
171760828.2516140044 75705.1958003044
171958432.0088716745 76761.9406008720
171879732.4462830424 76616.7048068047
172274044.1783405840 78247.8332552910
173439950.1984459162 82109.6199340820
162790394.4809098244 26452.2592857124
162830297.9109624624 27210.8387840035
164648226.9344924986 41693.4588053888
165079668.1380778551 43834.4315459365
165211060.8862947524 44660.7848422127
172242869.3114785552 77955.6639137268
173733804.2692822516 82884.7905883789
162608897.7765106559 24353.0336202346
162550829.0573250651 23617.2959732078
164282075.6926416457 39529.7013797918
165010097.2455925643 43447.5526954765
171848729.3757274449 76427.6136355400
162769828.5506349504 26236.8341150983
162869372.6412424743 27213.8566482270
164822750.0044896007 42759.0586788291
165105038.5424594283 44373.5027343826
173633882.8479086757 82859.8358459473
164908063.1497509181 42860.5802466167
164917222.8352412283 43439.0677730674
164797471.3467530608 42534.4577800864
164755012.8759877980 42527.1382076377
172258211.0009215474 77982.8473086357
172200214.0064709783 77604.6740450859
164352181.7209473848 39657.6163588977
172384175.8563630283 78538.1264796257
172382122.1327810884 78326.5773029327
164687877.4877112210 41719.0855119890
164415612.1876395643 40445.2419030974
164293005.6690864861 39533.0754043078
164591431.4894433320 41565.7354448503
171915071.3540770710 76693.5815560222
172300127.4856595695 78302.4971351624
162592337.7048818469 24275.6933091842
162697005.7145276964 25183.7402452622
162528969.0124358237 23565.5095475875
165024402.2015591264 43501.8318807185
172031660.0352725983 77327.8945137858
164914760.3787543774 43196.0242024958
164742785.5255113840 42284.0998940412
172469071.0126228333 78888.0232272148
172624881.5425306857 79144.2979011536
173522393.7505531311 82263.1576232910
173415888.1050724387 82055.5602111816
162526279.4194227457 23496.1439257823
172258527.8266518414 78238.9870028496
162752886.2171346247 25393.6867572702
172989818.9913736582 80480.5155024529
162744482.6561186612 25301.1850293316
164156548.5444763005 37668.0877416339
172739901.3882717192 79544.8119983673
173825091.7426348031 83024.4664306641
173628127.4637955725 82814.1397094727
163977625.8541154563 36110.2502347771
173205325.3084213734 81385.8264007568
166757319.5226075649 50227.0795162581
166550041.9755398035 50215.5211207531
166521283.6677738428 50215.4825361818
166800868.4276933670 50241.6094357632
162763359.8342115879 25421.2547384165
164107372.4876390100 37663.4560205285
164097130.5484482348 36981.7526910705
166276982.0331794322 49303.5915553235
166229672.5344195664 49058.9419324063
172619691.4995428622 79121.5662684441
172885829.1437257826 79746.2336573601
162764811.9869358540 25452.3957273401
164141738.2181323469 37667.7806509081
163995273.7529156208 36755.7531403843
163886477.5630533099 35834.2925302330
166403765.3540410101 49762.6508944295
166213589.5609422028 48991.0871789120
166439551.8958745599 50012.2115125917
166412209.3580018580 49894.2081819586
172748127.1543778181 79737.3874049187
172938942.3354065716 80031.7434196472
172635795.1570416093 79209.9017786980
163884746.0433613658 35757.6770451758
162714453.0836208463 25286.2108051218
163884436.5666244328 35757.5454141442
166129598.7536638081 48104.3462260030
173440990.7688583732 82149.1694183350
173530078.5381426513 82294.4052124023
173064193.3622143567 80540.0823059082
172978602.8295764327 80393.3509058952
166085713.7827535272 48070.4065974019
163524275.7516281605 31639.9470510660
166162076.0377319157 48250.8121760152
166337046.5577728450 49424.6169345044
166325000.9324312508 49390.8256953023
166159394.0700583160 48154.9055216573
166805376.2352310121 50629.6356449537
166849341.7755254805 50718.4338092022
163846463.9078641832 34198.3820529226
163881112.1859461963 34965.2772860769
163870277.5693327785 34302.1329850014
163877032.1029399335 34335.3480728921
163776345.1238053143 34039.2396439370
163615575.2681389749 32513.0960453805
163625990.4928144515 32563.7825146373
163721060.6334972978 32904.2928976659
163578334.0505329072 31955.4371835645
166022839.4122330844 47175.2228125948
166034528.6816555560 47474.4739051293
163535050.2818656564 31640.8081662115
166977180.0438953042 51048.4724098402
167195662.7038723826 51792.1705516279
167153290.5635731220 51748.0820377767
167301758.6257036924 51814.8930004463
166921962.5554677248 50837.3809822500
167039239.7129327357 51210.0192216039
167352161.1363139451 51868.8755336404
167134346.2472355068 51670.3602075707
167051212.2549467981 51322.1063728463
167568104.1273032129 52618.0633570254
167136691.1412284076 51686.1821308099
166921775.0656115711 50772.7506599557
168495183.0089158416 53812.0424184501
168694238.3014346063 54872.4186228532
168669507.5006799996 54805.8160085380
169269082.0075916052 57578.7755054533
168328377.4622999430 52733.8363025486
168414573.2383019924 52933.6512441337
168505765.6271230280 53984.9145803154
168455476.3044199944 53643.8350057304
168739208.5156881511 55411.9378957450
168576545.5523471534 54500.0083303154
168664452.2554769814 54544.7197089493
168820032.3387112916 55451.6881633103
168760768.8283237517 55423.5407996476
168882117.4701323807 55645.0070690215
169031195.5723247826 56733.1084159911
169199944.5731476247 57450.5310138762
168939206.6963441074 56515.8649372160
168843696.5911282003 55625.4800304472
169809629.7268688679 58241.4439811409
169835758.2391713858 58339.0789969489
169788342.2110600471 58026.4163170680
169655338.1944083571 57590.6237447783
169765167.1981806755 57995.3479390666
170081400.7221636176 58954.2554350421
170121389.3540669382 59726.8830290362
170281732.6753484905 59790.6318769976
170074352.2236901820 58937.6691999957
169970214.3311338723 58817.8728933856
170393908.8850243986 59925.0237918422
170057981.2535505593 58865.1711068675
170382030.4068875611 59846.8288445994
170518694.6200082600 60075.2362296283
170343659.9360017478 59809.4566789195
170383665.9271924794 59866.6143785045
170523007.8589421213 60080.7535312697
170098355.7261567414 59019.2012277171
170534583.1842973828 60682.2862727344
171217560.9142622352 63133.3183145523
170851694.4810756147 61252.9315459430
170636986.7977857292 60831.9954411685
170694325.7161815464 61121.9546658695
171202521.7556629479 63065.8005218506
171003507.8845030963 62346.8535890579
170876568.9443228543 61448.7259874344
170866870.2992725670 61352.1526231766
171067521.8490011394 62403.4820108414
171297265.4790854752 63220.8321475983
170891592.5379723012 62110.7321214676
170930313.2140468657 62276.7786684036
171075759.4173371494 62423.9028816223
171315010.2448464930 63593.9946594238
171112635.4842526615 62754.7217330933
171629122.9946020544 65203.8601512909
171313242.8663770258 63582.1523742676
171588958.9059862792 64530.1445713043
171689686.9424915612 65267.8188457489
171699343.7508777678 65379.4890975952
171758820.0652017891 65488.8124332428
171409825.3618806899 63707.6467418671
171441087.6557848155 64466.2262401581
