541491649.7297215462 25415.5955390930
544243060.9138170481 25675.0369834900
544057879.9346987009 25668.1632881165
544868398.2655471563 25717.6294059753
558392027.8093078136 26107.9857673645
558731274.0105044842 26122.8349113464
503321088.5250911713 8176.2650067956
503231136.6932673454 8089.9970958010
503364823.5527360439 8201.1145836954
520801981.8225955963 18663.1982723295
540804188.4530096054 25302.2182559967
541074402.3545974493 25335.8432579041
541290675.9890593290 25393.1574974060
503210675.6548883915 8089.8058622033
503389064.0335943699 8202.5591432771
505566897.8048054576 10140.4720072356
505577070.3818812966 10144.0384689030
519311772.1136643887 18126.6984748587
519396623.5650494099 18133.2343285458
520553173.3958606720 18649.2840170681
520170084.9223808050 18533.5885939419
520176567.5428894758 18559.4161391079
520008655.8285282850 18451.3731310189
541123997.9497824907 25379.9426536560
541954165.7207297087 25437.4540596008
505432141.7624726892 10056.3185229954
505322732.4829700589 10034.5783248600
503499997.3426260948 8409.6519240504
503404870.6856434345 8309.9999322705
519528679.4474700689 18238.5717655167
519703549.5231477022 18284.1689004645
546822263.7792134285 25804.4099845886
505275391.4058008790 9914.9988250342
519535358.0968684554 18243.4755987867
519462331.5764724016 18226.8284659542
519286695.7049547434 18125.2354640707
519542897.9476406574 18264.0766381964
537641520.5218753815 24497.3960876465
537260760.4799842834 24437.1738395691
537532081.3340547085 24480.3084278107
537803279.8789499998 24547.1630077362
537971683.8788193464 24552.1973323822
545840179.8478316069 25756.8039131165
546485219.8113291264 25801.5749015808
519808385.2997506857 18359.7941464528
505259423.5110873580 9914.9740085361
519742790.0624133348 18338.7370480641
519232303.9746034741 18036.2692843422
546396631.0579407215 25792.8392219543
505201403.3077823520 9904.3518623841
505238204.7365532517 9912.6305743586
505009109.1514673829 9805.5386809912
519460582.3662979603 18226.7599706396
546213101.5088998079 25790.3642997742
557512466.6910673380 26086.1610832214
505081386.6349493861 9838.8351585250
505309528.9554443955 9960.5153552424
537643560.0596624613 24508.6044139862
537174665.1835172176 24392.2027263641
537158744.1805127859 24374.3575248718
503521403.7737959623 8431.5141009451
503792778.0833399296 8738.6158097031
504268664.5646078587 9158.8860411131
504962812.7342194915 9728.0339514566
504872146.8690293431 9699.8682276560
537284936.7182188034 24447.9147758484
537345417.3675804138 24464.7674198151
541398772.0375070572 25409.8968238831
541041959.9587169886 25328.2287979126
542000737.2602812052 25443.3679847717
559194262.6803900003 26123.8920936584
504959227.3192124367 9704.5458015620
503556179.5146672726 8437.4498504017
503721766.6113294363 8672.0004012229
504770174.1803083420 9593.1297453311
504661117.6885585785 9517.0146295097
545983223.0197857618 25780.0412330627
519889466.7285568714 18367.0762632832
557759866.4954022169 26097.0948143005
536989993.6776150465 24318.9557628632
557865317.3172707558 26097.5477714539
558387799.6458629370 26097.8331260681
503662652.8889985085 8629.1556656601
503597743.8402820826 8554.1535052891
503761366.1272854805 8687.0025605800
536946733.3810331821 24257.4607162476
536969160.1116054058 24288.5237407684
536936512.6260523796 24250.8912506104
536744849.2082258463 24229.4932899475
537006458.3738155365 24331.2890300751
558596868.2053452730 26108.1089286804
504466351.5975426435 9349.6554837492
504470395.1103191376 9352.5664630679
504451488.3331241608 9346.2686772612
519186132.4819384813 18010.0378583509
504297436.5710999966 9231.3640408781
504040216.3074914217 8812.2512404875
504204334.6575621367 9041.6909565651
504223688.2751038074 9136.6817004350
504138344.2476522923 9041.5138840400
504042157.5042015314 8850.9456788035
545955680.1550542116 25768.2828865051
541716709.0657476187 25432.5029945374
541560083.5753175020 25422.5880546570
503936052.1084790230 8801.0343275337
545974051.8885890245 25770.6567344666
519136310.8195250034 17946.6852041017
518955484.5747750401 17781.4104691278
518964463.3370135427 17854.8675690424
519009895.4659626484 17862.4167165291
544534575.2060433626 25708.6280784607
518739842.4471550584 17653.6094274910
518806610.9415833354 17726.0968313606
545531299.2860391140 25754.1152687073
545448479.2281782627 25746.7747535706
518926590.6411904693 17770.9742959879
518881497.0621008277 17733.0954093130
510148165.5514271855 12652.8898469082
510216687.1384423971 12679.2193870859
556671255.8610973358 26063.3929328918
556787070.5193608999 26065.7871894836
510068984.6737318039 12611.4561102705
509928924.4494476318 12477.4523012952
543574580.7782964706 25602.9391708374
543694601.3682832718 25629.1286544800
510295918.2412465811 12700.4590201812
518608987.3840758204 17463.2926200472
518287361.4472090602 17378.3002799593
518609818.9625356793 17477.5560970746
543655133.3382021189 25611.8033142090
545234980.1664860249 25745.5374794006
538196354.8656173944 24568.5630302429
538307779.5729222298 24596.2756843567
538294212.3276941776 24585.6009464264
543447303.0425057411 25598.8235778809
543678046.1368039846 25628.4725646973
543795766.4265664816 25641.1536483765
544413228.8432015181 25702.1433143616
545017071.6472406387 25731.7284965515
518450716.0649508834 17384.7442774351
518151152.5341342092 17194.3281294878
542502888.7417560816 25475.5494422913
518187615.6650944352 17201.1535241183
534836760.9720633626 23372.0151739120
540313827.1974816322 25025.7068881989
518038067.9912652373 17162.4665855940
540185930.4953747988 25016.7265892029
557167662.2654470205 26070.6277580261
557253278.2738478184 26077.2357749939
534825368.6471418738 23357.6411619186
534621273.1235950589 23296.3956994414
544295052.5232989788 25692.8482093811
544392690.0055708885 25700.4934043884
534759017.4738051295 23320.7282586098
534888752.9434416890 23398.0569982529
517488059.0330929160 16858.9081803744
517392402.0666468740 16802.6934987491
517089530.8896467090 16641.5687120182
517239326.5737637877 16697.2273971027
517204582.9338309169 16671.4611346310
517263482.1595302224 16739.9481364673
542973092.9685989618 25491.7622413635
517084014.3731027246 16494.9601082421
540478288.2906094790 25068.9714546204
516988653.8227156997 16469.5148374026
540367447.4550272226 25044.0778484344
540074391.1021976471 24996.1409435272
516833836.3840302825 16357.3080959036
534800688.5302001834 23330.9180421829
539891585.2088716030 24947.1354961395
539787695.1005480289 24940.0928020477
539698430.4314107895 24905.6712627411
539730034.3803263903 24925.2104854584
539998191.8719038963 24983.5810146332
539931470.6588821411 24957.0441646576
539999595.6802453995 24992.0151500702
540010625.2563810349 24992.2017345428
516543308.6747101545 16151.4531760559
516629339.7166787386 16240.2395987854
516577715.8656138182 16167.3960715573
516679218.0101150274 16260.8702031415
534811849.9787847400 23349.6133470535
556456914.4698203802 26046.7987556458
509434810.4170709848 12103.6805352992
509701535.1462693214 12348.0635447330
509438352.9261475801 12148.7889647312
509616511.0917930603 12258.2491087741
509379027.2974035740 12029.5104892082
509506924.7460664511 12178.6990465946
542779722.9962028265 25481.4004249573
534984589.7264267802 23418.9338369370
543259759.0879564285 25531.4198875427
542841755.0625514984 25489.0564308167
543166704.8465207815 25511.2805213928
509295169.7709413767 11991.6889927215
556494353.9962275028 26048.7921867371
556399437.3441563845 26038.3119544983
509235092.0556674004 11814.9898235626
509334252.5408965349 12010.0502772159
543019855.6494926214 25508.7085304260
543190095.1768049002 25525.3305397034
555379259.7509130239 26017.9025077820
555726159.9749821424 26026.5625190735
555847972.1319797039 26029.1247215271
556163717.0236247778 26032.5099143982
535988219.8259498477 23690.0027704239
555810236.8063989878 26027.8904838562
536204129.6297861934 23732.0209264755
536306990.6783978343 23772.3238210678
516322838.5498291254 15875.5828491392
516278100.3948520422 15812.3342591223
536567173.3402209878 23814.2354927063
536555779.4584435821 23796.7195453644
536619431.3405002952 23822.1901297569
536686266.6103037000 23858.1033172607
516214942.6830581427 15802.6216831653
552191060.6482009888 25915.5175666809
554392392.1036949158 25968.7032966614
516114541.7561808825 15720.7161206453
515995840.7227587700 15698.1013535707
515782887.4549484253 15588.6404792129
515570783.8073139787 15496.8501087486
554532291.7249388695 25970.0105934143
515402142.9434824586 15243.5590944945
515249389.9013051391 15215.5994201361
515299971.9609987140 15216.6595893561
552011899.3587999344 25898.1139335632
552058033.3480849266 25901.5518989563
554547068.3215805292 25974.5788230896
554239770.6824508905 25954.4005622864
554607645.3672343493 25974.5965843201
514992751.0678585172 14993.4020928969
514916522.7713943124 14943.4239883055
515087398.8794685006 15052.3715810408
551834539.8714072704 25891.2523612976
514939180.4321774840 14949.8254378667
554104087.8947269917 25932.7557640076
554154824.5633426905 25943.4208641052
514881892.5578315854 14939.6449035039
551811135.9601987600 25882.0646171570
551939319.9525520802 25897.8780097961
509171202.9801349044 11033.4208774332
514620355.1356689334 14678.9256719456
509060004.4117380977 11022.6143244057
550917280.1661968231 25843.8504905701
514186080.7161707282 14399.6372744993
514357851.1357690692 14499.6323263751
514193797.2448230386 14405.7156637863
513864737.5647287965 14223.6521585093
513590477.9160541892 14009.8444321857
513849179.6924351454 14185.8605725881
514177944.9541955590 14332.5742490695
508972713.2633195519 10857.5371238440
508905497.3104354739 10795.5611030310
508824047.0126041770 10688.5835440605
508892681.3146100640 10717.9008188609
508949618.5389025807 10810.4176346510
508900420.1942273974 10725.8518609752
513716701.5979310870 14102.8165715442
513822448.5574807525 14162.9372844801
551148550.4491950274 25859.9293937683
550511910.8087610006 25821.1403617859
550434710.7978312969 25820.7814216614
508774857.4828858376 10311.7844366594
513528876.9003626704 13878.8159980931
513543700.7201842666 13956.1079368748
508790877.0834987164 10343.2517857118
508795388.9978681803 10404.6774658723
508813429.6928175688 10417.0831136791
513351761.1363579631 13792.7554149784
513436686.9843764901 13816.5986457028
512623556.3082681298 13242.3730069629
513005286.7301329970 13528.2902808718
513065378.1418618560 13528.8024715714
512767677.1229923964 13370.4247677259
512831365.0361202359 13419.8270332746
512946293.8603803515 13426.9574865929
512659152.1450081468 13306.9499945275
512638098.1361523271 13268.2860658222
512554312.0915424228 13182.3725946003
512426535.8295710683 13096.5675687843
512204955.9914936423 12824.9248840234
512094815.2021760345 12779.2478308363
531143788.9634590149 19104.2877553031
531200006.8755340576 19184.6198247001
531232427.4366781712 19218.7222817466
530886028.7259193659 19009.5531037375
530942933.9074691534 19072.3146393821
530942078.0683451891 19059.7628186271
530763992.0742012262 18886.8723719642
530875293.6954206228 18900.5230634734
533251248.6534122229 19618.0623168945
533253693.1778947115 19626.1750651002
533041096.9264363050 19581.8221331239
533270715.5779684782 19680.4686499238
533410801.3359634876 19731.6648808122
533270536.2573570013 19640.0172901750
533732466.0399219990 19792.5107726455
533947677.6185505390 19823.2582989335
533880146.7575076818 19801.4846172929
