364961712.8570511937 734306.2814941406
366065004.6215318441 735990.8608398438
359287309.2420246005 707288.4851074219
362990232.3004592061 726491.9575195312
362925808.3085684180 725538.2294921875
359111289.8607403636 706676.3854980469
358897395.7065050006 705018.0705566406
362633924.1274724603 723786.8073730469
344377177.7465732694 359182.6689129121
344438796.1218875647 364686.6002836845
344496100.9713335037 368043.7416175625
346264992.2540484667 479214.0961609455
346299054.4680693150 481397.8712158771
350777305.7337577343 589027.9535257816
351920246.0014552474 608849.2578842640
351826468.4005142450 608054.2664558887
355669887.8983331323 670644.8009643555
356716475.6547206640 683322.9555664062
357955986.5217484832 696907.1459960938
357922099.0503242612 696058.2867126465
358556400.6735209227 702719.0541992188
358615930.4245259166 702781.2341308594
358868358.9760091901 704438.7242431641
365189814.1602733135 734790.0747070312
365035663.0022511482 734351.9309082031
346261889.9401131868 478532.4755831333
346215210.5248959064 478434.4896669956
358938138.9963573813 705278.9489746094
364888030.6694090366 733768.6770019531
344245285.0248790979 314047.6739276887
344164251.8516445756 310263.1542011652
344476587.2900018692 367599.5722127578
346354201.1648676991 483491.6777420612
346347917.2120019197 482746.7428055378
346317582.0057283640 482616.8579712482
346552824.2282223701 488467.3327867659
350826012.6089901924 589536.4849493504
352045629.7472397685 609851.7037791014
355823831.5281595588 673870.7156372070
358617935.9334478378 702938.9304199219
358621851.9365256429 703361.0307617188
364452918.3550381064 730402.8784637451
344263305.7355382442 314217.3607048930
344216262.7317634225 313476.3606351854
344393676.5637456775 362729.3906111888
351551684.2410272360 604491.4689896107
352020253.1491605043 609836.4071575403
351708297.5012313128 606527.0443832874
355783907.4861505628 673529.6351928711
356726126.8605995774 684052.2578125000
357991022.4742931724 697707.6463623047
357878065.5344328880 695989.6045989990
358083419.5460934043 698645.4802246094
358134821.1098963618 699603.5004882812
363070661.9997906685 727037.6166992188
364490374.9208821058 731572.8204345703
364618527.3435952663 732822.8186035156
366530269.3731229305 736773.5083007812
346518592.4110524058 486860.2587920325
346493374.4518141747 486860.2325060042
346479458.2189899087 486089.3610877367
350872517.6653839946 590291.3160040379
350771293.8345897198 586442.2735540867
364554928.6348063946 731724.0255126953
346399229.7288789749 484329.4054107042
346711670.5123300552 491516.8695984455
351746723.4138742685 607809.0121262074
363033916.8288699985 726961.4287109375
364582834.2338465452 731965.0838623047
344291939.6780345440 316320.0584962009
346445103.4294260740 485201.3223189684
346641560.1335740089 489639.8663635822
344153296.0845521092 309925.7715848924
346466278.7439382672 485517.7465057941
346812387.2515946031 494555.6829271885
346935468.8143050671 495207.2946865528
346871127.7032392621 494873.9608193012
351071930.3228139877 596224.1102850437
351743302.3329200745 606585.9107162952
351665016.6004030704 606319.3478500843
356415765.8861265182 681682.3392333984
363248252.0060661435 727304.7705078125
344386916.6528353691 361233.7937060020
344400847.2742284536 363357.6471529625
344343644.5208895206 358488.9534159324
346922788.3777537942 495066.2897644611
346776669.8380568027 492700.2493038746
346801279.8038374186 492768.4837532612
351630305.1326940656 606205.9357975721
344177420.3442640901 313231.0186790095
344316985.3316975236 350019.4075953616
346665144.8842454553 490951.9619074436
346600808.0861636400 488691.6860325038
346660876.1115027666 490943.9787293049
351590482.1328399181 605713.7003891468
358855282.3897767663 704195.8540039062
358765637.1716341376 704087.4597167969
351167735.2785407305 598043.2463934422
350965557.3502076268 593311.8173162937
351040124.7787496448 595893.9379217625
351283329.0835582614 599370.7907669544
351356569.5766854286 600213.9406692982
358228930.8957909346 700110.9772949219
356338431.3594207764 681544.9600830078
356239047.8052037954 679588.3903808594
356024575.8959536552 676582.2349243164
356260779.3089913130 680380.2285156250
367641368.9324102402 737217.9650878906
358330293.7322271466 700646.3254394531
351584976.7303135395 605134.7689926624
351532929.7856533527 604263.6001541615
351529102.8144618273 603813.2491409779
351497791.7701829672 603750.5739700794
358064952.4580371976 698458.3572998047
358118434.5672543645 698772.2221679688
358452239.6229342818 702048.4692382812
358355704.1646266580 701330.4550781250
358239722.5965958238 700254.2888183594
366010201.6045026779 735913.9465332031
351265205.4229863882 599304.3057281971
358283348.3374492526 700399.4038085938
345704984.1171742678 442048.7648936945
351179043.7295721173 598195.2487747669
351381249.2314814925 602172.0646927357
355849836.5082977414 674415.2349243164
355910226.8805296421 675261.1342773438
358207817.9923494458 700080.4616699219
355612758.8320180774 669769.3958740234
355687976.6563685536 671681.5552368164
355676225.2490350604 670980.5630493164
365119551.5513722301 734500.1118164062
365041381.3310537338 734450.5834960938
355766857.8342245221 673399.4708862305
355965518.0235044956 676190.9409179688
365846757.1496698260 735459.2014160156
345683514.8916826844 440469.3837901789
345617590.0002846122 436130.5286876398
347232256.7305355668 500747.0236286248
351200230.7240120173 598365.6671097279
355595511.8296423554 669731.7221679688
366489201.3376638889 736762.7248535156
345655358.6262044311 440041.9027110773
347398440.2356345654 505955.7720417107
367277472.2640887499 737180.9580078125
360148360.5121639371 710715.7670898438
365432068.7544953823 734901.6865234375
367055459.0269163847 737106.7380371094
355556837.2078775764 669038.0194702148
365619664.3081375360 735360.4543457031
365509961.3999886513 735175.7043457031
344307589.6282967925 316676.8007287842
345651396.1701385975 438291.4604308444
347588341.3107702732 508494.7705251302
345606244.5447956324 435882.3916751898
347280788.7190233469 502912.3684600915
366401261.3577427864 736675.5566406250
345625195.2734890580 437995.6166616759
345683291.8290507793 440088.6752792678
347394893.8266167641 505024.9197830285
367319163.6662212610 737210.5344238281
344777126.2864138484 369291.8194026612
367144761.1459715962 737170.3786621094
345821775.7766071558 445791.9931394297
355712597.2512410283 671989.9568481445
355469171.8822878003 668153.9084625244
366653280.5447194576 736821.2453613281
344626757.6466667652 368322.1252160570
355964518.3648216724 675667.8942871094
360059110.3903214931 710264.1293945312
366922378.5112690926 737085.8796386719
344985290.4812061787 370473.3631669259
344888311.2463151813 369462.5374319096
347344888.1199109554 504455.2185825433
359851946.1907826662 709777.6523437500
366852868.8670082092 737077.7727050781
347579917.1044453382 508490.4457069645
347320955.0929074287 504336.3310016717
356081452.9392642975 677220.4018554688
344959035.2576122880 369463.0655640502
347396126.2415547967 505790.5209614048
355633713.0370790362 670269.2261352539
359720923.5744904280 709284.4919433594
355727744.7914867997 672475.1631469727
355895027.6686326265 674484.6364746094
366759159.4307761788 736979.7851562500
344829695.6370684505 369460.7158693884
344708368.3590527177 369156.9625913639
345752600.3724467158 444247.0755783400
359545709.9180262089 707738.9820556641
362640841.9951422215 724162.1435546875
366536828.7906662822 736796.8032226562
345736804.6384883523 442086.1276260695
347482077.0657575727 508002.1379852006
347596036.1476098299 509221.2907350967
362778907.6528257728 725023.2990722656
347502587.4665420055 508381.0653018663
366168391.8112092614 736097.9870605469
359607446.3546987772 708499.7424316406
362312205.4499796629 721121.6165771484
366788286.2219414711 737015.8354492188
366180424.7643041015 736210.5178222656
366484983.8836270571 736752.4531250000
359596841.6770541072 708386.9136962891
362765586.4456343651 724693.8803710938
359660608.3261539340 708740.0996093750
362659582.3348922729 724172.6481933594
362715298.7552893758 724682.0957031250
350735452.2874351740 583192.0110504627
363619709.2610653043 727789.6311035156
350718070.7236538529 582520.3255531788
350764639.6368425488 584687.7243072987
363730826.0489358902 728095.3654785156
356898362.8338549137 684562.0436401367
347208378.0979689956 497719.0131568620
347074106.9501817226 495391.2584530124
347108646.2926841974 495869.9657055177
370784551.5420948267 737254.4211425781
357052866.6512283087 686097.5070190430
363503552.4711192250 727616.6918945312
363655380.5985938311 727924.0026855469
363402259.9614901543 727305.6506347656
356937505.6039464474 685355.5900268555
357501027.5871749520 688709.9078369141
357140581.2201544046 686614.5744018555
345962982.6387668848 448843.3915687846
357424369.7023725510 688674.9352416992
357398930.9066843390 688311.0084228516
356970705.1006773710 685692.1598510742
357550118.6837689281 688730.6033325195
346155489.7788129449 458170.7306174980
346108809.2161715627 453868.4881248223
346119802.0002514720 455259.1187400566
357648390.0293332338 688900.3184814453
357088367.1611714363 686100.8905639648
370934735.1035050154 737263.9287109375
345929784.3360661864 446537.3753776299
346056708.2778141499 450988.5440257015
346013891.3011224270 449698.8891410576
346070448.1240236163 451151.4361084455
345951797.4094972610 447667.7775687920
346058521.6424953341 451014.2386588799
346021909.4688069224 450706.9439353691
362479297.5647808313 722777.3747558594
362267606.7117489576 721034.2697753906
362030702.6768310666 719466.2494506836
362434086.0798566341 722638.3823242188
362179380.5045189857 720099.7515869141
345133781.4303377867 374070.2658360976
345179885.1215726733 374135.3652738113
364081686.6185926795 728568.0180664062
363935348.3993808031 728335.7287597656
350616999.4242076874 577108.3135214448
350666215.4840279222 579021.4150839448
350570261.3750385046 576180.5853415132
364193858.4914326668 729118.3791503906
345363757.2883580327 377675.7402813521
345340975.4387358427 377245.7355483591
345409761.9534609318 381530.8146099687
350509497.2204300165 573407.1749451160
345420566.7030963302 382471.5098899423
350562784.9400795698 574982.3704788685
350470482.2898851037 572514.8867142200
362119595.5583871007 719836.5883178711
345512915.8497229815 385868.4135154306
345406014.3060873151 381451.6350120126
350397290.3050277233 569205.3616974354
350351810.2915331721 567612.5603058338
350406031.2084622383 569461.8955719471
350429761.9901160002 570940.1986114979
364393144.3664667606 729661.3886718750
364270894.2444922924 729241.6691894531
363990582.7287528515 728478.9528808594
364128241.8084487915 729014.5415039062
350024952.3593589067 556200.1435501575
349902996.7960310578 552942.3729584217
350061223.1355199814 556557.2952682972
349997634.8407811522 554899.3345291615
350067756.3960080743 556805.6511185169
349812202.8612285852 550394.5519974232
349923890.8950566053 554516.8630325794
350145730.5568375587 559101.7613480091
350075526.3478888273 558147.5047562122
350242418.4666588902 561939.2990871817
350329008.3258590102 563843.8210632801
350327473.1192354560 562886.8586685658
350234587.8640146255 561886.5559341908
357850749.3331224918 689056.4973754883
361973177.9851472378 718184.2685546875
361862523.9871098995 713757.1574707031
361901559.7229804993 714749.6860351562
349707734.6572282314 521551.9476624429
349689493.7096779943 521286.0018074214
349756691.8056472540 522130.6047936380
349538660.1220233440 517183.3450604379
349667371.7129608989 520632.2667809427
349607719.7625021338 518925.3332806528
349580224.9505494833 517780.0940228403
349511482.9507485628 511657.8695355356
349483474.9150848985 511598.1771527231
349448949.2086756825 509440.1116009653
