564524683.7115129232 21134.7830362320
564624210.8579134941 21156.5703439713
564596424.8015025854 21134.8608293533
564283396.7238410711 20996.4296121597
564503406.1717958450 21130.7926034927
568515603.4747936726 21910.2362079620
522482504.6284636855 4620.7939206192
525245756.6975354552 6965.7459049330
579437745.6727693081 23026.2999534607
521218763.5824655294 2697.6511854678
525130520.2349495888 6870.0415469120
525574953.1801688671 7103.2858498202
524602111.0966712236 6550.2185767837
525014954.4543332458 6843.4673312803
551610719.2571250200 17872.0899163032
525447456.4360896349 7087.8905906783
525460217.6379961967 7098.3437233077
580696581.3243861198 23105.6166267395
536990672.9677498341 13051.4094793547
537091843.1053410769 13077.3488065947
545834612.6214178801 16098.1478234315
567527869.4733071327 21751.0586376190
567273236.2350469828 21707.4354228973
579072043.1453942060 23012.7828102112
538846867.3310962915 13740.9900695583
538896499.4439641237 13777.5260879299
538584433.6583694220 13682.2908355495
545630194.2053575516 16052.2840634510
551423496.1355406046 17865.9686737800
580936228.4177993536 23113.6365394592
545824760.4657243490 16095.2057419354
551957278.0675002337 17989.9511406226
525525011.3440408111 7102.0895490454
538324208.7290403843 13580.5919321230
586724360.8261901140 23247.5157165527
524779222.6449054480 6672.5106243364
580284570.6851863861 23090.6744880676
523747182.5756993294 5844.1180644807
553584611.5320868492 18459.5671673841
525365039.6025633216 7043.0214954415
525383965.8054642677 7055.1559257613
524994895.1400315166 6798.8704300032
524735723.2094156742 6633.2103094331
533981864.9869673848 11765.5941504082
524679449.4255692959 6617.3063244096
533942653.7293860912 11763.4356230340
525617953.6260968447 7136.6184737237
521368025.2528339028 3299.0538454170
579530070.9770852327 23053.0714187622
524552167.7964606285 6507.7811239384
553237962.7262927294 18352.1463668867
523565208.4289641380 5709.8199584908
567870538.4565150738 21808.1696491241
585310212.9546211958 23204.9611167908
523374955.5852549076 5547.1952860779
537613059.1114068031 13263.2404249137
530799752.5229546428 10132.6425696794
567738901.3097401857 21796.0741786957
521225969.2691645026 2857.1094223916
568890248.8214621544 21930.5232639313
580093483.7993959188 23074.8632965088
523721389.2559958696 5840.7089336342
525090719.8467571735 6859.1041222505
538083885.5413740873 13469.6963723129
553281543.2918184996 18362.9471169951
573401179.6234198809 22451.4168739319
521277977.3175579906 2979.0717364954
521243512.2285549045 2966.5264125414
522168195.3897728324 4294.0367228815
551691948.4258840084 17937.6086130285
553109923.2104171515 18337.1180542036
577736572.9617425203 22872.8963432312
530897197.3957523704 10188.7202730361
533983127.5594237447 11793.0582910870
581285279.3856537342 23118.7645721436
580933120.4102249146 23112.1428184509
573668537.9954884052 22476.4952468872
521296175.5623509288 3158.4916113953
537805873.1789523363 13371.0229597431
545504659.2012289762 16015.0677357838
577943540.4595774412 22884.9789237976
524255333.1233175993 6257.0532875947
545537714.3313293457 16033.8462163135
581174851.3406363726 23116.5261116028
529289827.8161425591 9298.2145090722
545569302.9539353848 16051.4914380237
553920268.9110305309 18543.5634366515
554082240.7138953209 18551.3311864447
567423027.7111475468 21721.2621784210
574386296.7259663343 22535.5814857483
585601238.6738349199 23218.5632362366
573978283.8605824709 22519.8177490234
580423312.5974155664 23093.3678474426
530681680.4144789577 10082.4422297660
578992166.4861489534 22987.7481460571
552180117.9814981222 18064.1702519202
580880439.8575336933 23107.4065589905
580623837.3641742468 23099.4763221741
521324757.5651221871 3179.6794240440
523298729.4351215959 5434.9241163772
523244662.4261359572 5390.5823543402
530586604.4133190513 10021.6100827638
531005032.8654689193 10242.6194288913
523227084.4212085605 5387.9721833136
529272893.9077053666 9286.3446502746
524393513.3779155016 6375.3815263474
534706278.9204911590 12105.5457644146
545278834.2532176971 15951.3442546055
534831822.7843954563 12137.9676853279
552057365.3631027937 18040.8056269431
555046240.9533227682 18788.6762052820
567150037.8605442047 21673.5278701782
577288631.8497734070 22822.1957855225
552671371.3736795187 18213.6062127593
552232583.4183889627 18092.4353073383
555048713.9265697002 18800.5408741888
521452383.4991302490 3385.6827615528
537725024.9903948307 13339.2231245380
536448908.0190230012 12831.9203387593
537902034.5220214128 13391.8250532489
552444305.8049036264 18139.7931545520
555141190.3191435337 18801.8747041192
552344941.5706313848 18116.0247314716
564949966.5103696585 21213.5389041901
537412416.1126075983 13191.8494106521
545107994.9765034914 15901.4528036043
545855877.7018252611 16115.7287229127
546018590.3135324717 16145.7647642959
577359991.7257457972 22826.0762710571
545992323.2351039648 16127.3886702535
537496708.9854506254 13240.1107494154
569786972.4037154913 22019.8378887177
529182979.0592979789 9222.2736445092
530766386.0589438081 10115.5199365798
529095433.0621601343 9188.7543650292
537539530.7003676891 13258.9752361097
552190606.5308641195 18065.9930895114
537154258.7262970209 13102.1694787723
529209439.8960128427 9242.0172173750
537084387.9747710228 13075.6257725937
529400447.9583433270 9302.2954346906
569303740.8629640341 21960.1261615753
523356432.0232062936 5500.2163376516
537264104.2593696117 13148.5975929464
554376663.0405874252 18615.4893552363
523440876.5801870227 5564.2959272119
535679714.2978531718 12488.2715881590
569345994.7453298569 21967.9575138092
530553937.7143476605 9996.5652857009
569500122.1231225729 21979.3211307526
577748239.2997465134 22881.1020851135
569482211.5009759665 21971.8627300262
565540929.7896901369 21310.5475730896
523245797.6542076468 5405.0390718071
569360926.1384962797 21969.5686626434
577304583.3279012442 22822.6054725647
578380143.7810686827 22926.9743270874
585051606.0547003746 23174.1943321228
554146476.2916787863 18570.3739009225
578666137.8495230675 22933.0152969360
565611759.6867566109 21330.0560054779
565663097.9626762867 21333.1969184875
565595486.8774377108 21325.3784546852
563640672.2512652874 20880.4734916687
536063814.7161107659 12651.6539882098
536129312.0559529066 12695.8904999022
535710107.0205528140 12502.9837177519
522828281.0705029964 4958.5319320143
523035881.5031585693 5175.3468068515
563921202.9575773478 20934.4304122925
565554948.7780417204 21311.0068511963
539506563.4416095018 13865.2179354059
539302645.3181815147 13800.4922769891
539431858.1777193546 13852.1820420910
563629554.2691875696 20878.4286384583
535588821.7524716258 12464.5630920653
563714320.5537087917 20894.1463088989
566654763.1771950722 21481.7795343399
573152980.2821828127 22406.7067985535
523024648.4895464182 5172.9130922736
528740911.3353836536 8931.1637141528
535295189.6022756696 12347.9677532439
572431670.8498380184 22303.1946525574
535458839.8211998940 12417.0052269225
535424244.0888553858 12394.4547966246
535282898.5307059884 12340.7111987968
535184567.0832778215 12302.0184809987
572733891.1814825535 22339.8759689331
539605798.1587393284 13865.9580019342
530315621.8844239712 9828.1629758092
563659315.6923139095 20886.0103931427
539460711.3521225452 13860.2890642511
529971648.7598479986 9642.2937131138
521802104.5863513350 3774.8112550810
521789796.5236883759 3735.0911355581
550500943.3113881350 17436.8622971070
529582141.6762765050 9413.0734328936
529773129.0710971951 9522.5335769365
529674796.2989094257 9461.3711332987
585027559.7506411076 23172.3092346191
551217958.3265250921 17710.3643878181
551176466.2749364376 17696.2687688996
529485064.2814635634 9351.5268352787
550737552.9671846628 17580.6440950562
550961671.5451173782 17650.9960161378
522475706.8846334219 4575.3069777850
561743403.0248748064 20411.5794191360
522604712.1830132008 4690.1502125231
522657037.2924066782 4741.0902535644
522557970.6253129244 4676.1654870238
544617793.1004854441 15671.1479728467
544095726.2012617588 15421.3949148900
584935374.9256861210 23132.9823760986
533222993.5270614624 11266.4134333446
561320320.8277672529 20273.9975843430
584867866.7115486860 23126.9173393250
561218265.9646874666 20242.8506255150
533389330.6445406079 11399.1977961376
533310309.1078271866 11332.9238184763
533255384.1314479709 11291.1944229676
571524377.4793343544 22170.1176109314
561326451.3804897070 20297.8706912994
544269782.4409426451 15523.8037482532
561481452.8234992027 20330.0267362595
571174095.3699820042 22090.0859413147
571222191.9297733307 22112.1387100220
561548222.3072791100 20358.8979215622
571040259.6291418076 22083.6063652039
533377373.7741757035 11390.1711901499
571406106.7310414314 22135.9956245422
533548009.0188818574 11458.6050814463
562933853.1943242550 20637.1630382538
563141415.3873124123 20710.0230121613
562985860.4440140724 20656.1203250885
533586338.4965159297 11494.5379275156
533676861.4716240764 11515.9371317698
562785848.3183660507 20616.7286491394
562702703.8462260962 20597.4080982208
562936472.2426321507 20640.4147243500
521971176.8295333982 3906.5041443324
522061914.6847006083 4026.3678614876
521992791.3280562162 3916.9077174446
522094794.2324934006 4042.3113518499
522081459.7399039268 4031.1992506615
528352654.0066077113 8576.6946453200
528378328.7767960429 8654.0033687697
528331491.4605075717 8572.4001405471
528356152.6350044608 8610.5680253738
528215712.7864169478 8540.1330583327
527766619.8227341771 8245.3351367457
527509956.8362887502 8047.1145375512
527294355.5625094771 7852.1730719252
527062815.2240096927 7659.4989576979
550291705.7594329119 17339.4147288159
527094289.1493384242 7732.8754301711
527065373.7139602900 7697.4902599614
550162000.2333635092 17282.1363784920
550124867.1750650406 17272.2800251799
526946240.2403310537 7616.4039796201
577197430.6489975452 22661.5153808594
526563398.5978333950 7354.7644160596
550006603.7552068233 17229.0206143218
549420693.6700452566 17041.3623263295
549019981.9075922966 16929.8009873369
549114662.0013446808 16952.6286817509
549342816.2644513845 17014.4822927434
549180825.3353204727 16968.6060453374
543517227.1187925339 15140.3844391589
543765281.8537889719 15254.1177635674
548372183.4305927753 16690.7150032152
548240966.8387179375 16631.2127601732
548310605.5834711790 16678.9971878160
547976071.9405000210 16550.0798302521
548075219.2519934177 16605.6387635101
543490416.4350391626 15120.4314223824
543743337.2052758932 15211.2385796548
547289049.2411412001 16356.4802314374
543658740.8245917559 15201.8772109149
543351819.7344448566 15093.2485534248
546891718.2429205179 16215.4500308736
546921004.1927692890 16231.5725979835
547036059.9628307819 16265.1762928993
533211452.5274006128 11014.5023102849
533015295.3208819628 10890.4700846761
532573957.6532206535 10617.5619469970
532514101.1234456897 10593.3958150237
532487876.6115634441 10575.8741654246
532558953.0032336712 10608.1956902831
543230741.7562098503 14931.0069565442
542922302.4418414831 14735.6789161235
542812564.0660170317 14727.1342803508
542975964.5814663172 14787.0171751771
532103641.7320567966 10262.7848267810
542161634.2510811090 14333.2928045481
542260765.4707868099 14392.2280432948
542132043.9503172636 14293.9143322185
542024517.1933574677 14219.2506340221
541878914.1484943628 14175.2275484279
541769933.7346314192 14137.1297024713
541626128.5539339781 14009.8326680393
