752270027.9371546507 13765548.5976562500
759577947.5365819931 13805889.9199218750
759366196.0541172028 13805629.4609375000
759076589.0879292488 13804937.7187500000
759059169.0704752207 13804274.6796875000
782866260.9583177567 13874794.3066406250
697088693.1918909550 12486110.8007812500
652427346.1451791525 8912649.4609375000
652058398.7341296673 8887449.7978515625
652217968.7968072891 8904924.4052734375
661536669.6773444414 10189425.1416015625
678530453.1626201868 11503991.0029296875
677698931.5093417168 11459557.7011718750
663058482.5349836349 10353879.1650390625
667181769.8799685240 10696774.1718750000
683374535.8992862701 11800551.0449218750
683735407.1732580662 11815072.1835937500
696323477.1659138203 12454979.4941406250
706865147.3130177259 12872428.4726562500
783058866.0062670708 13875812.5898437500
650128160.4999077320 8312738.5322265625
667395472.8849010468 10714040.1328125000
667225087.9273951054 10699857.2734375000
667593051.4530837536 10725729.7167968750
667742336.0492920876 10736326.5117187500
683230656.7795165777 11789117.0664062500
683319586.1040536165 11797213.5546875000
683478796.4916311502 11801146.0068359375
692838395.5045742989 12296683.4394531250
758825330.6434444189 13803465.2148437500
652401828.7455098629 8910021.4824218750
652130384.4240205288 8894080.3779296875
652139420.9310818911 8904914.7470703125
661661008.9550803900 10205055.8720703125
661563742.0821838379 10196929.6767578125
667386501.7674825191 10713795.7460937500
667582630.9397979975 10722771.9335937500
667733994.9689936638 10736013.3671875000
679011365.9435738325 11549671.5478515625
693214426.6350140572 12316719.2890625000
651149505.8868891001 8719224.7802734375
651021948.9659955502 8695912.6220703125
655605802.0907340050 9457274.7392578125
667466821.8138355017 10719983.6269531250
667843094.0497374535 10739232.3505859375
668061355.9053653479 10740943.2460937500
667366119.8024626970 10712493.2539062500
683675186.7274065018 11813748.7363281250
696847476.5214211941 12480763.1113281250
707970784.5135337114 12896953.5664062500
692551857.0533506870 12283942.4785156250
683531017.2792634964 11801691.9316406250
718621057.8096617460 13222116.7265625000
706845277.1861149073 12870564.9726562500
734865732.3943262100 13549530.3242187500
692429655.9224529266 12276382.5175781250
655757446.4907382727 9473719.4658203125
666940710.7512348890 10667965.7910156250
707148622.0485385656 12883402.7753906250
707005842.5882965326 12877169.9316406250
706571123.6007167101 12861929.0097656250
662982109.5606456995 10344068.3251953125
706294713.1723276377 12850643.9062500000
663247410.0173474550 10368156.1953125000
649966141.8389681578 8287245.2451171875
663128748.0202193260 10357347.1552734375
663114380.3416850567 10356067.3330078125
650798404.0304968357 8628555.7802734375
650800418.1724961996 8640607.5527343750
696914132.6433553696 12483877.9589843750
758043901.8846994638 13798910.8574218750
718888557.0143338442 13228689.0937500000
667334409.5270754099 10705480.4111328125
650319677.3951395750 8332333.2021484375
661640569.4368298054 10202786.4121093750
696957578.1510877609 12484204.8886718750
718300161.2498705387 13213819.0937500000
735072878.1628986597 13550829.3085937500
758578170.0258609056 13802043.2753906250
650828523.9236993790 8645585.4931640625
650812067.1108484268 8644645.0224609375
667070554.2503352165 10685659.6054687500
741607072.1784138680 13644663.2402343750
750489540.8323463202 13749770.7792968750
726644851.0192887783 13397036.1679687500
663190184.1395288706 10363808.4326171875
719399656.0286639929 13240061.2910156250
752064126.2888655663 13764869.0800781250
719039995.0073326826 13233457.1445312500
697005870.4446064234 12484331.4316406250
693186872.4768505096 12313363.6074218750
696391422.7554978132 12464934.5175781250
706026761.5936403275 12842574.1933593750
718822384.4606758356 13228553.6152343750
758476683.1959527731 13800466.4531250000
663676960.8830476999 10401318.7314453125
782618029.9977245331 13873947.0507812500
705574192.9927457571 12824806.0996093750
705655979.9562637806 12826649.4804687500
783139115.9950563908 13876146.4023437500
661687066.9310168028 10208129.8017578125
693113354.7635226250 12310660.6152343750
752384339.0970803499 13767258.8398437500
752005177.6420044899 13763914.0957031250
735600803.8446280956 13557111.8925781250
728700655.4547442198 13431833.1250000000
705693072.0335406065 12828039.8339843750
736429167.9901442528 13568824.8457031250
693181134.2510359287 12311196.0566406250
650171621.7348181009 8323174.4345703125
651608327.6623656750 8798028.3378906250
706466592.9068208933 12857831.6855468750
663292514.1440520287 10371751.2978515625
666678207.5498270988 10635548.1337890625
706262861.6588064432 12850006.8261718750
735936650.0791388750 13562072.6074218750
735689679.9332379103 13558346.7773437500
705904128.0119520426 12837978.4335937500
728086066.6119748354 13420976.8359375000
788663842.8780567646 13877366.2109375000
706180856.1618257761 12846546.6093750000
706002876.2625468969 12839601.8945312500
736148486.6612243652 13563741.3457031250
663506735.3205815554 10388088.1962890625
706203928.9900089502 12847007.4726562500
757576184.5152770281 13796189.0742187500
751598790.0338443518 13760845.5488281250
717955736.7267794609 13203647.4296875000
693287580.4888151884 12317703.4902343750
728415390.7459248304 13426449.0605468750
661777604.9387394190 10215752.1718750000
780697257.5573998690 13870553.4863281250
728214186.0774227381 13425231.1386718750
695769909.6438281536 12431649.6972656250
695280492.7111455202 12404233.1875000000
694922529.8261196613 12390105.0644531250
695136367.8651672602 12395649.5957031250
719739867.7051141262 13247500.6738281250
650202345.3376362324 8328685.6757812500
694819005.5698046684 12374887.3242187500
741031809.7543925047 13632866.7011718750
720247332.1475350857 13260133.6542968750
682656905.7465598583 11747336.2773437500
680403502.8462742567 11620707.3320312500
720191391.1834347248 13255774.8789062500
720000090.4285293818 13250206.7207031250
720019265.6530365944 13254033.1054687500
717729142.6246372461 13194245.4648437500
719518976.1037133932 13240773.0117187500
740844104.0922119617 13626457.7734375000
740907713.2780257463 13631894.8300781250
751597658.5145455599 13760279.4902343750
751339856.2728242874 13757424.2714843750
779896592.8194879293 13868178.1503906250
681780855.0650097132 11701477.1406250000
728489498.5497258902 13429136.8710937500
666742036.8707138300 10647035.1113281250
677841895.4099373817 11461070.6572265625
680551230.2567275763 11630597.0371093750
788252802.7085390091 13877292.7753906250
680434251.5948482752 11624162.6875000000
681537681.7474532127 11685042.5800781250
666218639.1663447618 10606669.1855468750
651498951.4969961643 8751302.7978515625
788163207.6837303638 13877247.8203125000
782339729.5252321959 13873251.1914062500
655188814.1266999245 9388067.8759765625
650483068.6246814728 8373979.3925781250
677446833.1940165758 11432075.7705078125
677561169.3411995173 11435469.0751953125
655282662.2917563915 9403376.4853515625
650594618.1372829676 8387532.4130859375
655070564.6016733646 9358594.6650390625
681372705.2799856663 11673617.2939453125
704508597.5976849794 12774378.1640625000
677591759.6793718338 11438327.7646484375
717178350.3896683455 13169098.3710937500
704455607.6057480574 12771356.0625000000
717192137.1369416714 13170534.5937500000
716195708.1510865688 13139087.5820312500
705456518.1977443695 12811621.6699218750
654658211.5311032534 9289238.4785156250
662327553.0784355402 10255922.5283203125
728464169.5813943148 13427584.0468750000
662361854.7230235338 10269748.4169921875
662455723.5392308235 10283676.3818359375
662403082.8920533657 10277716.3720703125
782005924.4549311399 13872297.4335937500
654722996.0565414429 9295069.9003906250
665538622.6470522881 10543245.9208984375
756396538.9038723707 13788670.1562500000
654875335.1484957933 9321684.6396484375
662140703.1763129234 10250272.7392578125
661980055.1882237196 10234403.6669921875
665495294.8866236210 10538300.4169921875
654591439.2933820486 9279843.9550781250
665379310.9469528198 10528177.5341796875
727335332.1260190010 13408166.7187500000
665198650.7586243153 10517561.1767578125
742568956.5543711185 13654039.1406250000
716086372.8409593105 13137522.2656250000
664997790.2335138321 10492984.7285156250
654549215.1610736847 9275466.7460937500
654500131.2774021626 9266959.1035156250
725159363.0728840828 13359821.8554687500
744009912.1585181952 13667657.5683593750
743612338.5959850550 13664676.5781250000
724610130.3163496256 13347435.0898437500
725080071.4574308395 13359748.7109375000
725337173.7933663130 13365556.5292968750
725027818.1837328672 13358981.4746093750
744285916.3912750483 13669794.2070312500
724940528.9320863485 13354463.0878906250
755328232.6444514990 13777771.8476562500
744124150.2181311846 13668310.7148437500
755109866.0259612799 13776378.2968750000
755018100.9352422953 13775220.2890625000
654153528.8525846004 9184356.0712890625
754405470.0153192282 13769647.7441406250
737638858.9499621391 13577121.2500000000
690037140.4680548906 12111638.0996093750
653944419.0012787580 9137968.0810546875
653848360.3793901205 9126707.0849609375
653623327.3900355101 9080698.9228515625
653459028.1697820425 9054905.0585937500
653584269.4310120344 9069493.0888671875
653469163.0266860723 9057970.2021484375
690605822.7158759832 12141603.0898437500
690305066.2513982058 12127789.6035156250
652790907.7620424032 8923178.2392578125
656679756.6027730703 9486269.1689453125
656886993.7310705185 9504764.2128906250
675613424.7333927155 11252191.0517578125
675771914.0090322495 11272512.6748046875
675761188.5656473637 11267440.1611328125
675614447.3924306631 11257950.1181640625
660535410.0411154032 9991855.3544921875
676341069.8044824600 11310141.5322265625
675708900.9565845728 11266072.0253906250
691772549.2632584572 12195094.5859375000
691822515.8864887953 12196509.5957031250
691572510.8764688969 12184730.3125000000
660881922.7911412716 10024931.8427734375
739876508.9849271774 13599864.8417968750
661266668.2038385868 10048706.6689453125
740518225.3703237772 13611811.2460937500
661124049.4748538733 10044169.5986328125
674999749.1543489695 11174093.8515625000
768833545.4895175695 13810045.4335937500
689664665.1077325344 12026892.9003906250
689320451.5535901785 12005539.7636718750
689525580.5947141647 12018645.6757812500
748911859.2189478874 13698836.4531250000
767997308.2676733732 13806542.1894531250
674497246.9460735321 11142633.7128906250
768691842.9646121264 13809707.4121093750
748767252.3239344358 13696277.9179687500
768415048.8441847563 13808022.8886718750
689465864.0924085379 12008071.6933593750
701065203.1995166540 12518809.2441406250
673229419.9527449608 11044005.0703125000
672898358.6728128195 11009314.1054687500
672972450.9682371616 11013095.6230468750
673130389.0080331564 11027388.4218750000
778767921.6553987265 13830368.0488281250
700723457.3551502228 12503034.8085937500
672533131.2937654257 10983974.5634765625
778583845.5275082588 13829774.6621093750
777413210.9849652052 13826245.9160156250
748321154.9891186953 13685856.1542968750
770093896.4351971149 13812807.3984375000
768663023.1279623508 13809014.8710937500
769886161.6779222488 13812357.7578125000
777953406.4313980341 13827277.8769531250
672154455.8507282734 10951915.2314453125
700543611.8706752062 12494887.4062500000
672264319.2177196741 10960198.6240234375
700943868.5519782305 12510886.8281250000
776330237.1721494198 13823853.8593750000
776134164.9163253307 13823695.8046875000
775527210.4888322353 13822134.1210937500
688599993.5894764662 11926985.6562500000
688949360.6109062433 11944973.4003906250
671691994.8548370600 10883086.9414062500
659031844.2108368874 9600029.1328125000
659831674.5098608732 9681551.0351562500
659513304.6888870001 9675832.3886718750
702985552.0205960274 12589440.0839843750
671165448.4025881290 10835095.9599609375
703225885.3154106140 12600210.7285156250
671013025.2043281794 10814578.4707031250
733279036.9905996323 13459933.2382812500
658945776.2384318113 9591518.8769531250
670539251.8330948353 10769110.3427734375
658789624.2736387253 9543657.8945312500
658635578.4173456430 9516973.8105468750
687640795.8458051682 11828203.4179687500
687606576.1496338844 11827884.1777343750
732267466.0401916504 13437285.3906250000
660388343.3150904179 9689616.6845703125
