51431083.7465430945 368200.7285666466
54025863.8034981489 452980.8586425781
54618474.1175382361 462016.2373046875
57216724.2575580478 483168.9072265625
52598456.8928677961 424141.9084167480
51603330.0585123152 376011.9108753204
52624779.3573310301 426141.5844116211
54208071.3331937343 454946.3684082031
54716420.1748396531 464496.2167968750
54316513.3524643630 457465.4018554688
55318280.7040617242 471076.6191406250
50740311.6057457328 300670.4858411551
51365962.5427811891 367831.2410483360
52733784.0086733550 427508.3735351562
53703332.1603537574 446788.1513671875
54496615.5648835450 459227.4087524414
54539473.6951441765 461479.2934570312
57541134.6870783046 485004.9433593750
52437750.9412591755 418335.5555114746
53054835.3822733983 433321.8650512695
54346458.9557059556 458675.4121093750
55270819.1165544689 469969.2368164062
52387458.6298673749 417978.7243652344
51358322.2875383198 366780.6897870526
52507949.3376371637 423156.4768676758
56697033.7136557922 480037.2543945312
51022241.7690718248 315696.5884104371
51630804.0821309984 379477.9556002617
52134583.9322791770 404655.5523757935
52874227.3421573564 431045.9290161133
52920071.8752497658 432483.6276855469
50832139.6815985739 308219.2042062432
51334941.2261482924 363426.5531903505
51542620.5606166944 375245.5153713226
52493240.2272632942 418397.9341735840
52980329.4536897168 433288.1293334961
53894792.0318649858 450947.6673583984
54650980.5346099138 463731.0610351562
50800915.5824460760 307565.8098157644
54316878.5451601893 458219.5888671875
55239462.8061456308 468430.4104003906
53616251.4892499447 446214.4630126953
54090677.3860320151 453887.0627441406
51534776.0137940198 374796.9309953824
50739481.8103137091 300423.2766689062
51266236.7207533196 350932.8156348467
51648842.9076761976 382567.8081393242
52956782.1559643000 432530.7837524414
53856023.4272196740 450716.8854980469
54486505.3835750744 459082.1269531250
55748108.0227690935 474050.3613281250
57246494.6075332612 483195.4262695312
50691364.6712492779 285754.2774053439
51637792.6598546654 382001.5505048260
53753032.1037743613 449129.4996337891
50901271.2489531785 315407.3062105775
51597424.7943197340 375619.5998441204
51972853.2478836998 398084.5936584473
56888760.0563011840 482171.7480468750
51344621.3073055968 364295.7490826845
51500669.4320107400 374764.2767549977
53901526.1195272654 452265.1037597656
55158703.8772554547 467769.1884765625
57340164.4764665365 484916.2700195312
51462025.5388108790 369164.7128964663
50787776.8298197463 307148.0306673646
52713400.0206277966 426725.1742553711
55546792.8992113844 472623.2656250000
57118099.7520945147 482664.5024414062
57160478.9412941933 482745.2851562500
52827559.7789713666 430452.4880371094
54267595.1624152064 456260.1749877930
57317751.2469735593 483803.0903320312
57134242.5938058123 482671.6191406250
51630729.8933757395 376955.5433330536
50730904.7952381298 294352.8769654715
50739008.2486928254 300414.7129148245
51990856.8319958523 398490.5820541382
56698312.7240972221 480889.1723632812
57668128.6777234003 485913.4291992188
52076370.1780057773 403376.9498519897
55571452.6983144283 472937.1816406250
57302424.1703776792 483742.4443359375
51486845.2906140909 374329.0129071698
50715704.5420397446 293224.0459798375
51475376.0368321836 373602.8277112246
52747379.1291462481 428731.9105834961
53419385.3403183222 441259.6274414062
56172272.9929815531 476645.7011718750
54296518.7347574756 457419.6829833984
52067560.1375526488 400576.3763275146
52102495.9223284274 403654.0113677979
53255692.8562535346 438865.0802001953
56179116.9013281465 476690.7626953125
52171944.0069650859 404887.7724761963
52325119.9162323847 412571.1758575439
54998990.8460435569 466999.2924804688
56454826.3159266189 478651.1333007812
52106404.5455235094 404513.2335052490
53794135.5464325100 450020.4528808594
50802524.6059886813 307942.5377989411
50778232.0635659546 307122.8876524568
50768067.9508320615 301278.8648890927
51316427.6578559279 359066.8621773124
50682877.2448541597 279269.0188604221
51287233.4799921513 358187.4434537292
56120341.3533189893 476527.2685546875
52207788.2796312645 405800.0276031494
55836499.8578615189 474444.2314453125
56874695.6709155887 482002.3520507812
50720358.3212509081 293629.6459837556
53296924.8753994778 439351.8524169922
52728882.0330560133 426757.3085327148
54221397.3293644935 455183.0180053711
52042029.4651352167 399507.3069305420
52220982.0695011318 408478.4225921631
54469915.1918251365 458943.4643249512
51314787.9727169201 358737.6781316996
54133938.8820128068 454913.8753662109
54289639.1370408759 456556.0008544922
56931004.0197580159 482275.9213867188
54383461.6785572320 458859.6376953125
55642383.0476521477 473331.0517578125
53379717.5672350824 440990.5711975098
56261203.1917826831 477425.1254882812
50684746.4378522038 280376.0618557930
54064853.0111108422 453580.3151855469
53106173.1953503415 435599.4011840820
56509248.8264583349 479559.6191406250
56553293.7685202062 479594.6567382812
56594823.0239075720 479985.3046875000
50854605.1823945343 309190.0728535056
53434539.1453898177 442368.8660888672
52323753.9928294420 409282.1135559082
54275381.0857046247 456455.1820068359
53866851.4992340282 450789.3416748047
53078438.8715704754 435284.0297241211
53190281.7479420677 437634.5727539062
56644764.8238982856 480024.1538085938
50683937.8440652117 279665.6773342639
53577131.7772888020 445697.4321289062
54528307.6980791092 460715.1564941406
52314532.1880225539 408811.7027282715
52965910.1016686037 433032.2621459961
50702914.1416092888 286579.7746821269
53136364.1445878223 435943.2438964844
53552217.2902054638 445092.6225585938
54583396.0534662828 461486.4101562500
57161638.7756982297 483055.7075195312
51793946.0478181913 387472.7691879272
53221793.4803695753 438310.9370117188
56446591.4602711350 478432.4135742188
56416663.1508958191 477501.4409179688
52914693.0811593011 431792.4824829102
54526099.3771042973 459237.2795410156
50703902.1156305596 286583.1423876211
54236986.0446287692 455750.2782287598
54958931.3852135465 466503.2377929688
51274709.8908585235 351343.3841239959
51877338.3189246505 390222.5544457436
51331287.1176126972 359099.6620069295
54944217.1928584576 464844.2407226562
51709218.2551150322 382588.1064758301
50708739.9772008061 286708.7887209132
51710761.1816726625 383424.4599609375
54955068.8650652543 465262.1757812500
50878249.2575852573 310579.1700151265
53560129.7908079997 445558.1904296875
55999905.8735402897 475616.2290039062
55979792.2513439283 475437.2329101562
52904473.8867515549 431302.6076660156
50704032.5642156452 286619.8520979211
55218616.6191239730 467913.3901367188
53521267.1338454708 443611.9809570312
50714215.2419636548 287239.7228224277
56004452.0504469797 475751.1489257812
56206420.4848603308 476822.4799804688
53704685.4047150090 448159.8903808594
55115572.9792284295 467004.5610351562
56300265.3157154620 477460.1630859375
53666980.6269630045 446720.0454101562
51616818.9551362842 376346.1427083015
53831346.0964010805 450404.5412597656
55258760.6652871594 469516.5126953125
51926997.1021907181 391803.9562988281
55241079.1225564629 468495.1987304688
53514455.1320030391 442525.1788330078
51725927.8745450526 383486.9249858856
53073838.9695701897 434047.9586181641
53057399.8385453448 433670.6641845703
51936114.1506605446 393036.5355987549
51874365.2051205635 389294.6747841835
51930539.1075712964 392748.7044930458
51902114.6838136464 390442.8505849838
51776353.3285742924 385390.5460748672
53543262.5506901368 443878.0585937500
51748041.1612943709 384300.5893077850
51736092.2909571081 384059.5225224495
51769378.7791377082 385266.5623431206
51755314.6789904684 384999.8583636284
54250152.2545757294 455943.4842529297
51859800.7588406652 387981.9072246552
51244848.2064544484 319493.8102176785
